Time (s),acceleration Magnitude (m/s²),Vz (m/s),Z (m),z
0.0,69.326328,0.0,697.0,698.3576416554932
0.005835,69.337613,0.403864,697.002357,695.8896164760772
0.011671,69.348105,0.807789,697.00707,698.5011551358621
0.021671,69.366037,1.500083,697.01861,698.5070140210962
0.031671,69.383945,2.192555,697.037073,699.0600608852244
0.041671,69.401797,2.885206,697.062462,696.9800400790157
0.051671,69.41959,3.578034,697.094778,698.8692758587986
0.061671,69.437358,4.27104,697.134023,696.737294040149
0.071671,69.455033,4.964223,697.1802,695.1705495197914
0.081671,69.472748,5.657583,697.233309,697.139399084986
0.091671,69.490369,6.351119,697.293352,697.3555958545604
0.101671,69.552919,7.045055,697.360333,697.0936503869169
0.111671,69.578924,7.739433,697.434256,698.1486396048981
0.121671,69.596475,8.434029,697.515123,698.0217117210522
0.131671,69.613933,9.128799,697.602937,699.771756158253
0.141671,69.631401,9.823743,697.6977,698.4302388967347
0.151671,69.648842,10.518862,697.799413,695.1465352544901
0.161671,69.666155,11.214154,697.908078,698.5370055915382
0.171671,69.683483,11.909619,698.023697,695.7784967226197
0.181671,69.700763,12.605257,698.146271,695.6491168436495
0.191671,69.717986,13.301067,698.275803,697.1262417500593
0.201671,69.776354,13.997254,698.412294,698.329064253072
0.211671,69.801432,14.693858,698.55575,698.1081484381774
0.221671,69.818571,15.390672,698.706172,700.3859812765553
0.231671,69.835693,16.087658,698.863564,698.4166214951919
0.241671,69.852763,16.784814,699.027926,700.2711215888016
0.251671,69.869776,17.48214,699.199261,699.449651651961
0.261671,69.886733,18.179635,699.37757,700.647452221215
0.271671,69.903635,18.8773,699.562854,700.3012645367163
0.281671,69.920516,19.575133,699.755116,697.6602208619331
0.291671,69.937381,20.273135,699.954358,701.2849387973283
0.301671,69.993515,20.971468,700.16058,701.5850473182597
0.311671,70.018054,21.670263,700.373789,699.9492630031561
0.321671,70.034807,22.369244,700.593986,701.4765283938933
0.331671,70.051506,23.068386,700.821174,702.1100781945969
0.341671,70.068152,23.767694,701.055354,699.7537694514746
0.351671,70.084745,24.467168,701.296529,702.4742257864783
0.361671,70.101386,25.166808,701.544699,699.7971101680746
0.371671,70.117871,25.866613,701.799866,700.140755427133
0.381671,70.134404,26.566583,702.062032,704.4682221199579
0.391671,70.150883,27.266717,702.331198,700.9831561912293
0.401671,70.204817,27.967203,702.607368,704.1656893735791
0.411671,70.228788,28.668078,702.890544,705.5678092336537
0.421671,70.245159,29.369155,703.18073,705.3011978938447
0.431671,70.261512,30.070394,703.477928,703.0198587202641
0.441671,70.277742,30.771796,703.782139,703.4049543680767
0.451671,70.293919,31.47336,704.093365,704.4720086504665
0.461671,70.310145,32.175086,704.411607,703.8173871324312
0.471671,70.326319,32.876973,704.736867,708.4507506459063
0.481671,70.342338,33.579021,705.069147,705.1458705341292
0.491671,70.358404,34.281229,705.408449,702.9521226360016
0.501671,70.410371,34.983777,705.754774,705.9485005369198
0.511671,70.433809,35.686701,706.108126,708.2002388906074
0.521671,70.449767,36.389821,706.468509,707.3605282095259
0.531671,70.46564,37.093101,706.835923,707.2184934682864
0.541671,70.481559,37.796539,707.210371,709.0627930624202
0.551671,70.497322,38.500135,707.591855,706.3093613019677
0.561671,70.513136,39.203889,707.980375,709.1929075207601
0.571671,70.528897,39.907801,708.375933,707.4413647864011
0.581671,70.544572,40.611869,708.778532,710.2060025923402
0.591671,70.560226,41.316094,709.188172,712.1704340100769
0.601671,70.61022,42.020646,709.604855,710.7961121330155
0.603139,70.616675,42.124133,709.66663,709.0463946850366
0.604874,70.62514,42.24647,709.739936,708.5290155948827
0.606609,70.628676,42.368813,709.813454,711.9116267023745
0.61008,70.634427,42.613509,709.960915,711.9112399487738
0.61355,70.640031,42.858224,710.109226,710.2240943192511
0.617021,70.645243,43.102959,710.258385,711.7640642833113
0.627021,70.660882,43.808269,710.692941,710.8408762592154
0.637021,70.676376,44.51373,711.134551,711.9402578373969
0.647021,70.691718,45.219337,711.583216,710.2959606734954
0.657021,70.707043,45.925087,712.038938,713.9292594877522
0.667021,70.722275,46.630975,712.501719,711.853257531805
0.677021,70.737351,47.336996,712.971558,710.3258912009906
0.687021,70.752438,48.043144,713.448459,715.528988362015
0.697021,70.767476,48.749416,713.932422,713.2424105243125
0.707021,70.821958,49.455954,714.423448,717.0303709598257
0.717021,70.837125,50.162879,714.921542,715.2951616751351
0.727021,70.851955,50.869884,715.426706,713.9853171287732
0.737021,70.866326,51.576987,715.93894,714.7068446418699
0.747021,70.881015,52.28418,716.458246,717.5981719718094
0.757021,70.895504,52.991458,716.984624,719.7133953286973
0.767021,70.910003,53.69881,717.518075,719.0038407217761
0.777021,70.924348,54.406231,718.0586,718.1018129929664
0.787021,70.938788,55.113708,718.6062,715.832135816708
0.797021,70.953019,55.821235,719.160875,717.4058637140968
0.807021,71.005717,56.528942,719.722625,717.7254103915535
0.817021,71.020653,57.236981,720.291455,723.6758393648569
0.827021,71.035021,57.944961,720.867365,721.9125300653611
0.837021,71.04978,58.652962,721.450354,722.0346831893552
0.847021,71.064213,59.360956,722.040424,724.1529828816049
0.857021,71.078809,60.068928,722.637573,722.8962206307654
0.867021,71.09353,60.776864,723.241802,724.4745732909128
0.877021,71.108509,61.484752,723.85311,724.2326568524821
0.887021,71.123633,62.192577,724.471497,723.5365709316335
0.897021,71.138743,62.900323,725.096962,725.9531732093086
0.907021,71.19073,63.608124,725.729504,724.5690113216218
0.917021,71.206905,64.316057,726.369125,727.4323300858731
0.927021,71.222632,65.023833,727.015824,726.2147310284635
0.937021,71.238655,65.731461,727.669601,729.2145183847538
0.947021,71.255222,66.438923,728.330453,729.070339031238
0.957021,71.271824,67.146203,728.998379,726.845388769313
0.967021,71.288691,67.853278,729.673376,731.188746925261
0.977021,71.305999,68.56013,730.355443,728.9736634872244
0.987021,71.323789,69.266742,731.044578,732.0153983684357
0.997021,71.341917,69.973095,731.740777,733.5006082800747
1.007021,71.395473,70.679298,732.444039,731.8528019432681
1.017021,71.414499,71.385479,733.154363,732.3806573005
1.027021,71.433612,72.09127,733.871747,734.3993847325063
1.037021,71.453502,72.796733,734.596188,732.3499502770123
1.047021,71.473229,73.501846,735.327681,736.1079555842663
1.057021,71.493633,74.206582,736.066223,735.732744277312
1.067021,71.514413,74.910927,736.811811,736.5313193241028
1.076841,71.535109,75.602216,737.550854,737.6492254057637
1.086661,71.556298,76.293096,738.296683,736.4550205915496
1.096481,71.578003,76.983553,739.049295,738.2477973205084
1.106481,71.633932,77.686337,739.822644,739.1297284942714
1.116481,71.657327,78.388881,740.603021,739.4852343032663
1.126481,71.680318,79.090926,741.39042,740.0508851389633
1.136481,71.703545,79.792484,742.184838,740.9738698392148
1.14592,71.725362,80.454197,742.941085,744.5163515311893
1.155359,71.74816,81.115464,743.703576,742.0266733188547
1.164797,71.770737,81.776284,744.472306,740.2715727646911
1.174797,71.794744,82.475918,745.293567,745.6046495592929
1.184797,71.819085,83.175043,746.121822,750.0949711279686
1.194797,71.843275,83.87366,746.957066,747.4729477818656
1.204797,71.899542,84.5719,747.799295,749.8015791636499
1.214797,71.925172,85.269855,748.648504,747.6963295063865
1.224797,71.949409,85.967299,749.50469,750.5423052302431
1.234797,71.97367,86.664259,750.367848,750.1021248034767
1.244797,71.99765,87.36075,751.237973,750.8229150541873
1.254797,72.021394,88.056785,752.115061,753.6714225942684
1.264797,72.044521,88.752381,752.999108,752.4295555036042
1.274797,72.067513,89.447556,753.890108,756.0446608229248
1.284797,72.090066,90.142333,754.788057,753.2812837319494
1.294797,72.112178,90.836736,755.692953,754.9119011057929
1.304797,72.164477,91.530904,756.604791,757.8223997461267
1.314797,72.186616,92.224995,757.523571,757.1596031898227
1.324797,72.206746,92.918742,758.44929,759.2508040584817
1.334797,72.226335,93.612242,759.381945,761.5361504635414
1.344797,72.245046,94.305519,760.321534,759.5306590673326
1.354797,72.263219,94.998608,761.268055,760.0087914482586
1.364797,72.280084,95.691546,762.221506,760.8943739996597
1.374797,72.296709,96.384371,763.181885,764.3724153593334
1.384797,72.312129,97.077124,764.149193,765.305332714939
1.394797,72.326517,97.769843,765.123428,761.2390766108089
1.404797,72.369951,98.462677,766.10459,764.6906364886734
1.414797,72.383959,99.155794,767.092682,767.3342809415905
1.424797,72.395775,99.848951,768.087706,766.8791411990795
1.434797,72.406702,100.542245,769.089662,768.0117993722753
1.444797,72.4167,101.235715,770.098552,767.5245689626057
1.454797,72.426113,101.929399,771.114377,768.7632528031023
1.464797,72.434306,102.623336,772.13714,772.6854787485278
1.474797,72.441806,103.317563,773.166845,776.0535575098545
1.484797,72.44866,104.01212,774.203493,775.7506775788519
1.494797,72.454813,104.707042,775.247088,776.2917009204822
1.504797,72.488907,105.402468,776.297635,776.1809410961678
1.514797,72.495034,106.098552,777.35514,779.244297445793
1.524797,72.499293,106.795068,778.419608,779.2474581014893
1.534797,72.503278,107.492066,779.491043,779.8493412288765
1.544797,72.506811,108.189582,780.569451,782.5632727470013
1.554797,72.509866,108.887638,781.654836,782.1373598652193
1.564797,72.512997,109.586256,782.747205,782.940235335272
1.574797,72.515775,110.285456,783.846563,783.7500100911225
1.584797,72.518272,110.98525,784.952916,787.0001221853825
1.594797,72.520971,111.685652,786.06627,787.6121369525637
1.604797,72.551451,112.386774,787.186632,786.7056585527222
1.614797,72.555435,113.088714,788.314009,786.6771888567451
1.624797,72.558361,113.791273,789.448408,790.9776020363
1.634797,72.561482,114.494461,790.589836,791.5722722328751
1.644797,72.564789,115.198277,791.738299,792.7799207574584
1.654797,72.568544,115.902717,792.893804,793.3015199110934
1.664797,72.572606,116.607775,794.056356,792.7589287449597
1.674797,72.576668,117.31344,795.225961,793.4873816492449
1.684797,72.581369,118.019698,796.402627,798.7724500315836
1.691815,72.584872,118.515689,797.232616,799.3848229200731
1.698833,72.588681,119.011959,798.066087,796.6734987762903
1.705851,72.619695,119.508598,798.903042,798.9236142506094
1.715851,72.626282,120.216878,800.101668,801.2644050003123
1.725851,72.632583,120.925673,801.30738,804.519518302756
1.735851,72.639036,121.634965,802.520183,798.7364411619869
1.745851,72.646292,122.344728,803.740081,804.6285716549082
1.755851,72.653304,123.054938,804.967079,806.1105919555617
1.765851,72.661113,123.765562,806.201181,803.957590483936
1.775851,72.668938,124.476576,807.442392,806.6356169540285
1.785851,72.676962,125.187945,808.690714,809.0540269369719
1.795851,72.685446,125.899638,809.946152,809.0662005972551
1.805851,72.720339,126.611732,811.208708,813.2970396374684
1.815851,72.729976,127.32426,812.478388,811.9929406372021
1.825851,72.738907,128.036996,813.755194,811.7571431810898
1.835851,72.748215,128.749922,815.039128,814.4943008176856
1.845851,72.757275,129.463002,816.330193,815.5649833703625
1.855851,72.766737,130.1762,817.628389,815.8895975933334
1.865851,72.776206,130.889482,818.933717,819.268582852973
1.875851,72.785864,131.602811,820.246179,821.308662740811
1.885851,72.795884,132.316152,821.565773,822.2981596955515
1.895851,72.805717,133.029469,822.892502,821.2331884266932
1.905851,72.841349,133.74282,824.226363,824.2147118743795
1.915851,72.85235,134.456278,825.567358,824.9439775811729
1.925851,72.863012,135.169561,826.915488,827.8796653316911
1.935851,72.873638,135.882688,828.270749,827.6944469544312
1.945851,72.88475,136.595623,829.633141,828.5777876131946
1.955851,72.896233,137.308333,831.002661,829.9452861643607
1.965851,72.907816,138.020788,832.379307,832.023352369758
1.975851,72.919621,138.732957,833.763076,832.5720041703466
1.985851,72.931945,139.444813,835.153965,833.983034992373
1.995851,72.944659,140.156333,836.551971,836.3070999604766
2.005851,72.982357,140.867583,837.957091,836.7123713179096
2.015851,72.996636,141.578646,839.369322,840.8395557693638
2.025851,73.01047,142.289283,840.788662,837.7704555920255
2.035851,73.024615,142.999498,842.215106,843.6091389329861
2.045851,73.039253,143.709286,843.64865,842.7545760599181
2.055851,73.054297,144.418641,845.08929,845.9032576816227
2.063405,72.993172,144.953948,846.182294,845.3307516609176
2.070959,73.077216,145.489002,847.279341,847.2146278538532
2.078514,73.088894,146.024071,848.38043,848.9181645578714
2.088514,73.104264,146.731978,849.84421,848.7334175898638
2.098514,73.119892,147.439448,851.315067,854.4758415437882
2.108514,73.159913,148.146609,852.792997,851.7514613789698
2.118514,73.175537,148.853482,854.277998,853.5535664328049
2.128514,73.190949,149.559947,855.770066,858.0348770096376
2.138514,73.205752,150.266031,857.269196,857.2571594525763
2.148514,73.220673,150.971756,858.775385,859.7102260578764
2.158514,73.234937,151.677152,860.28863,860.8861409596752
2.168514,73.248624,152.382246,861.808927,862.2860959528806
2.178514,73.261707,153.08707,863.336274,860.6182476547749
2.188514,73.274163,153.791658,864.870668,863.2503792271831
2.198514,73.285884,154.496047,866.412106,866.389349618872
2.208514,73.3203,155.200372,867.960588,867.3320624393383
2.218514,73.330853,155.904731,869.516114,871.1462205522747
2.228514,73.340018,156.608994,871.078683,869.5444896964525
2.238514,73.348485,157.313219,872.648294,873.3786919422864
2.248514,73.356062,158.01745,874.224947,876.4372731979594
2.258514,73.362856,158.721723,875.808643,874.8766909031636
2.268514,73.369108,159.426073,877.399382,875.0906367842838
2.278514,73.374307,160.130536,878.997165,880.0451851702055
2.288514,73.378938,160.83515,880.601993,878.8628987950216
2.298514,73.383004,161.539954,882.213869,881.0515002381162
2.308514,73.409088,162.24507,883.832794,885.4771516567628
2.318514,73.412138,162.950592,885.458772,887.2201608879049
2.328514,73.414374,163.656382,887.091806,882.4318822041448
2.338514,73.416201,164.362482,888.7319,891.1100159880901
2.348514,73.417882,165.068917,890.379057,889.9141422543587
2.358514,73.419112,165.775704,892.03328,891.541758705198
2.368514,73.420253,166.482859,893.694572,894.8515062221007
2.378514,73.421503,167.190395,895.362938,895.516301954085
2.388514,73.422555,167.898318,897.038382,897.4466003381821
2.398514,73.423843,168.606633,898.720906,899.3534456736412
2.408514,73.447149,169.315428,900.410516,900.9129797967769
2.418514,73.448754,170.024753,902.107216,903.280578042587
2.425682,73.450099,170.533437,903.327822,904.3308553023711
2.43285,73.451227,171.04231,904.552075,905.1629188399073
2.440018,73.45285,171.551366,905.779976,903.2555514598331
2.450018,73.455027,172.261809,907.499041,906.0453476617245
2.460018,73.457637,172.972565,909.225213,907.286252755104
2.470018,73.460523,173.683617,910.958494,908.8368714766596
2.480018,73.463564,174.394939,912.698886,914.7465303729517
2.490018,73.466959,175.106505,914.446393,915.0499677980708
2.500018,73.483931,175.818341,916.201017,915.8651414039035
2.510018,73.49594,176.530481,917.962761,920.7414267823066
2.520018,73.500193,177.242818,919.731627,921.3765776368641
2.530018,73.504642,177.955271,921.507618,921.9368621980238
2.540018,73.50924,178.667811,923.290733,922.4999062265188
2.550018,73.513947,179.380405,925.080974,924.4118947224375
2.560018,73.477006,180.092848,926.878341,927.407255702075
2.570018,73.52433,180.805241,928.682831,931.4973551474185
2.580018,73.529739,181.517792,930.494446,931.3367711714843
2.590018,73.535397,182.230265,932.313186,933.2699547229491
2.600018,73.554576,182.942693,934.139051,933.2592394902026
2.610018,73.568351,183.655086,935.97204,937.7693637350053
2.620018,73.574395,184.367349,937.812152,936.3539774996171
2.630018,73.580631,185.079427,939.659386,939.4676986528676
2.640018,73.586929,185.791284,941.51374,945.8709888428025
2.650018,73.593637,186.502905,943.375211,942.4023346581052
2.660018,73.600326,187.214275,945.243797,946.4470307209505
2.670018,73.60726,187.925378,947.119496,948.0642703960781
2.680018,73.614149,188.636206,949.002304,945.2114980499784
2.690018,73.621177,189.34675,950.892219,952.8371425353777
2.700018,73.641429,190.057062,952.789238,953.3572841537826
2.707242,73.653395,190.570083,954.16404,954.1163487425785
2.714466,73.658968,191.082982,955.542546,956.9483406068941
2.72169,73.66408,191.595737,956.924758,954.6373405418464
2.73169,73.67099,192.305312,958.844263,961.9807335855268
2.74169,73.677586,193.014625,960.770863,961.6601266799676
2.75169,73.683761,193.723691,962.704555,959.7233669933648
2.76169,73.689965,194.432528,964.645336,964.6369132982181
2.77169,73.695596,195.141157,966.593205,967.6498385315383
2.78169,73.700795,195.849601,968.548159,968.7550869988642
2.79169,73.705552,196.557883,970.510196,969.4604438636572
2.80169,73.725486,197.266095,972.479316,973.2482237511139
2.81169,73.733117,197.974318,974.455518,976.3786636933273
2.82169,73.736253,198.682475,976.438802,976.1899834955243
2.83169,73.738603,199.39058,978.429168,979.2516732432755
2.84169,73.740785,200.098663,980.426614,977.9118667155099
2.85169,73.741983,200.806755,982.431141,983.2369641724824
2.86169,73.742878,201.514879,984.442749,983.6943684186039
2.87169,73.743087,202.223065,986.461439,988.0983326933117
2.88169,73.742851,202.931334,988.487211,987.1184746412342
2.89169,73.742509,203.63971,990.520066,989.9648208362087
2.90169,73.756683,204.348274,992.560006,993.1831256534882
2.91169,73.759192,205.057093,994.607032,995.8545001071752
2.92169,73.757305,205.76608,996.661148,997.945190261722
2.93169,73.755513,206.475227,998.722354,999.6613895795278
2.94169,73.751585,207.18454,1000.790653,1002.457168885244
2.95169,73.736594,207.893965,1002.866045,1005.2845674415224
2.96169,73.721485,208.603432,1004.948532,1006.0643649129466
2.97169,73.706525,209.312947,1007.038114,1004.7877867793229
2.977092,73.698311,209.696233,1008.16982,1007.9212341941235
2.982494,73.690307,210.079529,1009.303596,1010.4924479272671
2.987896,73.682056,210.462834,1010.439442,1009.4209239012685
2.997896,73.667091,211.172437,1012.547618,1010.3445203872941
3.007896,73.670714,211.882124,1014.662891,1013.2252124213924
3.017896,73.656334,212.591926,1016.785261,1015.9545840594441
3.027896,73.641724,213.301711,1018.914729,1016.4168229513049
3.037896,73.627063,214.011438,1021.051295,1021.137408804462
3.047896,73.612954,214.721088,1023.194958,1022.9540213950567
3.057896,73.598744,215.430642,1025.345716,1025.8244785283978
3.067896,73.584713,216.140077,1027.50357,1026.827130816635
3.077896,73.570999,216.84937,1029.668517,1028.2892891029026
3.087896,73.557382,217.558495,1031.840557,1034.2245874603107
3.097896,73.544262,218.267411,1034.019687,1033.8226284435912
3.107896,73.549337,218.976164,1036.205905,1040.1306792756284
3.117896,73.536951,219.684724,1038.399209,1039.9707943064316
3.127896,73.52425,220.393022,1040.599598,1040.0534226690497
3.137896,73.511822,221.10101,1042.807069,1042.2649761078465
3.147896,73.499252,221.808671,1045.021617,1043.3213173660615
3.157896,73.486843,222.515999,1047.243241,1046.6256188251753
3.167896,73.474384,223.222992,1049.471936,1050.2151494659797
3.177896,73.461834,223.929647,1051.7077,1052.7174602136854
3.187896,73.448961,224.635958,1053.950528,1052.8406533266218
3.197896,73.436238,225.341929,1056.200418,1056.2872036246272
3.207896,73.440586,226.047646,1058.457366,1059.1295531735286
3.217896,73.427666,226.753113,1060.72137,1060.8718545122833
3.227896,73.41406,227.458292,1062.992427,1061.7153281945684
3.237896,73.400252,228.163165,1065.270534,1066.6365728178098
3.247896,73.385775,228.867741,1067.555689,1065.5911483944465
3.257896,73.371248,229.572044,1069.847888,1068.3489908886038
3.267896,73.356202,230.276098,1072.147129,1073.4032765857958
3.277896,73.340462,230.979923,1074.45341,1074.1678135294296
3.287896,73.324568,231.683537,1076.766727,1076.282714905104
3.297896,73.307872,232.386957,1079.08708,1081.0384070610457
3.307896,73.30781,233.090284,1081.414466,1082.2777618883115
3.317896,73.290709,233.793531,1083.748885,1084.6645001321908
3.327896,73.272838,234.496669,1086.090336,1089.2650575838431
3.337896,73.254677,235.199684,1088.438818,1084.399544933063
3.347896,73.236051,235.902584,1090.794329,1089.8053595054776
3.357896,73.217258,236.60539,1093.156869,1090.3085765481621
3.367896,73.203002,237.308136,1095.526437,1094.5004874518147
3.377896,73.188943,238.010855,1097.903032,1095.6695969475827
3.387896,73.174686,238.713557,1100.286654,1099.851268764991
3.397896,73.16055,239.416246,1102.677303,1100.5940637104648
3.407896,73.162319,240.118991,1105.074979,1106.118025417717
3.417896,73.148951,240.821773,1107.479683,1106.5069095221072
3.427896,73.135088,241.524558,1109.891415,1109.953311187501
3.437896,73.121311,242.227321,1112.310174,1112.5942541916227
3.447896,73.107799,242.930046,1114.735961,1115.6435222444702
3.457896,73.094074,243.632717,1117.168775,1117.2260233126153
3.467896,73.080989,244.335323,1119.608615,1120.5971815007554
3.477896,73.067448,245.03785,1122.055481,1121.5831198779144
3.487896,73.054447,245.740281,1124.509372,1125.1641484940026
3.497896,73.041551,246.442601,1126.970286,1125.6884650718791
3.507896,73.039305,247.144841,1129.438224,1128.9980625655003
3.517896,73.020978,247.846954,1131.913183,1133.330539121864
3.527896,73.002372,248.548868,1134.395162,1137.2470244638264
3.537896,72.983808,249.250537,1136.884159,1136.5024642383905
3.547896,72.965482,249.951946,1139.380172,1138.0662202222832
3.557896,72.947253,250.65309,1141.883197,1141.1860870020873
3.567896,72.929124,251.35396,1144.393233,1147.8972472872929
3.577896,72.911071,252.054548,1146.910276,1147.3720502292085
3.587896,72.89307,252.754845,1149.434323,1151.5824119472961
3.597896,72.875093,253.454845,1151.965372,1152.0793315833412
3.607896,72.872339,254.15461,1154.503419,1154.4743627662729
3.617896,72.854645,254.854155,1157.048463,1155.7573987690018
3.627896,72.836659,255.55343,1159.600501,1157.536566030245
3.637896,72.818473,256.252397,1162.15953,1163.0076494307598
3.647896,72.800161,256.951061,1164.725548,1164.14559314703
3.657896,72.781699,257.649447,1167.298551,1165.7278305367304
3.667896,72.763064,258.347569,1169.878536,1167.9115006804057
3.677896,72.744236,259.045434,1172.465501,1173.230696375564
3.687896,72.725203,259.743047,1175.059444,1176.918067949893
3.697896,72.705959,260.44042,1177.660361,1181.1923011882443
3.707896,72.70129,261.137636,1180.268252,1179.579871815236
3.717896,72.681937,261.834704,1182.883113,1181.8850525682349
3.727896,72.662152,262.531595,1185.504945,1185.3972735990856
3.737896,72.642069,263.228294,1188.133745,1190.9012863834823
3.747896,72.621812,263.924805,1190.76951,1190.0888230703945
3.757896,72.601395,264.621142,1193.41224,1191.9548112744183
3.767896,72.580845,265.317319,1196.061933,1195.0967605422597
3.777896,72.560291,266.013341,1198.718586,1200.773612856253
3.787896,72.539585,266.709212,1201.382199,1198.8769190305072
3.797896,72.518946,267.40493,1204.05277,1202.6860269041806
3.807896,72.512791,268.100555,1206.730297,1206.3576356173762
3.817896,72.492679,268.796076,1209.41478,1211.1580575809064
3.827896,72.472123,269.491452,1212.106218,1213.2696166857656
3.837896,72.442852,270.186613,1214.804609,1214.7842774154533
3.847896,72.405884,270.881481,1217.509949,1214.9190935571248
3.857896,72.368686,271.576007,1220.222237,1219.1749281404764
3.867896,72.331365,272.270182,1222.941468,1221.993559079727
3.877896,72.294036,272.964005,1225.66764,1224.9687025515768
3.887896,72.256493,273.657472,1228.400747,1227.4044517079158
3.897896,72.218944,274.350577,1231.140788,1231.6405051788074
3.907896,72.195113,275.043374,1233.887758,1234.1550259682438
3.917896,72.157562,275.735852,1236.641654,1238.0458449445578
3.927896,72.119674,276.427965,1239.402474,1237.6759236505698
3.937896,72.081565,277.11968,1242.170212,1244.032914320891
3.947896,72.043438,277.810987,1244.944866,1241.4697339788092
3.957896,72.005077,278.501885,1247.726431,1248.1210809948434
3.967896,71.966681,279.192373,1250.514902,1251.2467040595243
3.977896,71.928033,279.882447,1253.310277,1255.1776526380916
3.987896,71.889328,280.572102,1256.11255,1259.1678896739095
3.997896,71.850348,281.261334,1258.921717,1258.900686702382
4.007896,71.824688,281.950205,1261.737775,1260.5812965516695
4.017896,71.78576,282.638697,1264.56072,1262.8529868253363
4.027896,71.746297,283.326786,1267.390548,1267.7901554920568
4.037896,71.706517,284.014459,1270.227255,1269.2923203508244
4.047896,71.666616,284.701708,1273.070836,1274.3441076059992
4.057896,71.626486,285.388536,1275.921287,1277.220718257432
4.067896,71.586015,286.074943,1278.778605,1278.0073224086123
4.077896,71.545406,286.760935,1281.642785,1281.2177560379776
4.087896,71.504454,287.446515,1284.513822,1286.7105455618237
4.097896,71.463365,288.131684,1287.391714,1289.0111482804639
4.107896,71.435109,288.816506,1290.276455,1291.7060221692186
4.117896,71.393873,289.50098,1293.168043,1291.6491530428639
4.127896,71.351977,290.185071,1296.066473,1297.6672699308658
4.137896,71.309967,290.868756,1298.971743,1300.8354757142117
4.147896,71.267752,291.552032,1301.883847,1300.808245738068
4.157896,71.225232,292.234904,1304.802782,1302.660604419186
4.167896,71.182625,292.917374,1307.728544,1305.3995559072982
4.177896,71.139839,293.599443,1310.661128,1311.154592865189
4.187896,71.096777,294.281106,1313.600531,1314.5742685421026
4.197896,71.053655,294.962362,1316.546749,1316.3858649259885
4.207896,71.023017,295.64326,1319.499778,1319.7606721812401
4.217896,70.979911,296.32381,1322.459613,1323.223914800941
4.227896,70.936333,297.003965,1325.426252,1326.6601846761603
4.237896,70.892614,297.683686,1328.399691,1330.1654178621527
4.247896,70.848761,298.362966,1331.379924,1332.7591305631042
4.257896,70.804667,299.041816,1334.366949,1334.109128478551
4.267896,70.760543,299.720236,1337.360759,1337.911794406765
4.277896,70.716279,300.398217,1340.361352,1339.7059859511346
4.287896,70.67188,301.07575,1343.368722,1343.8171375872973
4.297896,70.627234,301.752831,1346.382865,1347.5568302018671
4.307896,70.594859,302.429514,1349.403777,1349.133858582761
4.317896,70.55337,303.105795,1352.431454,1354.9491232507798
4.327896,70.516539,303.781689,1355.465892,1355.967711406234
4.337896,70.479603,304.4572,1358.507087,1360.3714278622056
4.347896,70.442555,305.132326,1361.555035,1361.951146566944
4.357896,70.405393,305.807067,1364.609732,1363.0571895277403
4.367896,70.357788,306.481365,1367.671175,1367.2519114901647
4.377896,70.299388,307.15513,1370.739358,1372.9736333085277
4.387896,70.240815,307.828313,1373.814275,1374.2166097217325
4.397896,70.18196,308.500901,1376.895922,1374.6872547912822
4.407896,70.1348,309.172957,1379.984291,1382.5435626146668
4.417896,70.059704,309.844375,1383.079378,1382.579401260138
4.427896,69.973539,310.515023,1386.181176,1385.2253160457617
4.437896,69.886919,311.184832,1389.289676,1390.872841262686
4.447896,69.799858,311.853782,1392.404869,1392.9000134041667
4.457896,69.712357,312.521874,1395.526748,1394.70535311381
4.467896,69.617022,313.189068,1398.655304,1397.8031676183243
4.477896,69.517988,313.855324,1401.790527,1401.639159354309
4.487896,69.418368,314.520618,1404.932407,1407.0543887513631
4.497896,69.318381,315.184943,1408.080936,1411.007695686712
4.507896,69.229582,315.848357,1411.236103,1411.5294261133236
4.517896,69.128985,316.510835,1414.3979,1415.041823034442
4.527896,69.027605,317.172349,1417.566316,1418.1679564475187
4.537896,68.925782,317.832881,1420.741343,1421.483307538992
4.547896,68.823521,318.492422,1423.922971,1423.9411212253037
4.557896,68.720829,319.150967,1427.111188,1428.03897417957
4.567896,68.617711,319.808511,1430.305987,1429.981582285726
4.577896,68.514171,320.465048,1433.507355,1432.680925031675
4.587896,68.410211,321.120574,1436.715284,1437.8616996945818
4.597896,68.305837,321.775081,1439.929763,1442.4507745202504
4.607896,68.212383,322.428618,1443.150783,1443.919965496069
4.617896,68.107493,323.081175,1446.378332,1449.4433058187506
4.627896,68.001861,323.732715,1449.612402,1448.47400823498
4.637896,67.895816,324.383212,1452.852983,1452.4677055974369
4.647896,67.78936,325.032659,1456.100063,1454.4369749172527
4.657896,67.68249,325.681055,1459.353633,1458.5339157860487
4.667896,67.575205,326.328395,1462.613681,1462.944869473353
4.677896,67.467505,326.974677,1465.880197,1466.28504044561
4.687896,67.359386,327.619896,1469.153171,1470.4734068376129
4.697896,67.250848,328.264049,1472.432591,1472.352813150236
4.707896,67.152895,328.90719,1475.718448,1473.2927937518625
4.717896,67.043828,329.549296,1479.010732,1477.974196461319
4.727896,66.934016,330.190341,1482.309431,1484.626386789563
4.737896,66.823783,330.830308,1485.614535,1485.069250852909
4.747896,66.712399,331.46919,1488.926033,1489.1943384304084
4.757896,66.599762,332.106987,1492.243915,1493.492812730326
4.767896,66.486695,332.743706,1495.568168,1495.132694522614
4.777896,66.37407,333.379347,1498.898781,1499.370453171557
4.787896,66.262653,334.013881,1502.235744,1501.7411117782403
4.797896,66.151306,334.647286,1505.579051,1507.0694581634323
4.807896,66.050228,335.279598,1508.928687,1509.5080797135429
4.817896,65.938317,335.910793,1512.28464,1512.7290015370831
4.827896,65.825576,336.540849,1515.646899,1516.0107428121553
4.837896,65.712297,337.169761,1519.015453,1519.0457521090839
4.847896,65.598466,337.797534,1522.390291,1519.408574969682
4.857896,65.484077,338.424176,1525.7714,1522.9626273933147
4.867896,65.369239,339.049697,1529.15877,1529.6035316070518
4.877896,65.253756,339.674106,1532.55239,1531.5876543799586
4.887896,65.137756,340.297409,1535.952249,1534.9520368720582
4.897896,65.021266,340.919615,1539.358335,1540.4206731401705
4.907896,64.914679,341.540776,1542.770638,1539.8805469631427
4.917896,64.797621,342.160894,1546.189147,1546.3270798228627
4.927896,64.679944,342.779942,1549.613852,1550.6366115499648
4.937896,64.561802,343.397902,1553.044742,1553.7583072273708
4.947896,64.443331,344.014767,1556.481806,1555.5418952897974
4.957896,64.324557,344.630535,1559.925034,1558.2321350260272
4.967896,64.205509,345.245202,1563.374413,1562.2612485445402
4.977896,64.086204,345.85876,1566.829934,1565.936500826686
4.987896,63.966768,346.4712,1570.291585,1569.1112764572813
4.997896,63.847008,347.082514,1573.759354,1574.1157468742288
5.007896,63.737081,347.692735,1577.233232,1578.333701704304
5.017896,63.617228,348.30185,1580.713205,1582.7502362205196
5.027896,63.49696,348.909821,1584.199265,1582.4726140391624
5.037896,63.376394,349.516617,1587.691398,1590.087681963492
5.047896,63.255633,350.122225,1591.189593,1594.3679966791303
5.057896,63.134666,350.726639,1594.693838,1596.3985993884571
5.067896,63.013476,351.329854,1598.204122,1598.936645079628
5.077896,62.89215,351.931865,1601.720431,1604.0148513622453
5.087896,62.849757,352.533034,1605.242757,1605.8317840712584
5.097896,62.819455,353.133754,1608.771092,1608.8970843802695
5.107896,62.799008,353.734217,1612.305432,1615.0714409226446
5.117896,62.769067,354.334425,1615.845775,1616.398194156868
5.127896,62.738791,354.934346,1619.392119,1616.923099668682
5.137896,62.708458,355.533958,1622.944461,1624.9748458346528
5.147896,62.677808,356.133255,1626.502797,1624.8388059471054
5.157896,62.647117,356.732242,1630.067125,1630.0469926206679
5.167896,62.616389,357.330928,1633.637441,1634.5735653533789
5.177896,62.585731,357.929322,1637.213742,1634.7790902417
5.187896,62.554941,358.52743,1640.796026,1642.2770985820018
5.197896,62.523838,359.125253,1644.38429,1644.211338200669
5.207896,62.502233,359.722839,1647.978531,1646.9127577008012
5.217896,62.471462,360.320189,1651.578746,1652.4627062973748
5.227896,62.440501,360.917279,1655.184933,1657.1609460585998
5.237896,62.409482,361.514095,1658.797091,1659.5571978392823
5.247896,62.378369,362.110633,1662.415214,1663.6344433401696
5.257896,62.347296,362.706894,1666.039302,1661.9471390993901
5.267896,62.316205,363.302878,1669.669351,1670.7499965830948
5.277896,62.285211,363.898582,1673.305359,1672.821033000156
5.287896,62.254327,364.494003,1676.947322,1674.6569565028858
5.297896,62.223637,365.089138,1680.595238,1680.9043727173237
5.307896,62.201966,365.684026,1684.249104,1685.390636793953
5.317896,62.171444,366.27866,1687.908918,1688.6881668134665
5.327896,62.140706,366.87301,1691.574676,1692.838870664702
5.337896,62.110076,367.467055,1695.246377,1696.7200527663633
5.347896,62.079542,368.060791,1698.924016,1697.094914237573
5.357896,62.049023,368.654219,1702.607592,1703.3708465651303
5.367896,62.018368,369.247338,1706.2971,1706.843225445915
5.377896,61.987779,369.840147,1709.992537,1709.4179321631148
5.387896,61.957345,370.432646,1713.693902,1714.0318172410464
5.397896,61.926844,371.024836,1717.401189,1715.4039427935995
5.407896,61.905304,371.616765,1721.114398,1722.5855164732986
5.417896,61.874883,372.208418,1724.833524,1725.9184174314564
5.427896,61.844253,372.799779,1728.558565,1727.6823064998157
5.437896,61.813526,373.390839,1732.289518,1728.8153786065732
5.447896,61.782808,373.981599,1736.026381,1736.7894361791691
5.457896,61.752202,374.572064,1739.769149,1743.0238800954749
5.467896,61.721328,375.162235,1743.517821,1744.4870099741195
5.477896,61.69036,375.752114,1747.272393,1750.8454928008175
5.487896,61.659413,376.341705,1751.032862,1749.9777758045066
5.497896,61.628603,376.931008,1754.799226,1756.104750512525
5.507896,61.606475,377.520068,1758.571482,1757.4194073775318
5.517896,61.575938,378.108872,1762.349627,1762.8797885748586
5.527896,61.544879,378.697405,1766.133658,1766.580506545382
5.537896,61.513986,379.285657,1769.923574,1772.4069008165109
5.547896,61.483058,379.873622,1773.71937,1772.5802852222223
5.557896,61.452209,380.461298,1777.521045,1780.2505815390202
5.567896,61.421542,381.048685,1781.328595,1780.150660319427
5.577896,61.390686,381.635781,1785.142018,1784.9711982750885
5.587896,61.359796,382.222583,1788.96131,1790.9670033154525
5.597896,61.32899,382.80909,1792.786469,1795.320094467015
5.607896,61.306791,383.395339,1796.617491,1795.081334235042
5.617896,61.276462,383.981327,1800.454375,1800.0634355969926
5.627896,61.246047,384.567031,1804.297117,1805.9563595684497
5.637896,61.216629,385.15244,1808.145714,1807.4282285885893
5.647896,61.18728,385.737555,1812.000164,1813.2566263824906
5.657896,61.158094,386.322381,1815.860464,1817.2582361275452
5.667896,61.128858,386.90692,1819.726611,1820.160714973003
5.677896,61.099673,387.491172,1823.598602,1824.6673281304008
5.687896,61.070408,388.075139,1827.476434,1827.521940426477
5.697896,61.041175,388.658819,1831.360104,1831.184918628702
5.707896,61.020188,389.24226,1835.249609,1834.5996963588334
5.717896,60.991142,389.825447,1839.144948,1838.387712278762
5.727896,60.962017,390.408361,1843.046117,1844.6525142294333
5.737896,60.932829,390.990998,1846.953113,1846.8251301408775
5.747896,60.903399,391.573357,1850.865934,1851.3270679668442
5.757896,60.874109,392.155438,1854.784578,1853.4456942265463
5.767896,60.844761,392.737242,1858.709042,1857.8217522017724
5.777896,60.815467,393.31877,1862.639323,1862.454936162466
5.787896,60.786331,393.900024,1866.575417,1864.3377019749557
5.797896,60.757168,394.481004,1870.517322,1870.2605057297433
5.807896,60.736192,395.061753,1874.465036,1876.5992637017807
5.817896,60.707403,395.642257,1878.418556,1881.5981272594463
5.827896,60.678568,396.222498,1882.37788,1882.5561715752813
5.837896,60.649701,396.802468,1886.343005,1885.7567179002942
5.847896,60.62091,397.382163,1890.313929,1894.5554462689854
5.857896,60.592799,397.961586,1894.290648,1897.8042329038649
5.867896,60.564747,398.540739,1898.27316,1898.0524879536351
5.877896,60.536774,399.119624,1902.261462,1905.2336011548011
5.887896,60.508873,399.698239,1906.255551,1904.7091567521609
5.897896,60.48115,400.276586,1910.255426,1909.0771433941736
5.907896,60.461189,400.854706,1914.261082,1914.3363263711171
5.917896,60.433414,401.432583,1918.272519,1919.7288489630816
5.927896,60.405586,402.0102,1922.289733,1922.343892272262
5.937896,60.377714,402.587549,1926.312722,1928.7540121788786
5.947896,60.349902,403.164627,1930.341483,1931.8035200101428
5.957896,60.322143,403.741435,1934.376014,1934.340077021631
5.967896,60.294339,404.317976,1938.416311,1940.366652937472
5.977896,60.266389,404.894248,1942.462372,1941.6163171803692
5.987896,60.238494,405.470252,1946.514195,1947.9985070869036
5.997896,60.21065,406.045991,1950.571776,1952.7086705452957
6.007896,60.190523,406.621513,1954.635113,1951.8842856861077
6.017896,60.163078,407.19679,1958.704204,1959.4079562074003
6.027896,60.135096,407.771808,1962.779046,1963.5807208598922
6.037896,60.107169,408.346562,1966.859638,1965.7606538135205
6.047896,60.079407,408.921054,1970.945975,1972.546007958232
6.057896,60.0516,409.495283,1975.038057,1973.3459266025375
6.067896,60.02386,410.06925,1979.13588,1980.086876014908
6.077896,59.996035,410.642952,1983.239441,1989.9522005764059
6.087896,59.968231,411.216392,1987.348738,1986.550943720408
6.097896,59.940389,411.789567,1991.463768,1994.168406469667
6.107896,59.920063,412.362525,1995.584528,1998.7186502144457
6.117896,59.892576,412.935237,1999.711016,2001.3897522695822
6.127896,59.865041,413.507691,2003.84323,2003.8608311499431
6.137896,59.837205,414.079882,2007.981167,2005.6591299485979
6.147896,59.809402,414.651808,2012.124825,2012.7725202044685
6.157896,59.781664,415.223468,2016.274201,2019.240452815674
6.167896,59.754097,415.794862,2020.429292,2023.0077501569142
6.177896,59.726488,416.365992,2024.590095,2024.7289188975274
6.187896,59.698865,416.936856,2028.75661,2029.9548394965523
6.197896,59.671082,417.507454,2032.928832,2035.2406827553332
6.207896,59.650589,418.077824,2037.106758,2036.3138542800589
6.217896,59.623242,418.647955,2041.290388,2040.1128679465755
6.227896,59.595629,419.217827,2045.479716,2044.0656417197129
6.237896,59.568075,419.787436,2049.674742,2052.55327896874
6.247896,59.540386,420.356781,2053.875463,2054.209851809228
6.257896,59.512748,420.925863,2058.081875,2057.912918001404
6.267896,59.485061,421.494681,2062.293977,2063.6800549663003
6.277896,59.457431,422.063235,2066.511766,2065.425291791798
6.287896,59.429863,422.631527,2070.735239,2069.3347222527127
6.297896,59.402351,423.199556,2074.964394,2075.071631917773
6.307896,59.381719,423.767369,2079.199228,2077.9119091936072
6.317896,59.354238,424.334935,2083.439739,2083.0504027916413
6.327896,59.326602,424.902244,2087.685924,2085.6696455434126
6.337896,59.299026,425.469292,2091.937781,2094.404191873645
6.347896,59.271534,426.03608,2096.195308,2097.1584803435417
6.357896,59.24525,426.60261,2100.4585,2098.098722089113
6.367896,59.221784,427.1689,2104.727357,2104.7063730926748
6.377896,59.198382,427.734956,2109.001876,2109.4009113586644
6.387896,59.175036,428.300781,2113.282054,2114.7877239624486
6.397896,59.15173,428.866379,2117.567889,2116.2431193118005
6.407896,59.135368,429.431787,2121.85938,2124.090547043036
6.417896,59.112387,429.996996,2126.156524,2124.2032350413174
6.427896,59.089244,430.561995,2130.45932,2130.934119018184
6.437896,59.066239,431.126779,2134.767764,2134.5095704715304
6.447896,59.043174,431.691348,2139.081854,2136.7233128901066
6.457896,59.020162,432.255704,2143.401589,2140.692673314838
6.467896,58.997212,432.819849,2147.726966,2149.838537075267
6.477896,58.974086,433.383783,2152.057985,2150.534365256996
6.487896,58.951043,433.947506,2156.394641,2156.76176610179
6.497896,58.928086,434.511019,2160.736934,2160.210819575837
6.507896,58.911914,435.074357,2165.084861,2167.7683980129464
6.517896,58.889359,435.637514,2169.438421,2170.8828991423816
6.527896,58.866604,436.200467,2173.797611,2173.762792122207
6.537896,58.843887,436.763205,2178.162429,2178.0724520514673
6.547896,58.821162,437.325729,2182.532874,2182.9297655239175
6.557896,58.798534,437.888038,2186.908943,2183.8960275299105
6.567896,58.776002,438.450133,2191.290634,2192.4535412355353
6.577896,58.753564,439.012014,2195.677945,2196.0075161596837
6.587896,58.731055,439.573678,2200.070874,2200.028514677785
6.597896,58.708552,440.135126,2204.469418,2203.576564934004
6.607896,58.692605,440.696387,2208.873576,2211.6078198820983
6.617896,58.670474,441.257454,2213.283345,2215.8905054877905
6.627896,58.648195,441.818315,2217.698724,2218.2361786351285
6.637896,58.626088,442.378967,2222.119711,2221.324638591861
6.647896,58.603702,442.939404,2226.546303,2226.4828226473533
6.657896,58.581366,443.499628,2230.978498,2231.603881567423
6.667896,58.559087,444.059639,2235.416295,2237.1831508908977
6.677896,58.536864,444.61944,2239.85969,2238.166519428206
6.687896,58.514699,445.179032,2244.308683,2242.3894212273904
6.697896,58.492527,445.738416,2248.76327,2249.328729181204
6.707896,58.476509,446.297623,2253.22345,2255.2360652004145
6.717896,58.454511,446.85665,2257.689222,2257.149605856331
6.727896,58.432366,447.415481,2262.160583,2260.4978892426716
6.737896,58.410297,447.974106,2266.637531,2266.211386651992
6.747896,58.388308,448.532524,2271.120064,2272.7421311988637
6.757896,58.366265,449.090737,2275.608181,2275.0452445362703
6.767896,58.344208,449.648745,2280.101878,2281.8433698162767
6.777896,58.322236,450.206548,2284.601155,2287.0392904165974
6.787896,58.30035,450.764145,2289.106008,2292.056491327696
6.797896,58.278552,451.321537,2293.616437,2296.581713713714
6.807896,58.262992,451.878757,2298.132439,2299.4329997737054
6.817896,58.241373,452.435792,2302.654012,2301.1385949313612
6.827896,58.219594,452.992627,2307.181154,2305.8485995321284
6.837896,58.197894,453.549256,2311.713863,2312.72429228094
6.847896,58.176274,454.10568,2316.252137,2317.588541018343
6.857896,58.154733,454.661899,2320.795975,2320.4765298891034
6.867896,58.133228,455.217912,2325.345374,2326.3580864628007
6.877896,58.111602,455.77372,2329.900333,2329.8451292902205
6.887896,58.090045,456.329323,2334.460848,2335.2374457138785
6.897896,58.068554,456.884722,2339.026918,2339.610428536391
6.907896,58.053071,457.439949,2343.598542,2341.7969503123904
6.917896,58.031928,457.994995,2348.175717,2348.6773905578257
6.927896,58.010534,458.549847,2352.758441,2350.229231653383
6.937896,57.989076,459.104498,2357.346713,2359.2458229106182
6.947896,57.967687,459.658948,2361.940529,2361.7776455427625
6.957896,57.946369,460.213198,2366.53989,2368.6791285650343
6.967896,57.925122,460.76725,2371.144791,2369.872884672191
6.977896,57.903948,461.321103,2375.755233,2375.951665548944
6.987896,57.882684,461.874758,2380.371212,2381.219722216474
6.997896,57.861431,462.428214,2384.992727,2384.005148355954
7.007896,57.84598,462.981503,2389.619775,2390.06244595595
7.017896,57.825098,463.534614,2394.252356,2392.8734457186833
7.027896,57.804079,464.087536,2398.890467,2397.8081900700126
7.037896,57.783142,464.640262,2403.534106,2403.312235226112
7.047896,57.762059,465.192791,2408.183272,2409.908435143132
7.057896,57.741056,465.745121,2412.837961,2412.3873328338277
7.067896,57.720132,466.297253,2417.498173,2416.3055284855477
7.077896,57.699182,466.849188,2422.163906,2421.646387842334
7.087896,57.678415,467.400926,2426.835157,2427.578011773534
7.097896,57.657666,467.952467,2431.511924,2431.632723957625
7.107896,57.642436,468.503839,2436.194205,2433.78188938807
7.117896,57.62188,469.055039,2440.882,2442.425343351739
7.127896,57.60118,469.606053,2445.575305,2445.8539669306297
7.137896,57.580551,470.156871,2450.27412,2450.0137765718887
7.147896,57.559994,470.707494,2454.978442,2455.37775762936
7.157896,57.539286,471.25792,2459.688269,2459.3818566038626
7.167896,57.518645,471.808153,2464.4036,2463.1570800834734
7.177896,57.498073,472.358191,2469.124431,2469.416759136735
7.187896,57.477212,472.908039,2473.850762,2472.225334960147
7.197896,57.454159,473.457751,2478.58259,2477.1117040565696
7.207896,57.435939,474.007413,2483.319916,2483.540079699128
7.217896,57.412621,474.557003,2488.062738,2488.0092140529086
7.227896,57.389685,475.106502,2492.811055,2490.9775024311066
7.237896,57.367362,475.655878,2497.564867,2497.367848859936
7.247896,57.345586,476.205093,2502.324172,2501.367106401455
7.257896,57.324567,476.754111,2507.088968,2505.4356628549695
7.267896,57.304125,477.302896,2511.859254,2513.499901530499
7.277896,57.28408,477.851411,2516.635025,2516.327604137269
7.287896,57.264416,478.399627,2521.416281,2521.1899203285648
7.297896,57.245239,478.947526,2526.203017,2526.6469896736285
7.307896,57.23172,479.49512,2530.995231,2531.1739846469245
7.317896,57.213043,480.0424,2535.792918,2537.4227901290383
7.327896,57.194117,480.589361,2540.596077,2542.823391622308
7.337896,57.174857,481.136006,2545.404704,2547.224277795569
7.347896,57.15545,481.682349,2550.218797,2551.027145057101
7.357896,57.135698,482.228413,2555.038351,2554.543905573577
7.367896,57.115551,482.774225,2559.863364,2556.2471968798036
7.377896,57.094889,483.31981,2564.693835,2564.2127868267326
7.387896,57.073726,483.865196,2569.52976,2569.055791085437
7.397896,57.052234,484.410405,2574.371138,2575.1325836670467
7.407896,57.035688,484.955482,2579.217967,2577.448634880064
7.417896,57.01394,485.500443,2584.070247,2585.864925942579
7.427896,56.992027,486.045283,2588.927976,2589.9908330406574
7.437896,56.969403,486.59001,2593.791152,2592.322469713958
7.447896,56.946889,487.134634,2598.659776,2600.2623206393923
7.457896,56.92478,487.67915,2603.533845,2602.9333120417186
7.467896,56.903033,488.223544,2608.413358,2608.442742643837
7.477896,56.881895,488.767791,2613.298315,2613.8390861027756
7.487896,56.861276,489.311864,2618.188713,2616.6996685181934
7.497896,56.840905,489.855735,2623.084552,2619.185819330675
7.507896,56.826134,490.399403,2627.985827,2626.4756655576116
7.517896,56.806843,490.942834,2632.892539,2631.147509118983
7.527896,56.787837,491.486,2637.804683,2638.8797716906392
7.537896,56.769042,492.028877,2642.722258,2642.9472468691292
7.547896,56.750552,492.571455,2647.64526,2649.0649945551795
7.557896,56.731851,493.113732,2652.573686,2652.904477455377
7.567896,56.713248,493.655711,2657.507533,2656.6505434202786
7.577896,56.694529,494.197406,2662.446799,2663.746726722887
7.587896,56.675504,494.73883,2667.391481,2668.5006347709127
7.597896,56.65631,495.280002,2672.341575,2673.9846981654614
7.607896,56.641578,495.820965,2677.29708,2678.750690521563
7.617896,56.621647,496.361735,2682.257994,2680.49577906507
7.627896,56.601324,496.902315,2687.224314,2687.8386574789224
7.637896,56.580677,497.442715,2692.196039,2691.591357986958
7.647896,56.559995,497.982952,2697.173168,2696.858292816457
7.657896,56.539185,498.523036,2702.155698,2702.583829819946
7.667896,56.520387,499.06294,2707.143628,2707.5200716359204
7.677896,56.505183,499.602547,2712.136956,2712.080399088409
7.687896,56.489798,500.141773,2717.135678,2718.447689361231
7.697896,56.473706,500.680625,2722.13979,2723.460992565575
7.707896,56.461715,501.219181,2727.149289,2727.775916068275
7.717896,56.443877,501.757498,2732.164173,2732.4513540731677
7.727896,56.424814,502.295629,2737.184439,2735.5726768455547
7.737896,56.404684,502.833621,2742.210086,2742.4826681902587
7.747896,56.383861,503.37152,2747.241111,2750.583181131398
7.757896,56.362343,503.909364,2752.277516,2750.54865167596
7.767896,56.34059,504.447187,2757.319299,2755.9578641374087
7.777896,56.318639,504.985006,2762.36646,2763.209817388125
7.787896,56.296764,505.522828,2767.418999,2768.5875926406356
7.797896,56.275154,506.060643,2772.476916,2773.103943125449
7.807896,56.258807,506.59846,2777.540211,2777.752089735247
7.817896,56.238549,507.136243,2782.608885,2785.176024007785
7.827896,56.218765,507.673949,2787.682936,2786.9345983063677
7.837896,56.199737,508.211537,2792.762363,2791.6595396551174
7.847896,56.181149,508.748967,2797.847166,2798.539713057668
7.857896,56.163225,509.286202,2802.937342,2803.429866384961
7.867896,56.14598,509.82321,2808.032889,2806.012078775976
7.877896,56.129101,510.359965,2813.133806,2808.835679864501
7.887896,56.112562,510.896449,2818.240088,2820.282556022942
7.897896,56.096237,511.432652,2823.351734,2822.284855027322
7.907896,56.084375,511.968595,2828.46874,2829.1067790651578
7.917896,56.067878,512.504283,2833.591105,2832.1078104618223
7.927896,56.051046,513.039719,2838.718825,2837.1116312336894
7.937896,56.033981,513.574914,2843.851898,2845.273143184873
7.947896,56.01641,514.109893,2848.990322,2847.5205957824537
7.957896,55.998276,514.644683,2854.134096,2853.3173760578848
7.967896,55.97974,515.179314,2859.283216,2859.077161778167
7.977896,55.960736,515.713808,2864.437681,2864.7148034090023
7.987896,55.941449,516.248189,2869.597491,2869.8308776919457
7.997896,55.922093,516.782473,2874.762645,2874.505514438048
8.007896,55.906997,517.316692,2879.933141,2880.1792721946513
8.017896,55.887583,517.850851,2885.108978,2884.37433978042
8.027896,55.868057,518.384935,2890.290157,2889.336241618644
8.037896,55.848784,518.918929,2895.476677,2894.4095089717543
8.047896,55.829829,519.452821,2900.668536,2903.3569461080033
8.057896,55.811348,519.986598,2905.865733,2903.6470494473656
8.067896,55.79315,520.520245,2911.068267,2910.7990867342105
8.077896,55.775216,521.053742,2916.276137,2917.361747497432
8.087896,55.758917,521.58705,2921.489341,2921.437075986011
8.097896,55.743898,522.120117,2926.707877,2924.5315308719396
8.107896,55.733406,522.652937,2931.931743,2931.1698760251675
8.117896,55.718573,523.18552,2937.160935,2938.211726485694
8.127896,55.703131,523.717876,2942.395453,2943.929619507959
8.137896,55.686876,524.250009,2947.635292,2946.865850582291
8.147896,55.669734,524.781932,2952.880452,2952.2585361436722
8.157896,55.651853,525.313671,2958.13093,2957.89973960249
8.167896,55.633374,525.845256,2963.386725,2963.8949604760355
8.177896,55.614518,526.376713,2968.647835,2969.5804650952787
8.187896,55.595522,526.908062,2973.914259,2974.1653328532966
8.197896,55.576509,527.439316,2979.185996,2977.7969522249246
8.207896,55.561803,527.970506,2984.463045,2984.308766273128
8.217896,55.543247,528.501642,2989.745406,2989.360003800424
8.227896,55.524841,529.032713,2995.033077,2994.4224207714974
8.237896,55.506666,529.563704,3000.32606,2996.060583170546
8.247896,55.488671,530.094603,3005.624351,3009.416487313402
8.257896,55.470704,530.625399,3010.927951,3010.0358266269286
8.267896,55.45308,531.156081,3016.236859,3017.935029167614
8.277896,55.43564,531.686634,3021.551072,3020.8658688185296
8.287896,55.416334,532.217063,3026.870591,3027.046567306548
8.297896,55.391947,532.747511,3032.195414,3032.0724913485305
8.307896,55.372803,533.278096,3037.525542,3035.7147658891327
8.317896,55.350956,533.808799,3042.860976,3041.0462069818577
8.327896,55.330534,534.339521,3048.201718,3049.111754894558
8.337896,55.311628,534.870146,3053.547766,3052.8532127964777
8.347896,55.294152,535.400577,3058.89912,3060.308445257708
8.357896,55.277968,535.930734,3064.255777,3062.983906327983
8.367896,55.262759,536.460545,3069.617733,3069.0383320803517
8.377896,55.248394,536.989952,3074.984986,3075.0199875382636
8.387896,55.234688,537.518914,3080.357531,3079.3092666474636
8.397896,55.221335,538.047413,3085.735363,3086.2346306227514
8.407896,55.211982,538.575468,3091.118478,3095.0787447072717
8.417896,55.198381,539.103105,3096.506871,3094.6792243845744
8.427896,55.18377,539.63035,3101.900539,3100.1143816358062
8.437896,55.168213,540.157245,3107.299477,3105.986907411885
8.447896,55.151539,540.683848,3112.703683,3112.482921419948
8.457896,55.133691,541.210229,3118.113153,3119.469464313373
8.467896,55.11473,541.736454,3123.527887,3122.304162494804
8.477896,55.094749,542.262578,3128.947882,3130.762137171073
8.487896,55.073932,542.788646,3134.373138,3135.286893760258
8.497896,55.052617,543.314692,3139.803655,3140.3037282414034
8.507896,55.035318,543.840754,3145.239432,3144.787194158701
8.517896,55.014228,544.366842,3150.68047,3150.840506037979
8.527896,54.993602,544.892934,3156.126769,3156.086012629413
8.537896,54.975849,545.418978,3161.578328,3162.0448654824586
8.547896,54.961553,545.944855,3167.035148,3166.7251648798506
8.557896,54.947701,546.470457,3172.497225,3172.310088980389
8.567896,54.933945,546.99575,3177.964556,3178.383309350707
8.577896,54.920262,547.520757,3183.437139,3185.1761049720126
8.587896,54.906384,548.045505,3188.91497,3188.1602529656157
8.597896,54.892001,548.57001,3194.398048,3196.8602361588228
8.607896,54.880947,549.094299,3199.88637,3202.962153479653
8.617896,54.865604,549.618404,3205.379933,3206.175853685588
8.627896,54.849703,550.142347,3210.878737,3209.6515598722845
8.637896,54.833337,550.666154,3216.38278,3216.7634510487014
8.647896,54.816787,551.189846,3221.89206,3224.8993420516217
8.657896,54.800134,551.713439,3227.406576,3226.4320710425004
8.667896,54.783474,552.236946,3232.926328,3233.13433929653
8.677896,54.766921,552.760378,3238.451315,3238.7440312109607
8.687896,54.750271,553.283748,3243.981536,3245.075292287723
8.697896,54.733503,553.807058,3249.51699,3247.8364874430436
8.707896,54.720287,554.330321,3255.057677,3255.6110070475575
8.717896,54.703312,554.853524,3260.603596,3261.4395537476216
8.727896,54.686595,555.376641,3266.154747,3264.6182934170442
8.737896,54.670211,555.89965,3271.711128,3274.397968969487
8.747896,54.654507,556.422529,3277.272739,3278.5838417170175
8.757896,54.639435,556.945262,3282.839579,3283.144686882737
8.767896,54.624863,557.467832,3288.411644,3289.524041092883
8.777896,54.610538,557.990223,3293.988935,3294.415972738701
8.787896,54.595428,558.512424,3299.571448,3300.749862121511
8.797896,54.57669,559.03452,3305.159183,3303.9339974311674
8.807896,54.56204,559.556622,3310.752138,3311.3048762830413
8.817896,54.54427,560.078742,3316.350315,3317.253734363619
8.827896,54.526612,560.600804,3321.953713,3323.3653204762845
8.837896,54.509387,561.122726,3327.562331,3327.8010373303127
8.847896,54.492588,561.644464,3333.176167,3331.9271440289076
8.857896,54.476231,562.165995,3338.795219,3340.4690586910965
8.867896,54.460665,562.687289,3344.419486,3342.6604075016116
8.877896,54.445728,563.208309,3350.048964,3350.2749907032103
8.887896,54.431425,563.729026,3355.683651,3355.7246792753353
8.897896,54.417641,564.24943,3361.323544,3360.7961004296553
8.907896,54.407544,564.76954,3366.968639,3368.3192214495534
8.917896,54.393905,565.289374,3372.618933,3371.199451433983
8.927896,54.379784,565.80894,3378.274425,3379.0104985213593
8.937896,54.365036,566.328254,3383.935111,3383.8363008077154
8.947896,54.349413,566.847346,3389.60099,3389.3707563419753
8.957896,54.335061,567.366235,3395.272058,3395.3312523303343
8.967896,54.322141,567.884894,3400.948313,3403.5231806603592
8.977896,54.308386,568.403311,3406.629755,3406.9920959954725
8.987896,54.293513,568.92152,3412.316379,3413.352624589342
8.997896,54.277606,569.439584,3418.008185,3417.5664705217155
9.007896,54.264264,569.957573,3423.705171,3423.3418198872523
9.017896,54.247073,570.475521,3429.407336,3429.613391782733
9.027896,54.229526,570.993444,3435.114681,3434.2313952973996
9.037896,54.212052,571.511354,3440.827205,3442.314133524977
9.047896,54.194614,572.029261,3446.544908,3444.777247746851
9.057896,54.177367,572.547166,3452.26779,3451.0380085494257
9.067896,54.160418,573.065053,3457.995851,3457.1039816763628
9.077896,54.143941,573.582898,3463.729091,3466.4927466525432
9.087896,54.128101,574.100673,3469.467509,3468.6331986872124
9.097896,54.112733,574.618344,3475.211104,3475.140139153317
9.107896,54.101244,575.135895,3480.959875,3479.220285445461
9.117896,54.086959,575.65329,3486.713821,3488.904306166299
9.127896,54.073131,576.170491,3492.47294,3491.9193188512418
9.137896,54.059894,576.68747,3498.23723,3498.9828509309177
9.147896,54.046918,577.204211,3504.006689,3505.2444273320925
9.157896,54.034043,577.720709,3509.781314,3509.7429640088767
9.167896,54.019236,578.236983,3515.561102,3516.2836939707695
9.177896,54.003399,578.753077,3521.346053,3521.334978761396
9.187896,53.98754,579.269027,3527.136163,3529.4712661969206
9.197896,53.971828,579.784842,3532.931433,3529.658374668566
9.207896,53.959335,580.30053,3538.73186,3538.2402772719342
9.217896,53.943802,580.81609,3544.537443,3543.3325495119825
9.227896,53.928064,581.331511,3550.348181,3550.4516278018086
9.237896,53.912418,581.846787,3556.164073,3557.5574283365604
9.247896,53.896899,582.361914,3561.985116,3564.0479986371765
9.257896,53.881617,582.876892,3567.811311,3568.7876411797097
9.267896,53.86636,583.391719,3573.642654,3575.615602567292
9.277896,53.851165,583.906389,3579.479144,3577.7020795624103
9.287896,53.835901,584.420897,3585.320781,3584.524853754882
9.297896,53.820848,584.93524,3591.167562,3592.6674077790203
9.307896,53.808921,585.449431,3597.019485,3596.833437338116
9.317896,53.793946,585.963471,3602.87655,3602.9183811199673
9.327896,53.779152,586.47735,3608.738754,3607.033191024363
9.337896,53.763392,586.991056,3614.606096,3616.4426987063844
9.347896,53.746979,587.504584,3620.478575,3619.9194605457515
9.357896,53.730594,588.017935,3626.356187,3627.333453378914
9.367896,53.714229,588.531113,3632.238933,3631.5099208315974
9.377896,53.697879,589.044123,3638.126809,3638.244282380968
9.387896,53.681542,589.556965,3644.019815,3645.229752803287
9.397896,53.665522,590.069646,3649.917948,3649.8604590243767
9.407896,53.65247,590.582182,3655.821207,3655.6674469815407
9.417896,53.636434,591.094579,3661.729591,3663.760599814386
9.427896,53.620455,591.606827,3667.643098,3668.3991918853394
9.437896,53.604651,592.11892,3673.561727,3674.1206902861686
9.447896,53.588805,592.630858,3679.485476,3680.171947672998
9.457896,53.572993,593.142643,3685.414344,3684.6245694966888
9.467896,53.557276,593.654277,3691.348329,3694.622324397577
9.477896,53.541657,594.165755,3697.287429,3697.9545261002845
9.487896,53.526135,594.677076,3703.231643,3705.4353603915565
9.497896,53.51071,595.188239,3709.18097,3713.3708065887245
9.507896,53.498355,595.699255,3715.135407,3715.9630764548124
9.517896,53.48306,596.21012,3721.094954,3719.1960957541205
9.527896,53.46818,596.720821,3727.059609,3728.5936485874267
9.537896,53.45377,597.231348,3733.02937,3734.8464606020657
9.547896,53.439587,597.7417,3739.004236,3739.759661027688
9.557896,53.425342,598.251881,3744.984204,3746.051577579141
9.567896,53.410735,598.761898,3750.969273,3749.628796984422
9.577896,53.395614,599.271756,3756.959441,3757.9236605357437
9.587896,53.380224,599.781461,3762.954707,3762.038867534446
9.597896,53.364603,600.29102,3768.95507,3770.4415794720744
9.607896,53.351867,600.80045,3774.960527,3776.2593158291966
9.617896,53.33637,601.309754,3780.971078,3780.7791585431305
9.627896,53.32114,601.818926,3786.986722,3787.5916645683274
9.637896,53.30628,602.327962,3793.007457,3791.2831935475924
9.647896,53.291741,602.83686,3799.033281,3800.192382116486
9.657896,53.27742,603.34562,3805.064193,3802.878515921197
9.667896,53.263183,603.854242,3811.100193,3811.355530609048
9.677896,53.248769,604.362723,3817.141278,3820.1122237214436
9.687896,53.234343,604.871061,3823.187447,3823.5541655236407
9.697896,53.219939,605.37925,3829.238698,3829.722648519895
9.707896,53.211145,605.887264,3835.295031,3834.3754128271253
9.717896,53.200514,606.395052,3841.356443,3843.678538550701
9.727896,53.189387,606.90259,3847.422931,3847.439518241985
9.737896,53.177208,607.409891,3853.494494,3854.15295154674
9.747896,53.164061,607.91699,3859.571129,3858.9829649705553
9.757896,53.149903,608.423926,3865.652833,3863.4492195010585
9.767896,53.134954,608.930732,3871.739607,3873.3780987490377
9.777896,53.119523,609.437441,3877.831448,3879.030089533962
9.787896,53.103806,609.944078,3883.928356,3883.047732270347
9.797896,53.088201,610.450664,3890.030329,3889.0968243953225
9.807896,53.075519,610.957227,3896.137369,3897.1852598121145
9.817896,53.060424,611.46377,3902.249474,3903.6510188360044
9.827896,53.045615,611.970284,3908.366644,3908.4550361391503
9.837896,53.030971,612.476756,3914.488879,3916.1753988234354
9.847896,53.016674,612.983171,3920.616179,3919.7216361290775
9.857896,53.002625,613.48951,3926.748543,3927.7683136741925
9.867896,52.988846,613.995751,3932.885969,3932.2773647290765
9.877896,52.975629,614.501869,3939.028457,3941.3595812832177
9.887896,52.960198,615.007873,3945.176006,3943.379256829457
9.897896,52.939252,615.513907,3951.328615,3950.7616674744813
9.907896,52.922426,616.020086,3957.486285,3955.4408159964073
9.917896,52.90437,616.526389,3963.649017,3964.3972435809274
9.927896,52.88813,617.032713,3969.816812,3972.7644566048307
9.937896,52.873448,617.538935,3975.98967,3975.6354342360096
9.947896,52.860382,618.04495,3982.16759,3983.7461451691624
9.957896,52.848516,618.550672,3988.350569,3989.5410360761166
9.967896,52.837811,619.056034,3994.538603,3993.675292481538
9.977896,52.827974,619.560984,4000.731688,4002.382741579324
9.987896,52.818604,620.06549,4006.929821,4006.7148124903365
9.997896,52.80954,620.569545,4013.132996,4012.9443435615103
10.007896,52.80286,621.073177,4019.34121,4017.389906392794
10.017896,52.792806,621.576422,4025.554459,4026.04492962711
10.027896,52.781744,622.079325,4031.772738,4030.832528330984
10.037896,52.769547,622.581943,4037.996044,4040.043760298757
10.047896,52.755897,623.084347,4044.224376,4043.9331337302883
10.057896,52.741034,623.586612,4050.457731,4050.045860587524
10.067896,52.72508,624.088799,4056.696108,4054.648089306729
10.077896,52.714008,624.590876,4062.939506,4062.5278381160556
10.087896,52.704727,625.092738,4069.187924,4067.419714311642
10.097896,52.69419,625.594337,4075.44136,4076.095523076466
10.107896,52.684844,626.095747,4081.699811,4081.854261827894
10.117896,52.671301,626.597078,4087.963275,4086.904230757741
10.127896,52.656535,627.098402,4094.231752,4091.6508444609067
10.137896,52.640962,627.599753,4100.505243,4102.862022688565
10.147896,52.625113,628.101153,4106.783747,4106.924633077993
10.157896,52.609107,628.602626,4113.067266,4110.039362358526
10.167896,52.59335,629.104186,4119.3558,4121.3376152275
10.177896,52.578233,629.605827,4125.64935,4125.455150412942
10.187896,52.563708,630.10752,4131.947917,4132.562891649261
10.197896,52.550022,630.609223,4138.251501,4136.777914980007
10.207896,52.539829,631.110902,4144.560101,4142.919529061733
10.217896,52.527935,631.612511,4150.873718,4151.308026618184
10.227896,52.516906,632.113992,4157.192351,4155.322087078982
10.237896,52.506662,632.615296,4163.515998,4163.397751942359
10.247896,52.497127,633.116385,4169.844656,4170.907389769732
10.257896,52.488029,633.617224,4176.178325,4174.988754682358
10.267896,52.481676,634.117744,4182.517,4181.373378405263
10.277896,52.475242,634.617888,4188.860678,4188.680488572967
10.287896,52.468332,635.117668,4195.209356,4193.684045376701
10.297896,52.460274,635.617145,4201.563031,4198.614680308461
10.307896,52.453231,636.116405,4207.921699,4209.539122807385
10.317896,52.442387,636.615516,4214.285358,4214.330699966853
10.327896,52.430155,637.114533,4220.654008,4222.666578030293
10.337896,52.416699,637.613512,4227.027649,4227.474089678039
10.347896,52.402401,638.112513,4233.406279,4233.58404089694
10.357896,52.38738,638.611584,4239.789899,4239.8182211549765
10.367896,52.372133,639.110754,4246.178511,4244.212156385379
10.377896,52.357052,639.61003,4252.572115,4252.515986955581
10.387896,52.342441,640.109404,4258.970712,4258.73210941569
10.397896,52.32853,640.608852,4265.374303,4265.630793767456
10.407896,52.31785,641.108353,4271.782889,4273.060320824836
10.417896,52.305564,641.607863,4278.19647,4278.292791426228
10.427896,52.292194,642.107358,4284.615046,4285.931170895605
10.437896,52.279168,642.606839,4291.038617,4291.732895424923
10.447896,52.267345,643.106282,4297.467183,4298.562294774548
10.457896,52.256671,643.605628,4303.900742,4306.104847565685
10.467896,52.246948,644.104804,4310.339295,4311.023715523436
10.477896,52.225656,644.6037,4316.782837,4313.444652750815
10.487896,52.205014,645.102225,4323.231367,4325.084626918332
10.497896,52.184803,645.600335,4329.684881,4327.187369277249
10.507896,52.167149,646.098036,4336.143373,4338.726262423777
10.517896,52.146936,646.595339,4342.60684,4345.20705563714
10.527896,52.126481,647.092264,4349.075279,4350.926367781086
10.537896,52.105431,647.588835,4355.548684,4355.279771797952
10.547896,52.083597,648.085094,4362.027054,4360.699250507388
10.557896,52.06087,648.581086,4368.510385,4366.477600638399
10.567896,52.037242,649.076859,4374.998675,4374.370828084601
10.577896,52.012798,649.572456,4381.491922,4381.578158559625
10.587896,51.98771,650.067912,4387.990124,4387.861373489787
10.597896,51.9621,650.563255,4394.49328,4395.0809705463535
10.607896,51.938703,651.058513,4401.001389,4400.024552410826
10.617896,51.913023,651.553692,4407.51445,4405.926532693656
10.627896,51.887766,652.048781,4414.032462,4413.396216058335
10.637896,51.862999,652.543759,4420.555425,4419.848158077176
10.647896,51.838836,653.038601,4427.083337,4427.076316992845
10.657896,51.815335,653.533282,4433.616196,4433.883764919535
10.667896,51.792404,654.027771,4440.154002,4440.998573108157
10.677896,51.770218,654.522033,4446.696751,4446.619278804285
10.687896,51.748601,655.016039,4453.244442,4454.953304640327
10.697896,51.727456,655.509764,4459.797071,4460.443813681826
10.707896,51.708821,656.003199,4466.354636,4465.669671459615
10.717896,51.688132,656.496336,4472.917134,4473.767195089171
10.727896,51.667615,656.989163,4479.484562,4481.391165891409
10.737896,51.646917,657.481681,4486.056916,4485.4982400471945
10.747896,51.626112,657.973903,4492.634194,4495.193895138896
10.757896,51.604982,658.465849,4499.216393,4497.401653336937
10.767896,51.583449,658.957543,4505.80351,4506.397078560088
10.777896,51.561381,659.449007,4512.395543,4517.4700444958435
10.787896,51.538997,659.940266,4518.99249,4521.253133853335
10.797896,51.516248,660.43134,4525.594348,4524.989259645107
10.807896,51.495277,660.922258,4532.201116,4530.879571527492
10.817896,51.471989,661.413035,4538.812793,4536.717959488445
10.827896,51.448775,661.903671,4545.429376,4544.731445702834
10.837896,51.425552,662.394163,4552.050866,4550.936660712784
10.847896,51.402637,662.884506,4558.677259,4560.8527141386385
10.857896,51.379904,663.374695,4565.308555,4567.190194910161
10.867896,51.357629,663.864718,4571.944753,4573.508084276015
10.877896,51.335734,664.354557,4578.585849,4579.456859771702
10.887896,51.314123,664.844197,4585.231843,4585.458037920669
10.897896,51.292983,665.33362,4591.882732,4591.525235761505
10.907896,51.274218,665.822821,4598.538515,4599.136922857357
10.917896,51.25345,666.31179,4605.199188,4604.194411414938
10.927896,51.233091,666.800511,4611.86475,4613.533965207402
10.937896,51.212738,667.288974,4618.535197,4619.111130508815
10.947896,51.192526,667.77718,4625.210528,4625.9614403178675
10.957896,51.172162,668.265135,4631.89074,4636.043472333415
10.967896,51.151796,668.752849,4638.57583,4638.625942030455
10.977896,51.131161,669.24033,4645.265796,4646.99707848231
10.987896,51.110444,669.727591,4651.960636,4652.6819879060595
10.997896,51.08942,670.214643,4658.660347,4659.045379794376
11.007896,51.07037,670.70151,4665.364928,4666.498895742986
11.017896,51.048904,671.188201,4672.074377,4672.900777079164
11.027896,51.027447,671.67472,4678.788692,4681.755561530494
11.037896,51.00606,672.161072,4685.507871,4686.277235468452
11.047896,50.984593,672.647259,4692.231913,4691.931294361041
11.057896,50.962646,673.133281,4698.960815,4699.469407431915
11.067896,50.936521,673.6192,4705.694578,4707.610304696137
11.077896,50.910101,674.105075,4712.4332,4711.813085767829
11.087896,50.884962,674.590915,4719.17668,4717.051017627943
11.097896,50.860801,675.076683,4725.925018,4725.704045393659
11.107896,50.839628,675.562336,4732.678213,4733.251732960928
11.117896,50.817101,676.047803,4739.436264,4738.061955001064
11.127896,50.795429,676.533019,4746.199168,4746.659856094059
11.137896,50.774614,677.017923,4752.966923,4752.0688751237485
11.147896,50.754484,677.502466,4759.739525,4759.5066422834625
11.157896,50.735125,677.986612,4766.516971,4765.17651560514
11.167896,50.716508,678.470341,4773.299256,4774.219228147039
11.177896,50.698165,678.953651,4780.086376,4778.258766949501
11.187896,50.679833,679.436554,4786.878328,4791.25157486892
11.197896,50.661106,679.919078,4793.675106,4794.946764317267
11.207896,50.645293,680.401257,4800.476708,4800.172678289807
11.217896,50.632743,680.883055,4807.28313,4807.668990587424
11.227896,50.619822,681.364481,4814.094368,4814.89821601837
11.237896,50.604701,681.845589,4820.910419,4822.029020552139
11.247896,50.586005,682.326455,4827.731279,4828.974410137959
11.257896,50.563218,682.807156,4834.556948,4834.882209267051
11.267896,50.53679,683.287765,4841.387422,4843.057516926762
11.277896,50.508072,683.76834,4848.222703,4851.412800268749
11.287896,50.478509,684.248921,4855.06279,4854.701710290446
11.297896,50.44979,684.729529,4861.907682,4863.016944164531
11.307896,50.424925,685.210173,4868.75738,4871.511607799584
11.317896,50.400638,685.690829,4875.611885,4874.3248434114375
11.327896,50.378793,686.171454,4882.471196,4882.554766001455
11.337896,50.358638,686.651996,4889.335314,4889.419900107895
11.347896,50.33948,687.1324,4896.204236,4896.870589114761
11.357896,50.323308,687.612599,4903.077961,4903.150031026076
11.367896,50.308158,688.09252,4909.956487,4910.679971923624
11.377896,50.292099,688.572112,4916.83981,4916.240084825267
11.387896,50.274644,689.051345,4923.727928,4922.011537012
11.397896,50.255929,689.530211,4930.620836,4931.042082979388
11.407896,50.238389,690.008726,4937.518531,4937.660290645367
11.417896,50.218873,690.486904,4944.42101,4945.184466991978
11.427896,50.20019,690.96477,4951.328268,4950.667501192973
11.437896,50.18227,691.442356,4958.240304,4958.884284502304
11.447896,50.16483,691.919706,4965.157115,4968.220670879835
11.457896,50.147276,692.396864,4972.078698,4971.572273335844
11.467896,50.128923,692.873872,4979.005051,4979.771601465218
11.477896,50.109233,693.350769,4985.936175,4984.392027414716
11.487896,50.088007,693.827582,4992.872067,4992.825271410564
11.497896,50.065451,694.304332,4999.812726,4999.527131914138
11.507896,50.043843,694.781033,5006.758153,5004.937123061838
11.517896,50.020355,695.257684,5013.708347,5014.0269592455215
11.527896,49.997655,695.734267,5020.663306,5021.495587625514
11.537896,49.97618,696.210754,5027.623032,5025.600911020418
11.547896,49.956061,696.687118,5034.587521,5034.4696847551395
11.557896,49.937429,697.163329,5041.556774,5040.114348356739
11.567896,49.919853,697.639355,5048.530787,5050.312131776336
11.577896,49.902888,698.115167,5055.50956,5054.845891775146
11.587896,49.886108,698.590739,5062.49309,5065.898428067107
11.597896,49.869209,699.066052,5069.481374,5069.389493444249
11.607896,49.853688,699.541102,5076.47441,5078.370602825548
11.617896,49.836217,700.015887,5083.472195,5086.978586683929
11.627896,49.818641,700.490406,5090.474727,5091.672822843136
11.637896,49.801192,700.964666,5097.482002,5098.901229921018
11.647896,49.783815,701.438686,5104.494019,5101.220544523682
11.657896,49.766464,701.912488,5111.510775,5110.892633037816
11.667896,49.748889,702.386098,5118.532268,5120.386654571811
11.677896,49.730732,702.859535,5125.558497,5127.9997962335965
11.687896,49.709159,703.332844,5132.589459,5133.46390086836
11.697896,49.685311,703.806113,5139.625153,5137.722837890545
11.707896,49.663094,704.279409,5146.665581,5147.474643045692
11.717896,49.639258,704.752726,5153.710741,5154.8972058811305
11.727896,49.616119,705.226001,5160.760635,5161.519166635093
11.737896,49.593646,705.699169,5167.815261,5168.303285834173
11.747896,49.572313,706.172182,5174.874618,5174.393542999389
11.757896,49.552214,706.644992,5181.938704,5180.640642580533
11.767896,49.533331,707.117547,5189.007517,5190.627154024453
11.777896,49.515784,707.589796,5196.081054,5194.901165575883
11.787896,49.499094,708.061701,5203.159312,5203.0145989236025
11.797896,49.483079,708.533241,5210.242287,5211.684228671022
11.807896,49.468808,709.004416,5217.329976,5217.833939862943
11.817896,49.452418,709.475235,5224.422374,5222.247845162553
11.827896,49.435538,709.945711,5231.519479,5232.889147714993
11.837896,49.417975,710.415872,5238.621287,5237.140589428383
11.847896,49.39987,710.885754,5245.727796,5246.081492353215
11.857896,49.386735,711.355338,5252.839001,5253.983928938488
11.867896,49.376442,711.824553,5259.954901,5261.100666914994
11.877896,49.365803,712.293389,5267.075491,5268.5826427782795
11.887896,49.353573,712.761917,5274.200768,5273.489241002868
11.897896,49.339037,713.230241,5281.330729,5281.558676469768
11.907896,49.323067,713.698473,5288.465372,5288.594163795081
11.917896,49.302457,714.166699,5295.604698,5298.403193562522
11.927896,49.279611,714.634979,5302.748707,5302.679302740082
11.937896,49.255385,715.103358,5309.897398,5311.298658915723
11.947896,49.231015,715.571859,5317.050774,5317.885252757354
11.957896,49.207339,716.040482,5324.208836,5321.526711073346
11.967896,49.185352,716.509206,5331.371584,5330.28782861592
11.977896,49.165239,716.977988,5338.53902,5340.734368891654
11.987896,49.147241,717.446771,5345.711144,5344.147182585289
11.997896,49.128816,717.915486,5352.887955,5354.186614333516
12.007896,49.106448,718.384209,5360.069454,5359.651255999425
12.017896,49.084157,718.853028,5367.25564,5368.635518600611
12.027896,49.063506,719.321905,5374.446514,5376.232795682905
12.037896,49.044178,719.790684,5381.642077,5380.208043446204
12.047896,49.025893,720.259199,5388.842327,5389.331822082297
12.057896,49.008914,720.727334,5396.04726,5396.783435866244
12.067896,48.993616,721.195018,5403.256872,5401.689911257242
12.077896,48.979984,721.662197,5410.471159,5411.194491557975
12.087896,48.968046,722.128827,5417.690114,5416.7068602231975
12.097896,48.957387,722.59489,5424.913733,5424.552556463403
12.107896,48.948376,723.060411,5432.14201,5434.4709940504035
12.117896,48.936765,723.525443,5439.37494,5439.185978079674
12.127896,48.923499,723.990057,5446.612518,5449.257125903071
12.137896,48.907676,724.454336,5453.85474,5454.644357721805
12.147896,48.889137,724.918371,5461.101604,5460.752776367039
12.157896,48.867849,725.382254,5468.353107,5467.773784894866
12.167896,48.844824,725.846065,5475.609248,5476.631829526837
12.177896,48.824501,726.30982,5482.870028,5481.946466273258
12.187896,48.802873,726.773526,5490.135444,5489.7687663789475
12.197896,48.780443,727.237208,5497.405498,5498.858453669623
12.207896,48.759254,727.700902,5504.680189,5505.310024045346
12.217896,48.736699,728.164618,5511.959516,5513.383648088201
12.227896,48.714836,728.628348,5519.243481,5520.654205161746
12.237896,48.694045,729.092068,5526.532083,5524.713514994422
12.247896,48.674461,729.555742,5533.825322,5532.738982847698
12.257896,48.655885,730.019325,5541.123198,5541.298806840859
12.267896,48.63836,730.482766,5548.425708,5548.731908911903
12.277896,48.621773,730.946017,5555.732852,5557.049582581895
12.287896,48.606007,731.40903,5563.044627,5561.181067172513
12.297896,48.590946,731.871766,5570.361032,5569.537672434718
12.307896,48.577849,732.3342,5577.682062,5578.121392831837
12.317896,48.563509,732.796316,5585.007715,5585.99379176528
12.327896,48.549541,733.258106,5592.337987,5593.397315127273
12.337896,48.535483,733.719579,5599.672876,5601.971135149235
12.347896,48.521079,734.180756,5607.012378,5607.519760618427
12.357896,48.50609,734.641667,5614.35649,5612.984415432019
12.367896,48.490328,735.102346,5621.70521,5620.504996408458
12.377896,48.473689,735.562832,5629.058537,5628.129106412214
12.387896,48.456163,736.02316,5636.416467,5636.354504441552
12.397896,48.437863,736.483368,5643.778999,5644.121593220344
12.407896,48.420299,736.943489,5651.146134,5649.914331683545
12.417896,48.400929,737.403543,5658.517869,5657.569056844124
12.427896,48.381752,737.863536,5665.894204,5664.764725841442
12.437896,48.362798,738.323467,5673.275139,5675.464217702106
12.447896,48.344264,738.783327,5680.660673,5681.685035441166
12.457896,48.326283,739.243101,5688.050806,5687.012552050789
12.467896,48.308827,739.702766,5695.445535,5693.928244535967
12.477896,48.292031,740.162297,5702.84486,5704.176557262928
12.487896,48.278268,740.621637,5710.24878,5710.140518691072
12.497896,48.271142,741.080629,5717.657292,5720.555127591741
12.507896,48.26574,741.53917,5725.070391,5724.600018532125
12.509694,48.264392,741.621568,5726.403823,5724.839414354381
12.509916,48.264209,741.631776,5726.569054,5728.281115669048
12.510139,48.264049,741.641984,5726.734286,5724.800362278445
12.510585,48.263729,741.6624,5727.064756,5727.862875641861
12.510674,48.263665,741.666483,5727.130852,5728.970817043388
12.510763,48.263601,741.670566,5727.196947,5727.211662631289
12.510941,48.263472,741.678732,5727.329139,5725.479198733326
12.510977,48.263446,741.680365,5727.355578,5728.0332007435745
12.511013,42.643005,741.678875,5727.382016,5728.516720277794
12.511044,42.642839,741.677563,5727.405282,5725.10133841985
12.511075,42.642673,741.676251,5727.428548,5727.841341070294
12.511389,42.641016,741.663134,5727.661201,5726.7707738076815
12.511703,42.639358,741.650018,5727.89385,5727.809025833567
12.512016,42.637699,741.636902,5728.126496,5728.57484012708
12.515153,42.621047,741.505756,5730.452723,5730.475868372633
12.51829,42.604264,741.374642,5732.778538,5736.216107803892
12.521427,42.587323,741.243563,5735.103942,5732.39658026708
12.524564,42.570203,741.112519,5737.428936,5738.909680315605
12.530858,42.535231,740.849697,5742.09286,5740.152861027534
12.537152,42.49936,740.587046,5746.75513,5748.220215202819
12.543447,42.462545,740.324588,5751.415747,5750.996384471707
12.548375,42.433073,740.119252,5755.06345,5752.434347619383
12.553302,42.403066,739.914055,5758.710141,5758.613454970532
12.55823,42.372573,739.709006,5762.355821,5762.44119121729
12.563153,42.341692,739.504322,5765.9968,5766.766672598907
12.568076,42.310466,739.299802,5769.636771,5770.643708805915
12.572999,42.278973,739.095455,5773.275736,5773.943806897764
12.582999,42.21449,738.680908,5780.664617,5781.55639800492
12.592999,42.149846,738.26714,5788.049356,5786.32888424471
12.602999,42.08551,737.854171,5795.429962,5795.235427132606
12.612999,42.021799,737.442003,5802.806442,5802.0519494900245
12.617937,41.990631,737.238769,5806.447357,5805.211226230678
12.622875,41.959672,737.035722,5810.087269,5812.348601087369
12.627813,41.928822,736.832859,5813.726178,5812.7176213052535
12.637813,41.866712,736.422583,5821.092455,5821.746148219851
12.647813,41.802298,736.013105,5828.454634,5828.020562006321
12.657813,41.739819,735.60444,5835.812722,5838.146824045452
12.660298,41.724617,735.503001,5837.640651,5838.653997913189
12.662783,41.709553,735.401605,5839.468328,5838.133999108257
12.665268,41.694628,735.300251,5841.295753,5842.96418800478
12.675268,41.636004,734.892786,5848.646718,5849.830232725335
12.685268,41.579647,734.485871,5855.993611,5855.607020245007
12.687768,41.565907,734.384219,5857.829699,5858.0426535007055
12.690268,41.552301,734.282594,5859.665532,5860.209661334226
12.692768,41.538632,734.180995,5861.501112,5862.459592098336
12.694397,41.529763,734.114794,5862.697265,5861.974897934776
12.696026,41.520946,734.048604,5863.89331,5863.697953711972
12.697656,41.512137,733.982423,5865.089247,5864.107363423368
12.699286,41.503518,733.916199,5866.286037,5865.899193186447
12.700917,41.494994,733.849985,5867.482719,5867.000905159237
12.702548,41.486327,733.783781,5868.679294,5868.761463277747
12.706461,41.464988,733.624934,5871.550716,5871.698377412232
12.710375,41.4439,733.466157,5874.421517,5876.017940314718
12.714288,41.423038,733.307446,5877.291697,5875.8362021675175
12.718547,41.400564,733.134813,5880.414253,5877.7780265542215
12.722806,41.378294,732.962251,5883.536074,5882.759529814875
12.727064,41.35619,732.789757,5886.65716,5887.8306909224375
12.737064,41.304757,732.384973,5893.983033,5895.312999818536
12.747064,41.253602,731.980529,5901.30486,5903.638178112877
12.757064,41.202342,731.576423,5908.622645,5908.517424535
12.767064,41.150663,731.172671,5915.93639,5915.175819627408
12.777064,41.098318,730.769298,5923.2461,5924.263734664547
12.787064,41.045124,730.366344,5930.551777,5930.940247557147
12.797064,40.990962,729.963856,5937.853428,5934.475836908173
12.807064,40.935753,729.561883,5945.151056,5942.149326557081
12.817064,40.879507,729.160478,5952.444668,5953.021120565878
12.827064,40.822322,728.759688,5959.734268,5960.970714733266
12.837064,40.764372,728.359551,5967.019864,5964.700630320665
12.847064,40.7059,727.960093,5974.301461,5977.06869022975
12.857064,40.647202,727.561327,5981.579068,5982.211564512468
12.867064,40.58861,727.163254,5988.85269,5990.4958449555925
12.877064,40.530455,726.765862,5996.122335,5995.985131613873
12.887064,40.473037,726.369128,6003.388009,6003.7475606510325
12.897064,40.416585,725.973021,6010.64972,6013.173834996291
12.907064,40.361236,725.577504,6017.907472,6018.732825259703
12.917064,40.307029,725.182538,6025.161272,6023.732600151314
12.927064,40.253903,724.788082,6032.411124,6030.505210866926
12.937064,40.201717,724.394103,6039.657035,6040.194568942113
12.947064,40.150275,724.000569,6046.899008,6044.286554588144
12.957064,40.099345,723.607459,6054.137048,6054.885459966816
12.967064,40.048692,723.21476,6061.371158,6061.176029071483
12.977064,39.998091,722.822469,6068.601344,6066.548246901776
12.987064,39.947344,722.430591,6075.827609,6075.785418981641
12.997064,39.896289,722.03914,6083.049958,6083.182432100438
13.007064,39.844803,721.648136,6090.268394,6089.50831614084
13.017064,39.792804,721.257603,6097.482922,6097.612527897076
13.027064,39.740257,720.867568,6104.693547,6104.301226570601
13.037064,39.687169,720.478059,6111.900275,6112.01902039299
13.047064,39.633593,720.089098,6119.10311,6118.977735487774
13.057064,39.579622,719.700708,6126.302059,6124.9439082396
13.067064,39.525389,719.312903,6133.497126,6133.0188737542285
13.077064,39.470583,718.925694,6140.688319,6140.8130081035815
13.087064,39.414242,718.53909,6147.875642,6146.825327938704
13.097064,39.359733,718.153064,6155.059102,6153.816384981432
13.107064,39.305403,717.767584,6162.238705,6160.5556673980345
13.117064,39.251239,717.382632,6169.414456,6168.174275421461
13.127064,39.196552,716.998202,6176.586359,6177.185373058597
13.137064,39.143171,716.614266,6183.754421,6184.990123742511
13.147064,39.090505,716.230789,6190.918647,6191.626829782286
13.157064,39.037615,715.847769,6198.079041,6196.678425685352
13.167064,38.984352,715.465217,6205.235607,6204.398744534976
13.177064,38.930644,715.083143,6212.388348,6214.009916980805
13.187064,38.87642,714.701565,6219.537271,6219.842215003044
13.197064,38.821689,714.320504,6226.682381,6228.039660282063
13.207064,38.766528,713.93998,6233.823683,6233.421403908412
13.217064,38.711045,713.560012,6240.961182,6240.461283667349
13.227064,38.655375,713.180616,6248.094885,6248.7834878295025
13.237064,38.59966,712.801803,6255.224797,6255.878221269683
13.247064,38.544025,712.423579,6262.350923,6261.083081146955
13.257064,38.488576,712.045943,6269.47327,6270.5848657440965
13.267064,38.433406,711.668891,6276.591844,6277.03636563761
13.277064,38.378599,711.292415,6283.70665,6281.2422013491505
13.287064,38.324225,710.916501,6290.817694,6291.758468358041
13.297064,38.270342,710.541136,6297.924982,6298.490965809719
13.307064,38.216984,710.166302,6305.028519,6303.486622556703
13.317064,38.164161,709.791983,6312.12831,6312.526627904632
13.327064,38.111851,709.418162,6319.22436,6316.992277104478
13.337064,38.059998,709.044827,6326.316674,6324.242471891438
13.347064,38.008516,708.671965,6333.405258,6334.750956978976
13.357064,37.9573,708.29957,6340.490115,6341.792289899331
13.367064,37.906229,707.927637,6347.571251,6346.043516316553
13.377064,37.855185,707.556165,6354.64867,6353.635288767578
13.387064,37.804067,707.185159,6361.722376,6361.402002049437
13.397064,37.752795,706.814623,6368.792374,6370.64779708165
13.407064,37.701321,706.444566,6375.85867,6376.648287143898
13.417064,37.649626,706.074997,6382.921267,6384.657702235815
13.427064,37.597719,705.705927,6389.980171,6389.767209086018
13.437064,37.545637,705.337366,6397.035387,6395.646648064107
13.447064,37.493433,704.969322,6404.08692,6403.904741540138
13.457064,37.441198,704.601802,6411.134776,6412.846170577533
13.467064,37.389035,704.234809,6418.178958,6416.896589517373
13.477064,37.338506,703.868315,6425.219473,6423.588464374089
13.487064,37.288998,703.502273,6432.256326,6430.506934445156
13.497064,37.239707,703.136671,6439.289521,6440.56428240963
13.507064,37.19008,702.771541,6446.319061,6444.619776561194
13.517064,37.139757,702.406916,6453.344953,6452.324728094737
13.527064,37.088625,702.042795,6460.367201,6461.337975299098
13.537064,37.036739,701.679162,6467.38581,6463.537108157444
13.547064,36.984275,701.316031,6474.400786,6474.576354473663
13.557064,36.93156,700.953427,6481.412133,6479.144933639202
13.567064,36.879011,700.591359,6488.419856,6488.052104943164
13.577064,36.826985,700.229821,6495.423962,6496.357013100649
13.587064,36.775666,699.868806,6502.424455,6503.213145014607
13.597064,36.725049,699.508309,6509.42134,6507.9140040283855
13.607064,36.675002,699.148327,6516.414622,6516.6040484001705
13.617064,36.625323,698.788853,6523.404308,6523.503342155297
13.627064,36.576519,698.429875,6530.390401,6531.079315235299
13.637064,36.525242,698.071466,6537.372907,6536.934656652555
13.647064,36.471103,697.713779,6544.351833,6546.657665631898
13.657064,36.418221,697.356894,6551.327186,6550.026387026933
13.667064,36.366828,697.000753,6558.298973,6558.816484077755
13.677064,36.317107,696.645233,6565.267203,6564.758932207741
13.687064,36.269211,696.29023,6572.23188,6573.725191312733
13.697064,36.223295,695.935666,6579.193009,6577.635417369965
13.707064,36.17949,695.581474,6586.150594,6585.1231847425415
13.717064,36.137818,695.227576,6593.104639,6593.003611967725
13.727064,36.098093,694.873906,6600.055146,6600.928534969976
13.737064,36.059895,694.520419,6607.002118,6606.630370914837
13.747064,36.022609,694.167091,6613.945555,6615.4913175771535
13.757064,35.985498,693.813923,6620.88546,6622.698480880922
13.767064,35.946873,693.46094,6627.821835,6628.50486287316
13.777064,35.907178,693.108154,6634.75468,6632.88908404692
13.787064,35.876152,692.755429,6641.683998,6642.387751068754
13.797064,35.842798,692.402646,6648.609788,6650.603796891592
13.807064,35.805351,692.049866,6655.532051,6656.335745720219
13.817064,35.764398,691.697279,6662.450787,6663.8913073786725
13.827064,35.718875,691.345063,6669.365998,6667.26304434634
13.837064,35.66951,690.993332,6676.277689,6677.142394187303
13.847064,35.615493,690.642182,6683.185866,6680.995329581178
13.857064,35.557656,690.291735,6690.090535,6690.55857123041
13.867064,35.497105,689.942119,6696.991704,6695.800356453519
13.877064,35.435201,689.593424,6703.889381,6703.53046182845
13.887064,35.373302,689.245688,6710.783575,6710.26724312756
13.897064,35.3125,688.898908,6717.674297,6717.808899818868
13.907064,35.253635,688.553051,6724.561557,6726.544895986977
13.917064,35.197823,688.208051,6731.445361,6730.023720450672
13.927064,35.145146,687.863805,6738.32572,6741.907612361413
13.937064,35.09563,687.52019,6745.202639,6744.241356130207
13.947064,35.048892,687.177081,6752.076125,6751.266928454878
13.957064,35.00488,686.834368,6758.946182,6761.87475117203
13.967064,34.963445,686.491953,6765.812814,6765.851689304508
13.977064,34.924327,686.14975,6772.676022,6772.3551614334665
13.987064,34.887135,685.807692,6779.535809,6778.9016410634695
13.997064,34.851328,685.465735,6786.392176,6785.9911140685135
14.007064,34.816246,685.123858,6793.245124,6792.825231200747
14.017064,34.781152,684.782067,6800.094654,6802.112442669213
14.027064,34.745304,684.440389,6806.940766,6805.614638556498
14.037064,34.70802,684.098872,6813.783462,6815.148770953351
14.047064,34.668753,683.757579,6820.622744,6822.054988400094
14.057064,34.627175,683.416581,6827.458615,6826.827792069892
14.067064,34.583509,683.075963,6834.291077,6833.779370959407
14.077064,34.525902,682.735983,6841.120136,6841.802964907693
14.087064,34.466722,682.396936,6847.9458,6846.533455963264
14.097064,34.409467,682.058937,6854.768078,6854.315618743022
14.107064,34.355112,681.721917,6861.586981,6861.748213945754
14.117064,34.304007,681.385753,6868.402519,6865.703367680122
14.127064,34.256065,681.050342,6875.214699,6875.484953580963
14.137064,34.21109,680.715597,6882.023529,6880.274549545029
14.147064,34.168946,680.381405,6888.829013,6889.109290401453
14.157064,34.129544,680.047628,6895.631158,6895.101452009733
14.167064,34.092796,679.714128,6902.429966,6900.845117030094
14.177064,34.058581,679.380791,6909.225441,6909.020815766367
14.187064,34.026699,679.04753,6916.017583,6917.6924674296215
14.197064,33.996825,678.714283,6922.806392,6919.97724169945
14.207064,33.968708,678.381009,6929.591868,6930.374578358578
14.217064,33.941685,678.047691,6936.374012,6935.486487994136
14.227064,33.918007,677.714298,6943.152822,6943.407806643267
14.237064,33.894321,677.380814,6949.928297,6949.917102598798
14.247064,33.868316,677.047289,6956.700438,6956.069257796937
14.257064,33.838487,676.71384,6963.469243,6963.652862567871
14.267064,33.803832,676.380602,6970.234715,6969.4324185637615
14.277064,33.764002,676.0477,6976.996856,6976.049668830329
14.287064,33.719266,675.715252,6983.755671,6983.7530439455295
14.297064,33.670414,675.383369,6990.511163,6992.584696476471
14.307064,33.618621,675.05215,6997.26334,6998.196010474722
14.317064,33.565264,674.72167,7004.012209,7003.195088937327
14.327064,33.511698,674.391978,7010.757776,7011.260192724102
14.337064,33.45907,674.063093,7017.500051,7019.72708185839
14.347064,33.408209,673.735005,7024.239041,7022.0724543656515
14.357064,33.3596,673.407679,7030.974754,7029.843529656467
14.367064,33.313431,673.081057,7037.707197,7037.14467627996
14.377064,33.269685,672.755064,7044.436377,7046.279012291329
14.387064,33.228243,672.429612,7051.1623,7055.438834629414
14.397064,33.188965,672.104607,7057.88497,7058.256284554468
14.407064,33.151736,671.779958,7064.604393,7064.953879227725
14.417064,33.116471,671.455575,7071.32057,7071.5193427291015
14.427064,33.083075,671.131384,7078.033505,7076.61122244706
14.437064,33.051389,670.807324,7084.743199,7083.492698137023
14.447064,33.021136,670.483352,7091.449652,7092.484807063107
14.457064,32.991886,670.159445,7098.152866,7098.831591926624
14.467064,32.963061,669.835602,7104.852841,7104.947198959752
14.477064,32.933978,669.51184,7111.549578,7114.743459579365
14.487064,32.903921,669.188196,7118.243078,7118.762559325124
14.497064,32.87221,668.864718,7124.933343,7126.348469152847
14.507064,32.838462,668.541467,7131.620374,7135.3721976067145
14.517064,32.802556,668.21851,7138.304173,7139.004290583725
14.527064,32.764141,667.895911,7144.984745,7147.08210930779
14.537064,32.723347,667.573737,7151.662093,7151.119587462863
14.547064,32.680536,667.252047,7158.336221,7157.002817391317
14.557064,32.636247,666.930891,7165.007135,7162.813556189541
14.567064,32.591223,666.610305,7171.674841,7173.467881054118
14.577064,32.547001,666.290306,7178.339343,7175.683647899441
14.587064,32.504318,665.970869,7185.000649,7183.889337477632
14.597064,32.463975,665.651935,7191.658763,7194.546426038897
14.607064,32.424205,665.33345,7198.313689,7201.168965410348
14.617064,32.385105,665.015393,7204.965433,7204.216829236915
14.627064,32.346747,664.697753,7211.613998,7209.975576876043
14.637064,32.309181,664.380513,7218.259389,7216.3012681415485
14.647064,32.272426,664.063646,7224.90161,7224.447916430368
14.657064,32.236442,663.747121,7231.540663,7231.536429024666
14.667064,32.201147,663.430915,7238.176553,7238.353493605385
14.677064,32.166438,663.11501,7244.809283,7242.849295911956
14.687064,32.132195,662.799392,7251.438855,7251.011855524303
14.697064,32.098289,662.484052,7258.065272,7257.458004847295
14.707064,32.064574,662.168982,7264.688537,7265.217822595258
14.717064,32.030899,661.854181,7271.308652,7271.083436114018
14.727064,31.997115,661.539656,7277.925621,7279.566070370389
14.737064,31.96308,661.225413,7284.539446,7284.973885280611
14.747064,31.928675,660.911467,7291.15013,7291.062773795749
14.757064,31.893713,660.597832,7297.757677,7297.970721597706
14.767064,31.858088,660.284528,7304.362088,7306.680519792829
14.777064,31.817497,659.97165,7310.963369,7310.325361659652
14.787064,31.775743,659.659303,7317.561523,7318.029340313585
14.797064,31.735378,659.347534,7324.156557,7328.179657563847
14.807064,31.696454,659.036327,7330.748475,7330.157271596491
14.817064,31.658839,658.72564,7337.337285,7339.669669290441
14.827064,31.622328,658.41542,7343.92299,7344.285296583545
14.837064,31.586752,658.105619,7350.505595,7350.109797635593
14.847064,31.552043,657.79619,7357.085103,7357.095370090008
14.857064,31.51825,657.487086,7363.661519,7363.624846575103
14.867064,31.485497,657.178259,7370.234846,7372.303170258175
14.877064,31.453918,656.869664,7376.805085,7378.1269463717435
14.887064,31.423576,656.561265,7383.37224,7387.157148634883
14.897064,31.394407,656.253037,7389.936311,7389.6236553667495
14.907064,31.366187,655.944965,7396.497301,7393.808463517949
14.917064,31.338538,655.637048,7403.055211,7399.553465093599
14.927064,31.310967,655.329291,7409.610043,7412.714554385569
14.937064,31.282932,655.021713,7416.161798,7415.298085196287
14.947064,31.253922,654.714338,7422.710478,7423.023696966424
14.957064,31.22353,654.407198,7429.256085,7430.499953742889
14.967064,31.191519,654.100331,7435.798623,7436.6440329078
14.977064,31.157839,653.793775,7442.338093,7444.454184592163
14.987064,31.122629,653.487567,7448.874499,7449.69105297386
14.997064,31.08618,653.181741,7455.407846,7455.756769288455
15.007064,31.048877,652.876329,7461.938136,7460.83116557611
15.017064,31.011138,652.571352,7468.465374,7468.976916006711
15.027064,30.973361,652.266828,7474.989564,7475.715506644131
15.037064,30.935875,651.962763,7481.510712,7482.464118518418
15.047064,30.898919,651.659156,7488.028821,7488.508075017125
15.057064,30.86264,651.355999,7494.543896,7496.326791267881
15.067064,30.827106,651.053276,7501.055942,7501.467706458824
15.077064,30.792339,650.750966,7507.564963,7509.430742106119
15.087064,30.758335,650.449043,7514.070963,7512.966643259303
15.097064,30.725085,650.147478,7520.573945,7519.835888583859
15.107064,30.692586,649.846243,7527.073914,7527.082624795202
15.117064,30.661214,649.545306,7533.570871,7533.300945211761
15.127064,30.630825,649.244638,7540.064821,7538.906957443069
15.137064,30.604256,648.944153,7546.555764,7546.911848030729
15.147064,30.580078,648.643751,7553.043704,7553.225369925951
15.157064,30.556416,648.343387,7559.52864,7559.783283001495
15.167064,30.532517,648.04309,7566.010572,7567.759327795135
15.177064,30.507629,647.742912,7572.489502,7570.285725437631
15.187064,30.481102,647.4429,7578.965431,7580.278203980723
15.197064,30.452403,647.143092,7585.43836,7583.991986991027
15.207064,30.420837,646.843541,7591.908293,7590.708532479257
15.217064,30.388076,646.544285,7598.375232,7601.028637100356
15.227064,30.358294,646.245292,7604.83918,7602.979434801123
15.237064,30.325946,645.946522,7611.300139,7612.780097086908
15.247064,30.291044,645.648017,7617.758111,7618.000547014974
15.257064,30.253834,645.349866,7624.2131,7624.288871162714
15.267064,30.214789,645.052148,7630.66511,7630.914492076703
15.277064,30.174477,644.754905,7637.114145,7635.884705107674
15.287064,30.133439,644.458161,7643.56021,7643.248572908513
15.297064,30.092138,644.161946,7650.00331,7650.485260567953
15.307064,30.050976,643.866281,7656.443451,7657.387355569654
15.317064,30.010303,643.57117,7662.880637,7663.362877818281
15.327064,29.970399,643.276599,7669.314876,7671.366185345218
15.337064,29.931481,642.982539,7675.746171,7675.378521130031
15.347064,29.893712,642.688959,7682.174528,7684.148671917399
15.357064,29.857232,642.395819,7688.599952,7685.806022270071
15.367064,29.822157,642.103072,7695.022446,7695.56564917942
15.377064,29.789086,641.810667,7701.442014,7701.5921041277425
15.387064,29.758017,641.518556,7707.85866,7707.559828025278
15.397064,29.721999,641.226806,7714.272387,7711.204686890001
15.407064,29.687398,640.935503,7720.683198,7718.95581056586
15.417064,29.654656,640.644642,7727.091098,7728.233404236872
15.427064,29.623829,640.354133,7733.496092,7736.888479547145
15.437064,29.594844,640.063884,7739.898182,7738.457552830999
15.447064,29.567548,639.773836,7746.29737,7745.240766548213
15.457064,29.541765,639.483949,7752.693659,7751.441240422318
15.467064,29.517287,639.194189,7759.08705,7762.90722336023
15.477064,29.493839,638.904525,7765.477543,7764.803084320102
15.487064,29.471074,638.614936,7771.86514,7774.089454598493
15.497064,29.448577,638.325413,7778.249842,7779.169832701307
15.507064,29.425893,638.035963,7784.631649,7782.679088412731
15.517064,29.402567,637.746605,7791.010562,7790.184437204162
15.527064,29.37818,637.457369,7797.386582,7798.274996692567
15.537064,29.352395,637.168292,7803.75971,7802.834003626322
15.547064,29.324763,636.879419,7810.129948,7809.213040647039
15.557064,29.294399,636.590802,7816.497299,7819.109369790548
15.567064,29.262515,636.302489,7822.861765,7823.377016814069
15.577064,29.22978,636.014513,7829.22335,7829.309185704004
15.587064,29.195635,635.726906,7835.582057,7836.306734456186
15.597064,29.160351,635.4397,7841.937889,7842.142411408288
15.607064,29.124261,635.152923,7848.290852,7847.823918456858
15.617064,29.087732,634.866599,7854.640949,7856.113241382526
15.627064,29.051126,634.580739,7860.988186,7863.909847316208
15.637064,29.014782,634.295344,7867.332566,7867.2234934504695
15.647064,28.978986,634.010407,7873.674094,7871.355824130219
15.657064,28.943966,633.725912,7880.012775,7880.584824264239
15.667064,28.909889,633.441835,7886.348613,7884.189082275832
15.677064,28.87687,633.15815,7892.681613,7893.970048532065
15.687064,28.844968,632.874823,7899.011778,7896.887393118041
15.697064,28.814269,632.591822,7905.33911,7904.114367214436
15.707064,28.784913,632.30911,7911.663615,7915.164952469298
15.717064,28.756535,632.026654,7917.985294,7920.591013102722
15.727064,28.728975,631.744436,7924.304149,7924.050004221057
15.737064,28.702596,631.462436,7930.620183,7930.202095793008
15.747064,28.677107,631.180637,7936.933398,7938.952378127325
15.757064,28.652142,630.899023,7943.243796,7940.726825830028
15.767064,28.62731,630.617583,7949.551379,7951.493495825204
15.777064,28.602249,630.336316,7955.856149,7954.842973991351
15.787064,28.576652,630.055225,7962.158106,7963.5482173985965
15.797064,28.550274,629.77432,7968.457254,7968.725660321303
15.807064,28.522893,629.49362,7974.753593,7974.89061760588
15.817064,28.493555,629.21316,7981.047127,7981.022050315005
15.827064,28.463515,628.932975,7987.337857,7989.008231398947
15.837064,28.432956,628.653088,7993.625788,7992.723476551892
15.847064,28.402063,628.373516,7999.91092,7999.22496802378
15.857064,28.370993,628.09427,8006.193259,8009.078741089941
15.867064,28.339865,627.815362,8012.472807,8011.512243179155
15.877064,28.308759,627.5368,8018.749567,8019.426879913702
15.887064,28.277729,627.25859,8025.023544,8025.123688485273
15.897064,28.246814,626.980732,8031.29474,8031.422359778291
15.907064,28.216054,626.703223,8037.56316,8037.832594509294
15.917064,28.185498,626.426056,8043.828806,8043.895629372992
15.927064,28.155213,626.149223,8050.091682,8048.174476420695
15.937064,28.125281,625.872711,8056.351791,8054.217170324085
15.947064,28.095794,625.596507,8062.609137,8062.84551056291
15.957064,28.066836,625.320596,8068.863723,8070.421873214456
15.967064,28.038471,625.044965,8075.11555,8074.921694816668
15.977064,28.010724,624.769598,8081.364623,8081.037066473586
15.987064,27.983576,624.494483,8087.610943,8089.076900091383
15.997064,27.956958,624.219609,8093.854513,8097.404402481494
16.007064,27.930758,623.944967,8100.095336,8101.708121793261
16.017064,27.90483,623.67055,8106.333413,8106.0166308676135
16.027064,27.879009,623.396356,8112.568748,8113.076746895991
16.037064,27.853134,623.122383,8118.801341,8121.30446211708
16.047064,27.82706,622.848635,8125.031196,8124.495584279256
16.057064,27.800672,622.575115,8131.258315,8132.838924625563
16.067064,27.774045,622.301831,8137.482699,8136.566765658393
16.077064,27.74747,622.028787,8143.704352,8145.618461503037
16.087064,27.720838,621.755978,8149.923276,8151.015859980073
16.097064,27.699939,621.483314,8156.139472,8156.635580638616
16.107064,27.679043,621.210713,8162.352942,8159.695951188891
16.117064,27.657547,620.938173,8168.563687,8166.205660805063
16.127064,27.634818,620.665756,8174.771706,8174.867261836253
16.137064,27.611016,620.393528,8180.977002,8180.367299936972
16.147064,27.58522,620.121532,8187.179577,8186.876477090422
16.157064,27.556825,619.849816,8193.379434,8193.488954744804
16.167064,27.526226,619.578437,8199.576575,8199.152143914074
16.177064,27.493701,619.307448,8205.771004,8204.556484041832
16.187064,27.459619,619.036882,8211.962725,8211.598504054165
16.197064,27.424523,618.766757,8218.151743,8218.961839278623
16.207064,27.38904,618.497084,8224.338062,8223.770408618184
16.217064,27.353803,618.227864,8230.521686,8229.936779218217
16.227064,27.319388,617.959091,8236.702621,8237.743092333088
16.237064,27.286264,617.690746,8242.880869,8240.26508579941
16.247064,27.254744,617.422803,8249.056437,8249.782870791762
16.257064,27.224982,617.155229,8255.229327,8255.45553539406
16.267064,27.196997,616.887989,8261.399542,8260.823358755057
16.277064,27.170815,616.621046,8267.567087,8268.69430055938
16.287064,27.142467,616.354423,8273.731965,8273.862293818762
16.297064,27.115702,616.088149,8279.894177,8279.445775783246
16.307064,27.090232,615.822203,8286.053729,8286.841686417476
16.317064,27.065807,615.556522,8292.210622,8293.820719604575
16.327064,27.042221,615.291043,8298.36486,8300.014054348763
16.337064,27.019341,615.025725,8304.516443,8305.343452031135
16.347064,26.997128,614.760538,8310.665375,8310.288485208062
16.357064,26.975598,614.495457,8316.811655,8317.489402103787
16.367064,26.954765,614.230461,8322.955284,8323.074642049878
16.377064,26.934587,613.965535,8329.096264,8328.336138702816
16.387064,26.914926,613.700674,8335.234595,8334.875817502232
16.397064,26.895541,613.435885,8341.370278,8339.721315142408
16.407064,26.876098,613.171182,8347.503313,8348.582361245715
16.417064,26.856217,612.906586,8353.633702,8352.883451356749
16.427064,26.835603,612.642125,8359.761445,8359.25754599201
16.437064,26.81371,612.37783,8365.886545,8365.760470635541
16.447064,26.793981,612.113688,8372.009002,8373.398952387326
16.457064,26.7731,611.849678,8378.128819,8378.064426206565
16.467064,26.750062,611.585817,8384.245996,8382.030477995477
16.477064,26.724742,611.322159,8390.360536,8390.143163360002
16.487064,26.69726,611.058767,8396.472441,8396.77215090177
16.497064,26.667944,610.795686,8402.581712,8401.746415595579
16.507064,26.637217,610.532951,8408.688355,8409.072334215329
16.517064,26.605535,610.27059,8414.792373,8417.306305140813
16.527064,26.573359,610.008629,8420.893768,8421.202668750379
16.537064,26.541116,609.747086,8426.992547,8428.041409877116
16.547064,26.50917,609.48597,8433.088711,8432.979932077325
16.557064,26.477802,609.225279,8439.182267,8440.170744717609
16.567064,26.447208,608.965002,8445.273218,8446.462822134368
16.577064,26.417511,608.70512,8451.361569,8449.76124850938
16.587064,26.38877,608.44561,8457.447322,8457.774495185122
16.597064,26.361033,608.186442,8463.530482,8465.229511062484
16.607064,26.33391,607.927597,8469.611052,8468.362696617172
16.617064,26.30602,607.669086,8475.689035,8477.860094109863
16.627064,26.279391,607.410904,8481.764435,8482.830121813731
16.637064,26.254033,607.153018,8487.837254,8489.064672339106
16.647064,26.22995,606.895379,8493.907496,8495.401668415783
16.657064,26.207144,606.637939,8499.975162,8503.67707149277
16.667064,26.185601,606.380657,8506.040255,8504.669819546694
16.677064,26.165271,606.123496,8512.102775,8510.033974804855
16.687064,26.146054,605.866428,8518.162725,8519.135795240816
16.697064,26.127773,605.60943,8524.220104,8524.772840849793
16.707064,26.110163,605.352492,8530.274914,8531.356066111302
16.717064,26.092904,605.09561,8536.327154,8535.142377480775
16.727064,26.075769,604.838786,8542.376826,8542.039655263865
16.737064,26.058228,604.582035,8548.42393,8548.783125514818
16.747064,26.04012,604.325372,8554.468467,8555.437777675977
16.757064,26.02103,604.068822,8560.510438,8560.48663234425
16.767064,26.000588,603.812412,8566.549844,8568.8201463346
16.777064,25.978626,603.556178,8572.586687,8572.720531953571
16.787064,25.955097,603.300153,8578.620968,8580.169076912754
16.797064,25.930073,603.044374,8584.652691,8586.652376196664
16.807064,25.903733,602.788872,8590.681857,8592.904931942954
16.817064,25.876335,602.533676,8596.708469,8598.009687577893
16.827064,25.848189,602.278811,8602.732531,8600.729619359141
16.837064,25.819621,602.024294,8608.754047,8608.53557944231
16.847064,25.790947,601.770137,8614.773019,8615.23763977062
16.857064,25.762447,601.516345,8620.789451,8620.508450442778
16.867064,25.734352,601.262916,8626.803347,8623.583978249479
16.877064,25.70684,601.009841,8632.81471,8633.060797054823
16.887064,25.680039,600.757108,8638.823545,8640.394827821136
16.897064,25.654032,600.504697,8644.829853,8643.237066852214
16.907064,25.628864,600.252586,8650.83364,8648.06398106392
16.917064,25.604559,600.00075,8656.834906,8658.621766737626
16.927064,25.581118,599.749162,8662.833655,8662.893842745469
16.937064,25.558531,599.497796,8668.82989,8671.021429520277
16.947064,25.536768,599.246627,8674.823612,8672.729669480044
16.957064,25.515784,598.995631,8680.814823,8681.456258451675
16.967064,25.495508,598.744789,8686.803525,8686.970930896912
16.977064,25.47584,598.494084,8692.789719,8694.88696707198
16.987064,25.456649,598.243504,8698.773407,8696.659143792502
16.997064,25.437774,597.993043,8704.75459,8702.25676382622
17.007064,25.41903,597.742699,8710.733269,8710.77685164109
17.017064,25.400216,597.492475,8716.709444,8717.578058984513
17.027064,25.381133,597.242379,8722.683118,8723.652954730482
17.037064,25.361597,596.992422,8728.654292,8726.736754314987
17.047064,25.342571,596.742614,8734.622967,8735.203970840812
17.057064,25.323966,596.492963,8740.589145,8740.796745847025
17.067064,25.304555,596.243479,8746.552827,8747.007031848154
17.077064,25.284325,595.994181,8752.514015,8751.109404060948
17.087064,25.263314,595.745089,8758.472711,8758.023344786883
17.097064,25.241607,595.496225,8764.428918,8763.932419684863
17.107064,25.219326,595.247601,8770.382637,8770.084095723556
17.117064,25.196618,594.999231,8776.333871,8775.014223317901
17.127064,25.173641,594.751124,8782.282622,8780.728221553647
17.137064,25.150558,594.503288,8788.228894,8787.20247831157
17.147064,25.127518,594.255725,8794.172689,8792.643674808754
17.157064,25.104657,594.008436,8800.114009,8799.432319302445
17.167064,25.082014,593.761414,8806.052859,8806.504670156583
17.177064,25.059403,593.514656,8811.989239,8812.69589795588
17.187064,25.037242,593.268152,8817.923152,8817.150494973117
17.197064,25.015398,593.021894,8823.854603,8821.624985130142
17.207064,24.993988,592.775872,8829.783591,8829.614696171378
17.217064,24.973154,592.530073,8835.710121,8834.997783192413
17.227064,24.952904,592.284482,8841.634193,8843.483930959666
17.237064,24.933252,592.039081,8847.555811,8849.746160101335
17.247064,24.914494,591.793853,8853.474976,8851.707340764193
17.257064,24.896322,591.548782,8859.391689,8857.879956525658
17.267064,24.881027,591.30382,8865.305951,8865.249010483998
17.277064,24.868611,591.05889,8871.217765,8869.919071876797
17.287064,24.856252,590.813947,8877.127129,8874.468207189526
17.297064,24.843516,590.568999,8883.034044,8883.857545589866
17.307064,24.829996,590.324077,8888.938509,8889.107193694208
17.317064,24.815346,590.079216,8894.840526,8895.282899561447
17.327064,24.799288,589.834448,8900.740094,8897.647315217957
17.337064,24.781628,589.589805,8906.637215,8909.470621769873
17.347064,24.762268,589.345323,8912.531891,8913.419251066334
17.357064,24.741225,589.101038,8918.424122,8920.862571745136
17.367064,24.718621,588.856987,8924.313912,8923.542721770005
17.377064,24.694683,588.613201,8930.201263,8930.536631096742
17.387064,24.669698,588.369708,8936.086177,8938.181093511923
17.397064,24.643991,588.126531,8941.968658,8944.196718865685
17.407064,24.617909,587.883685,8947.848709,8946.397337136035
17.417064,24.591783,587.641179,8953.726333,8955.087568939454
17.427064,24.565915,587.399014,8959.601534,8958.930229077618
17.437064,24.540559,587.157186,8965.474314,8964.857330145844
17.447064,24.515913,586.915684,8971.344678,8970.46661507264
17.457064,24.492123,586.674491,8977.212629,8974.925191998112
17.467064,24.469285,586.433586,8983.078169,8982.883834701119
17.477064,24.447449,586.192945,8988.941302,8987.097737737715
17.487064,24.426629,585.952539,8994.802029,8993.931390530564
17.497064,24.406814,585.712342,9000.660353,8997.084106165148
17.507064,24.387969,585.472326,9006.516276,9008.761801478888
17.517064,24.370039,585.232465,9012.3698,9011.48192089711
17.527064,24.352946,584.992734,9018.220926,9016.72469726519
17.537064,24.336602,584.753113,9024.069655,9024.670428496513
17.547064,24.320874,584.513585,9029.915989,9031.23695076156
17.557064,24.305612,584.274139,9035.759927,9035.452001685842
17.567064,24.290645,584.034767,9041.601472,9042.719323899866
17.577064,24.275782,583.795469,9047.440623,9047.364396560788
17.587064,24.260825,583.556246,9053.277381,9052.505672178775
17.597064,24.245572,583.317108,9059.111748,9058.728794072586
17.607064,24.229835,583.078065,9064.943724,9066.767289637173
17.617064,24.21345,582.839133,9070.77331,9071.640903063862
17.627064,24.196289,582.60033,9076.600507,9075.490583365792
17.637064,24.178266,582.361675,9082.425317,9080.720415541522
17.647064,24.159348,582.123188,9088.247741,9087.884284603948
17.657064,24.13955,581.884891,9094.067781,9096.55417278514
17.667064,24.11894,581.646802,9099.885439,9099.817360533854
17.677064,24.097866,581.408938,9105.700718,9102.828231300593
17.687064,24.076506,581.171311,9111.513619,9114.779269219038
17.697064,24.054693,580.933934,9117.324145,9120.014782547376
17.707064,24.028978,580.696858,9123.132299,9125.851965336558
17.717064,24.002234,580.460151,9128.938083,9128.083119185392
17.727064,23.97628,580.223841,9134.741503,9137.470044749016
17.737064,23.951419,579.987906,9140.542561,9140.551142169854
17.747064,23.927837,579.752305,9146.341262,9145.690692341897
17.757064,23.905629,579.517007,9152.137609,9150.285655826012
17.767064,23.884844,579.281983,9157.931603,9156.488397792824
17.777064,23.865501,579.047199,9163.723249,9164.31497256203
17.787064,23.847593,578.812615,9169.512548,9170.397678985562
17.797064,23.831068,578.578188,9175.299502,9174.198389914036
17.807064,23.815842,578.34388,9181.084112,9181.715050843906
17.817064,23.8018,578.109661,9186.86638,9188.060401921617
17.827064,23.7888,577.875501,9192.646306,9189.923806524821
17.837064,23.776666,577.641378,9198.42389,9199.176586809626
17.847064,23.765187,577.407276,9204.199133,9203.120634720308
17.857064,23.754121,577.173184,9209.972036,9209.685589613837
17.867064,23.743194,576.9391,9215.742597,9216.36149370046
17.877064,23.73212,576.705028,9221.510818,9221.051497134556
17.887064,23.720619,576.470979,9227.276698,9226.82115422466
17.897064,23.708413,576.236971,9233.040237,9234.674371433368
17.907064,23.695263,576.003024,9238.801437,9240.096462911666
17.917064,23.680977,575.769163,9244.560298,9245.040607014365
17.927064,23.665426,575.535417,9250.316821,9250.539445522378
17.937064,23.64855,575.301814,9256.071007,9255.130174266045
17.947064,23.630364,575.068384,9261.822858,9263.577801933334
17.957064,23.610952,574.835156,9267.572375,9269.799848017554
17.967064,23.590458,574.602154,9273.319562,9274.798777930086
17.977064,23.569077,574.369402,9279.064419,9279.292281402984
17.987064,23.547037,574.136917,9284.80695,9284.209077436239
17.997064,23.524586,573.904713,9290.547158,9290.118449696121
18.007064,23.501971,573.6728,9296.285046,9293.838574219179
18.017064,23.479432,573.441179,9302.020615,9301.780147152085
18.027064,23.457184,573.20985,9307.75387,9309.04622567104
18.037064,23.435412,572.978804,9313.484813,9313.99950758116
18.047064,23.414269,572.748032,9319.213447,9321.83400816183
18.057064,23.393818,572.517517,9324.939775,9323.603254720301
18.067064,23.374144,572.287241,9330.663798,9329.945789886622
18.077064,23.355395,572.057184,9336.38552,9337.321850396249
18.087064,23.339367,571.827302,9342.104943,9341.425681958954
18.097064,23.325338,571.597534,9347.822067,9349.262982296876
18.107064,23.311965,571.367839,9353.536894,9354.087320071649
18.117064,23.299038,571.138207,9359.249424,9358.08123652135
18.127064,23.286356,570.908638,9364.959658,9365.345627695056
18.137064,23.273729,570.67913,9370.667597,9370.299356071911
18.147064,23.260969,570.449682,9376.373241,9375.877764239254
18.157064,23.247886,570.220295,9382.076591,9381.082010012115
18.167064,23.234306,569.990981,9387.777647,9386.277255365718
18.177064,23.220087,569.761754,9393.47641,9393.598924898211
18.187064,23.205127,569.532631,9399.172882,9398.093655107836
18.197064,23.189361,569.303628,9404.867063,9405.149693397469
18.207064,23.172758,569.074765,9410.558955,9407.406910582386
18.217064,23.155321,568.846061,9416.248559,9419.009533062319
18.227064,23.137091,568.617535,9421.935877,9422.863848533381
18.237064,23.118141,568.389205,9427.620911,9429.235371388506
18.247064,23.09859,568.161087,9433.303662,9429.90046196826
18.257064,23.07888,567.933193,9438.984133,9439.096716376427
18.267064,23.058809,567.705533,9444.662327,9442.720778830328
18.277064,23.038746,567.47811,9450.338245,9447.953106486493
18.287064,23.02072,567.250902,9456.011889,9455.143569980075
18.297064,23.0026,567.023883,9461.683263,9461.673457142764
18.307064,22.984427,566.797047,9467.352368,9465.888514498283
18.317064,22.966249,566.570402,9473.019205,9474.268808055202
18.327064,22.948132,566.343952,9478.683776,9479.925511224972
18.337064,22.930142,566.117695,9484.346084,9484.65077315962
18.347064,22.912328,565.891625,9490.006131,9491.560922639977
18.357064,22.894717,565.665737,9495.663918,9496.298519035396
18.367064,22.877327,565.44003,9501.319446,9501.100466993334
18.377064,22.86017,565.214498,9506.972719,9507.812947951392
18.387064,22.843251,564.989138,9512.623737,9511.372524431576
18.397064,22.826566,564.763942,9518.272502,9518.044212658115
18.407064,22.810102,564.538905,9523.919016,9524.721032647152
18.417064,22.793841,564.314022,9529.563281,9530.239955835988
18.427064,22.777762,564.089289,9535.205297,9532.7898978814
18.437064,22.761845,563.8647,9540.845067,9540.647638175371
18.447064,22.746055,563.640253,9546.482592,9548.624860399143
18.457064,22.730363,563.415944,9552.117872,9551.266159741665
18.467064,22.714739,563.191773,9557.750911,9556.319055512651
18.477064,22.699151,562.967737,9563.381708,9562.486644285389
18.487064,22.683568,562.743837,9569.010266,9569.034694813898
18.497064,22.667819,562.520074,9574.636586,9573.621932192276
18.507064,22.651983,562.29645,9580.260668,9580.680152681827
18.517064,22.636006,562.072971,9585.882515,9586.29687864876
18.527064,22.6159,561.849684,9591.502128,9591.039706050944
18.537064,22.594639,561.626653,9597.11951,9597.184709719497
18.547064,22.573789,561.403907,9602.734662,9601.233281903802
18.557064,22.55354,561.181436,9608.347589,9610.066806121862
18.567064,22.53402,560.959214,9613.958292,9615.026715369122
18.577064,22.515261,560.737216,9619.566773,9621.416828461739
18.587064,22.497337,560.515427,9625.173036,9626.30554699045
18.597064,22.480278,560.293829,9630.777083,9630.31023835119
18.607064,22.463624,560.07241,9636.378914,9638.185670943583
18.617064,22.447405,559.85116,9641.978531,9642.007210247162
18.627064,22.432074,559.630063,9647.575937,9646.262285781047
18.637064,22.417591,559.409101,9653.171133,9653.047081652161
18.647064,22.403893,559.188252,9658.76412,9658.83543498136
18.657064,22.390891,558.9675,9664.354898,9668.188423790547
18.667064,22.378475,558.746828,9669.94347,9669.527340285957
18.677064,22.366516,558.526227,9675.529835,9675.54523273762
18.687064,22.35487,558.305689,9681.113995,9679.863646804122
18.697064,22.343383,558.08521,9686.695949,9686.994782160591
18.707064,22.331892,557.864789,9692.275699,9690.50592446076
18.717064,22.320237,557.64443,9697.853245,9698.278437207155
18.727064,22.308264,557.42414,9703.428588,9705.245858799683
18.737064,22.295836,557.203928,9709.001728,9708.315211310288
18.747064,22.282836,556.983806,9714.572667,9713.00668654223
18.757064,22.269171,556.763789,9720.141405,9722.345481727856
18.767064,22.254782,556.543892,9725.707943,9726.17758428901
18.777064,22.239644,556.324131,9731.272283,9731.284282142948
18.787064,22.223763,556.104521,9736.834426,9735.328176742638
18.797064,22.207182,555.88508,9742.394374,9743.724383372692
18.807064,22.189969,555.66582,9747.952128,9747.080515992591
18.817064,22.172228,555.446756,9753.507691,9752.830151837108
18.827064,22.154066,555.227897,9759.061064,9760.490338134276
18.837064,22.135606,555.009253,9764.61225,9765.538181905078
18.847064,22.116982,554.790828,9770.16125,9769.106821383235
18.857064,22.098324,554.572626,9775.708067,9775.793394543634
18.867064,22.079758,554.354647,9781.252703,9779.467999509749
18.877064,22.0614,554.136888,9786.795161,9783.166875499099
18.887064,22.043351,553.919345,9792.335442,9792.583388787361
18.897064,22.025696,553.702009,9797.873548,9796.477999602217
18.907064,22.008504,553.484873,9803.409483,9805.117487272262
18.917064,21.991823,553.267924,9808.943246,9808.166054010013
18.927064,21.975686,553.051152,9814.474842,9815.045440284988
18.937064,21.960104,552.834544,9820.00427,9822.165304616847
18.947064,21.945137,552.618087,9825.531533,9824.14767535528
18.957064,21.930777,552.401767,9831.056632,9829.836957325128
18.967064,21.916908,552.185574,9836.579569,9835.374156645417
18.977064,21.903762,551.969493,9842.100344,9841.989173822223
18.987064,21.892128,551.753497,9847.618959,9848.026448964973
18.997064,21.880741,551.537569,9853.135414,9856.118403276783
19.007064,21.869452,551.3217,9858.64971,9859.545072775298
19.017064,21.85812,551.105893,9864.161848,9862.78574833179
19.027064,21.8466,550.890154,9869.671829,9869.493603053385
19.037064,21.834757,550.674489,9875.179652,9872.150794655276
19.047064,21.822479,550.458908,9880.685319,9879.80277099817
19.057064,21.809671,550.243421,9886.18883,9887.488996389957
19.067064,21.796263,550.028041,9891.690187,9891.94170849051
19.077064,21.78221,549.81278,9897.189391,9899.601583799391
19.087064,21.7675,549.597654,9902.686444,9905.759508783089
19.097064,21.752147,549.382677,9908.181345,9909.484400041216
19.107064,21.736193,549.167861,9913.674098,9912.178847360221
19.117064,21.719703,548.953219,9919.164703,9920.206702511181
19.127064,21.702762,548.738762,9924.653163,9925.435942475073
19.137064,21.685468,548.524499,9930.139479,9932.035984245696
19.147064,21.667928,548.310437,9935.623653,9936.358451112408
19.157064,21.650255,548.09658,9941.105688,9941.05645315804
19.167064,21.632558,547.882932,9946.585586,9945.733190931189
19.177064,21.614944,547.669492,9952.063347,9952.693465725022
19.187064,21.59751,547.456257,9957.538976,9957.300542562281
19.197064,21.580342,547.243224,9963.012473,9965.396751091657
19.207064,21.563514,547.030385,9968.483841,9968.59172899082
19.217064,21.547094,546.817733,9973.953082,9973.439277580404
19.227064,21.531118,546.605258,9979.420196,9980.59112618769
19.237064,21.515615,546.39295,9984.885187,9986.58609223721
19.247064,21.500609,546.180798,9990.348056,9991.989320471923
19.257064,21.486116,545.968792,9995.808804,9996.973215247644
19.267064,21.472095,545.756919,10001.267432,10000.695866552398
19.277064,21.458527,545.545171,10006.723943,10005.171515551838
19.287064,21.446187,545.333529,10012.178336,10012.875231170927
19.297064,21.434323,545.121978,10017.630613,10015.820941039163
19.307064,21.422687,544.910509,10023.080776,10024.233767341208
19.317064,21.411162,544.699118,10028.528824,10029.346823207303
19.327064,21.39963,544.487807,10033.974758,10034.319954179597
19.337064,21.387726,544.276577,10039.41858,10040.618426116207
19.347064,21.375284,544.065436,10044.86029,10048.309720864918
19.357064,21.362528,543.85439,10050.299889,10050.779394847526
19.367064,21.349338,543.643447,10055.737378,10055.28792040467
19.377064,21.3344,543.432627,10061.172759,10061.633361355827
19.387064,21.319155,543.221948,10066.606032,10065.65712981406
19.397064,21.303636,543.011422,10072.037198,10073.027864312693
19.407064,21.28789,542.801055,10077.46626,10078.336518934571
19.417064,21.27194,542.590854,10082.89322,10081.60285753854
19.427064,21.255817,542.380823,10088.318078,10088.216077928146
19.437064,21.239551,542.170968,10093.740837,10094.145472587868
19.447064,21.223174,541.961292,10099.161498,10098.584706079155
19.457064,21.206724,541.751799,10104.580063,10103.67028127489
19.467064,21.190244,541.542488,10109.996535,10108.972083970115
19.477064,21.173787,541.33336,10115.410914,10112.9445975842
19.487064,21.157408,541.124412,10120.823202,10122.227828812467
19.497064,21.141168,540.915641,10126.233403,10125.982397121732
19.507064,21.125124,540.707043,10131.641516,10133.348230088264
19.517064,21.109333,540.498613,10137.047544,10137.729205254484
19.527064,21.093845,540.290346,10142.451489,10144.696913032305
19.537064,21.078695,540.082234,10147.853351,10145.861506816098
19.547064,21.063909,539.874272,10153.253134,10154.068286178945
19.557064,21.049555,539.666452,10158.650837,10162.585733837339
19.567064,21.035702,539.458767,10164.046463,10164.867495005105
19.577064,21.022181,539.25121,10169.440013,10168.714551510071
19.587064,21.008972,539.043775,10174.831488,10176.966977761707
19.597064,20.997044,538.836447,10180.220889,10178.422298599864
19.607064,20.985597,538.62921,10185.608217,10186.823876082484
19.617064,20.974187,538.422053,10190.993473,10186.916942671663
19.627064,20.962674,538.214981,10196.376659,10195.658753003356
19.637064,20.950939,538.007998,10201.757773,10202.369369762107
19.647064,20.938887,537.801109,10207.136819,10206.67977394559
19.657064,20.926442,537.594319,10212.513796,10213.312746733882
19.667064,20.913546,537.387632,10217.888706,10218.376018037996
19.677064,20.900165,537.181058,10223.261549,10221.455190474648
19.687064,20.886296,536.974606,10228.632327,10228.298324590955
19.697064,20.871963,536.768284,10234.001041,10234.715075852306
19.707064,20.857207,536.562101,10239.367693,10240.56496284201
19.717064,20.84208,536.356065,10244.732284,10245.355981598832
19.727064,20.826644,536.150184,10250.094815,10252.559793316048
19.737064,20.810968,535.944465,10255.455288,10251.958199593308
19.747064,20.795152,535.738913,10260.813705,10262.84212962748
19.757064,20.779225,535.533533,10266.170067,10268.058574261626
19.767064,20.763246,535.328329,10271.524376,10271.424610254691
19.777064,20.747117,535.123304,10276.876634,10276.060675641062
19.787064,20.730897,534.918462,10282.226843,10283.866436767943
19.797064,20.714841,534.713805,10287.575004,10287.911148508842
19.807064,20.698984,534.509331,10292.92112,10291.994576491114
19.817064,20.68335,534.305035,10298.265191,10298.047341858663
19.827064,20.667965,534.100911,10303.607221,10303.171739262169
19.837064,20.652854,533.896951,10308.94721,10306.166556487138
19.847064,20.638043,533.69315,10314.28516,10315.005756218263
19.857064,20.623559,533.489498,10319.621073,10317.92859722864
19.867064,20.609428,533.285988,10324.954951,10322.770156340235
19.877064,20.595669,533.082611,10330.286794,10330.418691293467
19.887064,20.582296,532.879359,10335.616603,10334.257997003579
19.897064,20.569308,532.676226,10340.944381,10342.338020228623
19.907064,20.556689,532.473203,10346.270128,10347.315585719198
19.917064,20.544407,532.270286,10351.593846,10354.380720453111
19.927064,20.532507,532.067469,10356.915534,10359.698971596492
19.937064,20.520905,531.864748,10362.235195,10360.699777472295
19.947064,20.509451,531.66212,10367.55283,10367.07015015737
19.957064,20.498014,531.459587,10372.868438,10371.295950437037
19.967064,20.482467,531.257186,10378.182022,10380.205721865294
19.977064,20.466263,531.054971,10383.493582,10383.202623145995
19.987064,20.450265,530.85296,10388.803122,10387.444344958532
19.997064,20.43458,530.651145,10394.110642,10396.773407741206
20.007064,20.419284,530.449507,10399.416145,10399.132982991472
20.017064,20.404429,530.248034,10404.719633,10407.428621846544
20.027064,20.390057,530.046717,10410.021106,10408.993900421165
20.037064,20.376194,529.84555,10415.320568,10413.510356978568
20.047064,20.362858,529.644521,10420.618018,10421.686885399902
20.057064,20.350048,529.443621,10425.913458,10425.628149528555
20.067064,20.337746,529.242839,10431.206891,10431.002106634429
20.077064,20.325916,529.042163,10436.498316,10437.906497720342
20.087064,20.314521,528.841585,10441.787734,10445.005062839817
20.097064,20.303477,528.641098,10447.075148,10442.337602943137
20.107064,20.291875,528.440705,10452.360557,10450.632956524787
20.117064,20.280162,528.240416,10457.643962,10456.94919746175
20.127064,20.268811,528.040234,10462.925365,10459.997451226393
20.137064,20.257756,527.840155,10468.204767,10466.618253993427
20.147064,20.24691,527.640176,10473.482169,10472.172369762075
20.157064,20.236173,527.440293,10478.757571,10479.665800359655
20.167064,20.225449,527.240505,10484.030975,10484.956312739037
20.177064,20.214636,527.040811,10489.302381,10489.32431930125
20.187064,20.203649,526.841213,10494.571791,10493.42028995349
20.197064,20.192422,526.641712,10499.839206,10497.731849572368
20.207064,20.18091,526.442311,10505.104626,10505.482697430607
20.217064,20.169093,526.243014,10510.368052,10510.206277852041
20.227064,20.156969,526.043823,10515.629487,10516.3794990823
20.237064,20.144555,525.844744,10520.888929,10522.304870982187
20.247064,20.13188,525.645781,10526.146382,10527.70459291361
20.257064,20.118991,525.446938,10531.401845,10534.05527533836
20.267064,20.106031,525.24822,10536.655321,10537.415644533483
20.277064,20.092932,525.04963,10541.90681,10545.613944746145
20.287064,20.079716,524.851172,10547.156314,10549.133537993708
20.297064,20.065465,524.652861,10552.403834,10550.737581532689
20.307064,20.04817,524.45474,10557.649372,10557.304022767483
20.317064,20.031485,524.256848,10562.89293,10563.3245931884
20.327064,20.015471,524.05919,10568.13451,10569.410335441384
20.337064,20.000133,523.861749,10573.374114,10574.368523914958
20.347064,19.985405,523.664508,10578.611745,10580.227512728852
20.357064,19.971205,523.467455,10583.847405,10583.128209310182
20.367064,19.957477,523.270582,10589.081095,10589.084691093798
20.377064,19.9442,523.073873,10594.312817,10594.528596081458
20.387064,19.931375,522.877309,10599.542573,10597.540410061787
20.397064,19.919029,522.680874,10604.770364,10606.306075859839
20.407064,19.907207,522.484549,10609.996191,10609.515734878532
20.417064,19.895965,522.288319,10615.220055,10613.144252101718
20.427064,19.885365,522.092171,10620.441957,10619.575080057168
20.437064,19.875454,521.896089,10625.661899,10624.717603925796
20.447064,19.866247,521.700063,10630.879879,10628.609981556252
20.457064,19.857718,521.504083,10636.0959,10636.181113458186
20.467064,19.849795,521.308143,10641.309961,10643.127861666635
20.477064,19.842358,521.112237,10646.522063,10645.586847433604
20.487064,19.835243,520.916365,10651.732206,10651.952269173906
20.497064,19.828252,520.720527,10656.940391,10653.637437801037
20.507064,19.821169,520.524728,10662.146617,10661.232887496079
20.517064,19.813774,520.328973,10667.350885,10667.388465533017
20.527064,19.805861,520.133272,10672.553196,10673.40714744952
20.537064,19.797252,519.937633,10677.753551,10679.764624139454
20.547064,19.787809,519.742068,10682.951949,10685.62121011155
20.557064,19.77745,519.546591,10688.148393,10690.878411134867
20.567064,19.766143,519.351214,10693.342881,10695.360865427374
20.577064,19.753913,519.155951,10698.535417,10697.520015945223
20.587064,19.740836,518.960815,10703.726001,10705.209886391445
20.597064,19.727025,518.765819,10708.914634,10711.15202754978
20.607064,19.712626,518.570973,10714.101318,10713.074601223783
20.617064,19.697797,518.376287,10719.286054,10718.750355142825
20.627064,19.682702,518.181771,10724.468844,10725.326427027476
20.637064,19.667498,517.98743,10729.64969,10729.0289282
20.647064,19.652323,517.793269,10734.828593,10735.583237677309
20.657064,19.637293,517.59929,10740.005556,10740.615940357566
20.667064,19.622481,517.405494,10745.18058,10748.791883069825
20.677064,19.60797,517.211878,10750.353666,10746.561976392939
20.687064,19.593802,517.018439,10755.524818,10756.744342548427
20.697064,19.58,516.825172,10760.694036,10762.732262672873
20.707064,19.566577,516.63207,10765.861322,10766.149019551121
20.717064,19.553537,516.439125,10771.026678,10770.194884645998
20.727064,19.540883,516.246326,10776.190105,10773.869566494292
20.737064,19.52862,516.053666,10781.351605,10778.576459709895
20.747064,19.516755,515.861133,10786.511179,10784.82042433214
20.757064,19.505411,515.668716,10791.668828,10790.966479874884
20.767064,19.494719,515.476404,10796.824553,10795.82316961477
20.777064,19.484451,515.284185,10801.978356,10801.628373660418
20.787064,19.474617,515.092052,10807.130237,10806.359797405672
20.797064,19.465556,514.899991,10812.280197,10811.368443750087
20.807064,19.458089,514.707981,10817.428237,10818.480519965842
20.817064,19.450879,514.516003,10822.574357,10822.810395075307
20.827064,19.443807,514.324052,10827.718557,10826.494614062214
20.837064,19.436748,514.132132,10832.860838,10836.684469359365
20.847064,19.429579,513.940248,10838.0012,10839.277137380985
20.857064,19.422174,513.748406,10843.139643,10842.906561091215
20.867064,19.414408,513.556612,10848.276168,10850.609956949465
20.877064,19.406164,513.364873,10853.410776,10852.798667958245
20.887064,19.39734,513.173201,10858.543466,10860.021784609284
20.897064,19.387859,512.981608,10863.67424,10861.765655668525
20.907064,19.377675,512.790107,10868.803099,10867.130580682962
20.917064,19.366768,512.598708,10873.930043,10874.857058285741
20.927064,19.355147,512.407425,10879.055073,10879.247607134974
20.937064,19.3429,512.216268,10884.178191,10882.150569125377
20.947064,19.330121,512.025249,10889.299399,10890.475200902047
20.957064,19.316825,511.834377,10894.418697,10896.908903846614
20.967064,19.303085,511.64366,10899.536087,10900.001521617389
20.977064,19.289035,511.453105,10904.651571,10904.550786993741
20.987064,19.274811,511.262717,10909.76515,10908.556296401237
20.997064,19.260568,511.0725,10914.876826,10914.67810617936
21.007064,19.24718,510.882445,10919.9866,10921.34361512757
21.017064,19.234833,510.692535,10925.094475,10923.918481094413
21.027064,19.222663,510.502756,10930.200451,10930.598924231148
21.037064,19.210679,510.313106,10935.304531,10935.774321942767
21.047064,19.198885,510.123586,10940.406714,10939.83514582789
21.057064,19.187284,509.934194,10945.507003,10946.382640553831
21.067064,19.175869,509.744927,10950.605398,10950.651011998156
21.077064,19.164629,509.55578,10955.701902,10954.965428767277
21.087064,19.153548,509.366748,10960.796514,10957.815774668692
21.097064,19.142614,509.177828,10965.889237,10966.221248046617
21.107064,19.131822,508.989017,10970.980071,10971.138430039502
21.117064,19.121171,508.800311,10976.069018,10974.905394173953
21.127064,19.110661,508.611706,10981.156078,10981.18821050176
21.137064,19.100293,508.423198,10986.241252,10986.370962694687
21.147064,19.09007,508.234784,10991.324542,10991.056567041795
21.157064,19.079991,508.046462,10996.405948,10995.774544568236
21.167064,19.07005,507.858229,11001.485471,11000.339157282537
21.177064,19.060235,507.670084,11006.563113,11006.607691530538
21.187064,19.050528,507.482026,11011.638873,11009.546548714594
21.197064,19.040912,507.294054,11016.712754,11017.531449337626
21.207064,19.031347,507.106169,11021.784755,11021.852372007075
21.217064,19.021789,506.91837,11026.854877,11025.803899237215
21.227064,19.012201,506.730659,11031.923123,11030.700842988232
21.237064,19.002568,506.543038,11036.989491,11033.413668353172
21.247064,18.992813,506.355508,11042.053984,11042.685404045578
21.257064,18.9829,506.168072,11047.116601,11047.291207664182
21.267064,18.972912,505.98073,11052.177345,11054.427460994042
21.277064,18.970844,505.793412,11057.236216,11056.708139536258
21.287064,18.9698,505.606026,11062.293213,11059.922040408044
21.297064,18.96802,505.418542,11067.348336,11067.972133814941
21.307064,18.965154,505.230993,11072.401584,11073.388217155996
21.317064,18.960956,505.043417,11077.452956,11076.83595450846
21.327064,18.95526,504.855842,11082.502452,11083.05407179697
21.337064,18.947938,504.668294,11087.550073,11086.025100000365
21.347064,18.938903,504.480798,11092.595818,11091.387295055532
21.357064,18.928122,504.293385,11097.639689,11100.098169499557
21.367064,18.915624,504.106086,11102.681686,11101.739832634043
21.377064,18.901506,503.918932,11107.721811,11107.198065821009
21.387064,18.885916,503.731951,11112.760066,11113.39352599584
21.397064,18.869049,503.545166,11117.796451,11118.963345219187
21.407064,18.851146,503.358601,11122.83097,11121.897360294968
21.417064,18.832451,503.172273,11127.863624,11123.49313946505
21.427064,18.813218,502.986196,11132.894416,11134.015439956918
21.437064,18.793709,502.800379,11137.923349,11137.0856155041
21.447064,18.774182,502.614827,11142.950424,11143.819407914387
21.457064,18.754878,502.429539,11147.975646,11148.383131145647
21.467064,18.736015,502.244512,11152.999016,11153.810268951916
21.477064,18.71779,502.059738,11158.020537,11155.992106409483
21.487064,18.700367,501.875202,11163.040212,11163.875956059872
21.497064,18.683886,501.690891,11168.058042,11165.819483874273
21.507064,18.668854,501.506783,11173.07403,11173.670551491
21.517064,18.65494,501.322856,11178.088178,11177.964599579469
21.527064,18.642191,501.139086,11183.100488,11182.047385460306
21.537064,18.630633,500.95545,11188.11096,11188.101438083124
21.547064,18.620436,500.771924,11193.119597,11192.373696367014
21.557064,18.611554,500.588479,11198.126399,11198.29001120052
21.567064,18.603758,500.405092,11203.131367,11204.838704921644
21.577064,18.596956,500.221743,11208.134501,11206.63033048995
21.587064,18.591036,500.038413,11213.135802,11216.222783535046
21.597064,18.585866,499.855088,11218.135269,11219.35068237861
21.607064,18.581306,499.671756,11223.132904,11222.96365276838
21.617064,18.57719,499.488407,11228.128704,11229.505007213635
21.627064,18.573328,499.305036,11233.122672,11232.172390187192
21.637064,18.569538,499.121641,11238.114805,11238.989647735585
21.647064,18.565634,498.938223,11243.105104,11241.695352844115
21.657064,18.561435,498.754787,11248.093569,11246.978894325797
21.667064,18.556773,498.571341,11253.0802,11252.477843242159
21.677064,18.551493,498.387896,11258.064996,11258.824547259108
21.687064,18.54546,498.204464,11263.047958,11262.81146971042
21.697064,18.538567,498.021061,11268.029086,11271.284718130215
21.707064,18.530734,497.837704,11273.008379,11273.626044148694
21.717064,18.521912,497.654409,11277.98584,11277.992228234521
21.727064,18.512084,497.471194,11282.961468,11284.00729337057
21.737064,18.501264,497.288079,11287.935264,11286.875667011685
21.747064,18.489499,497.10508,11292.90723,11294.969731300956
21.757064,18.47686,496.922213,11297.877366,11296.182970859025
21.767064,18.463444,496.739495,11302.845675,11302.868938403366
21.777064,18.449367,496.556938,11307.812157,11309.534300539313
21.787064,18.43476,496.374554,11312.776814,11311.394483741818
21.797064,18.419764,496.192352,11317.739648,11321.234360051165
21.807064,18.404526,496.010337,11322.700662,11323.046964629322
21.817064,18.3892,495.828515,11327.659856,11326.247446089936
21.827064,18.373935,495.646885,11332.617233,11334.226586215393
21.837064,18.358853,495.465447,11337.572794,11337.233049515917
21.847064,18.344079,495.284196,11342.526542,11342.826628454326
21.857064,18.329724,495.103127,11347.478479,11346.530886799386
21.867064,18.315885,494.922231,11352.428605,11351.705524346846
21.877064,18.302641,494.741497,11357.376924,11358.707645299692
21.887064,18.290056,494.560915,11362.323436,11364.223103767226
21.897064,18.278173,494.380471,11367.268143,11368.732163566436
21.907064,18.267019,494.200152,11372.211046,11371.419367880126
21.917064,18.256603,494.019944,11377.152146,11376.450574753413
21.927064,18.246916,493.839833,11382.091445,11381.082565550349
21.937064,18.237933,493.659806,11387.028943,11388.8658365547
21.947064,18.229611,493.479849,11391.964641,11393.686346095681
21.957064,18.221894,493.299951,11396.89854,11397.165280387946
21.967064,18.214713,493.120102,11401.83064,11400.65560683698
21.977064,18.207985,492.940291,11406.760942,11408.512411415413
21.987064,18.201619,492.760512,11411.689446,11412.149519892631
21.997064,18.195515,492.58076,11416.616153,11413.380697224691
22.007064,18.189567,492.401031,11421.541061,11420.671443471638
22.017064,18.18367,492.221323,11426.464173,11426.876746310501
22.027064,18.177714,492.041637,11431.385488,11432.378383829442
22.037064,18.171617,491.861976,11436.305006,11439.266359517049
22.047064,18.165259,491.682343,11441.222728,11440.875040061217
22.057064,18.158553,491.502744,11446.138653,11447.471354211148
22.067064,18.151421,491.323187,11451.052783,11450.929298172994
22.077064,18.143799,491.14368,11455.965117,11455.311013018743
22.087064,18.135638,490.964233,11460.875656,11460.50368495538
22.097064,18.126907,490.784855,11465.784402,11467.213484345662
22.107064,18.117591,490.605557,11470.691354,11472.340818071118
22.117064,18.107693,490.426349,11475.596513,11477.054662531566
22.127064,18.097315,490.247242,11480.499881,11481.15207131085
22.137064,18.08644,490.068245,11485.401458,11484.780571890527
22.147064,18.075085,489.889366,11490.301246,11490.138325764568
22.157064,18.063309,489.710614,11495.199246,11495.916460170445
22.167064,18.051107,489.531998,11500.095459,11500.547773301421
22.177064,18.033558,489.353566,11504.989887,11506.093737393792
22.187064,18.015699,489.175374,11509.882531,11508.868900525053
22.197064,17.998216,488.997441,11514.773395,11515.16980299908
22.207064,17.981321,488.819751,11519.662481,11520.857280343373
22.217064,17.965172,488.642283,11524.549791,11524.510950545697
22.227064,17.949887,488.465025,11529.435327,11532.137993756154
22.237064,17.935566,488.287966,11534.319092,11533.922234163354
22.247064,17.921893,488.111091,11539.201087,11542.605196124865
22.257064,17.90927,487.934381,11544.081314,11543.779241770235
22.267064,17.897803,487.757813,11548.959775,11549.160197061745
22.277064,17.887483,487.581364,11553.836471,11553.176688788615
22.287064,17.878305,487.405011,11558.711403,11555.935455961931
22.297064,17.87212,487.228712,11563.584571,11564.592171914757
22.307064,17.866915,487.052432,11568.455977,11569.489470100385
22.317064,17.862584,486.876147,11573.32562,11574.418869193327
22.327064,17.858992,486.699844,11578.1935,11578.959037128561
22.337064,17.855988,486.523513,11583.059617,11583.816635964302
22.347064,17.853406,486.347148,11587.92397,11588.23179833605
22.357064,17.851071,486.170743,11592.78656,11594.318309752789
22.367064,17.848795,485.994298,11597.647385,11598.551627173243
22.377064,17.846387,485.817815,11602.506446,11604.737467971505
22.387064,17.843659,485.6413,11607.363741,11609.238461680543
22.397064,17.840428,485.464761,11612.219271,11612.256610697576
22.407064,17.836527,485.288211,11617.073036,11616.684595146382
22.417064,17.831806,485.111663,11621.925036,11622.319469416869
22.427064,17.826146,484.935133,11626.77527,11626.587559469694
22.437064,17.819452,484.758638,11631.623738,11632.615473427466
22.447064,17.811665,484.582198,11636.470443,11635.962222023354
22.457064,17.802757,484.40583,11641.315383,11640.41902872067
22.467064,17.792746,484.229554,11646.158559,11644.029816364915
22.477064,17.781676,484.053387,11650.999974,11650.856544617502
22.487064,17.76961,483.877349,11655.839628,11655.876178324836
22.497064,17.756648,483.701454,11660.677522,11661.485732534751
22.507064,17.742914,483.525717,11665.513657,11667.773057763692
22.517064,17.728548,483.350151,11670.348036,11670.629259301078
22.527064,17.713704,483.174765,11675.180661,11673.366894603892
22.537064,17.698539,482.999569,11680.011532,11681.437719813515
22.547064,17.683215,482.824566,11684.840653,11686.214177946971
22.557064,17.667888,482.649758,11689.668024,11689.955595584623
22.567064,17.652704,482.475147,11694.493649,11689.061267229403
22.577064,17.637802,482.300729,11699.317528,11701.759156026308
22.587064,17.623304,482.126498,11704.139664,11703.499648732082
22.597064,17.609315,481.952447,11708.960058,11707.149844448411
22.607064,17.595926,481.778568,11713.778713,11716.204147625416
22.617064,17.583209,481.604847,11718.59563,11717.005149413288
22.627064,17.571216,481.431274,11723.410811,11720.299714437804
22.637064,17.559986,481.257833,11728.224256,11731.276864007032
22.647064,17.549537,481.084512,11733.035968,11736.823698915303
22.657064,17.539874,480.911295,11737.845947,11738.234311070255
22.667064,17.530985,480.738167,11742.654194,11743.733468610702
22.677064,17.522852,480.565114,11747.46071,11746.91786733957
22.687064,17.515432,480.392124,11752.265497,11751.534373407556
22.697064,17.508662,480.219182,11757.068553,11756.37734256075
22.707064,17.502475,480.046279,11761.86988,11761.44922729003
22.717064,17.49679,479.873404,11766.669479,11764.191730884442
22.727064,17.491519,479.70055,11771.467349,11768.875111941317
22.737064,17.486562,479.52771,11776.26349,11775.210498675864
22.747064,17.481816,479.354881,11781.057903,11780.33507750066
22.757064,17.477169,479.18206,11785.850587,11787.111241286982
22.767064,17.47251,479.009247,11790.641544,11791.286723248892
22.777064,17.467728,478.836445,11795.430772,11798.200361894276
22.787064,17.462716,478.663657,11800.218273,11801.446163839779
22.797064,17.457371,478.490889,11805.004046,11806.490544770852
22.807064,17.451605,478.318148,11809.788091,11809.644522012655
22.817064,17.445336,478.145441,11814.570409,11814.564284344038
22.827064,17.438502,477.972779,11819.351,11819.379537883146
22.837064,17.431053,477.800173,11824.129864,11824.550495504083
22.847064,17.42296,477.627632,11828.907003,11828.08312764632
22.857064,17.41421,477.455168,11833.682417,11834.25899696821
22.867064,17.404809,477.282792,11838.456107,11837.991251233758
22.877064,17.394782,477.110515,11843.228074,11842.964496779876
22.887064,17.384176,476.938348,11847.998318,11849.308547162153
22.897064,17.373049,476.766299,11852.766841,11853.654748920013
22.907064,17.361459,476.594378,11857.533644,11858.697638677198
22.917064,17.349549,476.422591,11862.298729,11863.144588066427
22.927064,17.337344,476.250945,11867.062096,11867.913763934992
22.937064,17.324928,476.079444,11871.823748,11873.583372805371
22.947064,17.312392,475.908091,11876.583686,11876.380689954998
22.957064,17.299949,475.736886,11881.341911,11879.507644446441
22.967064,17.291835,475.565794,11886.098424,11886.570246726531
22.977064,17.285815,475.394757,11890.853227,11890.725621490903
22.987064,17.279656,475.223744,11895.606319,11896.426983184978
22.997064,17.273259,475.052757,11900.357702,11901.87768234442
23.007064,17.266556,474.881813,11905.107375,11907.897474521591
23.017064,17.259497,474.710922,11909.855338,11911.820240106905
23.027064,17.252042,474.540091,11914.601593,11915.312305532776
23.037064,17.244159,474.369323,11919.34614,11920.371301882007
23.047064,17.235827,474.198623,11924.08898,11926.326500988629
23.057064,17.227035,474.028001,11928.830113,11929.96675563139
23.067064,17.217784,473.857464,11933.56954,11935.743079222155
23.077064,17.2081,473.687018,11938.307263,11936.982054683063
23.087064,17.198004,473.516674,11943.043281,11945.726180804355
23.097064,17.187524,473.346438,11947.777597,11943.630612509838
23.107064,17.176826,473.176313,11952.510211,11952.283073408578
23.117064,17.165866,473.006304,11957.241124,11958.317201469714
23.127064,17.154664,472.836416,11961.970337,11962.005197589906
23.137064,17.143286,472.666652,11966.697853,11966.626293991087
23.147064,17.131676,472.497018,11971.423671,11971.708998044862
23.157064,17.118132,472.327536,11976.147794,11977.796884074687
23.167064,17.101806,472.158247,11980.870222,11980.93670885707
23.177064,17.085938,471.989171,11985.590959,11986.575300154904
23.187064,17.070667,471.820309,11990.310007,11989.392511506743
23.197064,17.056107,471.651651,11995.027366,11995.12923951522
23.207064,17.042348,471.483184,11999.74304,11998.372753864798
23.217064,17.029451,471.314892,12004.45703,12004.200935739318
23.227064,17.017459,471.146759,12009.169338,12006.931438172212
23.237064,17.006402,470.978768,12013.879966,12013.933089949747
23.247064,16.996291,470.8109,12018.588914,12021.858399768847
23.257064,16.987124,470.643136,12023.296184,12022.597644375383
23.267064,16.97889,470.475457,12028.001777,12025.399516859816
23.277064,16.971583,470.307843,12032.705694,12034.236613527622
23.287064,16.965157,470.140279,12037.407934,12039.658761736602
23.297064,16.959575,469.972746,12042.108499,12042.450026342252
23.307064,16.9548,469.80523,12046.807389,12045.112344096757
23.317064,16.950731,469.637717,12051.504604,12052.608966330914
23.327064,16.947282,469.470197,12056.200144,12056.05660086515
23.337064,16.944352,469.30266,12060.894008,12060.287768469281
23.347064,16.941767,469.1351,12065.586197,12066.599914569682
23.357064,16.936772,468.967537,12070.27671,12069.86328924829
23.367064,16.931215,468.799998,12074.965548,12077.798723646172
23.377064,16.925769,468.632499,12079.65271,12081.06297382266
23.387064,16.920382,468.465035,12084.338198,12082.483661895394
23.397064,16.914986,468.297602,12089.022011,12091.063176764828
23.407064,16.909502,468.1302,12093.70415,12092.618740732649
23.417064,16.903859,467.962833,12098.384615,12099.011415690185
23.427064,16.897993,467.795507,12103.063407,12102.604828572721
23.437064,16.891852,467.628225,12107.740525,12105.266449016179
23.447064,16.885389,467.460992,12112.415971,12111.514525546712
23.457064,16.87857,467.293815,12117.089745,12115.568457444702
23.467064,16.871369,467.126699,12121.761848,12123.18305900691
23.477064,16.863772,466.959651,12126.432279,12125.532062087057
23.487064,16.855778,466.792676,12131.101041,12128.93568393048
23.497064,16.847403,466.625783,12135.768133,12133.994717974607
23.507064,16.83867,466.458976,12140.433557,12139.59071562499
23.517064,16.8296,466.292262,12145.097313,12144.85425426688
23.527064,16.820228,466.125647,12149.759402,12151.163841553986
23.537064,16.810598,465.959134,12154.419826,12155.527304064872
23.547064,16.800759,465.79273,12159.078586,12160.125508651228
23.557064,16.790759,465.626436,12163.735681,12164.126531181388
23.567064,16.78065,465.460257,12168.391115,12168.940783338077
23.577064,16.770484,465.294193,12173.044887,12173.698096332528
23.587064,16.760309,465.128245,12177.696999,12175.278607073791
23.597064,16.750173,464.962415,12182.347452,12180.778148272584
23.607064,16.74012,464.796701,12186.996248,12185.13993168647
23.617064,16.730188,464.631102,12191.643386,12193.443780668613
23.627064,16.720415,464.465615,12196.28887,12198.499788992736
23.637064,16.710832,464.300237,12200.932699,12202.824033538904
23.647064,16.701466,464.134965,12205.574875,12206.435872801061
23.657064,16.692338,463.969795,12210.215399,12211.732860262984
23.667064,16.683468,463.804721,12214.854271,12213.899638461551
23.677064,16.674868,463.63974,12219.491494,12221.660087594359
23.687064,16.666547,463.474845,12224.127066,12227.017432663419
23.697064,16.658509,463.310033,12228.760991,12230.605440421607
23.707064,16.650913,463.145296,12233.393267,12229.377984104209
23.717064,16.643651,462.980628,12238.023897,12235.306890916661
23.727064,16.636655,462.816026,12242.65288,12244.498703269584
23.737064,16.629916,462.651483,12247.280218,12247.179874102118
23.747064,16.623412,462.486996,12251.90591,12251.096952303173
23.757064,16.617302,462.322559,12256.529958,12255.081842792906
23.767064,16.61395,462.158148,12261.152361,12258.604194680369
23.777064,16.609862,461.993739,12265.773121,12266.815177392687
23.787064,16.605558,461.829332,12270.392236,12267.138409997728
23.797064,16.601114,461.664935,12275.009707,12276.199072459278
23.807064,16.596438,461.500556,12279.625535,12279.45717000156
23.817064,16.591442,461.3362,12284.239718,12287.164537197943
23.827064,16.585765,461.171871,12288.852259,12288.727565186433
23.837064,16.5774,461.007597,12293.463156,12296.98863748172
23.847064,16.56858,460.843403,12298.072411,12297.434087678515
23.857064,16.559325,460.679305,12302.680025,12303.335425206296
23.867064,16.549667,460.51531,12307.285997,12309.098648543883
23.877064,16.539642,460.351421,12311.890331,12312.32770833347
23.887064,16.529292,460.187641,12316.493026,12316.991073603584
23.897064,16.518665,460.023977,12321.094084,12319.984300227788
23.907064,16.507815,459.860432,12325.693506,12324.24854702072
23.917064,16.496803,459.697011,12330.291293,12333.211330721688
23.927064,16.485706,459.533716,12334.887447,12338.295300430987
23.937064,16.474568,459.370548,12339.481968,12340.918218881898
23.947064,16.46345,459.207506,12344.074858,12342.767810008416
23.957064,16.452411,459.044592,12348.666119,12348.438747889106
23.967064,16.441504,458.881803,12353.25575,12355.623876918611
23.977064,16.43078,458.719137,12357.843755,12359.619989240007
23.987064,16.420282,458.556591,12362.430134,12361.642807279593
23.997064,16.410047,458.394161,12367.014887,12371.247169462595
24.007064,16.400106,458.231843,12371.598017,12371.961293412965
24.017064,16.390481,458.069632,12376.179524,12375.2802673777
24.027064,16.38119,457.907521,12380.75941,12375.989329380312
24.037064,16.37224,457.745506,12385.337675,12385.263543111878
24.047064,16.363633,457.583581,12389.914321,12391.517721338956
24.057064,16.35546,457.421739,12394.489347,12395.486084558413
24.067064,16.347616,457.259975,12399.062756,12398.623182532483
24.077064,16.340085,457.098281,12403.634547,12406.127816631824
24.087064,16.332845,456.936654,12408.204721,12406.37112184688
24.097064,16.325859,456.775089,12412.77328,12411.746594407428
24.107064,16.318458,456.613586,12417.340223,12420.331560636723
24.117064,16.306359,456.452186,12421.905552,12422.537432964944
24.127064,16.294913,456.29092,12426.469268,12424.362913055342
24.137064,16.28417,456.129796,12431.031371,12429.011576239063
24.147064,16.274147,455.968801,12435.591864,12436.180854445556
24.157064,16.264827,455.807923,12440.150748,12441.85824123716
24.167064,16.256167,455.647152,12444.708023,12444.272264337706
24.177064,16.248108,455.486477,12449.263691,12447.72119233489
24.187064,16.240586,455.32589,12453.817753,12456.407938996197
24.197064,16.233993,455.165379,12458.370209,12458.954915273265
24.207064,16.227966,455.004933,12462.92106,12460.796340760036
24.217064,16.222284,454.84454,12467.470308,12469.599297451521
24.227064,16.216894,454.684193,12472.017951,12472.709620325782
24.237064,16.211757,454.523883,12476.563992,12476.308668577622
24.247064,16.206877,454.363603,12481.108429,12482.138257562807
24.257064,16.203639,454.203335,12485.651264,12484.208938784288
24.267064,16.200975,454.04306,12490.192496,12491.637388608431
24.277064,16.198384,453.88277,12494.732125,12497.649205884003
24.287064,16.195807,453.722462,12499.270151,12498.606530865498
24.297064,16.193183,453.56214,12503.806574,12503.187081440483
24.307064,16.190454,453.401807,12508.341394,12508.89062368668
24.317064,16.187556,453.241467,12512.87461,12510.098096619051
24.327064,16.184422,453.081125,12517.406223,12516.228898162162
24.337064,16.180989,452.920789,12521.936233,12521.21286360802
24.347064,16.17718,452.760467,12526.464639,12526.113688966432
24.357064,16.172913,452.600167,12530.991442,12530.721095793426
24.367064,16.168119,452.439901,12535.516643,12537.008235605519
24.377064,16.16273,452.279679,12540.04024,12540.655250297714
24.387064,16.156691,452.119512,12544.562236,12545.406439552102
24.397064,16.149958,451.959412,12549.082631,12545.617083775269
24.407064,16.142504,451.799389,12553.601425,12555.749541637044
24.417064,16.134352,451.639453,12558.118619,12558.27596756807
24.427064,16.125497,451.479616,12562.634214,12564.757726612374
24.437064,16.115957,451.319887,12567.148212,12567.612011103658
24.447064,16.105787,451.160274,12571.660612,12572.023950579578
24.457064,16.095061,451.000784,12576.171417,12574.258100795412
24.467064,16.083919,450.841424,12580.680628,12578.813907460575
24.477064,16.073875,450.682186,12585.188246,12585.194488312372
24.487064,16.064628,450.52305,12589.694272,12591.025343607555
24.497064,16.05517,450.364007,12594.198708,12594.770506668929
24.507064,16.045582,450.205057,12598.701553,12597.730413250434
24.517064,16.035936,450.04621,12603.202809,12603.356854912025
24.527064,16.02631,449.887468,12607.702477,12608.051805821791
24.537064,16.016918,449.72883,12612.200559,12614.08316911244
24.547064,16.010334,449.570273,12616.697054,12617.867321733356
24.557064,16.012914,449.411706,12621.191964,12623.574711421827
24.567064,16.015277,449.253047,12625.685288,12622.973668277882
24.577064,16.017159,449.094284,12630.177025,12629.469038408972
24.587064,16.018325,448.93544,12634.667174,12635.71474830305
24.597064,16.018592,448.776546,12639.155734,12637.432168170004
24.607064,16.017808,448.617622,12643.642705,12644.64916452887
24.617064,16.015838,448.458679,12648.128086,12647.414836216527
24.627064,16.012572,448.299733,12652.611878,12654.727015056706
24.637064,16.007931,448.140803,12657.094081,12656.614724810657
24.647064,16.001871,447.981912,12661.574694,12661.31996555722
24.657064,15.994382,447.82308,12666.053719,12667.562313960048
24.667064,15.985494,447.664329,12670.531156,12670.596997122453
24.677064,15.975268,447.50568,12675.007006,12674.088008735345
24.687064,15.963797,447.347151,12679.48127,12680.119317492605
24.697064,15.951202,447.188761,12683.95395,12684.467103466022
24.707064,15.937626,447.030526,12688.425046,12688.76656451425
24.717064,15.923337,446.872458,12692.894561,12690.155585659033
24.727064,15.90842,446.714571,12697.362496,12698.373320875544
24.737064,15.893049,446.556873,12701.828853,12701.645959631513
24.747064,15.87739,446.39937,12706.293634,12706.0273321616
24.757064,15.861621,446.242067,12710.756841,12712.310595282934
24.767064,15.846018,446.084966,12715.218476,12715.800183508321
24.777064,15.833296,445.928042,12719.678541,12720.334063367405
24.787064,15.822829,445.771261,12724.137037,12722.87802488267
24.797064,15.81268,445.614599,12728.593966,12728.058149350594
24.807064,15.802872,445.458049,12733.049329,12734.48728998611
24.817064,15.793414,445.301607,12737.503127,12739.41625457812
24.827064,15.784308,445.14527,12741.955362,12742.287645303866
24.837064,15.775549,444.989031,12746.406033,12745.65754423683
24.847064,15.767129,444.832886,12750.855143,12751.505877945052
24.857064,15.759037,444.676827,12755.302691,12753.497606445035
24.867064,15.751301,444.520848,12759.748679,12760.311983655065
24.877064,15.743894,444.364942,12764.193108,12765.841358439438
24.887064,15.736798,444.209102,12768.635979,12768.50187304535
24.897064,15.729989,444.053321,12773.077291,12773.064278588872
24.907064,15.723453,443.897594,12777.517045,12779.399643277326
24.917064,15.716984,443.741916,12781.955243,12785.194537597281
24.927064,15.707626,443.586314,12786.391884,12787.756511050193
24.937064,15.688255,443.430891,12790.82697,12791.371014763594
24.947064,15.669742,443.275727,12795.260503,12796.501072054369
24.957064,15.65229,443.120835,12799.692485,12800.715523371726
24.967064,15.636061,442.966187,12804.12292,12804.485000923252
24.977064,15.621171,442.811753,12808.551809,12809.231264262782
24.987064,15.607699,442.657508,12812.979156,12811.451045680244
24.997064,15.5957,442.50343,12817.40496,12817.272000408197
25.007064,15.585214,442.349493,12821.829225,12824.108387417136
25.017064,15.576264,442.195673,12826.25195,12825.446698484398
25.027064,15.568851,442.041941,12830.673138,12833.18044824226
25.037064,15.562961,441.888269,12835.092789,12839.405628968094
25.047064,15.558556,441.734633,12839.510904,12839.44006954089
25.057064,15.555585,441.581005,12843.927482,12842.32082619821
25.067064,15.553973,441.427362,12848.342524,12851.631101943694
25.077064,15.553629,441.273683,12852.756029,12852.366716708691
25.087064,15.554446,441.119948,12857.167997,12856.873615491386
25.097064,15.556296,440.96614,12861.578428,12862.14237301171
25.107064,15.559018,440.812245,12865.98732,12867.014992820914
25.117064,15.562443,440.658253,12870.394673,12870.584014506994
25.127064,15.566385,440.504155,12874.800485,12878.162811903598
25.137064,15.570645,440.349948,12879.204755,12879.414317475324
25.147064,15.575015,440.195631,12883.607483,12887.289130092784
25.157064,15.57928,440.041206,12888.008667,12887.364809462084
25.167064,15.583226,439.886679,12892.408307,12893.42405717418
25.177064,15.586643,439.732058,12896.806401,12898.35246893766
25.187064,15.589331,439.577355,12901.202948,12902.21450074999
25.197064,15.591105,439.422584,12905.597948,12907.148539658088
25.207064,15.591803,439.26776,12909.991399,12910.57957202146
25.217064,15.591286,439.112902,12914.383303,12912.411538719867
25.227064,15.589443,438.958029,12918.773657,12918.544336051158
25.237064,15.586197,438.803162,12923.162463,12923.054911590401
25.247064,15.581503,438.648321,12927.549721,12926.092253254572
25.257064,15.57535,438.493529,12931.93543,12932.910605510464
25.267064,15.567759,438.338807,12936.319592,12935.258307825974
25.277064,15.558786,438.184175,12940.702206,12942.858318995686
25.287064,15.548515,438.029654,12945.083275,12945.506341689223
25.297064,15.537056,437.875262,12949.4628,12948.85181127085
25.307064,15.524541,437.721016,12953.840781,12956.184269208414
25.317064,15.511129,437.56693,12958.217221,12961.695510400932
25.327064,15.496982,437.413019,12962.59212,12964.242028464976
25.337064,15.482268,437.259292,12966.965482,12967.624297709459
25.347064,15.466676,437.10576,12971.337307,12970.66221801103
25.357064,15.450866,436.952431,12975.707598,12975.680530968044
25.367064,15.435015,436.799309,12980.076356,12979.333590351134
25.377064,15.419289,436.646394,12984.443584,12986.998641014407
25.387064,15.40384,436.493683,12988.809285,12987.225172086391
25.397064,15.388843,436.341171,12993.173459,12991.300094008096
25.407064,15.374838,436.188849,12997.536109,12998.023177814806
25.417064,15.362507,436.036697,13001.897236,12999.99139614225
25.427064,15.350852,435.884695,13006.256843,13007.328924606827
25.437064,15.339926,435.732828,13010.614931,13010.377661886763
25.447064,15.329772,435.581088,13014.9715,13015.931529968153
25.457064,15.320427,435.429462,13019.326553,13020.322970907542
25.467064,15.311914,435.277936,13023.68009,13023.254010294791
25.477064,15.304243,435.126494,13028.032112,13025.0257722653
25.487064,15.297411,434.975123,13032.38262,13030.92281927756
25.497064,15.291404,434.823809,13036.731614,13036.340529043862
25.507064,15.286288,434.672537,13041.079096,13041.323320541453
25.517064,15.281969,434.521296,13045.425065,13047.122443375521
25.527064,15.278364,434.370072,13049.769522,13049.404009756996
25.537064,15.275414,434.218854,13054.112467,13054.617893015766
25.547064,15.273048,434.067635,13058.453899,13061.084450914832
25.557064,15.271188,433.916404,13062.793819,13062.349095695052
25.567064,15.269691,433.765157,13067.132227,13067.350188450264
25.577064,15.266323,433.613906,13071.469123,13069.662211972343
25.587064,15.26338,433.462665,13075.804505,13076.92834228408
25.597064,15.260943,433.311437,13080.138376,13080.784221414515
25.607064,15.258876,433.16022,13084.470734,13086.949571498631
25.617064,15.25702,433.009011,13088.80158,13088.962011164962
25.627064,15.25521,432.857807,13093.130914,13092.668864048945
25.637064,15.253285,432.706612,13097.458736,13095.59536543261
25.647064,15.251093,432.555426,13101.785047,13100.722691571698
25.657064,15.248501,432.404253,13106.109845,13105.71333097589
25.667064,15.245394,432.253097,13110.433132,13109.589443370314
25.677064,15.241689,432.101963,13114.754907,13115.220104076894
25.687064,15.237334,431.950855,13119.075171,13119.880517475405
25.697064,15.232316,431.79978,13123.393924,13121.318775616652
25.707064,15.226635,431.648743,13127.711167,13129.452918784762
25.717064,15.220319,431.497753,13132.026899,13132.63219549863
25.727064,15.213422,431.346815,13136.341122,13135.148695650258
25.737064,15.206015,431.195936,13140.653836,13141.897698586065
25.747064,15.198181,431.045122,13144.965041,13144.858498780446
25.757064,15.190153,430.894381,13149.274739,13146.506945920804
25.767064,15.181921,430.743716,13153.582929,13154.98993038416
25.777064,15.173521,430.593133,13157.889613,13159.480668804268
25.787064,15.165027,430.442637,13162.194792,13163.238908549234
25.797064,15.156502,430.292233,13166.498466,13168.097277676256
25.807064,15.147992,430.141924,13170.800637,13172.965900512274
25.817064,15.139694,429.991713,13175.101305,13176.838865506676
25.827064,15.137839,429.841557,13179.400471,13179.506000566651
25.837064,15.137523,429.691396,13183.698136,13184.517095913556
25.847064,15.137498,429.541203,13187.994299,13185.532085120225
25.857064,15.137037,429.390989,13192.28896,13190.810875851259
25.867064,15.135993,429.240774,13196.582119,13195.670182122314
25.877064,15.134252,429.090569,13200.873776,13200.124217456352
25.887064,15.131714,428.940379,13205.16393,13205.63463709481
25.897064,15.128292,428.790209,13209.452583,13210.914931768002
25.907064,15.123845,428.640072,13213.739735,13214.502243900637
25.917064,15.118024,428.489983,13218.025385,13217.397210474273
25.927064,15.111229,428.339956,13222.309534,13223.862319854208
25.937064,15.103501,428.190005,13226.592184,13229.159145973495
25.947064,15.09491,428.040137,13230.873335,13231.17816085312
25.957064,15.085546,427.890363,13235.152987,13234.373025081895
25.967064,15.075522,427.74069,13239.431142,13239.464326196266
25.977064,15.064962,427.591127,13243.707801,13243.482042581392
25.987064,15.054,427.44168,13247.982965,13247.26081089391
25.997064,15.042775,427.292353,13252.256635,13253.897347301874
26.007064,15.031422,427.143152,13256.528813,13255.200752909657
26.017064,15.020072,426.994079,13260.799499,13263.954454141913
26.027064,15.008841,426.845135,13265.068695,13264.485191666903
26.037064,14.997835,426.696321,13269.336402,13270.825395506508
26.047064,14.98714,426.547635,13273.602622,13272.181768030525
26.057064,14.976828,426.399075,13277.867355,13275.359596577848
26.067064,14.966949,426.250638,13282.130604,13281.7794915863
26.077064,14.957542,426.102319,13286.392368,13287.824209308881
26.087064,14.948625,425.954112,13290.65265,13290.790802242807
26.097064,14.940209,425.806012,13294.911451,13292.828064256013
26.107064,14.932293,425.658011,13299.168771,13300.756811911024
26.117064,14.924874,425.510102,13303.424611,13305.026499384168
26.127064,14.917927,425.362276,13307.678973,13308.708315862688
26.137064,14.911436,425.214526,13311.931857,13313.439453480016
26.147064,14.905381,425.066844,13316.183264,13316.128683847212
26.157064,14.899747,424.91922,13320.433194,13321.821766005662
26.167064,14.894519,424.771646,13324.681649,13323.109245951713
26.177064,14.889682,424.624115,13328.928627,13329.269024455387
26.187064,14.885226,424.476619,13333.174131,13331.210183461726
26.197064,14.881139,424.329151,13337.41816,13335.849645615504
26.207064,14.87741,424.181703,13341.660714,13342.825053152686
26.217064,14.874025,424.03427,13345.901794,13346.621495539552
26.227064,14.870968,423.886847,13350.141399,13347.962348522502
26.237064,14.868216,423.739429,13354.379531,13353.400081683269
26.247064,14.86574,423.592013,13358.616188,13358.742992919495
26.257064,14.863502,423.444596,13362.851371,13362.498240924064
26.267064,14.861459,423.297177,13367.08508,13368.02364009295
26.277064,14.859557,423.149754,13371.317315,13368.836797948383
26.287064,14.857736,423.002329,13375.548075,13375.324101998624
26.297064,14.855928,422.854901,13379.777361,13380.53335206601
26.307064,14.854061,422.707474,13384.005173,13382.76215453869
26.317064,14.852061,422.560049,13388.231511,13389.875106902331
26.327064,14.849861,422.412632,13392.456374,13393.557712550459
26.337064,14.847382,422.265226,13396.679763,13398.491319636474
26.347064,14.844551,422.117836,13400.901679,13400.893009165946
26.357064,14.841307,421.970468,13405.12212,13404.438336112627
26.367064,14.837596,421.823128,13409.341088,13409.09114572746
26.377064,14.833379,421.675822,13413.558583,13413.821469831655
26.387064,14.828626,421.528557,13417.774605,13417.208978175166
26.397064,14.823323,421.38134,13421.989154,13423.424594850052
26.407064,14.81747,421.234178,13426.202232,13426.80412719028
26.417064,14.81108,421.087076,13430.413838,13430.408703801433
26.427064,14.804182,420.940042,13434.623973,13431.904101820992
26.437064,14.796814,420.793081,13438.832639,13439.043829724578
26.447064,14.789026,420.646199,13443.039835,13445.470803555725
26.457064,14.780981,420.499401,13447.245563,13445.937177742771
26.467064,14.772671,420.352689,13451.449824,13452.661201444618
26.477064,14.764132,420.206068,13455.652617,13456.19050669703
26.487064,14.755438,420.059541,13459.853945,13457.886993389231
26.497064,14.746656,419.91311,13464.053808,13461.952920702928
26.507064,14.737855,419.766776,13468.252208,13465.810476739809
26.517064,14.728917,419.620542,13472.449144,13473.571193325828
26.527064,14.717611,419.474427,13476.644619,13478.43564372641
26.537064,14.701698,419.328483,13480.838633,13479.740801190894
26.547064,14.686292,419.182753,13485.031189,13487.378419574598
26.557064,14.671569,419.037239,13489.222289,13491.326133631454
26.567064,14.657646,418.891918,13493.411935,13493.301812939737
26.577064,14.644616,418.746773,13497.600128,13496.909396425961
26.587064,14.632554,418.601794,13501.786871,13502.743052461848
26.597064,14.621526,418.456971,13505.972165,13507.83548614638
26.607064,14.611589,418.312288,13510.156011,13510.133838809541
26.617064,14.602781,418.167726,13514.338411,13512.730992277602
26.627064,14.595122,418.023264,13518.519366,13517.880893122336
26.637064,14.588534,417.878885,13522.698876,13523.629688669727
26.647064,14.582973,417.734572,13526.876944,13526.357151751285
26.657064,14.578543,417.590307,13531.053568,13531.32925052497
26.667064,14.575216,417.446072,13535.22875,13535.213485480663
26.677064,14.572953,417.301848,13539.402489,13539.075462073133
26.687064,14.571702,417.157618,13543.574787,13541.584177431901
26.697064,14.571399,417.013368,13547.745642,13548.495357814696
26.707064,14.57199,416.869083,13551.915054,13550.930655607259
26.717064,14.574243,416.724743,13556.083023,13557.700641535223
26.727064,14.577328,416.58033,13560.249549,13560.013596097639
26.737064,14.580982,416.435834,13564.414629,13562.470999550244
26.747064,14.58507,416.291247,13568.578265,13568.606554341033
26.757064,14.58945,416.146567,13572.740454,13572.106421304563
26.767064,14.593971,416.001794,13576.901196,13578.850012585446
26.777064,14.598479,415.856926,13581.06049,13581.419193795326
26.787064,14.602816,415.711969,13585.218334,13586.236071572204
26.797064,14.606825,415.566926,13589.374729,13588.795735993628
26.807064,14.610355,415.421805,13593.529672,13594.178754525541
26.817064,14.613259,415.276616,13597.683165,13597.1802251967
26.827064,14.615407,415.131368,13601.835205,13601.144401903026
26.837064,14.616675,414.986075,13605.985792,13607.444620653741
26.847064,14.616953,414.84075,13610.134926,13607.054067128141
26.857064,14.616157,414.695408,13614.282607,13615.614695926044
26.867064,14.614223,414.550065,13618.428834,13619.076004258292
26.877064,14.611109,414.404737,13622.573608,13624.119139271628
26.887064,14.606797,414.25944,13626.716929,13625.705835354487
26.897064,14.601291,414.11419,13630.858797,13630.45532267097
26.907064,14.594618,413.969005,13634.999213,13634.04526561158
26.917064,14.586828,413.823898,13639.138178,13638.540227583842
26.927064,14.577992,413.678887,13643.275691,13643.773331644757
26.937064,14.568196,413.533983,13647.411756,13649.273348546445
26.947064,14.557543,413.389201,13651.546371,13648.23297351139
26.957064,14.546149,413.244552,13655.67954,13656.085212547505
26.967064,14.53414,413.100045,13659.811263,13659.665422915426
26.977064,14.521646,412.955689,13663.941541,13666.400765675031
26.987064,14.508802,412.811491,13668.070377,13669.754515513181
26.997064,14.495746,412.667455,13672.197772,13669.536784221375
27.007064,14.482608,412.523585,13676.323727,13677.966753356859
27.017064,14.469519,412.379881,13680.448244,13683.808749663816
27.027064,14.456601,412.236343,13684.571325,13686.873165106093
27.037064,14.443967,412.092969,13688.692971,13692.216532944341
27.047064,14.431723,411.949755,13692.813185,13695.901519622765
27.057064,14.419961,411.806694,13696.931967,13699.161389350438
27.067064,14.408765,411.663781,13701.049319,13701.301001332675
27.077064,14.398206,411.521005,13705.165243,13705.953830736096
27.087064,14.388347,411.378359,13709.27974,13711.809249017873
27.097064,14.379239,411.23583,13713.392811,13716.206313661976
27.107064,14.370933,411.093407,13717.504457,13717.291985171256
27.117064,14.36347,410.951079,13721.614679,13722.75299765481
27.127064,14.35683,410.808831,13725.723479,13727.584476367683
27.137064,14.351017,410.666652,13729.830856,13733.686965432795
27.147064,14.346027,410.524528,13733.936812,13733.28338970727
27.157064,14.341846,410.382447,13738.041347,13736.485063383034
27.167064,14.33845,410.240397,13742.144461,13741.851780993105
27.177064,14.336039,410.098362,13746.246155,13747.335647483305
27.187064,14.339172,409.956292,13750.346428,13750.140921473034
27.197064,14.348202,409.814105,13754.44528,13754.083354035947
27.207064,14.35775,409.671747,13758.54271,13758.277647227847
27.217064,14.367576,409.529206,13762.638714,13765.121950586712
27.227064,14.377437,409.386489,13766.733293,13767.628252976005
27.237064,14.38709,409.243608,13770.826444,13772.49368121899
27.247064,14.396291,409.100571,13774.918165,13776.393867160785
27.257064,14.4048,408.957389,13779.008455,13777.636889719155
27.267064,14.412384,408.814073,13783.097312,13782.038930686123
27.277064,14.418825,408.67064,13787.184736,13787.667025395085
27.287064,14.423922,408.527109,13791.270725,13792.970849682455
27.297064,14.427513,408.3835,13795.355278,13794.671384341555
27.307064,14.429448,408.239836,13799.438394,13799.713997757919
27.317064,14.429613,408.096139,13803.520074,13803.673643570193
27.327064,14.427935,407.952434,13807.600317,13806.580966064843
27.337064,14.424379,407.808744,13811.679123,13812.880313637255
27.347064,14.418946,407.665096,13815.756492,13816.05384928902
27.357064,14.411675,407.521512,13819.832425,13821.08668203974
27.367064,14.402641,407.378016,13823.906923,13824.156113296132
27.377064,14.391952,407.234631,13827.979986,13827.60886886136
27.387064,14.379744,407.091378,13832.051616,13835.312936535485
27.397064,14.366177,406.948276,13836.121814,13836.90832901273
27.407064,14.351432,406.805342,13840.190582,13842.394389001418
27.417064,14.335705,406.662593,13844.257921,13844.818562633
27.427064,14.3192,406.520041,13848.323834,13848.664013182162
27.437064,14.302128,406.377696,13852.388323,13851.072646115186
27.447064,14.284696,406.235567,13856.451389,13855.85879624654
27.457064,14.26711,406.093659,13860.513035,13862.399732908274
27.467064,14.249564,405.951976,13864.573263,13864.24718397783
27.477064,14.232258,405.810516,13868.632075,13873.51778457043
27.487064,14.215346,405.669279,13872.689474,13873.107848256863
27.497064,14.198982,405.528258,13876.745462,13877.266633970148
27.507064,14.1833,405.387447,13880.80004,13879.074476398902
27.517064,14.168419,405.246836,13884.853211,13883.718701953332
27.527064,14.15444,405.106415,13888.904977,13890.312068410753
27.537064,14.141444,404.966169,13892.95534,13893.566517578407
27.547064,14.129498,404.826086,13897.004301,13897.222343904898
27.557064,14.118653,404.686147,13901.051862,13901.626108712411
27.567064,14.108945,404.546337,13905.098025,13906.2712889476
27.577064,14.100397,404.406638,13909.142789,13906.91489554895
27.587064,14.093019,404.267032,13913.186158,13914.093860552259
27.597064,14.08683,404.127499,13917.22813,13916.636563106833
27.607064,14.081841,403.988021,13921.268708,13920.007084808709
27.617064,14.077988,403.84858,13925.307891,13927.205823725046
27.627064,14.075239,403.709158,13929.345679,13928.290419155894
27.637064,14.073553,403.569738,13933.382074,13933.961645860423
27.647064,14.072879,403.430303,13937.417074,13939.472125836346
27.657064,14.073165,403.29084,13941.45068,13940.934146022177
27.667064,14.074255,403.151334,13945.482891,13947.226564734838
27.677064,14.07545,403.011781,13949.513706,13950.853139480725
27.687064,14.069897,402.872226,13953.543126,13952.863198654657
27.697064,14.065053,402.732723,13957.571151,13957.859168554267
27.707064,14.060935,402.593279,13961.597781,13961.316334854584
27.717064,14.057534,402.45387,13965.623017,13965.852862845733
27.727064,14.054815,402.314473,13969.646858,13970.260618654806
27.737064,14.052733,402.175083,13973.669306,13974.328292305532
27.747064,14.051243,402.035696,13977.69036,13979.320001394428
27.757064,14.050304,401.896307,13981.71002,13978.552121957257
27.767064,14.049867,401.756905,13985.728286,13984.994776441836
27.777064,14.049874,401.617481,13989.745158,13990.675753779778
27.787064,14.050256,401.47803,13993.760636,13991.959938840233
27.797064,14.050942,401.338546,13997.774719,13998.039727704941
27.807064,14.051735,401.199029,14001.787407,14001.945703976085
27.817064,14.052625,401.059477,14005.798699,14004.823036387701
27.827064,14.053585,400.919889,14009.808596,14010.772439721042
27.837064,14.054534,400.780266,14013.817097,14013.700202015449
27.847064,14.055389,400.640608,14017.824201,14017.776580926033
27.857064,14.056073,400.500918,14021.829909,14022.072312565842
27.867064,14.056506,400.361199,14025.834219,14028.575106793938
27.877064,14.056667,400.221457,14029.837133,14028.132163091554
27.887064,14.057054,400.081689,14033.838649,14037.065282787658
27.897064,14.058354,399.941891,14037.838766,14037.16357155285
27.907064,14.059075,399.80206,14041.837486,14040.491104050658
27.917064,14.059131,399.662205,14045.834808,14043.371818739251
27.927064,14.058489,399.522334,14049.83073,14047.415846896823
27.937064,14.05709,399.382457,14053.825254,14055.9610589354
27.947064,14.054891,399.242587,14057.81838,14059.18888253899
27.957064,14.051861,399.102734,14061.810106,14059.927612890915
27.967064,14.047984,398.962908,14065.800434,14066.113024979808
27.977064,14.043248,398.823123,14069.789364,14069.92258808843
27.987064,14.037629,398.68339,14073.776897,14072.850227329975
27.997064,14.029324,398.543733,14077.763033,14078.078158408898
28.007064,14.02034,398.404174,14081.747772,14079.69958227324
28.017064,14.010671,398.264727,14085.731116,14087.157727441996
28.027064,14.000472,398.1254,14089.713067,14091.222022669004
28.037064,13.989837,397.986199,14093.693625,14093.522393932879
28.047064,13.978855,397.847129,14097.672791,14099.039807598623
28.057064,13.967618,397.708195,14101.650568,14102.897805838436
28.067064,13.95622,397.569399,14105.626956,14104.011649406317
28.077064,13.944753,397.430746,14109.601956,14107.2261688046
28.087064,13.933265,397.292234,14113.575571,14114.097931364515
28.097064,13.92105,397.15387,14117.547801,14116.440548711018
28.107064,13.907916,397.01566,14121.518649,14121.24266858353
28.117064,13.89523,396.877608,14125.488115,14124.959018167208
28.127064,13.883094,396.73971,14129.456202,14129.182509200751
28.137064,13.871593,396.601959,14133.42291,14130.642628863932
28.147064,13.860797,396.464347,14137.388241,14136.767959207698
28.157064,13.85076,396.326866,14141.352197,14142.063978327838
28.167064,13.84152,396.189505,14145.314779,14147.709308107169
28.177064,13.833104,396.052253,14149.275988,14151.410780914235
28.187064,13.825523,395.915099,14153.235824,14152.558429103463
28.197064,13.81878,395.778032,14157.19429,14157.986864984094
28.207064,13.812868,395.641038,14161.151385,14161.752931817928
28.217064,13.807766,395.504107,14165.107111,14165.822627802658
28.227064,13.80345,395.367225,14169.061467,14169.878978782597
28.237064,13.79989,395.230381,14173.014455,14172.914446523919
28.247064,13.797051,395.093562,14176.966075,14178.927540305986
28.257064,13.794894,394.956758,14180.916327,14182.89308752534
28.267064,13.793377,394.819958,14184.86521,14184.21779418397
28.277064,13.792452,394.683151,14188.812726,14187.94694834449
28.287064,13.792072,394.54633,14192.758873,14192.347503245952
28.297064,13.792188,394.409485,14196.703652,14199.482320485335
28.307064,13.792747,394.27261,14200.647063,14201.731521540305
28.317064,13.793683,394.135698,14204.589105,14202.199233739828
28.327064,13.794951,393.998745,14208.529777,14209.698556666455
28.337064,13.796571,393.861747,14212.469079,14212.883678018317
28.347064,13.79837,393.724701,14216.407012,14214.828061909218
28.357064,13.800276,393.587605,14220.343573,14221.779690887375
28.367064,13.802212,393.45046,14224.278763,14224.233788020822
28.377064,13.804099,393.313267,14228.212582,14227.393930041071
28.387064,13.805859,393.176028,14232.145029,14232.631453605907
28.397064,13.807408,393.038748,14236.076103,14237.007925363165
28.407064,13.80877,392.901431,14240.005803,14239.805760138122
28.417064,13.811228,392.764072,14243.934131,14244.898205980118
28.427064,13.815823,392.62665,14247.861085,14248.35768109289
28.437064,13.819799,392.489153,14251.786664,14250.214062229255
28.447064,13.82302,392.351585,14255.710868,14257.269047904734
28.457064,13.825369,392.213966,14259.633695,14262.875621528705
28.467064,13.826755,392.076309,14263.555147,14263.317349246763
28.477064,13.827103,391.938628,14267.475221,14268.430491995252
28.487064,13.826348,391.800934,14271.393919,14271.240515111202
28.497064,13.824441,391.663242,14275.31124,14275.329800153146
28.507064,13.821359,391.525567,14279.227184,14280.419825999148
28.517064,13.817095,391.387926,14283.141752,14282.427682228852
28.527064,13.811659,391.250334,14287.054943,14286.996123530766
28.537064,13.805082,391.112805,14290.966758,14290.596990383921
28.547064,13.797415,390.975353,14294.877199,14295.47744626195
28.557064,13.788725,390.837993,14298.786266,14297.893334873883
28.567064,13.779093,390.700736,14302.693959,14302.205860075337
28.577064,13.768612,390.563594,14306.600281,14306.178599451432
28.587064,13.757389,390.42658,14310.505232,14309.356133334833
28.597064,13.745536,390.289701,14314.408813,14315.945551342407
28.607064,13.733173,390.152966,14318.311026,14316.543565160186
28.617064,13.720422,390.016381,14322.211873,14323.549579675677
28.627064,13.707407,389.879952,14326.111354,14325.967700875759
28.637064,13.69425,389.743683,14330.009472,14328.798677743976
28.647064,13.681071,389.607574,14333.906229,14331.33153134075
28.657064,13.66805,389.471627,14337.801624,14338.009095417066
28.667064,13.655491,389.33584,14341.695662,14340.763570635652
28.677064,13.64323,389.200207,14345.588342,14346.989943175338
28.687064,13.63136,389.064725,14349.479666,14347.76266922701
28.697064,13.619964,388.92939,14353.369637,14351.551241572599
28.707064,13.60912,388.794194,14357.258254,14357.330112191497
28.717064,13.598892,388.65913,14361.145521,14358.927624269561
28.727064,13.58933,388.524189,14365.031437,14366.63706832449
28.737064,13.580504,388.389362,14368.916005,14372.000388825118
28.747064,13.572697,388.254636,14372.799225,14373.236930614006
28.757064,13.566867,388.11999,14376.681098,14376.11161803348
28.767064,13.561783,387.985402,14380.561625,14381.094067967795
28.777064,13.557467,387.85086,14384.440806,14383.114384369796
28.787064,13.553877,387.716354,14388.318642,14385.536866277933
28.797064,13.550995,387.581875,14392.195134,14392.231055498978
28.807064,13.548797,387.447414,14396.07028,14399.222008158014
28.817064,13.547253,387.312958,14399.944082,14402.235732631192
28.827064,13.546323,387.178498,14403.816539,14403.287946420434
28.837064,13.545965,387.044027,14407.687652,14410.93849138632
28.847064,13.54613,386.909537,14411.55742,14411.948064910915
28.857064,13.546658,386.775022,14415.425842,14414.847431356882
28.867064,13.543936,386.640503,14419.29292,14423.975282207324
28.877064,13.54068,386.506004,14423.158653,14422.332501345356
28.887064,13.53789,386.371535,14427.02304,14428.819902336625
28.897064,13.535551,386.237091,14430.886083,14430.660421259294
28.907064,13.533632,386.102663,14434.747782,14432.358580306383
28.917064,13.532096,385.968246,14438.608137,14439.580317768814
28.927064,13.530896,385.833833,14442.467147,14440.253528502708
28.937064,13.529986,385.699423,14446.324813,14446.596191714967
28.947064,13.529322,385.565012,14450.181135,14451.635718360825
28.957064,13.528842,385.430596,14454.036113,14455.532147971366
28.967064,13.52849,385.296174,14457.889747,14459.405753092122
28.977064,13.52821,385.161744,14461.742037,14463.537990844043
28.987064,13.527949,385.027304,14465.592982,14464.090528071198
28.997064,13.527653,384.892855,14469.442583,14470.396141137493
29.007064,13.527274,384.758397,14473.290839,14473.350769730212
29.017064,13.526766,384.62393,14477.137751,14478.313293172774
29.027064,13.526087,384.489456,14480.983318,14480.618071020639
29.037064,13.525201,384.354976,14484.82754,14487.272249105159
29.047064,13.524075,384.220494,14488.670417,14486.857999590597
29.057064,13.522683,384.086011,14492.51195,14492.814765082154
29.067064,13.521003,383.951531,14496.352138,14495.082629653489
29.077064,13.519019,383.817058,14500.19098,14500.490114222055
29.087064,13.516719,383.682595,14504.028479,14503.997952335038
29.097064,13.514094,383.548147,14507.864632,14508.693962650917
29.107064,13.511142,383.413719,14511.699442,14516.70915198409
29.117064,13.507864,383.279315,14515.532907,14516.743466277612
29.127064,13.504261,383.144939,14519.365028,14519.757145735653
29.137064,13.500342,383.010597,14523.195806,14523.370795526296
29.147064,13.496115,382.876293,14527.02524,14526.926010766983
29.157064,13.491592,382.742031,14530.853332,14531.211789593435
29.167064,13.486785,382.607817,14534.680081,14535.045957575481
29.177064,13.48171,382.473654,14538.505488,14535.807993959914
29.187064,13.476384,382.339547,14542.329554,14541.014831645109
29.197064,13.470825,382.205499,14546.152279,14545.040035820468
29.207064,13.465052,382.071514,14549.973664,14549.133401608746
29.217064,13.459094,381.937595,14553.79371,14553.709051250513
29.227064,13.452966,381.803744,14557.612417,14558.641400862007
29.237064,13.446754,381.669965,14561.429785,14561.273957606694
29.247064,13.440428,381.536258,14565.245816,14565.208071829918
29.257064,13.434006,381.402624,14569.06051,14568.7049767749
29.267064,13.427518,381.269066,14572.873869,14570.887399465726
29.277064,13.420991,381.135583,14576.685892,14577.964924983724
29.287064,13.414456,381.002175,14580.496581,14581.484335569809
29.297064,13.407943,380.868843,14584.305936,14584.53697827612
29.307064,13.401483,380.735585,14588.113958,14589.51161848951
29.317064,13.39502,380.602401,14591.920648,14591.913394928166
29.327064,13.387142,380.4693,14595.726006,14597.243817600667
29.337064,13.377426,380.336304,14599.530034,14598.046170838013
29.347064,13.368003,380.20343,14603.332733,14601.98485520882
29.357064,13.358941,380.070676,14607.134103,14610.093309940443
29.367064,13.350294,379.93803,14610.934146,14611.488866698915
29.377064,13.342108,379.805485,14614.732864,14614.492080908569
29.387064,13.334423,379.673035,14618.530257,14619.478665243698
29.397064,13.327278,379.540675,14622.326325,14623.452477425091
29.407064,13.320709,379.408398,14626.12107,14625.862159835808
29.417064,13.314743,379.276192,14629.914493,14630.960404491641
29.427064,13.3094,379.14405,14633.706594,14632.953704691134
29.437064,13.304694,379.011962,14637.497374,14637.318728154185
29.447064,13.300632,378.87992,14641.286834,14640.935348528641
29.457064,13.297214,378.747916,14645.074973,14643.381622946472
29.467064,13.294436,378.615939,14648.861792,14648.446420084978
29.477064,13.292283,378.483981,14652.647292,14651.67489613408
29.487064,13.290735,378.352034,14656.431472,14654.538974612082
29.497064,13.289764,378.22009,14660.214332,14660.769451008937
29.507064,13.289337,378.088141,14663.995874,14665.167942780414
29.517064,13.289411,377.95618,14667.776095,14668.617034791921
29.527064,13.289943,377.824202,14671.554997,14670.67903337725
29.537064,13.290883,377.6922,14675.332579,14678.842085100596
29.547064,13.292169,377.56017,14679.108841,14681.220789920782
29.557064,13.293741,377.428107,14682.883782,14684.389841876144
29.567064,13.295533,377.29601,14686.657403,14685.553987912284
29.577064,13.297477,377.163875,14690.429702,14689.035368972798
29.587064,13.299505,377.031701,14694.20068,14697.045760531113
29.597064,13.301455,376.899488,14697.970336,14698.085642496757
29.607064,13.303325,376.767237,14701.73867,14702.051545819715
29.617064,13.305072,376.63495,14705.505681,14706.890034940086
29.627064,13.306629,376.502629,14709.271369,14711.555202304953
29.637064,13.307935,376.370276,14713.035733,14713.478189804286
29.647064,13.30893,376.237896,14716.798774,14715.470629706319
29.657064,13.309562,376.105492,14720.560491,14719.71238840366
29.667064,13.309782,375.97307,14724.320884,14727.55307570999
29.677064,13.309551,375.840635,14728.079953,14728.143299795693
29.687064,13.308838,375.708194,14731.837697,14730.529026936596
29.697064,13.307715,375.575752,14735.594117,14735.44495832872
29.707064,13.306053,375.443315,14739.349212,14738.844157177231
29.717064,13.30384,375.31089,14743.102983,14743.868568332638
29.727064,13.301065,375.178485,14746.85543,14748.166040817243
29.737064,13.297729,375.046107,14750.606553,14752.178728676048
29.747064,13.293839,374.913763,14754.356352,14754.882156367361
29.757064,13.289408,374.781461,14758.104828,14757.104712949966
29.767064,13.284455,374.649208,14761.851981,14765.652283813646
29.777064,13.279007,374.51701,14765.597812,14764.279300563232
29.787064,13.273095,374.384874,14769.342322,14767.866428001676
29.797064,13.266754,374.252806,14773.08551,14773.865645495782
29.807064,13.260317,374.12081,14776.827378,14778.202295507515
29.817064,13.261839,373.988835,14780.567926,14781.541598488868
29.827064,13.266199,373.856818,14784.307155,14783.392143151259
29.837064,13.270004,373.724729,14788.045062,14788.003114951176
29.847064,13.273136,373.592574,14791.781649,14793.050133701028
29.857064,13.275508,373.460368,14795.516914,14796.192114173566
29.867064,13.277045,373.328129,14799.250856,14801.14271431079
29.877064,13.277684,373.195866,14802.983477,14803.325493496655
29.887064,13.277372,373.063591,14806.714774,14808.907096439141
29.897064,13.276073,372.931316,14810.444748,14809.712949373876
29.907064,13.273765,372.799052,14814.1734,14812.764378721806
29.917064,13.27044,372.666812,14817.900729,14818.311157695489
29.927064,13.266107,372.534609,14821.626737,14821.105694256436
29.937064,13.260787,372.402456,14825.351422,14825.368482884562
29.947064,13.254513,372.270364,14829.074786,14828.842538850085
29.957064,13.247334,372.138344,14832.796829,14832.321069012407
29.967064,13.23931,372.006409,14836.517553,14837.766173086362
29.977064,13.23051,371.874568,14840.236958,14840.867366463366
29.987064,13.221013,371.74283,14843.955045,14845.47774748172
29.997064,13.210907,371.611204,14847.671815,14845.099865473789
30.007064,13.200286,371.479698,14851.387269,14850.04296112252
30.017064,13.189252,371.348317,14855.101409,14856.685644629959
30.027064,13.177895,371.217068,14858.814236,14859.754007005318
30.037064,13.166313,371.085954,14862.525751,14864.358473572871
30.047064,13.154605,370.954978,14866.235956,14867.137414221881
30.057064,13.142867,370.824142,14869.944851,14871.256586279113
30.067064,13.131191,370.693447,14873.652439,14872.54834980592
30.077064,13.119663,370.562892,14877.35872,14877.500668644032
30.087064,13.108367,370.432475,14881.063697,14882.274581853564
30.097064,13.097378,370.302193,14884.76737,14883.35745267228
30.107064,13.086765,370.172044,14888.469741,14887.19080002928
30.117064,13.07659,370.042021,14892.170812,14890.200614954349
30.127064,13.066906,369.912118,14895.870582,14895.832434822822
30.137064,13.057762,369.782331,14899.569054,14900.41055827429
30.147064,13.049196,369.65265,14903.266229,14905.336015102888
30.157064,13.041241,369.523069,14906.962108,14905.190768184882
30.167064,13.033922,369.393578,14910.656691,14912.968419642111
30.177064,13.027259,369.264169,14914.34998,14912.228220484423
30.187064,13.021263,369.134832,14918.041975,14919.410341703091
30.197064,13.015953,369.005559,14921.732676,14923.092733523486
30.207064,13.011318,368.876338,14925.422086,14923.13525784022
30.217064,13.007354,368.747161,14929.110203,14930.358587970006
30.227064,13.004134,368.618018,14932.797029,14931.466834484834
30.237064,13.001557,368.488898,14936.482564,14938.434827413645
30.247064,12.999605,368.359793,14940.166807,14940.670169864092
30.257064,12.998251,368.230694,14943.84976,14942.421098305478
30.267064,12.997468,368.101593,14947.531421,14948.848075850648
30.277064,12.99722,367.972481,14951.211791,14952.676807960783
30.287064,12.997469,367.843352,14954.890871,14955.72175507641
30.297064,12.998173,367.7142,14958.568658,14959.16337466757
30.307064,12.999285,367.585019,14962.245155,14962.31491005894
30.317064,13.000517,367.455805,14965.920359,14964.104656737169
30.327064,12.994384,367.326608,14969.594271,14969.967712719032
30.337064,12.986358,367.197482,14973.266891,14974.067289776474
30.347064,12.978794,367.068451,14976.938221,14978.908611295965
30.357064,12.971808,366.939514,14980.608261,14979.300739486836
30.367064,12.965355,366.810661,14984.277012,14984.28527963873
30.377064,12.959456,366.68188,14987.944474,14989.365267816902
30.387064,12.95413,366.553165,14991.610649,14990.836915986361
30.397064,12.949387,366.424506,14995.275538,14993.337392132637
30.407064,12.945232,366.295896,14998.93914,14998.068997993707
30.417064,12.941664,366.167327,15002.601456,15005.787334510856
30.427064,12.938681,366.038791,15006.262486,15009.003442543204
30.437064,12.936266,365.910279,15009.922232,15008.821248853124
30.447064,12.934407,365.781785,15013.580692,15013.954515925589
30.457064,12.933234,365.6533,15017.237867,15019.082643770065
30.467064,12.932669,365.524815,15020.893758,15021.678886259966
30.477064,12.932577,365.396323,15024.548364,15025.4015143858
30.487064,12.932972,365.267818,15028.201684,15027.362095616101
30.497064,12.933766,365.139293,15031.85372,15031.419760139595
30.507064,12.934905,365.010744,15035.50447,15036.012600946668
30.517064,12.936342,364.882166,15039.153935,15040.082381272143
30.527064,12.938025,364.753556,15042.802113,15042.86647964925
30.537064,12.939901,364.624911,15046.449006,15047.50810434935
30.547064,12.941917,364.49623,15050.094611,15052.984163640325
30.557064,12.944018,364.367509,15053.73893,15051.003855383082
30.567064,12.94615,364.23875,15057.381961,15059.391366481472
30.577064,12.948269,364.109951,15061.023705,15061.015937985985
30.587064,12.950505,363.981113,15064.66416,15064.050913740793
30.597064,12.952947,363.852232,15068.303327,15069.041640194077
30.607064,12.955238,363.723308,15071.941205,15073.42284558791
30.617064,12.957323,363.594344,15075.577793,15076.471048440771
30.627064,12.959149,363.465344,15079.213092,15076.291378219676
30.637064,12.960666,363.336313,15082.8471,15083.68465606192
30.647064,12.961827,363.207256,15086.479818,15086.874312182827
30.657064,12.962586,363.078178,15090.111245,15088.828876317464
30.667064,12.962902,362.949086,15093.741381,15090.544935757867
30.677064,12.962737,362.819985,15097.370227,15096.169840060138
30.687064,12.962059,362.690884,15100.997781,15101.857716810722
30.697064,12.96084,362.561788,15104.624044,15105.419454431041
30.707064,12.959059,362.432705,15108.249017,15107.546842127942
30.717064,12.956702,362.303643,15111.872699,15112.340173789604
30.727064,12.95376,362.174609,15115.49509,15114.235821690365
30.737064,12.950233,362.045609,15119.116191,15119.218018344087
30.747064,12.946127,361.916652,15122.736002,15124.916069731744
30.757064,12.94146,361.787744,15126.354524,15125.828409032983
30.767064,12.93625,361.658893,15129.971757,15130.67280906015
30.777064,12.930523,361.530103,15133.587702,15134.205472669077
30.787064,12.924312,361.401382,15137.202359,15134.95934482208
30.797064,12.917659,361.272735,15140.81573,15138.824026736233
30.807064,12.910608,361.144166,15144.427814,15144.303174618828
30.817064,12.903209,361.01568,15148.038614,15150.654652675294
30.827064,12.895516,360.887282,15151.648128,15151.288759230041
30.837064,12.887586,360.758973,15155.256359,15155.809023549824
30.847064,12.879478,360.630757,15158.863308,15159.36259087
30.857064,12.871252,360.502635,15162.468975,15164.339809300653
30.867064,12.862968,360.374608,15166.073361,15167.141757050724
30.877064,12.854688,360.246678,15169.676467,15169.978036151871
30.887064,12.846471,360.118843,15173.278295,15171.014624995727
30.897064,12.838376,359.991102,15176.878845,15176.735552543301
30.907064,12.830452,359.863455,15180.478117,15182.987785669558
30.917064,12.822749,359.735898,15184.076114,15183.763013210719
30.927064,12.815313,359.608429,15187.672836,15189.354100152494
30.937064,12.808186,359.481045,15191.268283,15191.123803054557
30.947064,12.801403,359.353742,15194.862457,15196.788641790945
30.957064,12.794996,359.226515,15198.455358,15197.46008731218
30.967064,12.788992,359.09936,15202.046987,15203.259978474034
30.977064,12.783411,358.972272,15205.637345,15205.139313158563
30.987064,12.77848,358.845243,15209.226433,15210.072051142819
30.997064,12.778499,358.718237,15212.81425,15211.10856988728
31.007064,12.782946,358.591193,15216.400797,15217.2487569386
31.017064,12.787685,358.464075,15219.986074,15224.058837442417
31.027064,12.792605,358.336873,15223.570079,15223.770260432553
31.037064,12.797613,358.209592,15227.152811,15227.198939263564
31.047064,12.802649,358.082234,15230.73427,15230.366098462362
31.057064,12.807622,357.954801,15234.314456,15235.345496701977
31.067064,12.812442,357.827295,15237.893366,15239.405693942355
31.077064,12.817023,357.699719,15241.471001,15242.200912487875
31.087064,12.821281,357.572076,15245.04736,15245.833312795883
31.097064,12.825138,357.444371,15248.622443,15250.842523861706
31.107064,12.828518,357.31661,15252.196248,15252.892716391163
31.117064,12.831355,357.1888,15255.768775,15259.990723859719
31.127064,12.833563,357.06095,15259.340023,15259.919533188251
31.137064,12.83469,356.933068,15262.909994,15263.393424980984
31.147064,12.834682,356.80517,15266.478685,15267.24029937723
31.157064,12.833948,356.677267,15270.046097,15271.005608941698
31.167064,12.832472,356.549369,15273.61223,15273.325067689244
31.177064,12.830247,356.421485,15277.177084,15277.503978729737
31.187064,12.827272,356.293624,15280.74066,15281.152654609148
31.197064,12.823557,356.165794,15284.302957,15285.942963614105
31.207064,12.81912,356.038006,15287.863976,15288.417214595855
31.217064,12.813985,355.910268,15291.423717,15292.07455308791
31.227064,12.808186,355.782589,15294.982181,15296.034655573761
31.237064,12.801764,355.654976,15298.539369,15298.449611192842
31.247064,12.79477,355.527437,15302.095281,15302.985777546335
31.257064,12.787254,355.39998,15305.649918,15302.233807859011
31.267064,12.779267,355.272611,15309.203281,15308.767944091225
31.277064,12.770869,355.145335,15312.755371,15314.208545587513
31.287064,12.762122,355.018158,15316.306188,15318.250273018024
31.297064,12.753088,354.891085,15319.855734,15319.63891093066
31.307064,12.743834,354.764117,15323.40401,15320.783921376056
31.317064,12.734425,354.63726,15326.951017,15328.404433639615
31.327064,12.724924,354.510513,15330.496756,15332.466978638842
31.337064,12.715396,354.383879,15334.041228,15331.892417526975
31.347064,12.705902,354.257357,15337.584434,15337.399137503948
31.357064,12.696502,354.130948,15341.126375,15338.130777617387
31.367064,12.687252,354.00465,15344.667053,15344.686388200704
31.377064,12.678206,353.87846,15348.206469,15346.45845717374
31.387064,12.669414,353.752377,15351.744623,15352.276125549839
31.397064,12.660922,353.626397,15355.281516,15356.444322435538
31.407064,12.652773,353.500514,15358.817151,15358.95933578258
31.417064,12.645004,353.374726,15362.351527,15361.218709665902
31.427064,12.637651,353.249026,15365.884646,15365.049721563924
31.437064,12.630742,353.123409,15369.416508,15369.802614007802
31.447064,12.624305,352.997869,15372.947114,15373.19146044715
31.457064,12.618409,352.872399,15376.476465,15377.841814426867
31.467064,12.613021,352.746992,15380.004562,15380.761915475168
31.477064,12.608153,352.621641,15383.531405,15386.80773399563
31.487064,12.603813,352.496339,15387.056995,15384.70485252985
31.497064,12.600004,352.371079,15390.581332,15393.607158889685
31.507064,12.596726,352.245853,15394.104417,15393.750520644317
31.517064,12.593973,352.120655,15397.62625,15394.886810758515
31.527064,12.591737,351.995477,15401.14683,15401.335362044734
31.537064,12.590004,351.870313,15404.666159,15403.623173356455
31.547064,12.588757,351.745156,15408.184236,15407.772664224072
31.557064,12.587873,351.62,15411.701062,15413.159430701571
31.567064,12.584705,351.494857,15415.216637,15414.298629979598
31.577064,12.58064,351.369749,15418.73096,15417.586964445401
31.587064,12.577063,351.244684,15422.244032,15420.401009173098
31.597064,12.573979,351.119657,15425.755853,15424.893507638179
31.607064,12.571378,350.994656,15429.266425,15429.25741419161
31.617064,12.569245,350.869672,15432.775746,15434.499741339518
31.627064,12.567561,350.744704,15436.283818,15435.494434792829
31.637064,12.566308,350.619746,15439.790641,15441.078946051388
31.647064,12.565464,350.494794,15443.296213,15445.063670404008
31.657064,12.565002,350.36984,15446.800536,15447.114411929171
31.667064,12.564891,350.24488,15450.30361,15451.397384805694
31.677064,12.565101,350.11991,15453.805434,15453.84244008454
31.687064,12.565601,349.994926,15457.306008,15459.71649850293
31.697064,12.56635,349.869924,15460.805332,15460.313635348788
31.707064,12.567308,349.744902,15464.303407,15463.682563778726
31.717064,12.568438,349.619857,15467.80023,15467.94368578342
31.727064,12.569699,349.494787,15471.295804,15472.327362560305
31.737064,12.571052,349.369691,15474.790126,15475.633784307587
31.747064,12.572455,349.244567,15478.283197,15477.975021595725
31.757064,12.57387,349.119415,15481.775017,15484.559538032589
31.767064,12.575257,348.994236,15485.265586,15487.10616792371
31.777064,12.576576,348.86903,15488.754902,15487.336016369629
31.787064,12.577792,348.743799,15492.242966,15494.392510566582
31.797064,12.578868,348.618543,15495.729778,15498.138959740963
31.807064,12.579769,348.493265,15499.215337,15497.245656428355
31.817064,12.580464,348.367969,15502.699643,15502.773029083019
31.827064,12.580922,348.242655,15506.182696,15503.951237184738
31.837064,12.581115,348.117329,15509.664496,15509.61394137736
31.847064,12.581019,347.991994,15513.145043,15512.844865175077
31.857064,12.580611,347.866654,15516.624336,15516.144371149112
31.867064,12.579872,347.741312,15520.102376,15521.987483118573
31.877064,12.578785,347.615974,15523.579162,15524.065053253174
31.887064,12.577337,347.490644,15527.054695,15528.34543617919
31.897064,12.575533,347.365327,15530.528975,15531.270452149067
31.907064,12.573358,347.240028,15534.002002,15534.766241586844
31.917064,12.570803,347.114751,15537.473776,15536.995092008641
31.927064,12.567869,346.989502,15540.944297,15541.479701640992
31.937064,12.564567,346.864284,15544.413566,15542.586179054146
31.947064,12.560899,346.739104,15547.881583,15545.034399406577
31.957064,12.556874,346.613965,15551.348348,15551.07954679841
31.967064,12.552507,346.488872,15554.813862,15553.80660830542
31.977064,12.547814,346.363828,15558.278126,15561.09588566164
31.987064,12.542816,346.238839,15561.741139,15565.984677644281
31.997064,12.537573,346.113907,15565.202903,15566.228165098877
32.007064,12.532118,345.989035,15568.663417,15568.975286802006
32.017064,12.529129,345.864211,15572.122684,15572.696110952736
32.027064,12.525878,345.739422,15575.580702,15574.961616846263
32.037064,12.522381,345.614663,15579.037472,15580.380757283458
32.047064,12.518639,345.489941,15582.492995,15582.707994132994
32.057064,12.514661,345.365262,15585.947271,15584.615686114917
32.067064,12.51046,345.240629,15589.400301,15587.490262244593
32.077064,12.50605,345.116044,15592.852084,15591.749645919019
32.087064,12.501446,344.991508,15596.302622,15595.69699565598
32.097064,12.496666,344.867023,15599.751914,15600.86545181543
32.107064,12.49173,344.74259,15603.199962,15601.771604255233
32.117064,12.486659,344.618211,15606.646766,15605.485003048114
32.127064,12.481476,344.493888,15610.092327,15610.422033196555
32.137064,12.476206,344.369622,15613.536644,15612.55843361897
32.147064,12.470874,344.245412,15616.979719,15615.824945101529
32.157064,12.465561,344.12126,15620.421553,15621.147503347069
32.167064,12.461418,343.997157,15623.862145,15623.709381577786
32.177064,12.45814,343.873092,15627.301496,15624.20129015808
32.187064,12.454848,343.749058,15630.739607,15631.820867028193
32.197064,12.451544,343.625053,15634.176477,15636.019544538865
32.207064,12.448159,343.501079,15637.612108,15639.568022917854
32.217064,12.444778,343.377137,15641.046499,15642.805262246651
32.227064,12.441406,343.253227,15644.479651,15645.774498179768
32.237064,12.438049,343.12935,15647.911564,15648.52256635816
32.247064,12.434711,343.005504,15651.342238,15653.251783010524
32.257064,12.431397,342.88169,15654.771674,15654.661975815945
32.267064,12.42811,342.757907,15658.199872,15658.005792556607
32.277064,12.424853,342.634156,15661.626832,15660.275568661018
32.287064,12.421626,342.510437,15665.052555,15665.05351153588
32.297064,12.418432,342.386748,15668.477041,15666.86726746083
32.307064,12.415243,342.26309,15671.90029,15672.415155080636
32.317064,12.412007,342.139465,15675.322303,15675.33551511525
32.327064,12.407354,342.015881,15678.743079,15679.365503799552
32.337064,12.402751,341.892344,15682.162621,15682.762226436256
32.347064,12.39821,341.768858,15685.580926,15686.894604755727
32.357064,12.39366,341.64542,15688.997998,15687.264137484204
32.367064,12.389125,341.522031,15692.413835,15692.472088580504
32.377064,12.38469,341.39869,15695.828439,15696.251736864257
32.387064,12.380366,341.275395,15699.241809,15699.206683678702
32.397064,12.376162,341.152145,15702.653947,15702.62845909741
32.407064,12.372086,341.028938,15706.064852,15707.30792624607
32.417064,12.368145,340.905773,15709.474526,15707.876308945763
32.427064,12.364345,340.782648,15712.882968,15711.511682527886
32.437064,12.36069,340.659562,15716.290179,15716.233451157646
32.447064,12.357183,340.536511,15719.696159,15719.690146874089
32.457064,12.353825,340.413496,15723.100909,15722.662843124303
32.467064,12.350618,340.290513,15726.504429,15724.684947500426
32.477064,12.347559,340.167561,15729.906719,15732.150967292699
32.487064,12.344648,340.044638,15733.30778,15731.61772543693
32.497064,12.34188,339.921742,15736.707612,15737.75855788022
32.507064,12.339251,339.798871,15740.106215,15738.859777200718
32.517064,12.336756,339.676024,15743.50359,15745.721177444915
32.527064,12.334387,339.553199,15746.899736,15747.18475713076
32.537064,12.332137,339.430394,15750.294654,15749.408383133203
32.547064,12.329997,339.307608,15753.688344,15757.060635638132
32.557064,12.327963,339.18484,15757.080806,15757.528964572122
32.567064,12.326028,339.062088,15760.472041,15760.805204527294
32.577064,12.324174,338.939351,15763.862048,15763.244982389035
32.587064,12.32239,338.816629,15767.250828,15767.317904977988
32.597064,12.320665,338.693919,15770.63838,15770.911572951334
32.607064,12.318987,338.571223,15774.024706,15774.239138383651
32.617064,12.317345,338.448538,15777.409805,15776.196032075919
32.627064,12.315726,338.325865,15780.793677,15780.875920872864
32.637064,12.314119,338.203204,15784.176322,15786.249122124742
32.647064,12.312512,338.080554,15787.557741,15789.282934114766
32.657064,12.310894,337.957915,15790.937933,15789.292197545738
32.667064,12.309252,337.835289,15794.316899,15794.679064750419
32.677064,12.307594,337.712674,15797.694639,15798.944558951858
32.687064,12.305908,337.590071,15801.071153,15802.955407599899
32.697064,12.304168,337.467481,15804.446441,15804.55462641021
32.707064,12.302365,337.344905,15807.820503,15809.0109101994
32.717064,12.300489,337.222344,15811.193339,15810.743857216714
32.727064,12.298532,337.099797,15814.564949,15814.258499787124
32.737064,12.296488,336.977268,15817.935335,15817.755650544355
32.747064,12.29435,336.854756,15821.304495,15820.321507013246
32.757064,12.292113,336.732262,15824.67243,15826.564907565256
32.767064,12.289781,336.609789,15828.03914,15830.942374130464
32.777064,12.287342,336.487338,15831.404626,15831.13665103211
32.787064,12.284707,336.364909,15834.768887,15837.18216734129
32.797064,12.281729,336.242508,15838.131924,15837.760309454914
32.807064,12.274328,336.12016,15841.493737,15841.99227378984
32.817064,12.267073,335.997894,15844.854328,15846.414870312112
32.827064,12.259986,335.87572,15848.213696,15849.1559726057
32.837064,12.253117,335.753632,15851.571842,15849.696513521587
32.847064,12.246569,335.631622,15854.928768,15856.674615503101
32.857064,12.240237,335.509689,15858.284475,15857.704044605385
32.867064,12.234129,335.387836,15861.638962,15863.127011277147
32.877064,12.22825,335.26606,15864.992232,15866.641866378754
32.887064,12.222605,335.144359,15868.344284,15869.125102086495
32.897064,12.217192,335.022728,15871.695119,15875.320432519793
32.907064,12.212012,334.901165,15875.044739,15875.993728702071
32.917064,12.207061,334.779665,15878.393143,15877.814360277544
32.927064,12.202339,334.658226,15881.740332,15885.757904422226
32.937064,12.197845,334.536843,15885.086308,15885.14902454332
32.947064,12.193582,334.415513,15888.431069,15890.52238878596
32.957064,12.189606,334.29423,15891.774618,15892.064373256977
32.967064,12.187265,334.172981,15895.116954,15894.259325075558
32.977064,12.186228,334.051747,15898.458078,15896.556878823243
32.987064,12.185397,333.930512,15901.797989,15903.34602418914
32.997064,12.184763,333.809273,15905.136688,15903.088001341357
33.007064,12.184374,333.688027,15908.474174,15906.613776334665
33.017064,12.184242,333.566771,15911.810448,15913.524772945239
33.027064,12.184295,333.445502,15915.14551,15917.856566098108
33.037064,12.184526,333.324217,15918.479358,15918.009232038965
33.047064,12.184927,333.202913,15921.811994,15921.352285411333
33.057064,12.185489,333.081589,15925.143417,15925.640690078895
33.067064,12.186205,332.960242,15928.473626,15927.407922863997
33.077064,12.187061,332.838872,15931.802621,15932.540527092697
33.087064,12.188045,332.717477,15935.130403,15939.347861235803
33.097064,12.189139,332.596058,15938.456971,15940.09758811426
33.107064,12.190322,332.474614,15941.782324,15942.910151636446
33.117064,12.19157,332.353145,15945.106463,15947.519598375122
33.127064,12.19285,332.231652,15948.429387,15949.714834236143
33.137064,12.193921,332.110138,15951.751096,15950.647277112563
33.147064,12.194847,331.988606,15955.07159,15954.778267399066
33.157064,12.195695,331.867058,15958.390868,15959.024208887407
33.167064,12.196434,331.745496,15961.708931,15960.235460505346
33.177064,12.197032,331.623923,15965.025778,15965.067966646084
33.187064,12.197456,331.502342,15968.341409,15968.512237835535
33.197064,12.197673,331.380754,15971.655825,15973.100824788728
33.207064,12.197653,331.259164,15974.969024,15976.198779635619
33.217064,12.197367,331.137574,15978.281008,15978.26241826554
33.227064,12.196788,331.015988,15981.591776,15983.270029458075
33.237064,12.195891,330.89441,15984.901328,15984.815227769557
33.247064,12.194657,330.772843,15988.209664,15987.480010446203
33.257064,12.193069,330.651291,15991.516785,15988.147358930233
33.267064,12.191114,330.529759,15994.82269,15996.714856105787
33.277064,12.188785,330.408249,15998.12738,15995.603414525307
33.287064,12.186077,330.286767,16001.430855,15999.657964909426
33.297064,12.182993,330.165315,16004.733115,16008.576730837713
33.307064,12.179544,330.043898,16008.034161,16006.640258274503
33.317064,12.175739,329.922518,16011.333993,16007.72598727831
33.327064,12.171591,329.801181,16014.632612,16014.848838161495
33.337064,12.16712,329.679888,16017.930017,16018.988103530886
33.347064,12.162378,329.558643,16021.22621,16022.17753999079
33.357064,12.157377,329.437449,16024.52119,16024.777489764476
33.367064,12.152134,329.316308,16027.814959,16027.625002818297
33.377064,12.146682,329.195223,16031.107517,16033.462480032747
33.387064,12.141055,329.074195,16034.398864,16032.941738670244
33.397064,12.13529,328.953226,16037.689001,16036.658259912592
33.407064,12.129423,328.832319,16040.977928,16040.984152640747
33.417064,12.123491,328.711473,16044.265647,16046.659171932151
33.427064,12.117529,328.590691,16047.552158,16049.857826730971
33.437064,12.111575,328.469971,16050.837461,16049.647956595712
33.447064,12.105661,328.349315,16054.121558,16054.07093922722
33.457064,12.09982,328.228723,16057.404448,16060.66897069507
33.467064,12.094074,328.108193,16060.686132,16060.094838083312
33.477064,12.088116,327.987728,16063.966612,16067.662519326894
33.487064,12.082034,327.867331,16067.245887,16063.55470579746
33.497064,12.076097,327.747004,16070.523959,16070.604626958055
33.507064,12.07033,327.626744,16073.800827,16074.767623832005
33.517064,12.064756,327.506548,16077.076494,16078.263315573668
33.527064,12.059397,327.386414,16080.350959,16081.299616689224
33.537064,12.054272,327.266339,16083.624222,16085.617054595967
33.547064,12.049399,327.146321,16086.896286,16086.89107928595
33.557064,12.044794,327.026356,16090.167149,16090.03564656409
33.567064,12.040471,326.906441,16093.436813,16096.447805776836
33.577064,12.036439,326.786572,16096.705278,16100.180812077933
33.587064,12.032709,326.666745,16099.972544,16102.017496742335
33.597064,12.029286,326.546957,16103.238613,16103.694916549244
33.607064,12.026181,326.427203,16106.503484,16104.797038952573
33.617064,12.023391,326.307479,16109.767157,16110.878808366751
33.627064,12.020915,326.187782,16113.029633,16114.111242985697
33.637064,12.018752,326.068108,16116.290913,16118.014259979373
33.647064,12.016896,325.948453,16119.550996,16120.186913496982
33.657064,12.01534,325.828812,16122.809882,16123.196685258337
33.667064,12.014078,325.709182,16126.067572,16130.964769665365
33.677064,12.013097,325.58956,16129.324066,16130.151887780195
33.687064,12.012386,325.469941,16132.579363,16135.439222133054
33.697064,12.01193,325.350324,16135.833464,16136.955841972167
33.707064,12.011714,325.230704,16139.08637,16140.42027349743
33.717064,12.01172,325.111079,16142.338078,16142.720247688458
33.727064,12.011929,324.991446,16145.588591,16146.384858059022
33.737064,12.012321,324.871803,16148.837907,16148.47278378484
33.747064,12.012873,324.752147,16152.086027,16153.30760445739
33.757064,12.013564,324.632478,16155.33295,16155.419974906503
33.767064,12.01437,324.512794,16158.578677,16158.519383687266
33.777064,12.015267,324.393093,16161.823206,16161.71777243605
33.787064,12.016229,324.273375,16165.066538,16166.084793881391
33.797064,12.017232,324.153638,16168.308673,16165.922842072843
33.807064,12.018249,324.033884,16171.549611,16170.605263757123
33.817064,12.019257,323.914111,16174.789351,16172.052071552578
33.827064,12.020228,323.794321,16178.027893,16178.368213199334
33.837064,12.021139,323.674513,16181.265237,16178.796148450003
33.847064,12.021966,323.55469,16184.501383,16184.80196993194
33.857064,12.022685,323.434852,16187.736331,16185.83152217902
33.867064,12.023273,323.315,16190.97008,16191.54468347313
33.877064,12.02371,323.195138,16194.202631,16194.035609754346
33.887064,12.023976,323.075265,16197.433983,16198.955322821186
33.897064,12.024053,322.955386,16200.664136,16198.042645374322
33.907064,12.023923,322.835502,16203.893091,16203.826483702418
33.917064,12.023579,322.715616,16207.120846,16208.472656094536
33.927064,12.023002,322.59573,16210.347403,16212.600875396436
33.937064,12.022181,322.475848,16213.572761,16215.600496262165
33.947064,12.021107,322.355973,16216.79692,16217.608594072488
33.957064,12.019773,322.236107,16220.019881,16221.830531443204
33.967064,12.018175,322.116254,16223.241642,16223.1290782684
33.977064,12.016312,321.996417,16226.462206,16226.310718285988
33.987064,12.014182,321.876599,16229.681571,16230.659946487114
33.997064,12.011789,321.756804,16232.899738,16232.480615813853
34.007064,12.009137,321.637034,16236.116707,16236.36972946125
34.017064,12.006232,321.517292,16239.332479,16239.305762061516
34.027064,12.003082,321.397582,16242.547053,16243.967634730598
34.037064,11.999699,321.277907,16245.76043,16245.443199258385
34.047064,11.996093,321.158268,16248.972611,16249.494098031828
34.057064,11.992278,321.03867,16252.183596,16252.101669909207
34.067064,11.98827,320.919113,16255.393385,16254.157148945858
34.077064,11.984085,320.799602,16258.601978,16258.417975691611
34.087064,11.97974,320.680136,16261.809377,16262.315305957813
34.097064,11.975254,320.560719,16265.015581,16264.80323456236
34.107064,11.970645,320.441352,16268.220591,16270.01553736904
34.117064,11.965935,320.322037,16271.424408,16271.979701706654
34.127064,11.961143,320.202774,16274.627032,16274.06174175765
34.137064,11.95629,320.083564,16277.828464,16276.512384894102
34.147064,11.951396,319.964409,16281.028704,16279.867952020428
34.157064,11.946482,319.845308,16284.227752,16287.13255164263
34.167064,11.941569,319.726262,16287.42561,16289.130923430968
34.177064,11.936677,319.60727,16290.622278,16289.608068743275
34.187064,11.931825,319.488333,16293.817756,16292.80291061262
34.197064,11.927033,319.36945,16297.012045,16297.719051470898
34.207064,11.922317,319.250619,16300.205145,16299.302146348407
34.217064,11.917697,319.13184,16303.397057,16300.820764478838
34.227064,11.913193,319.013112,16306.587782,16307.08121196376
34.237064,11.908833,318.894433,16309.77732,16310.002622875036
34.247064,11.904625,318.775801,16312.965671,16313.506436222227
34.257064,11.900571,318.657215,16316.152836,16318.473724628477
34.267064,11.896681,318.538672,16319.338815,16320.290621142312
34.277064,11.892968,318.420171,16322.523609,16322.272754179403
34.287064,11.889438,318.301709,16325.707219,16329.433427599348
34.297064,11.886101,318.183284,16328.889644,16331.523791733916
34.307064,11.882962,318.064893,16332.070884,16331.316679034155
34.317064,11.880026,317.946535,16335.250942,16336.028283115735
34.327064,11.877296,317.828205,16338.429815,16339.738129078098
34.337064,11.874774,317.709903,16341.607506,16341.05528175943
34.347064,11.872461,317.591625,16344.784013,16347.250899429226
34.357064,11.870355,317.473369,16347.959338,16347.23514292189
34.367064,11.868503,317.355132,16351.133481,16351.868375410906
34.377064,11.867992,317.236904,16354.306441,16354.274159993785
34.387064,11.868543,317.118672,16357.478219,16358.043674983319
34.397064,11.86925,317.000424,16360.648814,16357.341291112822
34.407064,11.870088,316.882159,16363.818227,16362.463610366345
34.417064,11.871036,316.763878,16366.986458,16368.485892190894
34.427064,11.872071,316.64558,16370.153505,16370.349974845907
34.437064,11.873171,316.527264,16373.319369,16375.372907042229
34.447064,11.874311,316.408929,16376.48405,16377.233828652425
34.457064,11.875467,316.290574,16379.647548,16380.440625281755
34.467064,11.876614,316.172199,16382.809861,16382.402965152998
34.477064,11.877729,316.053806,16385.970992,16385.66084432373
34.487064,11.878788,315.935395,16389.130938,16391.78832841239
34.497064,11.879768,315.816966,16392.289699,16393.530153442607
34.507064,11.880649,315.698521,16395.447277,16394.906189646605
34.517064,11.881412,315.580061,16398.60367,16397.85184464259
34.527064,11.882032,315.461588,16401.758878,16401.128824268675
34.537064,11.88249,315.343103,16404.912901,16404.852283128803
34.547064,11.882768,315.22461,16408.06574,16407.22939915293
34.557064,11.88285,315.106109,16411.217394,16411.783801003057
34.567064,11.88272,314.987605,16414.367862,16415.916200086704
34.577064,11.882366,314.869098,16417.517146,16418.383542394593
34.587064,11.881777,314.750593,16420.665244,16419.806254122403
34.597064,11.880944,314.632091,16423.812158,16425.443256644456
34.607064,11.879859,314.513597,16426.957886,16428.107282248795
34.617064,11.878518,314.395112,16430.102429,16431.711268325398
34.627064,11.876916,314.27664,16433.245788,16433.876444136644
34.637064,11.875053,314.158184,16436.387962,16436.73890335092
34.647064,11.87293,314.039748,16439.528952,16441.109774149576
34.657064,11.87055,313.921334,16442.668757,16443.62842313909
34.667064,11.867917,313.802945,16445.807379,16445.383495942355
34.677064,11.865038,313.684584,16448.944816,16448.251260615987
34.687064,11.861921,313.566254,16452.081071,16452.969612899877
34.697064,11.858578,313.447958,16455.216142,16457.700238585763
34.707064,11.855019,313.329699,16458.35003,16455.749589210667
34.717064,11.851257,313.211478,16461.482736,16463.98978186028
34.727064,11.847308,313.093299,16464.61426,16466.20480164069
34.737064,11.843187,312.975163,16467.744602,16467.0918506435
34.747064,11.838911,312.857073,16470.873763,16470.56665002804
34.757064,11.834498,312.73903,16474.001743,16472.071864952854
34.767064,11.829965,312.621035,16477.128544,16477.79517363635
34.777064,11.825325,312.503091,16480.254164,16480.72827200682
34.787064,11.820597,312.385198,16483.378606,16485.485122368314
34.797064,11.815808,312.267357,16486.501868,16485.032463755415
34.807064,11.810982,312.149569,16489.623953,16487.67389629265
34.817064,11.806148,312.031834,16492.74486,16494.08286423204
34.827064,11.801312,311.914153,16495.86459,16498.146492092907
34.837064,11.796494,311.796525,16498.983143,16499.44562627941
34.847064,11.79171,311.678949,16502.100521,16503.113749001383
34.857064,11.786981,311.561427,16505.216722,16506.24834640727
34.867064,11.782322,311.443956,16508.331749,16509.237275523352
34.877064,11.777752,311.326536,16511.445602,16511.15076070958
34.887064,11.773285,311.209166,16514.55828,16517.137160873808
34.897064,11.768936,311.091845,16517.669785,16517.736956741242
34.907064,11.764719,310.97457,16520.780117,16518.47156055696
34.917064,11.760647,310.857341,16523.889277,16524.335259633062
34.927064,11.756732,310.740155,16526.997264,16527.815299174017
34.937064,11.752982,310.623011,16530.10408,16530.74758025541
34.947064,11.749447,310.505906,16533.209724,16533.808339321444
34.957064,11.747085,310.388833,16536.314198,16538.432852424212
34.967064,11.745549,310.271779,16539.417501,16541.01776425896
34.977064,11.744177,310.154735,16542.519634,16540.13485902296
34.987064,11.742959,310.0377,16545.620596,16544.617560154536
34.997064,11.741888,309.920674,16548.720388,16548.72813997054
35.007064,11.740932,309.803655,16551.819009,16552.297806722756
35.017064,11.740088,309.686643,16554.916461,16555.50027251408
35.027064,11.739365,309.569634,16558.012742,16556.795175325515
35.037064,11.73875,309.452629,16561.107854,16561.94650560281
35.047064,11.738233,309.335624,16564.201795,16564.662028752566
35.057064,11.737802,309.21862,16567.294566,16566.112621334203
35.067064,11.737444,309.101616,16570.386167,16569.26886882333
35.077064,11.737147,308.98461,16573.476598,16572.768084119947
35.087064,11.736898,308.867602,16576.565859,16577.532355445226
35.097064,11.736683,308.750592,16579.65395,16578.340817992874
35.107064,11.736489,308.63358,16582.740871,16581.706584099484
35.117064,11.736302,308.516564,16585.826622,16587.924462820254
35.127064,11.73611,308.399546,16588.911203,16588.953376596626
35.137064,11.735897,308.282525,16591.994613,16592.73222999585
35.147064,11.73565,308.165503,16595.076853,16594.3832831525
35.157064,11.73518,308.048479,16598.157923,16598.751768458143
35.167064,11.734613,307.931457,16601.237823,16600.765914989526
35.177064,11.733984,307.814438,16604.316552,16606.389434998513
35.187064,11.733286,307.697421,16607.394111,16608.056257756583
35.197064,11.732507,307.580409,16610.470501,16612.127260925634
35.207064,11.731641,307.463402,16613.54572,16615.408340590046
35.217064,11.730677,307.346402,16616.619769,16615.830257015205
35.227064,11.729608,307.229409,16619.692648,16620.366128135287
35.237064,11.728429,307.112425,16622.764357,16619.39546241684
35.247064,11.727133,306.995451,16625.834896,16625.586534353068
35.257064,11.725715,306.878489,16628.904266,16631.146744199963
35.267064,11.724174,306.76154,16631.972466,16631.271728970336
35.277064,11.72251,306.644606,16635.039497,16634.223318734832
35.287064,11.720715,306.527688,16638.105358,16638.92240628875
35.297064,11.718789,306.410787,16641.170051,16639.288370323404
35.307064,11.716733,306.293906,16644.233574,16645.277109633404
35.317064,11.714547,306.177045,16647.295929,16647.211248077358
35.327064,11.712233,306.060206,16650.357115,16650.87527599687
35.337064,11.709795,305.943391,16653.417133,16653.712412234985
35.347064,11.707236,305.826601,16656.475983,16657.416896198047
35.357064,11.704562,305.709838,16659.533665,16658.272081408566
35.367064,11.701779,305.593102,16662.59018,16666.19163592482
35.377064,11.698892,305.476395,16665.645527,16663.891860207474
35.387064,11.695909,305.359719,16668.699708,16669.254438049124
35.397064,11.692838,305.243073,16671.752722,16671.306240594913
35.407064,11.689693,305.12646,16674.804569,16677.00344549761
35.417064,11.686495,305.00988,16677.855251,16677.668424463824
35.427064,11.683236,304.893333,16680.904767,16678.036489789953
35.437064,11.679923,304.776821,16683.953118,16685.999969242
35.447064,11.676566,304.660344,16687.000304,16686.54339699215
35.457064,11.673175,304.543903,16690.046325,16691.3953346132
35.467064,11.66976,304.427497,16693.091182,16694.28945268994
35.477064,11.666331,304.311128,16696.134875,16696.36953694897
35.487064,11.662896,304.194795,16699.177404,16702.080876170054
35.497064,11.659465,304.078498,16702.218771,16700.13118302295
35.507064,11.656052,303.962238,16705.258975,16705.979976326886
35.517064,11.652663,303.846014,16708.298016,16708.311747504667
35.527064,11.649305,303.729826,16711.335895,16710.426917775065
35.537064,11.645986,303.613673,16714.372612,16711.7137888154
35.547064,11.642637,303.497556,16717.408169,16718.363301130856
35.557064,11.639361,303.381474,16720.442564,16721.405051169942
35.567064,11.632762,303.265447,16723.475798,16722.89207254634
35.577064,11.626332,303.149492,16726.507873,16728.5554311925
35.587064,11.620073,303.033614,16729.538788,16727.569411416476
35.597064,11.614011,302.917809,16732.568545,16732.93341032885
35.607064,11.608166,302.802073,16735.597145,16735.424689016367
35.617064,11.602556,302.686403,16738.624587,16737.85019677575
35.627064,11.597199,302.570797,16741.650873,16740.838216896704
35.637064,11.592109,302.455251,16744.676003,16747.619561388605
35.647064,11.587299,302.339762,16747.699978,16745.104986105613
35.657064,11.582781,302.224328,16750.722799,16751.57805021902
35.667064,11.578564,302.108944,16753.744465,16754.09340586905
35.677064,11.574655,301.993606,16756.764978,16757.65096430956
35.687064,11.57106,301.878311,16759.784337,16760.40192870728
35.697064,11.567785,301.763055,16762.802544,16763.532299784678
35.707064,11.564831,301.647833,16765.819598,16767.234129201584
35.717064,11.562201,301.532641,16768.835501,16770.131242767427
35.727064,11.559895,301.417475,16771.850251,16770.274773870544
35.737064,11.55791,301.302331,16774.86385,16774.5210394293
35.747064,11.556246,301.187205,16777.876298,16778.23929305776
35.757064,11.554897,301.072092,16780.887594,16780.548849870374
35.767064,11.553858,300.956988,16783.89774,16781.181196388912
35.777064,11.553123,300.84189,16786.906734,16787.20090837094
35.787064,11.552684,300.726793,16789.914578,16789.38228601475
35.797064,11.552522,300.611695,16792.92127,16791.725196495638
35.807064,11.552623,300.496591,16795.926812,16794.086673372887
35.817064,11.552988,300.381478,16798.931202,16798.410068600966
35.827064,11.553605,300.266353,16801.934441,16802.430198496106
35.837064,11.554457,300.151213,16804.936529,16805.10250645682
35.847064,11.55553,300.036055,16807.937465,16808.703893124315
35.857064,11.556805,299.920877,16810.93725,16812.574501318126
35.867064,11.558265,299.805677,16813.935883,16812.784920344508
35.877064,11.55989,299.690453,16816.933363,16817.080175109077
35.887064,11.561659,299.575202,16819.929692,16820.75278433936
35.897064,11.563549,299.459925,16822.924867,16822.12692801009
35.907064,11.565538,299.344619,16825.91889,16824.24243295356
35.917064,11.567602,299.229284,16828.91176,16830.12057676028
35.927064,11.569717,299.11392,16831.903476,16835.244673076886
35.937064,11.571857,298.998526,16834.894038,16833.32804536801
35.947064,11.573996,298.883102,16837.883446,16838.425662583104
35.957064,11.57611,298.767649,16840.8717,16839.29893793367
35.967064,11.578172,298.652168,16843.858799,16842.692196784425
35.977064,11.580157,298.536659,16846.844743,16848.400805974594
35.987064,11.582039,298.421125,16849.829532,16852.157279283758
35.997064,11.583794,298.305565,16852.813166,16853.287969742447
36.007064,11.585397,298.189984,16855.795643,16854.965891777258
36.017064,11.586797,298.074381,16858.776965,16860.47762424472
36.027064,11.587919,297.958761,16861.757131,16860.055497636527
36.037064,11.588843,297.843127,16864.73614,16865.76205315528
36.047064,11.589588,297.72748,16867.713993,16866.341393554467
36.057064,11.590081,297.611823,16870.69069,16871.5350225334
36.067064,11.590308,297.496159,16873.66623,16871.735661450934
36.077064,11.590255,297.380491,16876.640613,16873.398391412615
36.087064,11.58991,297.264823,16879.61384,16879.279718286718
36.097064,11.589268,297.149158,16882.58591,16880.51982262444
36.107064,11.588324,297.0335,16885.556823,16887.720617199964
36.117064,11.587071,296.917851,16888.52658,16887.613999782578
36.127064,11.585506,296.802215,16891.49518,16891.688024267212
36.137064,11.58363,296.686596,16894.462624,16895.285790551447
36.147064,11.581447,296.570997,16897.428912,16899.92853591686
36.157064,11.578962,296.455422,16900.394044,16900.64366957593
36.167064,11.57619,296.339873,16903.35802,16905.65105493589
36.177064,11.573229,296.224354,16906.320841,16906.095573648374
36.187064,11.570273,296.108866,16909.282508,16909.236065962174
36.197064,11.567616,295.993405,16912.243019,16913.622603055792
36.207064,11.566144,295.877965,16915.202376,16916.02825124706
36.217064,11.564405,295.76254,16918.160578,16919.06740464175
36.227064,11.5624,295.647131,16921.117627,16920.601250722862
36.237064,11.560134,295.531743,16924.073521,16923.91359066167
36.247064,11.557612,295.416378,16927.028262,16926.70035814802
36.257064,11.554825,295.30104,16929.981849,16932.275063584126
36.267064,11.551764,295.185733,16932.934282,16933.176202988398
36.277064,11.548475,295.070459,16935.885563,16936.76147131177
36.287064,11.54497,294.955221,16938.835692,16937.08836675054
36.297064,11.541261,294.840021,16941.784668,16942.579581407863
36.307064,11.537361,294.724861,16944.732492,16945.48980891863
36.317064,11.533286,294.609745,16947.679165,16947.245262550165
36.327064,11.529049,294.494673,16950.624687,16947.3016391926
36.337064,11.524667,294.379648,16953.569059,16955.70924259404
36.347064,11.520157,294.264672,16956.51228,16957.657466914116
36.357064,11.515541,294.149746,16959.454353,16962.177746629306
36.367064,11.510792,294.034871,16962.395276,16964.76825404963
36.377064,11.505133,293.920055,16965.33505,16968.11951937832
36.387064,11.498791,293.805304,16968.273677,16967.139750042206
36.397064,11.492431,293.690623,16971.211157,16969.292468782205
36.407064,11.486136,293.576013,16974.14749,16973.237797014113
36.417064,11.480061,293.461472,16977.082677,16976.200038644314
36.427064,11.475735,293.346987,16980.016719,16980.836531674795
36.437064,11.471464,293.232551,16982.949617,16984.7511778767
36.447064,11.46726,293.11816,16985.88137,16988.381952424254
36.457064,11.463135,293.003813,16988.81198,16986.847105974615
36.467064,11.459101,292.889509,16991.741447,16990.64745788081
36.477064,11.45517,292.775248,16994.66977,16994.85896242487
36.487064,11.451351,292.661028,16997.596952,16998.83056043209
36.497064,11.447655,292.546848,17000.522991,17001.10118993265
36.507064,11.44409,292.432707,17003.447889,17001.7711793402
36.517064,11.440664,292.318602,17006.371645,17005.799885358967
36.527064,11.437385,292.204533,17009.294261,17010.070593621058
36.537064,11.434259,292.090497,17012.215736,17012.379639484785
36.547064,11.43129,291.976493,17015.136071,17017.645518933532
36.557064,11.428483,291.862519,17018.055266,17017.487090717506
36.567064,11.425841,291.748573,17020.973322,17023.711122308774
36.577064,11.423366,291.634653,17023.890238,17023.508264616037
36.587064,11.421065,291.520756,17026.806015,17027.54301472298
36.597064,11.418933,291.406882,17029.720653,17031.070807029442
36.607064,11.416969,291.293028,17032.634152,17031.82575728808
36.617064,11.415171,291.179192,17035.546514,17037.996382248053
36.627064,11.413535,291.065372,17038.457736,17038.538873021156
36.637064,11.412059,290.951566,17041.367821,17041.97554794585
36.647064,11.410738,290.837772,17044.276768,17042.52377974109
36.657064,11.409567,290.72399,17047.184576,17047.41776867357
36.667064,11.408539,290.610216,17050.091247,17048.912768591603
36.677064,11.407649,290.49645,17052.996781,17054.72906391465
36.687064,11.406889,290.382689,17055.901177,17054.810624330414
36.697064,11.40625,290.268932,17058.804435,17059.76141482761
36.707064,11.405745,290.155179,17061.706555,17060.852402823533
36.717064,11.405358,290.041427,17064.607538,17063.7348537639
36.727064,11.405066,289.927674,17067.507384,17070.17220638876
36.737064,11.404859,289.813921,17070.406092,17069.005288283322
36.747064,11.404725,289.700167,17073.303662,17074.73042654698
36.757064,11.404656,289.586409,17076.200095,17078.56838788426
36.767064,11.404639,289.472649,17079.09539,17079.526651750894
36.777064,11.404664,289.358884,17081.989548,17083.367105284877
36.787064,11.40472,289.245116,17084.882568,17085.32295193183
36.797064,11.404796,289.131343,17087.77445,17086.485236308043
36.807064,11.404881,289.017565,17090.665195,17090.81017173549
36.817064,11.40497,288.903783,17093.554802,17095.96876619918
36.827064,11.405045,288.789996,17096.44327,17096.825024135007
36.837064,11.405097,288.676205,17099.330601,17098.822027808164
36.847064,11.405113,288.56241,17102.216795,17102.3430552424
36.857064,11.405074,288.448611,17105.10185,17105.44598454411
36.867064,11.404987,288.33481,17107.985767,17110.055659667916
36.877064,11.40421,288.221011,17110.868546,17113.025830814277
36.887064,11.40326,288.107217,17113.750187,17111.30262803506
36.897064,11.40224,287.993433,17116.63069,17117.084077030177
36.907064,11.401147,287.879657,17119.510056,17116.57310200796
36.917064,11.399977,287.765892,17122.388283,17121.474444063337
36.927064,11.398726,287.652138,17125.265374,17125.281016858804
36.937064,11.397392,287.538395,17128.141326,17128.428335536635
36.947064,11.395973,287.424665,17131.016141,17132.437224064535
36.957064,11.394467,287.310949,17133.88982,17133.697796702687
36.967064,11.392874,287.197247,17136.762361,17138.14813753392
36.977064,11.391192,287.083562,17139.633765,17137.839607487378
36.987064,11.389423,286.969893,17142.504032,17141.25950134442
36.997064,11.387567,286.856241,17145.373162,17143.21969990303
37.007064,11.385625,286.742609,17148.241157,17149.176250388227
37.017064,11.3836,286.628997,17151.108015,17152.09931121357
37.027064,11.381493,286.515405,17153.973737,17152.790788410068
37.037064,11.379309,286.401834,17156.838323,17156.04763836452
37.047064,11.376696,286.288289,17159.701774,17159.31849701849
37.057064,11.37439,286.174768,17162.564089,17163.467494483044
37.067064,11.372019,286.061271,17165.425269,17163.801213258797
37.077064,11.36959,285.947798,17168.285315,17167.484098078414
37.087064,11.367106,285.83435,17171.144225,17172.158449084967
37.097064,11.364572,285.720928,17174.002002,17173.46476802961
37.107064,11.361994,285.607533,17176.858644,17178.490302752667
37.117064,11.359376,285.494164,17179.714152,17180.16184064295
37.127064,11.356724,285.380822,17182.568527,17184.04603651441
37.137064,11.354043,285.267508,17185.421769,17186.42856895228
37.147064,11.351339,285.154222,17188.273878,17189.901581187052
37.157064,11.348617,285.040964,17191.124854,17192.339694508428
37.167064,11.345883,284.927735,17193.974697,17193.476431348612
37.177064,11.343142,284.814534,17196.823408,17197.855075377778
37.187064,11.3404,284.701361,17199.670988,17199.93612791157
37.197064,11.337662,284.588217,17202.517436,17202.22657158887
37.207064,11.334933,284.475102,17205.362752,17205.145030668627
37.217064,11.332218,284.362015,17208.206938,17208.84333984621
37.227064,11.329522,284.248957,17211.049993,17210.33205943757
37.237064,11.32685,284.135926,17213.891917,17214.94365914622
37.247064,11.324274,284.022923,17216.732711,17219.251940321108
37.257064,11.321775,283.909947,17219.572376,17218.188713049887
37.267064,11.319312,283.796996,17222.41091,17219.74907236245
37.277064,11.316889,283.684071,17225.248316,17226.049869369905
37.287064,11.314509,283.571172,17228.084592,17228.5711302319
37.297064,11.312179,283.458296,17230.919739,17231.99522088055
37.307064,11.309901,283.345445,17233.753758,17232.212020767445
37.317064,11.307674,283.232617,17236.586648,17237.593874734368
37.327064,11.305502,283.119811,17239.41841,17235.688727671342
37.337064,11.303387,283.007028,17242.249044,17243.308108700523
37.347064,11.301329,282.894266,17245.078551,17248.402096906695
37.357064,11.29933,282.781525,17247.90693,17248.65738771119
37.367064,11.297392,282.668803,17250.734181,17249.342042336677
37.377064,11.295515,282.556101,17253.560306,17252.975073142294
37.387064,11.2937,282.443418,17256.385303,17256.306542581024
37.397064,11.291947,282.330752,17259.209174,17259.2672365442
37.407064,11.290283,282.218103,17262.031919,17261.86163661156
37.417064,11.288866,282.10547,17264.853536,17264.334589810795
37.427064,11.288282,281.992845,17267.674028,17266.01455033007
37.437064,11.287747,281.880224,17270.493393,17269.08890537441
37.447064,11.287253,281.767605,17273.311632,17272.81122202422
37.457064,11.286794,281.654988,17276.128745,17272.369797498835
37.467064,11.286363,281.542373,17278.944732,17278.874476085308
37.477064,11.285954,281.42976,17281.759593,17283.238954999633
37.487064,11.285561,281.317149,17284.573327,17284.01144087016
37.497064,11.285177,281.204539,17287.385936,17287.745138520007
37.507064,11.284796,281.091931,17290.197418,17288.319064361825
37.517064,11.284412,280.979323,17293.007774,17294.329281481972
37.527064,11.284018,280.866718,17295.817005,17295.442600693572
37.537064,11.283608,280.754113,17298.625109,17300.920190808
37.547064,11.283176,280.641511,17301.432087,17299.40007578448
37.557064,11.28272,280.528911,17304.237939,17304.491442315197
37.567064,11.282234,280.416313,17307.042665,17310.008595157073
37.577064,11.281709,280.303718,17309.846265,17309.272412930448
37.587064,11.28114,280.191126,17312.64874,17312.802351859013
37.597064,11.280523,280.078538,17315.450088,17313.622143538072
37.607064,11.279853,279.965954,17318.25031,17318.977158969283
37.617064,11.279126,279.853375,17321.049407,17321.837273152625
37.627064,11.278338,279.740803,17323.847378,17323.341215411154
37.637064,11.277485,279.628236,17326.644223,17324.94393975355
37.647064,11.276564,279.515677,17329.439943,17329.90899753679
37.657064,11.275573,279.403126,17332.234537,17332.471909898875
37.667064,11.274509,279.290584,17335.028005,17332.07809476772
37.677064,11.27337,279.178052,17337.820348,17337.63184658443
37.687064,11.272155,279.065531,17340.611566,17342.555500443395
37.697064,11.270861,278.953021,17343.401659,17342.930037826303
37.707064,11.269489,278.840523,17346.190627,17342.92227095233
37.717064,11.268038,278.728039,17348.978469,17349.004030687094
37.727064,11.266508,278.61557,17351.765188,17353.163810106937
37.737064,11.264899,278.503115,17354.550781,17353.66512097121
37.747064,11.263213,278.390677,17357.33525,17356.320221418708
37.757064,11.26145,278.278256,17360.118595,17360.501685145897
37.767064,11.259599,278.165853,17362.900815,17362.284361043334
37.777064,11.25767,278.053468,17365.681912,17366.012099529882
37.787064,11.255669,277.941104,17368.461884,17369.026404115117
37.797064,11.253601,277.82876,17371.240734,17368.84733840603
37.807064,11.25147,277.716437,17374.01846,17373.306902355096
37.817064,11.249281,277.604136,17376.795063,17378.269505597415
37.827064,11.247034,277.491859,17379.570543,17379.95545691873
37.837064,11.244733,277.379604,17382.3449,17379.91388050691
37.847064,11.242381,277.267373,17385.118135,17385.477054549538
37.857064,11.239984,277.155167,17387.890247,17387.47283419735
37.867064,11.237545,277.042986,17390.661238,17389.950679596364
37.877064,11.235069,276.93083,17393.431107,17391.544728942117
37.887064,11.232562,276.8187,17396.199855,17393.664783421435
37.897064,11.230027,276.706596,17398.967481,17399.719166708095
37.907064,11.227471,276.594519,17401.733987,17401.59613163219
37.917064,11.224926,276.482468,17404.499372,17405.38558822158
37.927064,11.222379,276.370444,17407.263636,17408.05823789214
37.937064,11.219838,276.258446,17410.026781,17411.914487246588
37.947064,11.217906,276.146472,17412.788805,17411.82350824868
37.957064,11.216329,276.034515,17415.54971,17414.580716715227
37.967064,11.214749,275.922574,17418.309496,17418.935406491903
37.977064,11.213164,275.810647,17421.068162,17422.90036401306
37.987064,11.211576,275.698735,17423.825709,17423.31031025412
37.997064,11.209984,275.586838,17426.582136,17426.45486021828
38.007064,11.208389,275.474957,17429.337445,17431.30924580534
38.017064,11.20679,275.363093,17432.091636,17431.445442156943
38.027064,11.20519,275.251243,17434.844707,17432.528576164987
38.037064,11.203587,275.13941,17437.596661,17436.57710082645
38.047064,11.201982,275.027592,17440.347496,17441.622245364095
38.057064,11.200382,274.91579,17443.097212,17441.500040020994
38.067064,11.19878,274.804004,17445.845811,17442.755794123776
38.077064,11.197131,274.692234,17448.593293,17451.91142904823
38.087064,11.195438,274.580481,17451.339656,17450.12359383816
38.097064,11.190357,274.468766,17454.084902,17455.308928519364
38.107064,11.183625,274.357115,17456.829032,17456.529285241944
38.117064,11.177015,274.245539,17459.572045,17458.652209352123
38.127064,11.170549,274.134041,17462.313943,17463.1833986336
38.137064,11.164248,274.022619,17465.054726,17464.876060085306
38.147064,11.15813,273.911268,17467.794395,17466.653450997474
38.157064,11.152212,273.799987,17470.532952,17470.49772310068
38.167064,11.146507,273.688773,17473.270395,17474.556098563466
38.177064,11.14103,273.577625,17476.006727,17474.827246445748
38.187064,11.135791,273.46654,17478.741948,17480.460280185664
38.197064,11.1308,273.355517,17481.476058,17482.693550597873
38.207064,11.126068,273.24455,17484.209059,17483.155055755113
38.217064,11.121601,273.133638,17486.94095,17484.98738844568
38.227064,11.117406,273.022777,17489.671732,17487.223981341995
38.237064,11.113491,272.911965,17492.401405,17493.314414653792
38.247064,11.109859,272.801196,17495.129971,17496.537402603335
38.257064,11.106514,272.690468,17497.857429,17499.70995739434
38.267064,11.103461,272.579777,17500.583781,17502.470785379395
38.277064,11.100702,272.469119,17503.309025,17506.306833032195
38.287064,11.098239,272.35849,17506.033163,17504.8051205936
38.297064,11.096073,272.247887,17508.756195,17506.61261057479
38.307064,11.094204,272.137305,17511.478121,17509.973097000817
38.317064,11.092633,272.026741,17514.198941,17515.045874682117
38.327064,11.091359,271.916191,17516.918656,17518.420358617135
38.337064,11.090382,271.80565,17519.637265,17521.09203835214
38.347064,11.089729,271.695115,17522.354769,17525.913236490764
38.357064,11.090176,271.584576,17525.071167,17525.89409718416
38.367064,11.091692,271.47402,17527.78646,17526.977341728612
38.377064,11.093493,271.363438,17530.500647,17529.228109249972
38.387064,11.095568,271.252825,17533.213729,17532.34697435066
38.397064,11.097905,271.142179,17535.925704,17536.002226340177
38.407064,11.099368,271.031503,17538.636572,17539.4208458758
38.417064,11.10072,270.920801,17541.346334,17543.234436330444
38.427064,11.102297,270.810074,17544.054988,17547.196051120613
38.437064,11.10408,270.69932,17546.762535,17549.12450103727
38.447064,11.106052,270.588536,17549.468975,17549.389191038645
38.457064,11.108191,270.47772,17552.174306,17551.819350891932
38.467064,11.110476,270.366872,17554.878529,17556.41942604735
38.477064,11.112885,270.25599,17557.581643,17558.5164185008
38.487064,11.115392,270.145073,17560.283649,17561.215632448842
38.497064,11.117973,270.034122,17562.984545,17565.83144443769
38.507064,11.120603,269.923137,17565.684331,17565.863491173033
38.517064,11.123253,269.812117,17568.383007,17571.17676748172
38.527064,11.125896,269.701062,17571.080573,17573.335936273106
38.537064,11.128506,269.589975,17573.777028,17574.37269689741
38.547064,11.131053,269.478855,17576.472372,17577.09847778737
38.557064,11.133509,269.367704,17579.166605,17580.32997514416
38.567064,11.135847,269.256523,17581.859726,17583.911887261198
38.577064,11.138039,269.145315,17584.551736,17585.77993390121
38.587064,11.140057,269.034082,17587.242633,17588.297875610566
38.597064,11.141877,268.922825,17589.932417,17591.05464302363
38.607064,11.143473,268.811547,17592.621089,17593.333732830593
38.617064,11.144821,268.700251,17595.308648,17596.3266742017
38.627064,11.1459,268.588941,17597.995094,17597.919965179906
38.637064,11.146688,268.477618,17600.680427,17599.809561424743
38.647064,11.147167,268.366287,17603.364646,17604.532449416343
38.657064,11.147321,268.254951,17606.047753,17606.6557915049
38.667064,11.147133,268.143613,17608.729745,17608.778491513254
38.677064,11.146593,268.032277,17611.410625,17611.409137728002
38.687064,11.145689,267.920946,17614.090391,17612.223071107353
38.697064,11.144414,267.809626,17616.769044,17618.32675507947
38.707064,11.142762,267.698319,17619.446584,17621.1394127407
38.717064,11.14073,267.587029,17622.12301,17623.421056278756
38.727064,11.138318,267.47576,17624.798324,17624.27923415956
38.737064,11.135527,267.364517,17627.472526,17625.951439145952
38.747064,11.132362,267.253303,17630.145615,17631.701569785026
38.757064,11.128828,267.142122,17632.817592,17633.785525170744
38.767064,11.124934,267.030977,17635.488457,17636.99703426062
38.777064,11.120692,266.919873,17638.158211,17637.830338846576
38.787064,11.116113,266.808813,17640.826855,17639.16626705732
38.797064,11.111212,266.697801,17643.494388,17645.349980994208
38.807064,11.106006,266.586839,17646.160811,17648.81273495248
38.817064,11.100511,266.475931,17648.826125,17648.651005060292
38.827064,11.094748,266.36508,17651.49033,17652.233430766664
38.837064,11.088735,266.25429,17654.153427,17652.98458067058
38.847064,11.082495,266.143561,17656.815416,17657.33797374255
38.857064,11.076049,266.032898,17659.476298,17659.427168945396
38.867064,11.06942,265.922303,17662.136074,17661.508426951237
38.877064,11.062631,265.811776,17664.794744,17662.977576366753
38.887064,11.055705,265.701321,17667.45231,17669.585317208894
38.897064,11.048667,265.590939,17670.108771,17669.83757323001
38.907064,11.041539,265.480631,17672.764129,17670.578144469164
38.917064,11.034344,265.370398,17675.418384,17675.19762170248
38.927064,11.027106,265.260242,17678.071537,17677.135324363113
38.937064,11.019846,265.150162,17680.723589,17680.842578643827
38.947064,11.012588,265.04016,17683.37454,17682.179865078066
38.957064,11.005351,264.930236,17686.024392,17687.074405821513
38.967064,10.998156,264.820389,17688.673145,17688.021205774123
38.977064,10.991036,264.71062,17691.3208,17693.978727634687
38.987064,10.984009,264.600927,17693.967358,17692.721138804107
38.997064,10.97708,264.49131,17696.612819,17696.059650514617
39.007064,10.970265,264.381768,17699.257185,17697.64431479854
39.017064,10.963578,264.2723,17701.900455,17703.459339412806
39.027064,10.957036,264.162905,17704.542631,17703.99094019138
39.037064,10.95065,264.053581,17707.183713,17708.212496396252
39.047064,10.944433,263.944326,17709.823703,17710.233200653493
39.057064,10.938396,263.835139,17712.4626,17712.38608765338
39.067064,10.93255,263.726017,17715.100406,17715.112484986774
39.077064,10.926904,263.616959,17717.73712,17717.324008223717
39.087064,10.921466,263.507962,17720.372745,17720.102032758237
39.097064,10.916243,263.399023,17723.00728,17724.39265985217
39.107064,10.911242,263.290141,17725.640726,17726.880518972914
39.117064,10.906469,263.181312,17728.273083,17729.906702037126
39.127064,10.901928,263.072534,17730.904352,17731.193106567094
39.137064,10.897622,262.963803,17733.534534,17738.70196188688
39.147064,10.893557,262.855118,17736.163628,17733.681247887762
39.157064,10.889763,262.746474,17738.791636,17740.068257381776
39.167064,10.88602,262.63787,17741.418558,17740.35917629429
39.177064,10.88359,262.529298,17744.044394,17747.173218776377
39.187064,10.881592,262.420747,17746.669144,17745.156502978818
39.197064,10.879824,262.31221,17749.292809,17751.273903752604
39.207064,10.878281,262.203685,17751.915388,17751.44155580753
39.217064,10.876957,262.095172,17754.536882,17755.794134001026
39.227064,10.875849,261.986667,17757.157292,17759.129328953088
39.237064,10.874949,261.878169,17759.776616,17755.818338391262
39.247064,10.87425,261.769673,17762.394855,17762.642824409533
39.257064,10.873743,261.661178,17765.012009,17763.450484955032
39.267064,10.873417,261.552682,17767.628079,17767.43211096483
39.277064,10.873268,261.444182,17770.243063,17771.92799165605
39.287064,10.873287,261.335677,17772.856962,17773.87623409724
39.297064,10.873463,261.227165,17775.469776,17776.948009611417
39.307064,10.873786,261.118644,17778.081506,17779.82777684918
39.317064,10.874246,261.010112,17780.692149,17780.63860717499
39.327064,10.87483,260.901569,17783.301708,17783.53950440493
39.337064,10.875525,260.793013,17785.910181,17787.843302867528
39.347064,10.876319,260.684443,17788.517568,17789.154704685996
39.357064,10.877199,260.575858,17791.123869,17788.617616109597
39.367064,10.878151,260.467258,17793.729085,17796.257047369454
39.377064,10.87916,260.358642,17796.333215,17795.98075177744
39.387064,10.880211,260.250009,17798.936258,17800.065501050074
39.397064,10.881289,260.141361,17801.538215,17803.676694107107
39.407064,10.88238,260.032696,17804.139085,17803.845835713837
39.417064,10.883467,259.924015,17806.738869,17804.831868164976
39.427064,10.884534,259.815318,17809.337565,17809.539528999438
39.437064,10.885566,259.706606,17811.935175,17812.087391166922
39.447064,10.886566,259.59788,17814.531697,17815.920964457928
39.457064,10.887234,259.489141,17817.127132,17818.492846544985
39.467064,10.88709,259.380397,17819.72148,17818.83481292308
39.477064,10.886866,259.271651,17822.31474,17825.310203113917
39.487064,10.886555,259.162907,17824.906913,17824.70531518188
39.497064,10.886145,259.054166,17827.497999,17827.83514280871
39.507064,10.885626,258.945429,17830.087996,17828.703865124036
39.517064,10.88499,258.836695,17832.676907,17832.087665615156
39.527064,10.884226,258.727969,17835.26473,17837.426020850413
39.537064,10.883327,258.619249,17837.851466,17838.786088791734
39.547064,10.882284,258.51054,17840.437115,17839.78674438319
39.557064,10.881091,258.401841,17843.021677,17843.119579063077
39.567064,10.879741,258.293155,17845.605152,17844.05909679857
39.577064,10.878079,258.184484,17848.18754,17847.38937883067
39.587064,10.876224,258.07583,17850.768842,17850.079264017946
39.597064,10.874199,257.967197,17853.349057,17853.766959611727
39.607064,10.872002,257.858585,17855.928186,17855.115710945218
39.617064,10.869633,257.749995,17858.506229,17860.800466086304
39.627064,10.867089,257.641431,17861.083186,17861.3727226176
39.637064,10.864373,257.532893,17863.659058,17863.78495995016
39.647064,10.861485,257.424383,17866.233844,17866.01106635254
39.657064,10.858428,257.315904,17868.807545,17870.600282791074
39.667064,10.855206,257.207456,17871.380162,17872.104221623176
39.677064,10.851824,257.099041,17873.951695,17874.7935703601
39.687064,10.848288,256.990661,17876.522143,17877.498428655945
39.697064,10.844603,256.882318,17879.091508,17877.560268338228
39.707064,10.840777,256.774012,17881.65979,17881.87332522554
39.717064,10.836819,256.665745,17884.226988,17882.784286035338
39.727064,10.832737,256.557518,17886.793105,17885.544086098045
39.737064,10.82854,256.449333,17889.358139,17887.793198323365
39.747064,10.824239,256.341191,17891.922091,17891.15905264244
39.757064,10.819845,256.233092,17894.484963,17896.314538953782
39.767064,10.815353,256.125038,17897.046753,17896.447140779095
39.777064,10.810992,256.017029,17899.607464,17899.181849040924
39.787064,10.807071,255.90906,17902.167094,17900.006042182933
39.797064,10.803094,255.801131,17904.725645,17902.55394293674
39.807064,10.799068,255.693242,17907.283117,17906.81956200648
39.817064,10.795003,255.585391,17909.83951,17916.556008233463
39.827064,10.790906,255.477582,17912.394825,17914.916898750253
39.837064,10.786786,255.369814,17914.949062,17915.61783852038
39.847064,10.782658,255.262087,17917.502221,17917.96835555281
39.857064,10.778524,255.154402,17920.054304,17918.810798747552
39.867064,10.774391,255.046759,17922.605309,17920.482055360848
39.877064,10.770268,254.939158,17925.155239,17925.24693367754
39.887064,10.76616,254.831599,17927.704093,17927.503401817998
39.897064,10.762076,254.724082,17930.251871,17932.084182348663
39.907064,10.758021,254.616606,17932.798575,17931.997427468228
39.917064,10.754001,254.509173,17935.344203,17937.378874651917
39.927064,10.750022,254.401781,17937.888758,17938.053499248806
39.937064,10.746089,254.29443,17940.432239,17938.62973244394
39.947064,10.742207,254.187119,17942.974647,17944.060947488368
39.957064,10.738379,254.07985,17945.515982,17946.051510454578
39.967064,10.734609,253.97262,17948.056244,17947.07044224227
39.977064,10.730901,253.865429,17950.595434,17948.55897363171
39.987064,10.727258,253.758277,17953.133553,17952.239903742637
39.997064,10.723681,253.651164,17955.6706,17958.289933019805
40.007064,10.720174,253.544087,17958.206576,17957.15181391654
40.017064,10.716737,253.437048,17960.741482,17959.800193529965
40.027064,10.713372,253.330044,17963.275317,17964.549028554637
40.037064,10.710057,253.223076,17965.808083,17967.12543884927
40.047064,10.706882,253.116142,17968.339779,17969.735288168664
40.057064,10.702219,253.009251,17970.870406,17969.97856665938
40.067064,10.697659,252.902408,17973.399964,17974.47018629299
40.077064,10.693209,252.795617,17975.928454,17973.800742535146
40.087064,10.688872,252.688874,17978.455876,17980.159615967455
40.097064,10.684653,252.582178,17980.982232,17978.862288580283
40.107064,10.680558,252.475527,17983.50752,17985.468893601505
40.117064,10.67659,252.36892,17986.031742,17983.276798655406
40.127064,10.672751,252.262355,17988.554899,17988.507380923482
40.137064,10.669048,252.155831,17991.07699,17989.808232744388
40.147064,10.665494,252.049345,17993.598015,17996.586853452223
40.157064,10.662079,251.942897,17996.117977,17996.86202677729
40.167064,10.658808,251.836483,17998.636874,17998.37811815053
40.177064,10.655681,251.730103,18001.154706,18002.74986841073
40.187064,10.652702,251.623755,18003.671476,18002.541013896283
40.197064,10.649873,251.517436,18006.187182,18006.39545519435
40.207064,10.647194,251.411145,18008.701824,18008.060239261387
40.217064,10.644668,251.30488,18011.215405,18011.943345452142
40.227064,10.642297,251.198638,18013.727922,18013.31312784121
40.237064,10.64008,251.092419,18016.239377,18015.265843443718
40.247064,10.638019,250.986219,18018.749771,18018.214439470717
40.257064,10.636114,250.880037,18021.259102,18022.84367404377
40.267064,10.634365,250.773872,18023.767371,18025.60734350135
40.277064,10.632772,250.667721,18026.274579,18027.10721178884
40.287064,10.631335,250.561582,18028.780726,18028.35764649736
40.297064,10.630052,250.455454,18031.285811,18034.154642921403
40.307064,10.628922,250.349334,18033.789835,18034.868880789123
40.317064,10.627942,250.243222,18036.292798,18036.347871049413
40.327064,10.627111,250.137115,18038.794699,18036.431289288448
40.337064,10.626475,250.031012,18041.29554,18040.18632167477
40.347064,10.625705,249.924912,18043.79532,18042.886222111858
40.357064,10.626945,249.818804,18046.294038,18043.260764192757
40.367064,10.629051,249.712675,18048.791696,18049.214972337548
40.377064,10.631263,249.606516,18051.288292,18048.23369683643
40.387064,10.633564,249.500326,18053.783826,18053.624022488835
40.397064,10.635936,249.394105,18056.278298,18058.31587911103
40.407064,10.638364,249.287855,18058.771708,18057.595450766243
40.417064,10.64083,249.181574,18061.264055,18058.684228096714
40.427064,10.643316,249.075262,18063.755339,18062.61193761739
40.437064,10.645804,248.96892,18066.24556,18067.28661158105
40.447064,10.648277,248.862548,18068.734718,18069.666692359056
40.457064,10.650703,248.756147,18071.222811,18074.539264157513
40.467064,10.653075,248.649717,18073.70984,18074.544870346443
40.477064,10.655376,248.543259,18076.195805,18076.741873632185
40.487064,10.657587,248.436775,18078.680706,18078.89415320107
40.497064,10.659691,248.330265,18081.164541,18081.06049026907
40.507064,10.661669,248.223732,18083.647311,18084.37320441824
40.517064,10.663504,248.117177,18086.129015,18088.255660853232
40.527064,10.665179,248.010601,18088.609654,18089.306502775256
40.537064,10.666679,247.904008,18091.089227,18090.929554965107
40.547064,10.667987,247.797398,18093.567734,18094.23099138565
40.557064,10.669089,247.690775,18096.045175,18096.7751527719
40.567064,10.669972,247.58414,18098.52155,18097.39548132733
40.577064,10.670622,247.477496,18100.996858,18101.703839934027
40.587064,10.671028,247.370846,18103.4711,18105.405285688626
40.597064,10.671178,247.264192,18105.944275,18106.578585059542
40.607064,10.671065,247.157537,18108.416384,18108.343748227075
40.617064,10.670679,247.050884,18110.887426,18109.844132103444
40.627064,10.670013,246.944235,18113.357401,18116.545613202157
40.637064,10.669063,246.837594,18115.82631,18117.08630661839
40.647064,10.667823,246.730964,18118.294153,18118.21691035625
40.657064,10.666305,246.624348,18120.76093,18123.525836817007
40.667064,10.664504,246.517748,18123.22664,18125.827995476586
40.677064,10.663322,246.411162,18125.691285,18125.060231646145
40.687064,10.661839,246.30459,18128.154863,18130.946606729252
40.697064,10.660053,246.198033,18130.617377,18132.481895664507
40.707064,10.657962,246.091495,18133.078824,18134.022609231437
40.717064,10.65557,245.984978,18135.539207,18135.66745707196
40.727064,10.652878,245.878486,18137.998524,18138.722805837177
40.737064,10.649892,245.772023,18140.456776,18141.658610429404
40.747064,10.646615,245.66559,18142.913964,18143.20937784719
40.757064,10.643056,245.559192,18145.370088,18146.688331633573
40.767064,10.639223,245.45283,18147.825148,18148.79561478384
40.777064,10.635123,245.346507,18150.279145,18152.478864104593
40.787064,10.630768,245.240227,18152.732079,18152.614597541407
40.797064,10.62617,245.133992,18155.18395,18155.411755577647
40.807064,10.62134,245.027804,18157.634759,18160.66085635699
40.817064,10.616291,244.921665,18160.084506,18160.91187079308
40.827064,10.611037,244.815578,18162.533192,18161.42171465219
40.837064,10.605592,244.709546,18164.980818,18165.58498507804
40.847064,10.599972,244.603569,18167.427383,18169.334904049007
40.857064,10.594192,244.49765,18169.872889,18170.076787113536
40.867064,10.588268,244.39179,18172.317336,18174.67687199358
40.877064,10.582217,244.285991,18174.760725,18175.700096166984
40.887064,10.576053,244.180255,18177.203056,18176.763668718824
40.897064,10.569795,244.074582,18179.644331,18180.81385436794
40.907064,10.563458,243.968973,18182.084548,18184.088278347186
40.917064,10.55706,243.863431,18184.52371,18183.03246826824
40.927064,10.550616,243.757954,18186.961817,18187.323187223225
40.937064,10.544142,243.652544,18189.39887,18189.14045692094
40.947064,10.537655,243.547201,18191.834868,18191.11399081667
40.957064,10.53117,243.441926,18194.269814,18196.09083431486
40.967064,10.524769,243.336717,18196.703707,18197.247683183665
40.977064,10.518428,243.231576,18199.136548,18201.080953340857
40.987064,10.512133,243.1265,18201.568339,18200.40036294337
40.997064,10.505897,243.02149,18203.999079,18203.756530982206
41.007064,10.499733,242.916545,18206.428769,18209.051812181846
41.017064,10.493653,242.811665,18208.85741,18209.66468242511
41.027064,10.487671,242.706849,18211.285002,18212.440953796166
41.037064,10.481796,242.602095,18213.711547,18212.781729876027
41.047064,10.47604,242.497403,18216.137044,18217.274103937805
41.057064,10.470413,242.392771,18218.561495,18218.653899755354
41.067064,10.464924,242.288198,18220.9849,18221.36724451527
41.077064,10.459582,242.183683,18223.407259,18226.868541870037
41.087064,10.454394,242.079224,18225.828574,18227.32518703844
41.097064,10.449375,241.974819,18228.248844,18228.328667090937
41.107064,10.44457,241.870466,18230.66807,18230.36768429355
41.117064,10.43994,241.766164,18233.086253,18231.144078552898
41.127064,10.435491,241.661909,18235.503394,18236.417941267704
41.137064,10.431226,241.557701,18237.919492,18238.920145753687
41.147064,10.427151,241.453537,18240.334548,18241.553045144257
41.157064,10.423269,241.349415,18242.748563,18243.252186687103
41.167064,10.419584,241.245332,18245.161536,18243.369165660417
41.177064,10.416091,241.141287,18247.573469,18247.959926314485
41.187064,10.412784,241.037278,18249.984362,18250.94248187782
41.197064,10.409068,240.933305,18252.394215,18250.855410345313
41.207064,10.405563,240.82937,18254.803028,18254.545526732265
41.217064,10.402272,240.725471,18257.210803,18255.25261979998
41.227064,10.399196,240.621605,18259.617538,18261.443940609548
41.237064,10.396337,240.51777,18262.023235,18260.581595271775
41.247064,10.393697,240.413962,18264.427893,18267.04834295183
41.257064,10.391274,240.31018,18266.831514,18265.757206941576
41.267064,10.38907,240.206421,18269.234097,18270.41559043795
41.277064,10.387083,240.102682,18271.635643,18270.272363410644
41.287064,10.385313,239.998961,18274.036151,18276.68002773928
41.297064,10.383757,239.895256,18276.435622,18278.107105806543
41.307064,10.382413,239.791564,18278.834056,18281.030316908815
41.317064,10.381298,239.687882,18281.231453,18283.306549625388
41.327064,10.380073,239.584211,18283.627814,18283.392236323205
41.337064,10.378169,239.480553,18286.023137,18285.459761728387
41.347064,10.376473,239.376912,18288.417425,18286.256804597855
41.357064,10.374985,239.273287,18290.810676,18292.28282220588
41.367064,10.373705,239.169675,18293.202891,18295.979514079496
41.377064,10.37263,239.066073,18295.594069,18298.447276576615
41.387064,10.371758,238.962479,18297.984212,18298.605657273303
41.397064,10.371085,238.85889,18300.373319,18300.290104577085
41.407064,10.37061,238.755305,18302.76139,18304.470253618885
41.417064,10.370326,238.651721,18305.148425,18307.19644576343
41.427064,10.370231,238.548137,18307.534424,18307.524730972487
41.437064,10.370301,238.444549,18309.919388,18309.846885482788
41.447064,10.370545,238.340958,18312.303315,18312.840155693455
41.457064,10.37096,238.23736,18314.686207,18317.52516601838
41.467064,10.371538,238.133754,18317.068062,18316.647456081642
41.477064,10.372272,238.030138,18319.448882,18319.856142130422
41.487064,10.373156,237.926511,18321.828665,18323.38655883243
41.497064,10.37418,237.822872,18324.207412,18324.43155661563
41.507064,10.375335,237.719218,18326.585123,18329.101422259344
41.517064,10.376612,237.615549,18328.961796,18331.596920801472
41.527064,10.378003,237.511863,18331.337433,18330.20416383208
41.537064,10.379496,237.40816,18333.712034,18329.036241016063
41.547064,10.38108,237.304438,18336.085597,18336.235474951776
41.557064,10.382747,237.200698,18338.458122,18338.230044615633
41.567064,10.384483,237.096937,18340.82961,18341.23293349862
41.577064,10.386278,236.993155,18343.200061,18343.517867681912
41.587064,10.388121,236.889353,18345.569474,18343.52334549643
41.597064,10.389999,236.785529,18347.937848,18348.4580125877
41.607064,10.3919,236.681684,18350.305184,18350.288948248894
41.617064,10.393813,236.577817,18352.671482,18351.501644956534
41.627064,10.395725,236.473929,18355.03674,18356.454241478306
41.637064,10.397625,236.370019,18357.40096,18357.049370821525
41.647064,10.399498,236.266088,18359.764141,18358.896828130757
41.657064,10.401346,236.162137,18362.126282,18362.942660848585
41.667064,10.403031,236.058166,18364.487383,18363.789146529816
41.677064,10.404533,235.954177,18366.847445,18365.7327531171
41.687064,10.405966,235.850172,18369.206467,18370.160859340383
41.697064,10.407322,235.746152,18371.564448,18372.58274044461
41.707064,10.408588,235.642118,18373.92139,18374.582446291526
41.717064,10.409757,235.53807,18376.277291,18374.59139208969
41.727064,10.410819,235.434009,18378.632151,18377.574415787945
41.737064,10.411764,235.329938,18380.985971,18380.523895823055
41.747064,10.412586,235.225856,18383.33875,18382.824002637713
41.757064,10.413275,235.121767,18385.690488,18386.49235542192
41.767064,10.413826,235.017669,18388.041185,18390.093263040148
41.777064,10.414231,234.913567,18390.390841,18388.47682046395
41.787064,10.414484,234.80946,18392.739456,18393.15359188576
41.797064,10.414581,234.705351,18395.087031,18395.44145455301
41.807064,10.414516,234.601241,18397.433563,18397.816746515633
41.817064,10.414285,234.497131,18399.779055,18400.149881260855
41.827064,10.413885,234.393025,18402.123506,18400.89868677023
41.837064,10.413314,234.288922,18404.466916,18403.87530828463
41.847064,10.412569,234.184825,18406.809285,18409.625914935845
41.857064,10.41165,234.080737,18409.150612,18407.049141068455
41.867064,10.410554,233.976658,18411.490899,18409.83686512331
41.877064,10.409284,233.87259,18413.830146,18412.90279507752
41.887064,10.407953,233.768535,18416.168351,18414.55325515173
41.897064,10.406452,233.664493,18418.505516,18421.34677892873
41.907064,10.40478,233.560467,18420.841641,18420.88520909522
41.917064,10.402939,233.456459,18423.176726,18424.061586983888
41.927064,10.400932,233.352469,18425.51077,18426.427420314623
41.937064,10.398763,233.248501,18427.843775,18423.85581112326
41.947064,10.396437,233.144554,18430.17574,18431.399174450697
41.957064,10.393958,233.040632,18432.506666,18434.760273992044
41.967064,10.391332,232.936735,18434.836553,18434.24951104375
41.977064,10.388565,232.832865,18437.165401,18438.077063314206
41.987064,10.385662,232.729023,18439.493211,18441.561526452886
41.997064,10.382631,232.625212,18441.819982,18440.552401346362
42.007064,10.379479,232.521432,18444.145715,18446.853022854364
42.017064,10.376213,232.417684,18446.47041,18446.52446741267
42.027064,10.37284,232.31397,18448.794069,18448.20650974162
42.037064,10.369368,232.210291,18451.11669,18452.093144934814
42.047064,10.365806,232.106647,18453.438275,18453.828651359476
42.057064,10.362162,232.003041,18455.758823,18455.347586094216
42.067064,10.358443,231.899472,18458.078336,18460.0080242477
42.077064,10.354659,231.795942,18460.396813,18460.287845292016
42.087064,10.350819,231.69245,18462.714255,18461.582135324148
42.097064,10.346929,231.588999,18465.030662,18465.72824872158
42.107064,10.343,231.485588,18467.346035,18468.00349661582
42.117064,10.33904,231.382217,18469.660374,18470.443408032905
42.127064,10.335057,231.278888,18471.973679,18469.53780839935
42.137064,10.331057,231.1756,18474.285952,18475.061265639422
42.147064,10.327031,231.072354,18476.597191,18476.824997339958
42.157064,10.323007,230.96915,18478.907399,18483.15896032828
42.167064,10.318994,230.865987,18481.216574,18481.182116457774
42.177064,10.314999,230.762867,18483.524719,18484.759172221395
42.187064,10.311031,230.659787,18485.831832,18485.942344702762
42.197064,10.307095,230.55675,18488.137915,18487.63423419358
42.207064,10.303201,230.453753,18490.442967,18490.781905265383
42.217064,10.299578,230.350795,18492.74699,18492.21421138407
42.227064,10.296078,230.247876,18495.049983,18492.025690452967
42.237064,10.292638,230.144992,18497.351947,18498.723361669818
42.247064,10.289264,230.042144,18499.652883,18500.05816447187
42.257064,10.285964,229.939332,18501.95279,18503.83126868777
42.267064,10.282742,229.836554,18504.25167,18505.89470654943
42.277064,10.279603,229.73381,18506.549522,18505.63948702072
42.287064,10.276543,229.631098,18508.846346,18509.868421511677
42.297064,10.273573,229.528418,18511.142144,18508.984506080058
42.307064,10.270702,229.425768,18513.436915,18516.247574739067
42.317064,10.267934,229.323149,18515.730659,18517.397174235357
42.327064,10.265272,229.220557,18518.023378,18518.813394989527
42.337064,10.26272,229.117993,18520.31507,18518.063247853155
42.347064,10.260281,229.015456,18522.605738,18522.7935390688
42.357064,10.257959,228.912942,18524.89538,18526.029966306636
42.367064,10.255727,228.810453,18527.183996,18526.058698921443
42.377064,10.25367,228.707986,18529.471589,18530.2285229427
42.387064,10.25091,228.605543,18531.758156,18533.359893979035
42.397064,10.247875,228.50313,18534.0437,18537.460879306036
42.407064,10.24498,228.400747,18536.328219,18537.030311150353
42.417064,10.242231,228.298395,18538.611715,18539.147465617723
42.427064,10.239631,228.196072,18540.894187,18543.400655066576
42.437064,10.237185,228.093774,18543.175636,18544.90081452131
42.447064,10.234896,227.9915,18545.456063,18546.862311964956
42.457064,10.232766,227.889249,18547.735466,18548.613464104703
42.467064,10.230799,227.787018,18550.013848,18549.460381362347
42.477064,10.228997,227.684807,18552.291207,18551.567514728576
42.487064,10.227361,227.582613,18554.567544,18554.762006586836
42.497064,10.225892,227.480434,18556.842859,18557.425411991448
42.507064,10.224591,227.378269,18559.117152,18558.91275296429
42.517064,10.223447,227.276116,18561.390424,18562.539775891684
42.527064,10.222446,227.173973,18563.662675,18564.238793245564
42.537064,10.221172,227.071841,18565.933904,18567.520029953874
42.547064,10.220072,226.96972,18568.204112,18566.69429002313
42.557064,10.219143,226.867609,18570.473298,18572.62898240516
42.567064,10.218387,226.765506,18572.741464,18572.822455191097
42.577064,10.217954,226.663408,18575.008608,18573.07554543899
42.587064,10.217714,226.561312,18577.274732,18577.710721258023
42.597064,10.217641,226.459218,18579.539835,18580.655570666928
42.607064,10.217733,226.357122,18581.803916,18580.360942681124
42.617064,10.217986,226.255024,18584.066977,18583.186717356395
42.627064,10.218397,226.152921,18586.329017,18585.41703955259
42.637064,10.218962,226.050812,18588.590035,18588.3894351956
42.647064,10.219676,225.948695,18590.850033,18592.199908311286
42.657064,10.220536,225.846569,18593.109009,18593.143029953822
42.667064,10.221536,225.744433,18595.366964,18595.181402514656
42.677064,10.22267,225.642284,18597.623898,18599.16470115333
42.687064,10.223932,225.540122,18599.87981,18601.940475429372
42.697064,10.225316,225.437946,18602.1347,18602.791362299522
42.707064,10.226816,225.335754,18604.388569,18603.408230197703
42.717064,10.228424,225.233544,18606.641415,18605.09968374952
42.727064,10.230133,225.131317,18608.89324,18608.797229938955
42.737064,10.231936,225.02907,18611.144042,18607.99732199717
42.747064,10.233824,224.926804,18613.393821,18613.573828913057
42.757064,10.235791,224.824516,18615.642578,18616.552519582114
42.767064,10.237826,224.722208,18617.890311,18618.50016627004
42.777064,10.239937,224.619877,18620.137022,18618.70191613608
42.787064,10.242101,224.517523,18622.382709,18623.12446883299
42.797064,10.244309,224.415145,18624.627372,18623.70149191245
42.807064,10.246552,224.312745,18626.871012,18625.664442104877
42.817064,10.248821,224.21032,18629.113627,18628.872405376747
42.827064,10.251108,224.10787,18631.355218,18631.62172706561
42.837064,10.253403,224.005397,18633.595784,18633.70935622052
42.847064,10.255698,223.902899,18635.835326,18637.29837489283
42.857064,10.257984,223.800377,18638.073842,18639.629195226244
42.867064,10.260252,223.69783,18640.311333,18641.33558267601
42.877064,10.262494,223.59526,18642.547799,18641.980675326253
42.887064,10.264701,223.492666,18644.783238,18643.695282383153
42.897064,10.266865,223.390049,18647.017652,18647.777850667935
42.907064,10.268977,223.28741,18649.251039,18648.7726616467
42.917064,10.271031,223.184748,18651.4834,18650.137235808408
42.927064,10.273018,223.082065,18653.714734,18654.061937023536
42.937064,10.274931,222.979361,18655.945041,18654.59878806539
42.947064,10.276763,222.876638,18658.174321,18655.891032466683
42.957064,10.278507,222.773895,18660.402574,18662.09876184823
42.967064,10.280157,222.671134,18662.629799,18662.5688300957
42.977064,10.281706,222.568357,18664.855997,18666.050655056704
42.987064,10.283149,222.465563,18667.081166,18669.86039206524
42.997064,10.284481,222.362755,18669.305308,18670.15219443846
43.007064,10.285657,222.259933,18671.528421,18671.48998746792
43.017064,10.286688,222.157099,18673.750506,18674.963080199333
43.027064,10.287559,222.054254,18675.971563,18676.59298464469
43.037064,10.288251,221.951402,18678.191591,18677.221869773137
43.047064,10.28881,221.848542,18680.410591,18684.31458473659
43.057064,10.289234,221.745678,18682.628562,18683.64200517757
43.067064,10.289519,221.642809,18684.845505,18686.178582257373
43.077064,10.289665,221.539938,18687.061418,18686.387485778476
43.087064,10.289669,221.437065,18689.276303,18691.009021669393
43.097064,10.28953,221.334193,18691.49016,18690.11848908036
43.107064,10.289248,221.231323,18693.702987,18695.24965276867
43.117064,10.288823,221.128456,18695.914786,18698.14738684298
43.127064,10.288255,221.025593,18698.125556,18698.095500971085
43.137064,10.287544,220.922737,18700.335298,18700.86713713375
43.147064,10.286693,220.819889,18702.544011,18700.946830404322
43.157064,10.285702,220.71705,18704.751696,18702.676247131847
43.167064,10.284573,220.614221,18706.958352,18704.92106634071
43.177064,10.28331,220.511404,18709.16398,18707.801132220964
43.187064,10.281914,220.408601,18711.36858,18710.448325075
43.197064,10.28039,220.305812,18713.572152,18712.526235078945
43.207064,10.27874,220.203039,18715.774697,18718.582904636463
43.217064,10.276968,220.100284,18717.976213,18720.096662782074
43.227064,10.275079,219.997547,18720.176702,18720.052823278173
43.237064,10.273077,219.894831,18722.376164,18722.145231650986
43.247064,10.270966,219.792135,18724.574599,18725.65736074077
43.257064,10.268753,219.689461,18726.772007,18730.283483451003
43.267064,10.266442,219.58681,18728.968388,18729.28063191454
43.277064,10.264029,219.484183,18731.163743,18732.76205884541
43.287064,10.261522,219.381582,18733.358072,18733.29544375735
43.297064,10.258933,219.279007,18735.551375,18737.17605396825
43.307064,10.25627,219.176458,18737.743652,18737.235385225442
43.317064,10.253539,219.073938,18739.934904,18740.08402300603
43.327064,10.250746,218.971446,18742.125131,18741.000516192158
43.337064,10.247897,218.868983,18744.314333,18744.325993905793
43.347064,10.244999,218.76655,18746.502511,18746.916808336966
43.357064,10.242058,218.664147,18748.689664,18750.99326044178
43.367064,10.239081,218.561775,18750.875794,18753.09033145096
43.377064,10.236074,218.459434,18753.0609,18752.486044545552
43.387064,10.233045,218.357124,18755.244983,18755.775814415574
43.397064,10.229999,218.254845,18757.428043,18757.344690117185
43.407064,10.226943,218.152599,18759.61008,18763.29393428535
43.417064,10.223883,218.050384,18761.791095,18763.068151241776
43.427064,10.220827,217.948201,18763.971088,18765.57378442055
43.437064,10.21778,217.84605,18766.150059,18765.782751866762
43.447064,10.214748,217.74393,18768.328009,18767.044855104403
43.457064,10.211738,217.641842,18770.504938,18770.361629997267
43.467064,10.208755,217.539786,18772.680846,18773.619622353493
43.477064,10.205806,217.43776,18774.855733,18774.477439210834
43.487064,10.202896,217.335765,18777.029601,18774.572317716887
43.497064,10.200031,217.2338,18779.202449,18779.909522948863
43.507064,10.197215,217.131865,18781.374277,18779.468388823807
43.517064,10.194455,217.029959,18783.545086,18784.37996381708
43.527064,10.191837,216.928081,18785.714876,18786.125382058624
43.537064,10.189434,216.82623,18787.883648,18787.22536835848
43.547064,10.189464,216.724392,18790.051401,18791.287616586862
43.557064,10.189541,216.622554,18792.218136,18792.153844060613
43.567064,10.189669,216.520712,18794.383852,18796.191827397433
43.577064,10.189844,216.418867,18796.54855,18797.44026265353
43.587064,10.190063,216.317022,18798.712229,18798.927547759387
43.597064,10.190325,216.215175,18800.87489,18802.904705606696
43.607064,10.190625,216.113325,18803.036533,18802.624831363835
43.617064,10.19096,216.011471,18805.197157,18803.681606940296
43.627064,10.191325,215.909613,18807.356762,18804.980480100854
43.637064,10.191723,215.80775,18809.515349,18812.064538075083
43.647064,10.192162,215.705883,18811.672917,18814.075364936347
43.657064,10.192621,215.604012,18813.829467,18814.70284024033
43.667064,10.193096,215.502135,18815.984998,18813.715559035772
43.677064,10.193585,215.400254,18818.139509,18818.84343028388
43.687064,10.194098,215.298366,18820.293003,18822.031287627968
43.697064,10.194617,215.196473,18822.445477,18822.28831128633
43.707064,10.195139,215.094574,18824.596932,18825.243453231393
43.717064,10.195659,214.992669,18826.747368,18825.930493451455
43.727064,10.196174,214.890758,18828.896785,18830.50752929203
43.737064,10.196682,214.788841,18831.045183,18832.116272946474
43.747064,10.19718,214.686919,18833.192562,18834.55017482346
43.757064,10.197663,214.584991,18835.338922,18833.441643657123
43.767064,10.198129,214.483057,18837.484262,18841.260889604106
43.777064,10.198576,214.381118,18839.628583,18839.45380584226
43.787064,10.198999,214.279174,18841.771884,18840.887593869287
43.797064,10.199398,214.177225,18843.914166,18840.626324154768
43.807064,10.199769,214.075271,18846.055429,18844.66947606067
43.817064,10.200109,213.973313,18848.195672,18847.86674820177
43.827064,10.200417,213.87135,18850.334895,18850.380699100908
43.837064,10.20069,213.769384,18852.473099,18849.71090545157
43.847064,10.200926,213.667414,18854.610283,18856.054649880174
43.857064,10.201124,213.565442,18856.746447,18857.415880960947
43.867064,10.20128,213.463466,18858.881592,18856.133441341386
43.877064,10.201394,213.361489,18861.015716,18862.851921587622
43.887064,10.201464,213.259509,18863.148821,18860.51339119108
43.897064,10.201476,213.157529,18865.280906,18863.97247208243
43.907064,10.201402,213.055547,18867.411972,18866.60810689079
43.917064,10.20093,212.953568,18869.542017,18870.522744327114
43.927064,10.20041,212.851594,18871.671043,18871.803190443774
43.937064,10.199816,212.749625,18873.799049,18873.173330148406
43.947064,10.199212,212.647661,18875.926036,18876.350674145582
43.957064,10.197891,212.545707,18878.052003,18878.89880195948
43.967064,10.196449,212.443766,18880.17695,18883.430530151334
43.977064,10.194968,212.34184,18882.300878,18882.2537382655
43.987064,10.193452,212.239929,18884.423787,18885.123905376968
43.997064,10.191903,212.138034,18886.545677,18890.75637835527
44.007064,10.190325,212.036154,18888.666548,18886.764404788973
44.017064,10.188719,211.93429,18890.7864,18890.746248114523
44.027064,10.187089,211.832443,18892.905233,18892.52391459666
44.037064,10.185437,211.730611,18895.023049,18894.56920945666
44.047064,10.183766,211.628797,18897.139846,18897.992436829954
44.057064,10.182079,211.527,18899.255625,18897.557063789132
44.067064,10.180379,211.42522,18901.370386,18901.055223463896
44.077064,10.178668,211.323457,18903.484129,18905.210178355628
44.087064,10.176949,211.221711,18905.596855,18906.361190349366
44.097064,10.175226,211.119983,18907.708563,18905.68559862673
44.107064,10.173499,211.018273,18909.819255,18910.060664330787
44.117064,10.171773,210.916581,18911.928929,18911.82267746653
44.127064,10.17005,210.814906,18914.037586,18913.368023630814
44.137064,10.168333,210.713248,18916.145227,18916.946585016052
44.147064,10.166623,210.611608,18918.251851,18919.273302154485
44.157064,10.164924,210.509986,18920.357459,18923.967908116592
44.167064,10.163237,210.408381,18922.462051,18923.78033541341
44.177064,10.161566,210.306793,18924.565627,18926.935774604863
44.187064,10.159913,210.205223,18926.668187,18928.691372157566
44.197064,10.158278,210.103669,18928.769731,18926.6461820301
44.207064,10.156666,210.002132,18930.87026,18929.043313269176
44.217064,10.155078,209.900611,18932.969774,18933.864804136116
44.227064,10.153516,209.799107,18935.068273,18934.900517927963
44.237064,10.151981,209.697618,18937.165756,18935.3971769302
44.247064,10.150476,209.596146,18939.262225,18938.9905177853
44.257064,10.149002,209.494688,18941.357679,18941.691616008146
44.267064,10.147562,209.393246,18943.452119,18945.674096740062
44.277064,10.146156,209.291818,18945.545544,18946.4871977976
44.287064,10.144786,209.190404,18947.637955,18949.322010645323
44.297064,10.143454,209.089004,18949.729352,18952.688416751407
44.307064,10.142161,208.987618,18951.819736,18953.00061040463
44.317064,10.140908,208.886245,18953.909105,18953.23322296473
44.327064,10.139696,208.784884,18955.99746,18955.802353922245
44.337064,10.138527,208.683535,18958.084803,18957.838142373526
44.347064,10.137401,208.582198,18960.171131,18958.602107912175
44.357064,10.136319,208.480873,18962.256447,18963.01384044745
44.367064,10.135282,208.379558,18964.340749,18967.890564274087
44.377064,10.134291,208.278253,18966.424038,18966.977246386312
44.387064,10.133346,208.176958,18968.506314,18968.518593619017
44.397064,10.132448,208.075672,18970.587577,18973.450687584784
44.407064,10.131597,207.974395,18972.667827,18975.967796541845
44.417064,10.130793,207.873127,18974.747065,18975.1004168919
44.427064,10.130037,207.771866,18976.82529,18974.93359832545
44.437064,10.129329,207.670612,18978.902502,18981.214809741832
44.447064,10.128669,207.569365,18980.978702,18981.803153416968
44.457064,10.128056,207.468124,18983.05389,18985.277967536396
44.467064,10.127491,207.366889,18985.128065,18981.848081891196
44.477064,10.126973,207.265659,18987.201227,18987.4125857154
44.487064,10.126502,207.164434,18989.273378,18989.510029070476
44.497064,10.126077,207.063213,18991.344516,18988.254423165075
44.507064,10.125697,206.961996,18993.414642,18994.46558564586
44.517064,10.125363,206.860782,18995.483756,18997.956618528715
44.527064,10.125074,206.759571,18997.551858,18995.757155624306
44.537064,10.12483,206.658362,18999.618947,19002.489239050596
44.547064,10.124628,206.557155,19001.685025,19003.12561882308
44.557064,10.124468,206.45595,19003.75009,19001.356273202382
44.567064,10.124348,206.354745,19005.814144,19005.369068942033
44.577064,10.124266,206.253542,19007.877185,19006.967092329454
44.587064,10.124222,206.152338,19009.939215,19010.54617354933
44.597064,10.124214,206.051135,19012.000232,19014.833837971284
44.607064,10.12424,205.949931,19014.060237,19016.516342426934
44.617064,10.124299,205.848726,19016.119231,19015.679087403663
44.627064,10.124389,205.74752,19018.177212,19017.986016447838
44.637064,10.124508,205.646313,19020.234181,19022.75689777213
44.647064,10.124655,205.545104,19022.290138,19020.150038455264
44.657064,10.124828,205.443893,19024.345083,19027.597402117288
44.667064,10.125024,205.34268,19026.399016,19028.41822790871
44.677064,10.125242,205.241465,19028.451937,19029.219284667837
44.687064,10.125479,205.140246,19030.503845,19032.13422207961
44.697064,10.125734,205.039026,19032.554742,19032.104526528394
44.707064,10.126004,204.937802,19034.604626,19036.65409959045
44.717064,10.126287,204.836575,19036.653498,19038.536464258137
44.727064,10.126581,204.735345,19038.701357,19036.099436238655
44.737064,10.126883,204.634112,19040.748205,19041.938093002773
44.747064,10.127192,204.532875,19042.79404,19044.667514611687
44.757064,10.127505,204.431635,19044.838862,19045.07298883007
44.767064,10.12782,204.330392,19046.882672,19048.63552835149
44.777064,10.128135,204.229145,19048.92547,19050.288204665474
44.787064,10.128446,204.127895,19050.967255,19052.614951357118
44.797064,10.128748,204.026641,19053.008028,19053.938648798347
44.807064,10.129042,203.925385,19055.047788,19055.4277978602
44.817064,10.129202,203.824126,19057.086536,19057.96306171423
44.827064,10.129183,203.722865,19059.12427,19059.161375118856
44.837064,10.129152,203.621605,19061.160993,19062.596948168
44.847064,10.129108,203.520345,19063.196703,19062.338451618278
44.857064,10.12905,203.419085,19065.2314,19069.530167882665
44.867064,10.128977,203.317826,19067.265084,19067.476887534547
44.877064,10.128887,203.216567,19069.297756,19069.781754024072
44.887064,10.128779,203.115308,19071.329416,19070.738565391835
44.897064,10.128654,203.01405,19073.360062,19072.457108133072
44.907064,10.128509,202.912794,19075.389697,19074.225612785933
44.917064,10.128344,202.811538,19077.418318,19075.689634030256
44.927064,10.128158,202.710285,19079.445927,19078.32409902518
44.937064,10.127951,202.609032,19081.472524,19078.858808774683
44.947064,10.127721,202.507782,19083.498108,19085.42454739166
44.957064,10.127469,202.406534,19085.52268,19086.477240100507
44.967064,10.127193,202.305288,19087.546239,19085.394373205865
44.977064,10.126893,202.204045,19089.568785,19092.16576401879
44.987064,10.12657,202.102805,19091.59032,19091.53417657039
44.997064,10.126223,202.001568,19093.610842,19093.57366193478
45.007064,10.12585,201.900335,19095.630351,19095.095661981508
45.017064,10.125451,201.799105,19097.648848,19094.526115377706
45.027064,10.125028,201.697879,19099.666333,19101.620390593194
45.037064,10.124578,201.596657,19101.682806,19100.839681881454
45.047064,10.124102,201.49544,19103.698266,19105.20766484346
45.057064,10.123601,201.394227,19105.712715,19106.65730550897
45.067064,10.123073,201.29302,19107.726151,19106.65892080848
45.077064,10.12252,201.191818,19109.738575,19109.11284834104
45.087064,10.121941,201.090622,19111.749987,19114.732107988286
45.097064,10.121337,200.989431,19113.760388,19115.662996657007
45.107064,10.120707,200.888246,19115.769776,19115.834465058393
45.117064,10.120053,200.787068,19117.778152,19118.83515347644
45.127064,10.119374,200.685897,19119.785517,19119.05935880975
45.137064,10.118671,200.584732,19121.79187,19123.971888757733
45.147064,10.117944,200.483575,19123.797212,19124.329333943475
45.157064,10.117194,200.382425,19125.801542,19125.84411521602
45.167064,10.116422,200.281283,19127.80486,19130.824950062568
45.177064,10.115628,200.180148,19129.807168,19129.444837649582
45.187064,10.114812,200.079022,19131.808463,19133.037255024057
45.197064,10.113976,199.977904,19133.808748,19135.57329319786
45.207064,10.113121,199.876795,19135.808022,19133.732932123814
45.217064,10.112246,199.775694,19137.806284,19136.628114506526
45.227064,10.111354,199.674602,19139.803535,19141.077483966477
45.237064,10.110444,199.57352,19141.799776,19141.136748752077
45.247064,10.109518,199.472446,19143.795006,19143.811712413022
45.257064,10.10861,199.371382,19145.789225,19145.4019024645
45.267064,10.107664,199.270327,19147.782434,19146.66121298086
45.277064,10.10745,199.169279,19149.774632,19148.43371533113
45.287064,10.107898,199.068229,19151.765819,19153.87534592454
45.297064,10.108325,198.967175,19153.755996,19154.46378320455
45.307064,10.108725,198.866114,19155.745163,19160.076704197476
45.317064,10.109099,198.765049,19157.733318,19159.96516739145
45.327064,10.109443,198.66398,19159.720464,19161.426704009602
45.337064,10.109756,198.562909,19161.706598,19161.93266182849
45.347064,10.110035,198.461834,19163.691722,19165.298027726145
45.357064,10.11028,198.360757,19165.675835,19167.185307072243
45.367064,10.110488,198.259676,19167.658937,19169.5799653127
45.377064,10.110658,198.158594,19169.641028,19171.18606825366
45.387064,10.110788,198.05751,19171.622109,19172.919788210907
45.397064,10.110877,197.956424,19173.602178,19174.213098687575
45.407064,10.110922,197.855338,19175.581237,19174.630350408977
45.417064,10.110924,197.754251,19177.559285,19177.81716668452
45.427064,10.110882,197.653164,19179.536322,19181.441115520647
45.437064,10.110793,197.552077,19181.512348,19182.79790018842
45.447064,10.110658,197.450992,19183.487364,19185.044487180865
45.457064,10.110475,197.349908,19185.461368,19184.476442138803
45.467064,10.110244,197.248825,19187.434362,19188.332219375563
45.477064,10.109965,197.147745,19189.406345,19190.108726483046
45.487064,10.109637,197.046668,19191.377317,19192.743471078975
45.497064,10.109261,196.945595,19193.347278,19195.888077184183
45.507064,10.108835,196.844525,19195.316229,19196.49667931094
45.517064,10.10836,196.74346,19197.284169,19197.188982446758
45.527064,10.107836,196.642399,19199.251098,19198.59862427971
45.537064,10.107264,196.541344,19201.217017,19202.409282518434
45.547064,10.106643,196.440295,19203.181925,19202.968897393188
45.557064,10.105975,196.339252,19205.145823,19205.457009958853
45.567064,10.105259,196.238216,19207.10871,19204.46036056035
45.577064,10.104497,196.137187,19209.070587,19210.118913891263
45.587064,10.10369,196.036166,19211.031454,19213.282126491507
45.597064,10.102838,195.935154,19212.99131,19210.35106544194
45.607064,10.101942,195.83415,19214.950157,19215.994618631197
45.617064,10.101003,195.733155,19216.907993,19216.47251594171
45.627064,10.100023,195.63217,19218.86482,19218.53670906413
45.637064,10.099003,195.531195,19220.820637,19221.024611012705
45.647064,10.097944,195.43023,19222.775444,19223.325978135672
45.657064,10.096848,195.329276,19224.729241,19223.800224268078
45.667064,10.095716,195.228334,19226.682029,19228.524305356474
45.677064,10.094549,195.127403,19228.633808,19229.754139135228
45.687064,10.09335,195.026484,19230.584578,19232.62030367212
45.697064,10.09212,194.925577,19232.534338,19229.53854049868
45.707064,10.090861,194.824683,19234.483089,19233.743289548005
45.717064,10.089574,194.723801,19236.430832,19237.774291129193
45.727064,10.088262,194.622933,19238.377565,19240.39309335583
45.737064,10.086925,194.522079,19240.32329,19241.0626859966
45.747064,10.085567,194.421237,19242.268007,19243.4579040834
45.757064,10.084189,194.32041,19244.211715,19245.99720423507
45.767064,10.082793,194.219597,19246.154415,19247.52097000577
45.777064,10.081381,194.118798,19248.096107,19248.95741166252
45.787064,10.079954,194.018014,19250.036791,19250.20676160916
45.797064,10.078516,193.917244,19251.976467,19253.075851145826
45.807064,10.077067,193.816489,19253.915136,19255.23766767391
45.817064,10.07561,193.715749,19255.852797,19255.329248976966
45.827064,10.074147,193.615023,19257.789451,19258.19633081739
45.837064,10.072679,193.514313,19259.725098,19261.965182477885
45.847064,10.07121,193.413617,19261.659737,19263.26710818269
45.857064,10.06974,193.312936,19263.59337,19260.6482557946
45.867064,10.068271,193.212271,19265.525996,19264.067761477072
45.877064,10.066806,193.11162,19267.457616,19265.99860802889
45.887064,10.065347,193.010985,19269.388229,19268.212771446597
45.897064,10.063894,192.910364,19271.317835,19272.697396132557
45.907064,10.062451,192.809758,19273.246436,19273.72356884577
45.917064,10.061018,192.709167,19275.174031,19273.793622487658
45.927064,10.059605,192.60859,19277.100619,19278.038317161037
45.937064,10.058211,192.508027,19279.026202,19282.237263561514
45.947064,10.056833,192.407479,19280.95078,19282.371166174824
45.957064,10.055472,192.306945,19282.874352,19283.734567137068
45.967064,10.05413,192.206424,19284.796919,19286.078855945783
45.977064,10.052809,192.105918,19286.718481,19286.868774056762
45.987064,10.051509,192.005424,19288.639037,19290.254496461577
45.997064,10.050232,191.904944,19290.558589,19287.954182873043
46.007064,10.04898,191.804476,19292.477136,19292.241093032444
46.017064,10.047754,191.704022,19294.394679,19298.4702686079
46.027064,10.046555,191.603579,19296.311217,19297.68275600621
46.037064,10.045384,191.503149,19298.22675,19297.498414177586
46.047064,10.044242,191.40273,19300.14128,19300.090241709615
46.057064,10.043131,191.302323,19302.054805,19300.946778486225
46.067064,10.042051,191.201927,19303.967326,19307.010819084247
46.077064,10.041003,191.101542,19305.878843,19305.78209159928
46.087064,10.039987,191.001167,19307.789357,19307.707663755322
46.097064,10.039006,190.900802,19309.698867,19308.606704341582
46.107064,10.038058,190.800447,19311.607373,19310.84328868452
46.117064,10.037146,190.700102,19313.514876,19313.538668349276
46.127064,10.036269,190.599765,19315.421375,19319.14173068291
46.137064,10.035428,190.499437,19317.326871,19318.44159549946
46.147064,10.034624,190.399117,19319.231364,19320.4712759145
46.157064,10.033856,190.298806,19321.134854,19317.628867494102
46.167064,10.033125,190.198501,19323.03734,19323.060877007516
46.177064,10.032431,190.098204,19324.938824,19327.282409792715
46.187064,10.031774,189.997914,19326.839304,19324.421034587343
46.197064,10.031154,189.897629,19328.738782,19326.630381265462
46.207064,10.030572,189.797351,19330.637257,19331.388621660713
46.217064,10.030027,189.697078,19332.534729,19335.32361564875
46.227064,10.029514,189.596811,19334.431198,19333.092233575873
46.237064,10.029043,189.496548,19336.326665,19333.50429129586
46.247064,10.028524,189.39629,19338.221129,19341.03919287372
46.257064,10.028014,189.296037,19340.114591,19337.629738362117
46.267064,10.027539,189.195788,19342.00705,19342.269226701013
46.277064,10.027101,189.095544,19343.898507,19343.471379011182
46.287064,10.026699,188.995305,19345.788961,19348.155308760684
46.297064,10.026333,188.895068,19347.678413,19345.8534943086
46.307064,10.026002,188.794835,19349.566862,19348.83991934229
46.317064,10.025705,188.694605,19351.45431,19350.869588498175
46.327064,10.025443,188.594377,19353.340754,19351.849669438423
46.337064,10.025213,188.494152,19355.226197,19355.508999252765
46.347064,10.025017,188.393929,19357.110638,19357.556740584452
46.357064,10.024852,188.293707,19358.994076,19359.347015668664
46.367064,10.024718,188.193486,19360.876512,19360.52280236241
46.377064,10.024614,188.093266,19362.757945,19362.319554065878
46.387064,10.024539,187.993047,19364.638377,19364.507045242488
46.397064,10.024492,187.892828,19366.517806,19371.306822425413
46.407064,10.024472,187.792609,19368.396234,19368.66135467507
46.417064,10.024477,187.69239,19370.273659,19368.691363789734
46.427064,10.024508,187.592171,19372.150081,19374.87137082888
46.437064,10.024562,187.491951,19374.025502,19374.497957285887
46.447064,10.024638,187.39173,19375.89992,19374.451612923232
46.457064,10.024735,187.291508,19377.773337,19376.957355621304
46.467064,10.024851,187.191284,19379.645751,19382.944714348632
46.477064,10.024986,187.091059,19381.517162,19381.845147123604
46.487064,10.025137,186.990832,19383.387572,19384.68882296229
46.497064,10.025304,186.890604,19385.256979,19384.40386614125
46.507064,10.025485,186.790373,19387.125384,19385.05979667413
46.517064,10.025678,186.690141,19388.992786,19388.916960734932
46.527064,10.025882,186.589906,19390.859187,19392.797029826954
46.537064,10.026096,186.489668,19392.724584,19393.917248473634
46.547064,10.026317,186.389429,19394.58898,19395.125507602355
46.557064,10.026546,186.289186,19396.452373,19396.06087049938
46.567064,10.026779,186.188942,19398.314764,19401.23033973823
46.577064,10.027016,186.088694,19400.176152,19398.706798191604
46.587064,10.027255,185.988444,19402.036538,19401.35814035488
46.597064,10.027573,185.888191,19403.895921,19402.810756227358
46.607064,10.027945,185.787935,19405.754301,19404.53971085841
46.617064,10.028315,185.687674,19407.611679,19406.77063314273
46.627064,10.02868,185.58741,19409.468055,19410.291426952717
46.637064,10.029039,185.487141,19411.323428,19411.930148679396
46.647064,10.029391,185.386869,19413.177798,19416.110164870013
46.657064,10.029735,185.286594,19415.031165,19413.162507718887
46.667064,10.030068,185.186314,19416.883529,19416.096437285058
46.677064,10.030391,185.086031,19418.734891,19420.21323213407
46.687064,10.030694,184.985745,19420.58525,19422.877929086277
46.697064,10.030969,184.885456,19422.434606,19423.309243665113
46.707064,10.031228,184.785164,19424.282959,19424.209043790623
46.717064,10.031472,184.68487,19426.130309,19427.132822531243
46.727064,10.031699,184.584572,19427.976657,19425.450380627994
46.737064,10.031907,184.484273,19429.822001,19430.90511802583
46.747064,10.032096,184.383971,19431.666342,19434.441372909154
46.757064,10.032265,184.283667,19433.50968,19434.4098809716
46.767064,10.032413,184.183362,19435.352015,19438.838108012907
46.777064,10.032539,184.083055,19437.193347,19436.665314750895
46.787064,10.032642,183.982747,19439.033676,19438.26095389497
46.797064,10.032722,183.882437,19440.873002,19442.26735604742
46.807064,10.032778,183.782127,19442.711325,19444.072837109667
46.817064,10.032808,183.681816,19444.548645,19445.297287577458
46.827064,10.032814,183.581505,19446.384962,19448.06207587075
46.837064,10.032794,183.481194,19448.220275,19445.771040402014
46.847064,10.032747,183.380883,19450.054585,19448.055099538393
46.857064,10.032674,183.280573,19451.887893,19449.621787256227
46.867064,10.032573,183.180263,19453.720197,19454.22343302468
46.877064,10.032446,183.079954,19455.551498,19458.581124106968
46.887064,10.03229,182.979647,19457.381796,19457.71623256112
46.897064,10.032108,182.879341,19459.211091,19458.188125522145
46.907064,10.031897,182.779037,19461.039383,19461.7774836161
46.917064,10.031659,182.678736,19462.866672,19462.270132930735
46.927064,10.031392,182.578436,19464.692957,19465.900412449642
46.937064,10.031098,182.47814,19466.51824,19467.5260885981
46.947064,10.030777,182.377846,19468.34252,19469.46927501391
46.957064,10.030428,182.277556,19470.165797,19470.526190521785
46.967064,10.030051,182.177269,19471.988071,19473.313287032215
46.977064,10.029648,182.076986,19473.809343,19473.966810481863
46.987064,10.029218,181.976708,19475.629611,19473.12981610837
46.997064,10.028761,181.876433,19477.448877,19478.7426672392
47.007064,10.028334,181.776164,19479.26714,19479.172273530658
47.017064,10.027853,181.675898,19481.0844,19483.395415937062
47.027064,10.028297,181.575633,19482.900658,19482.655028020505
47.037064,10.029158,181.475363,19484.715913,19487.178359924008
47.047064,10.029984,181.375082,19486.530165,19488.760733476363
47.057064,10.030775,181.274792,19488.343414,19489.844723472026
47.067064,10.031528,181.174493,19490.155661,19488.76916347928
47.077064,10.032242,181.074188,19491.966904,19492.429973413775
47.087064,10.032915,180.973876,19493.777145,19493.41008752963
47.097064,10.033545,180.873557,19495.586382,19494.810051840388
47.107064,10.03413,180.773233,19497.394616,19498.20816235723
47.117064,10.03467,180.672902,19499.201846,19499.64395951267
47.127064,10.035162,180.572566,19501.008074,19501.375530207057
47.137064,10.035605,180.472225,19502.813298,19502.49261656816
47.147064,10.035998,180.37188,19504.617518,19506.373615055873
47.157064,10.03634,180.271531,19506.420735,19506.96643473862
47.167064,10.036629,180.171179,19508.222949,19509.204155624022
47.177064,10.036865,180.070825,19510.024159,19509.714645656048
47.187064,10.037047,179.970468,19511.824365,19512.25267429879
47.197064,10.037173,179.87011,19513.623568,19513.791924178306
47.207064,10.037244,179.769751,19515.421768,19513.9057431548
47.217064,10.037258,179.669391,19517.218963,19514.72947797623
47.227064,10.037216,179.569032,19519.015155,19516.244680500848
47.237064,10.037116,179.468673,19520.810344,19519.08093292035
47.247064,10.036959,179.368316,19522.604529,19522.885024559968
47.257064,10.036745,179.267961,19524.39771,19525.650233775083
47.267064,10.036473,179.167608,19526.189888,19528.736326690872
47.277064,10.036144,179.067259,19527.981062,19526.911851595552
47.287064,10.035757,178.966913,19529.771233,19530.81492585025
47.297064,10.035314,178.866572,19531.560401,19530.94209206446
47.307064,10.034814,178.766235,19533.348565,19536.21956862981
47.317064,10.034258,178.665904,19535.135725,19535.546871646362
47.327064,10.033647,178.565579,19536.921883,19532.458511081204
47.337064,10.032981,178.46526,19538.707037,19538.083536685303
47.347064,10.032262,178.364949,19540.491188,19542.375196632023
47.357064,10.03149,178.264645,19542.274336,19541.362864920244
47.367064,10.030666,178.164349,19544.056481,19545.11419300927
47.377064,10.029792,178.064062,19545.837623,19547.372865633206
47.387064,10.028868,177.963784,19547.617762,19545.648276280564
47.397064,10.027897,177.863516,19549.396899,19552.52730930122
47.407064,10.026878,177.763257,19551.175033,19550.90094490725
47.417064,10.025815,177.663009,19552.952164,19553.64424664729
47.427064,10.024708,177.562773,19554.728293,19555.991402725802
47.437064,10.023559,177.462547,19556.503419,19554.651304876454
47.447064,10.02237,177.362334,19558.277544,19560.427254215632
47.457064,10.021143,177.262132,19560.050666,19559.946909867238
47.467064,10.019879,177.161944,19561.822786,19559.875288598083
47.477064,10.01858,177.061768,19563.593905,19563.9317675982
47.487064,10.017249,176.961605,19565.364022,19565.124804803534
47.497064,10.015887,176.861456,19567.133137,19568.666232609015
47.507064,10.014497,176.761321,19568.901251,19569.546894924875
47.517064,10.01308,176.6612,19570.668364,19571.020230085694
47.527064,10.011638,176.561093,19572.434475,19574.328537776957
47.537064,10.010174,176.461001,19574.199586,19575.03052670002
47.547064,10.00869,176.360924,19575.963695,19576.022886271257
47.557064,10.007188,176.260862,19577.726804,19579.523221648597
47.567064,10.005671,176.160815,19579.488912,19579.93034952169
47.577064,10.00414,176.060783,19581.25002,19581.71068233018
47.587064,10.002598,175.960767,19583.010128,19586.33566658624
47.597064,10.001047,175.860766,19584.769236,19586.89717467378
47.607064,9.999489,175.760781,19586.527344,19587.19695103676
47.617064,9.997927,175.660812,19588.284451,19587.575846951368
47.627064,9.996362,175.560858,19590.04056,19592.738149577483
47.637064,9.994797,175.46092,19591.795669,19591.78004887494
47.647064,9.993235,175.360998,19593.549778,19594.420150254195
47.657064,9.991676,175.261092,19595.302889,19596.246503665832
47.667064,9.990124,175.161201,19597.055,19596.327768235376
47.677064,9.98858,175.061325,19598.806113,19596.92857772248
47.687064,9.987047,174.961466,19600.556227,19602.06453271288
47.697064,9.985526,174.861621,19602.305342,19602.139147449907
47.707064,9.984019,174.761792,19604.053459,19607.190376606068
47.717064,9.982529,174.661978,19605.800578,19604.85557678263
47.727064,9.981057,174.562178,19607.546699,19608.16167622316
47.737064,9.979605,174.462394,19609.291822,19609.405397643233
47.747064,9.978175,174.362624,19611.035947,19611.46517330351
47.757064,9.976768,174.262868,19612.779074,19615.46650883763
47.767064,9.975386,174.163127,19614.521204,19615.23635156344
47.777064,9.974031,174.063399,19616.262337,19619.460821621487
47.787064,9.972704,173.963685,19618.002472,19617.91717179074
47.797064,9.971407,173.863984,19619.74161,19621.281530135853
47.807064,9.97014,173.764295,19621.479752,19621.42973067317
47.817064,9.968906,173.66462,19623.216896,19623.1016486567
47.827064,9.967705,173.564957,19624.953044,19627.383104288714
47.837064,9.966538,173.465306,19626.688196,19625.310974544773
47.847064,9.965407,173.365666,19628.42235,19630.0371821098
47.857064,9.964313,173.266038,19630.155509,19628.989330041793
47.867064,9.963256,173.16642,19631.887671,19631.85779367121
47.877064,9.962238,173.066813,19633.618837,19633.96222010931
47.887064,9.961259,172.967217,19635.349008,19634.045331831116
47.897064,9.960319,172.867629,19637.078182,19637.704164725135
47.907064,9.95942,172.768052,19638.80636,19638.43629368101
47.917064,9.958562,172.668483,19640.533543,19639.44253697005
47.927064,9.957746,172.568922,19642.25973,19643.679609414423
47.937064,9.956971,172.46937,19643.984921,19645.560981687973
47.947064,9.956239,172.369825,19645.709117,19647.47384138402
47.957064,9.955549,172.270288,19647.432318,19646.171385185917
47.967064,9.954901,172.170757,19649.154523,19649.148103070183
47.977064,9.954296,172.071233,19650.875733,19652.147832728468
47.987064,9.953734,171.971714,19652.595948,19650.577136082808
47.997064,9.953214,171.872201,19654.315167,19656.243143819196
48.007064,9.952737,171.772693,19656.033392,19655.88644486199
48.017064,9.952303,171.67319,19657.750621,19658.325885330916
48.027064,9.95191,171.573691,19659.466856,19659.46719777648
48.037064,9.951559,171.474195,19661.182095,19661.17034928255
48.047064,9.95125,171.374703,19662.89634,19664.930461897526
48.057064,9.950982,171.275214,19664.609589,19667.739364796333
48.067064,9.950754,171.175727,19666.321844,19665.57517873957
48.077064,9.950566,171.076242,19668.033104,19669.262869999828
48.087064,9.950418,170.976759,19669.743369,19670.42837442015
48.097064,9.950309,170.877277,19671.452639,19672.82936395996
48.107064,9.950237,170.777796,19673.160914,19675.595445916275
48.117064,9.950203,170.678315,19674.868195,19675.127809416743
48.127064,9.950205,170.578835,19676.57448,19676.89375606696
48.137064,9.950243,170.479354,19678.279771,19681.36741268972
48.147064,9.950316,170.379872,19679.984068,19679.433798240476
48.157064,9.950423,170.28039,19681.687369,19680.51287259032
48.167064,9.950562,170.180906,19683.389675,19685.426126392886
48.177064,9.950734,170.08142,19685.090987,19683.41754477937
48.187064,9.950936,169.981933,19686.791304,19682.60694236739
48.197064,9.951168,169.882442,19688.490626,19688.012732442057
48.207064,9.951429,169.78295,19690.188953,19691.090658999798
48.217064,9.951717,169.683454,19691.886285,19693.78516187048
48.227064,9.952032,169.583955,19693.582622,19694.681950445527
48.237064,9.952372,169.484453,19695.277964,19696.588687426927
48.247064,9.952735,169.384947,19696.972311,19696.2656115351
48.257064,9.953122,169.285437,19698.665663,19701.012782644437
48.267064,9.95353,169.185922,19700.358019,19699.477678770207
48.277064,9.953958,169.086403,19702.049381,19701.573458743376
48.287064,9.954405,168.98688,19703.739747,19701.185244538912
48.297064,9.95487,168.887352,19705.429119,19705.09826530473
48.307064,9.955351,168.787818,19707.117494,19708.22183019655
48.317064,9.955846,168.68828,19708.804875,19711.099596494067
48.327064,9.956356,168.588736,19710.49126,19709.790969454934
48.337064,9.956877,168.489187,19712.17665,19711.018080366604
48.347064,9.95741,168.389632,19713.861044,19715.172777882202
48.357064,9.957952,168.290072,19715.544442,19717.937173709633
48.367064,9.958502,168.190506,19717.226845,19718.755446580024
48.377064,9.959059,168.090933,19718.908252,19718.049305916473
48.387064,9.959622,167.991356,19720.588664,19723.656284944693
48.397064,9.960188,167.891772,19722.268079,19723.938839917988
48.407064,9.960757,167.792182,19723.946499,19723.77439017683
48.417064,9.961328,167.692586,19725.623923,19726.397010135814
48.427064,9.961899,167.592984,19727.300351,19724.65318238921
48.437064,9.962468,167.493377,19728.975783,19729.95454895855
48.447064,9.963034,167.393763,19730.650218,19732.980578665374
48.457064,9.963597,167.294143,19732.323658,19732.75375642023
48.467064,9.964155,167.194518,19733.996101,19734.80154600232
48.477064,9.964706,167.094886,19735.667548,19738.866914741484
48.487064,9.965249,166.995249,19737.337999,19737.96150007201
48.497064,9.965783,166.895607,19739.007453,19739.632821532632
48.507064,9.966307,166.795959,19740.675911,19741.61490825883
48.517064,9.966819,166.696305,19742.343372,19743.614795663314
48.527064,9.967319,166.596646,19744.009837,19744.83678702158
48.537064,9.967805,166.496982,19745.675305,19746.756257203164
48.547064,9.968277,166.397313,19747.339777,19746.648227995516
48.557064,9.968732,166.297639,19749.003252,19749.27547809168
48.567064,9.96917,166.197961,19750.66573,19752.113137967022
48.577064,9.969591,166.098278,19752.327211,19751.521971334063
48.587064,9.969992,165.998591,19753.987695,19755.77397761264
48.597064,9.970373,165.8989,19755.647183,19752.966540053676
48.607064,9.970733,165.799205,19757.305673,19757.10479235433
48.617064,9.971071,165.699506,19758.963167,19758.571860002015
48.627064,9.971387,165.599804,19760.619663,19760.378287530257
48.637064,9.971679,165.500099,19762.275163,19762.930828174613
48.647064,9.971946,165.40039,19763.929665,19763.521076114062
48.657064,9.972189,165.30068,19765.583171,19766.070226895547
48.667064,9.972406,165.200967,19767.235679,19766.29157485065
48.677064,9.972596,165.101251,19768.88719,19768.53759105739
48.687064,9.97276,165.001534,19770.537704,19772.12597252444
48.697064,9.972896,164.901816,19772.187221,19771.628766722835
48.707064,9.973008,164.802096,19773.83574,19774.75181207041
48.717064,9.973092,164.702375,19775.483262,19771.989577249566
48.727064,9.973147,164.602653,19777.129788,19779.016928033012
48.737064,9.973172,164.502931,19778.775316,19779.277213322268
48.747064,9.973168,164.403209,19780.419846,19781.539789010938
48.757064,9.973133,164.303487,19782.06338,19782.07771644363
48.767064,9.973068,164.203766,19783.705916,19782.439175649462
48.777064,9.972972,164.104045,19785.347455,19785.212083460458
48.787064,9.972846,164.004326,19786.987997,19789.306629714265
48.797064,9.972688,163.904608,19788.627542,19788.649551161267
48.807064,9.9725,163.804891,19790.266089,19788.878905666483
48.817064,9.972281,163.705177,19791.903639,19791.638260342337
48.827064,9.972031,163.605465,19793.540193,19794.43075989596
48.837064,9.97175,163.505756,19795.175749,19794.61317283607
48.847064,9.971438,163.40605,19796.810308,19796.38924082947
48.857064,9.971096,163.306347,19798.44387,19798.67742657136
48.867064,9.970723,163.206648,19800.076435,19801.863574799794
48.877064,9.97032,163.106953,19801.708003,19801.39732749165
48.887064,9.969888,163.007261,19803.338574,19804.49611929574
48.897064,9.969426,162.907575,19804.968148,19803.54326944432
48.907064,9.968934,162.807893,19806.596725,19808.130261809114
48.917064,9.968415,162.708217,19808.224306,19809.237708334545
48.927064,9.967867,162.608545,19809.85089,19810.77724752425
48.937064,9.967291,162.50888,19811.476477,19811.770047350357
48.947064,9.966686,162.40922,19813.101067,19815.57777015137
48.957064,9.966054,162.309567,19814.724661,19815.417798050243
48.967064,9.965396,162.20992,19816.347259,19813.72935501522
48.977064,9.964713,162.11028,19817.96886,19817.458106996484
48.987064,9.964005,162.010647,19819.589464,19821.906931004512
48.997064,9.963273,161.911021,19821.209073,19822.766268532207
49.007064,9.962518,161.811403,19822.827685,19824.02416903493
49.017064,9.961741,161.711792,19824.445301,19822.605187066823
49.027064,9.960943,161.61219,19826.061921,19826.680677414708
49.037064,9.960123,161.512595,19827.677544,19827.603516791874
49.047064,9.959285,161.413009,19829.292173,19829.551647735436
49.057064,9.958427,161.313432,19830.905805,19830.23224266142
49.067064,9.957549,161.213863,19832.518441,19834.104908149267
49.077064,9.956647,161.114303,19834.130082,19833.778583582967
49.087064,9.955735,161.014752,19835.740727,19834.943441707197
49.097064,9.954575,160.915212,19837.350377,19837.619719822036
49.107064,9.953394,160.815683,19838.959032,19838.4654625662
49.117064,9.952204,160.716167,19840.566691,19840.21890010966
49.127064,9.951005,160.616664,19842.173355,19847.150663577308
49.137064,9.949799,160.517173,19843.779024,19841.429647799963
49.147064,9.948586,160.417695,19845.383698,19846.477523298046
49.157064,9.947368,160.318229,19846.987378,19847.026391220472
49.167064,9.946146,160.218775,19848.590063,19848.518293062076
49.177064,9.944921,160.119334,19850.191754,19849.080617122414
49.187064,9.943695,160.019906,19851.79245,19850.19046567531
49.197064,9.942468,159.920491,19853.392152,19854.84351943035
49.207064,9.941242,159.821088,19854.99086,19853.194903797048
49.217064,9.93998,159.721698,19856.588574,19856.57105075861
49.227064,9.938714,159.622321,19858.185294,19858.795012814986
49.237064,9.937453,159.522957,19859.78102,19862.19723588106
49.247064,9.936198,159.423606,19861.375753,19859.8236569642
49.257064,9.934949,159.324267,19862.969492,19864.360156399718
49.267064,9.933707,159.224942,19864.562238,19865.182472921042
49.277064,9.932475,159.125629,19866.153991,19867.156739857142
49.287064,9.931252,159.026329,19867.744751,19867.509740067144
49.297064,9.930041,158.927041,19869.334518,19868.494867288504
49.307064,9.928841,158.827766,19870.923292,19869.442762467606
49.317064,9.927655,158.728503,19872.511073,19873.710746693923
49.327064,9.926482,158.629252,19874.097862,19873.0339193858
49.337064,9.925325,158.530013,19875.683658,19873.807293977457
49.347064,9.924184,158.430785,19877.268462,19878.204496786577
49.357064,9.923059,158.331569,19878.852274,19877.383145135514
49.367064,9.921952,158.232364,19880.435093,19879.952655447254
49.377064,9.920865,158.133171,19882.016921,19882.62442322992
49.387064,9.919797,158.033988,19883.597757,19884.6351344032
49.397064,9.918749,157.934816,19885.177601,19886.875678835746
49.407064,9.917724,157.835655,19886.756453,19884.747416086433
49.417064,9.91672,157.736503,19888.334314,19887.81625434213
49.427064,9.91574,157.637362,19889.911183,19890.427836961917
49.437064,9.914784,157.538231,19891.487061,19893.188545585417
49.447064,9.913853,157.439108,19893.061948,19892.604560248546
49.457064,9.912947,157.339995,19894.635844,19896.656784046478
49.467064,9.912067,157.240891,19896.208748,19896.134704308213
49.477064,9.911213,157.141796,19897.780661,19897.605389617496
49.487064,9.910388,157.042709,19899.351584,19898.759653512287
49.497064,9.909591,156.94363,19900.921516,19900.523685186537
49.507064,9.908824,156.844558,19902.490457,19904.57941512773
49.517064,9.908085,156.745495,19904.058407,19906.50268827065
49.527064,9.907376,156.646438,19905.625366,19903.474107916823
49.537064,9.906696,156.547388,19907.191336,19907.880743773858
49.547064,9.906047,156.448344,19908.756314,19907.765609311245
49.557064,9.905429,156.349307,19910.320302,19910.649379152088
49.567064,9.904841,156.250275,19911.8833,19911.121984133377
49.577064,9.904284,156.151249,19913.445308,19915.19393451029
49.587064,9.903759,156.052229,19915.006325,19914.577542010484
49.597064,9.903266,155.953213,19916.566353,19913.8196132852
49.607064,9.902804,155.854201,19918.12539,19917.77977378701
49.617064,9.902374,155.755194,19919.683437,19921.028031370523
49.627064,9.901977,155.656191,19921.240494,19920.801440200583
49.637064,9.901611,155.557192,19922.79656,19924.08131343053
49.647064,9.901277,155.458195,19924.351637,19923.93741240799
49.657064,9.900974,155.359202,19925.905724,19927.83948818289
49.667064,9.900704,155.260211,19927.458821,19925.550848140934
49.677064,9.900465,155.161222,19929.010929,19929.428995145197
49.687064,9.900258,155.062236,19930.562046,19929.760778472344
49.697064,9.900081,154.963251,19932.112173,19934.25824871241
49.707064,9.899936,154.864267,19933.661311,19933.211917866036
49.717064,9.899821,154.765285,19935.209459,19937.07150310155
49.727064,9.899736,154.666303,19936.756617,19935.565017789482
49.737064,9.899661,154.567322,19938.302785,19939.020728954394
49.747064,9.899588,154.468341,19939.847963,19939.046334502356
49.757064,9.899582,154.369361,19941.392152,19942.375619937677
49.767064,9.898365,154.270386,19942.93535,19943.09277497326
49.777064,9.897142,154.171422,19944.477559,19945.554095852578
49.787064,9.895956,154.072472,19946.018779,19945.50170094906
49.797064,9.894807,153.973536,19947.559009,19947.991217062357
49.807064,9.893696,153.87461,19949.09825,19951.242212994304
49.817064,9.892622,153.775694,19950.636501,19951.17950015262
49.827064,9.891588,153.676789,19952.173763,19954.37143967595
49.837064,9.890594,153.577893,19953.710037,19953.856171444833
49.847064,9.88964,153.479008,19955.245321,19957.866462729264
49.857064,9.888728,153.380132,19956.779617,19956.621341490012
49.867064,9.887857,153.281265,19958.312924,19959.365121419753
49.877064,9.887028,153.182407,19959.845242,19958.847020099056
49.887064,9.886242,153.083557,19961.376572,19962.108092195453
49.897064,9.885499,152.984715,19962.906914,19964.445679271543
49.907064,9.884799,152.88588,19964.436267,19965.16927957457
49.917064,9.884142,152.787052,19965.964631,19966.415764580437
49.927064,9.883529,152.68823,19967.492008,19966.921626575175
49.937064,9.88296,152.589414,19969.018396,19970.32099814876
49.947064,9.882435,152.490604,19970.543796,19973.260749451016
49.957064,9.881953,152.391799,19972.068208,19974.153706115638
49.967064,9.881516,152.292998,19973.591632,19972.759899646317
49.977064,9.881122,152.194202,19975.114068,19977.086726678914
49.987064,9.880771,152.09541,19976.635516,19976.411466907244
49.997064,9.880464,151.996621,19978.155976,19976.912043443343
50.007064,9.8802,151.897835,19979.675448,19979.63311343163
50.017064,9.879978,151.799051,19981.193933,19982.821118226144
50.027064,9.879799,151.700269,19982.711429,19983.174989686857
50.037064,9.879663,151.601489,19984.227938,19985.066535010825
50.047064,9.879569,151.50271,19985.743459,19987.495846803977
50.057064,9.879515,151.403932,19987.257992,19984.540625586847
50.067064,9.879502,151.305155,19988.771538,19987.676660038578
50.077064,9.879529,151.206377,19990.284095,19991.874146164606
50.087064,9.879594,151.107599,19991.795665,19994.05567749641
50.097064,9.879699,151.008819,19993.306247,19995.02580026548
50.107064,9.87984,150.910039,19994.815842,19995.71674835606
50.117064,9.880019,150.811257,19996.324448,19998.21408182678
50.127064,9.880234,150.712473,19997.832067,19998.66427920197
50.137064,9.880484,150.613686,19999.338698,19999.10845568468
50.147064,9.880768,150.514897,20000.844341,19999.94128511132
50.157064,9.881081,150.416105,20002.348996,20005.083285472792
50.167064,9.881429,150.317309,20003.852663,20003.33324070858
50.177064,9.881762,150.21851,20005.355342,20007.351051749334
50.187064,9.882041,150.119708,20006.857033,20008.79546145937
50.197064,9.882351,150.020902,20008.357736,20009.935709983383
50.207064,9.88269,149.922093,20009.857451,20009.289319539257
50.217064,9.883058,149.823281,20011.356178,20013.753423085192
50.227064,9.883453,149.724465,20012.853916,20015.94392532628
50.237064,9.883876,149.625644,20014.350667,20015.321870534404
50.247064,9.884324,149.52682,20015.846429,20016.91668888321
50.257064,9.884796,149.42799,20017.341203,20018.507528394795
50.267064,9.885293,149.329155,20018.834989,20019.738646139664
50.277064,9.885812,149.230315,20020.327787,20020.777345530303
50.287064,9.886354,149.13147,20021.819595,20018.15676344323
50.297064,9.886915,149.032619,20023.310416,20024.359419026754
50.307064,9.887496,148.933762,20024.800248,20024.488871513015
50.317064,9.888096,148.834899,20026.289091,20027.302682351772
50.327064,9.888713,148.736029,20027.776946,20028.576973860985
50.337064,9.889346,148.637154,20029.263812,20028.374224420215
50.347064,9.889994,148.538271,20030.749689,20029.770577756866
50.357064,9.890656,148.439382,20032.234577,20033.059317924035
50.367064,9.891331,148.340486,20033.718476,20034.116174570227
50.377064,9.892018,148.241583,20035.201387,20037.466037154838
50.387064,9.892715,148.142672,20036.683308,20038.564152977648
50.397064,9.893422,148.043755,20038.16424,20038.277055775936
50.407064,9.894137,147.94483,20039.644183,20036.44036223627
50.417064,9.894859,147.845897,20041.123137,20042.46504492193
50.427064,9.895587,147.746957,20042.601101,20039.725708528673
50.437064,9.89632,147.64801,20044.078076,20045.253552904855
50.447064,9.897086,147.549055,20045.554061,20047.32624982327
50.457064,9.897839,147.450092,20047.029057,20046.929864712783
50.467064,9.898818,147.35112,20048.503063,20048.173475545907
50.477064,9.90032,147.252135,20049.976079,20049.05526966827
50.487064,9.901819,147.153136,20051.448106,20053.228550024414
50.497064,9.903311,147.05412,20052.919142,20052.567078199954
50.507064,9.904794,146.955089,20054.389188,20056.2101723187
50.517064,9.906267,146.856042,20055.858244,20055.12450046937
50.527064,9.907727,146.756981,20057.326309,20054.20919602742
50.537064,9.909174,146.657905,20058.793383,20060.296235773352
50.547064,9.910604,146.558814,20060.259467,20060.379999969788
50.557064,9.912016,146.459709,20061.724559,20061.157159796072
50.567064,9.913408,146.360589,20063.188661,20065.23787564801
50.577064,9.914779,146.261455,20064.651771,20066.26318773104
50.587064,9.916127,146.162307,20066.11389,20064.619118179486
50.597064,9.91745,146.063146,20067.575017,20063.915124032057
50.607064,9.918746,145.963971,20069.035153,20068.21206279314
50.617064,9.920013,145.864783,20070.494297,20070.513572121887
50.627064,9.92125,145.765582,20071.952449,20071.67193104994
50.637064,9.922455,145.666369,20073.409608,20072.131651252676
50.647064,9.923627,145.567144,20074.865776,20076.059958694117
50.657064,9.924764,145.467908,20076.320951,20077.166523181804
50.667064,9.925864,145.36866,20077.775134,20077.853703825185
50.677064,9.926927,145.269401,20079.228324,20080.711545324022
50.687064,9.92795,145.170131,20080.680522,20081.4553788535
50.697064,9.928932,145.070852,20082.131727,20083.62997788353
50.707064,9.929873,144.971562,20083.581939,20085.809448654563
50.717064,9.930771,144.872264,20085.031158,20085.198075911285
50.727064,9.931624,144.772956,20086.479384,20086.65329459262
50.737064,9.932432,144.673641,20087.926617,20086.962404482863
50.747064,9.933193,144.574317,20089.372857,20089.517960839006
50.757064,9.933907,144.474987,20090.818104,20089.03894448081
50.767064,9.934573,144.375649,20092.262357,20092.7536991859
50.777064,9.935189,144.276305,20093.705616,20093.242628730914
50.787064,9.935755,144.176955,20095.147883,20094.38375976825
50.797064,9.93627,144.0776,20096.589156,20096.61542221624
50.807064,9.936734,143.97824,20098.029435,20098.949201568947
50.817064,9.937145,143.878876,20099.46872,20097.891745910732
50.827064,9.937504,143.779508,20100.907012,20100.54224213325
50.837064,9.937809,143.680136,20102.344311,20102.646252817816
50.847064,9.93806,143.580762,20103.780615,20103.126596045066
50.857064,9.938258,143.481386,20105.215926,20106.54677279288
50.867064,9.938401,143.382009,20106.650243,20107.165148166965
50.877064,9.938489,143.28263,20108.083566,20108.246767919234
50.887064,9.938522,143.183251,20109.515895,20107.73477913956
50.897064,9.9385,143.083872,20110.947231,20110.399080130126
50.907064,9.938424,142.984494,20112.377573,20111.442356944255
50.917064,9.938292,142.885117,20113.806921,20113.64717535112
50.927064,9.938106,142.785742,20115.235275,20115.20313139004
50.937064,9.937866,142.686369,20116.662636,20113.953047514155
50.947064,9.937571,142.586998,20118.089002,20117.168065154274
50.957064,9.937222,142.487631,20119.514376,20119.556259789966
50.967064,9.936819,142.388269,20120.938755,20118.04672675336
50.977064,9.936362,142.28891,20122.362141,20119.497308008664
50.987064,9.935853,142.189557,20123.784533,20125.219736526113
50.997064,9.935291,142.090209,20125.205932,20125.141774466443
51.007064,9.934683,141.990867,20126.626338,20128.13571095275
51.017064,9.934031,141.891531,20128.04575,20131.060062240882
51.027064,9.933329,141.792203,20129.464168,20129.084271269337
51.037064,9.932577,141.692882,20130.881594,20130.294876291166
51.047064,9.931776,141.593568,20132.298026,20130.802677124004
51.057064,9.930927,141.494263,20133.713465,20132.675815813698
51.067064,9.930031,141.394967,20135.127911,20133.791895730516
51.077064,9.929089,141.295681,20136.541364,20137.026957342558
51.087064,9.928102,141.196404,20137.953825,20140.956380702966
51.097064,9.927072,141.097137,20139.365292,20139.616527781738
51.107064,9.925999,140.997881,20140.775768,20141.657339996455
51.117064,9.924884,140.898636,20142.18525,20143.491811990636
51.127064,9.923729,140.799402,20143.59374,20145.447174336787
51.137064,9.922536,140.70018,20145.001238,20145.58434009063
51.147064,9.921305,140.600971,20146.407744,20144.55849941624
51.157064,9.920037,140.501774,20147.813258,20149.95525923367
51.167064,9.918735,140.402589,20149.217779,20150.217523546515
51.177064,9.9174,140.303419,20150.62131,20149.92642509609
51.187064,9.916032,140.204261,20152.023848,20150.994700297717
51.197064,9.914635,140.105118,20153.425395,20154.966724659593
51.207064,9.913208,140.005989,20154.82595,20154.11530701586
51.217064,9.911755,139.906874,20156.225515,20156.93972571307
51.227064,9.910275,139.807774,20157.624088,20156.789231916504
51.237064,9.908772,139.708689,20159.02167,20159.954477123065
51.247064,9.907246,139.609619,20160.418262,20159.94239980637
51.257064,9.905699,139.510564,20161.813863,20157.35351759264
51.267064,9.904133,139.411525,20163.208473,20165.049443979136
51.277064,9.90255,139.312502,20164.602093,20166.63678735686
51.287064,9.900951,139.213494,20165.994723,20165.563237150018
51.297064,9.899339,139.114503,20167.386363,20168.30796709366
51.307064,9.897714,139.015528,20168.777013,20166.230659049994
51.317064,9.896078,138.91657,20170.166674,20167.363997117496
51.327064,9.894433,138.817627,20171.555345,20174.714182776705
51.337064,9.892781,138.718702,20172.943026,20170.6014655085
51.347064,9.891123,138.619792,20174.329719,20175.29377214004
51.357064,9.889461,138.5209,20175.715422,20176.66600799181
51.367064,9.887797,138.422024,20177.100137,20178.178098031225
51.377064,9.886132,138.323165,20178.483863,20179.068938715074
51.387064,9.884468,138.224322,20179.8666,20180.12542788636
51.397064,9.882807,138.125496,20181.248349,20180.883453085054
51.407064,9.88115,138.026687,20182.62911,20184.918367845323
51.417064,9.879498,137.927894,20184.008883,20183.65511140292
51.427064,9.877854,137.829118,20185.387668,20184.077002996164
51.437064,9.876219,137.730358,20186.765465,20186.33823142417
51.447064,9.874594,137.631615,20188.142275,20188.909212631508
51.457064,9.872943,137.532888,20189.518098,20190.110861095785
51.467064,9.871327,137.434177,20190.892933,20189.184042729372
51.477064,9.869493,137.335484,20192.266781,20194.08825249108
51.487064,9.867032,137.236811,20193.639643,20194.66074442675
51.497064,9.864593,137.138164,20195.011518,20195.738981680115
51.507064,9.862179,137.039541,20196.382406,20194.816081808767
51.517064,9.859792,136.940943,20197.752309,20199.27688447402
51.527064,9.857434,136.842369,20199.121225,20201.396418024953
51.537064,9.855107,136.743818,20200.489156,20202.588447060603
51.547064,9.852813,136.645291,20201.856102,20203.037343058557
51.557064,9.850555,136.546787,20203.222062,20203.079578871595
51.567064,9.848335,136.448305,20204.587037,20203.571857884748
51.577064,9.846154,136.349846,20205.951028,20203.612371980835
51.587064,9.844014,136.251408,20207.314034,20207.431210946048
51.597064,9.841917,136.152992,20208.676056,20208.583502180572
51.607064,9.839865,136.054597,20210.037094,20210.268691529607
51.617064,9.837858,135.956223,20211.397148,20212.57707664874
51.627064,9.8359,135.857868,20212.756219,20214.142116235547
51.637064,9.833991,135.759534,20214.114306,20215.93477249881
51.647064,9.832133,135.661218,20215.471409,20216.960769086993
51.657064,9.830327,135.562921,20216.82753,20216.375526687476
51.667064,9.828575,135.464642,20218.182668,20219.692562482804
51.677064,9.826878,135.366381,20219.536823,20220.788682342736
51.687064,9.825236,135.268136,20220.889996,20222.023787662238
51.697064,9.823652,135.169908,20222.242186,20222.996639060442
51.707064,9.822127,135.071696,20223.593394,20224.06760133515
51.717064,9.82066,134.9735,20224.94362,20226.46580177183
51.727064,9.819254,134.875317,20226.292864,20226.821732818116
51.737064,9.817909,134.777149,20227.641126,20225.57666817511
51.747064,9.816626,134.678994,20228.988407,20230.914337722417
51.757064,9.815406,134.580852,20230.334706,20231.27172171697
51.767064,9.814249,134.482723,20231.680024,20231.658080609344
51.777064,9.813157,134.384604,20233.024361,20233.64110230916
51.787064,9.812128,134.286497,20234.367716,20234.77385230807
51.797064,9.811165,134.188399,20235.710091,20237.482806906937
51.807064,9.810267,134.090312,20237.051484,20234.872105789993
51.817064,9.809435,133.992233,20238.391897,20239.526953483273
51.827064,9.808668,133.894162,20239.731329,20237.58542355685
51.837064,9.807967,133.796099,20241.06978,20241.069212447183
51.847064,9.807333,133.698042,20242.407251,20241.512773133174
51.857064,9.806765,133.599992,20243.743741,20242.22797398013
51.867064,9.806263,133.501947,20245.079251,20243.802579200044
51.877064,9.805828,133.403907,20246.41378,20245.039390228587
51.887064,9.805458,133.305872,20247.747329,20245.786809727662
51.897064,9.805155,133.207839,20249.079897,20251.831188695083
51.907064,9.804917,133.10981,20250.411486,20251.544093954908
51.917064,9.804744,133.011782,20251.742094,20249.816054113206
51.927064,9.804636,132.913757,20253.071721,20255.170925774546
51.937064,9.804593,132.815731,20254.400369,20254.24538578581
51.947064,9.804614,132.717706,20255.728036,20256.3845674504
51.957064,9.804699,132.619681,20257.054723,20258.81086409238
51.967064,9.804847,132.521654,20258.38043,20260.441978542913
51.977064,9.805056,132.423626,20259.705156,20260.08049162408
51.987064,9.805328,132.325595,20261.028902,20262.799806653056
51.997064,9.80566,132.22756,20262.351668,20265.129077022568
52.007064,9.806053,132.129523,20263.673453,20262.679595640337
52.017064,9.806505,132.03148,20264.994258,20263.56219372607
52.027064,9.807026,131.933433,20266.314083,20266.49266807524
52.037064,9.807632,131.83538,20267.632927,20272.120580017254
52.047064,9.808268,131.737321,20268.95079,20270.45880614136
52.057064,9.809557,131.639252,20270.267673,20268.4345792478
52.067064,9.811159,131.541169,20271.583575,20273.750618609683
52.077064,9.81281,131.443069,20272.898497,20272.424378751377
52.087064,9.814509,131.344952,20274.212437,20274.874189690305
52.097064,9.816253,131.246818,20275.525396,20276.592669855487
52.107064,9.818039,131.148665,20276.837373,20277.490620877365
52.117064,9.819866,131.050494,20278.148369,20277.982401193753
52.127064,9.821732,130.952304,20279.458383,20278.67666759839
52.137064,9.823633,130.854095,20280.767415,20279.089204029384
52.147064,9.825569,130.755867,20282.075465,20281.15608861939
52.157064,9.827535,130.657619,20283.382532,20282.556978854118
52.167064,9.829531,130.55935,20284.688617,20284.04588142324
52.177064,9.831554,130.461062,20285.993719,20291.018901719395
52.187064,9.833601,130.362752,20287.297838,20290.012897782555
52.197064,9.83567,130.264422,20288.600974,20289.55549464338
52.207064,9.837759,130.166071,20289.903127,20288.96778869065
52.217064,9.839865,130.067698,20291.204295,20287.77669651901
52.227064,9.841986,129.969304,20292.50448,20294.76106526531
52.237064,9.84412,129.870888,20293.803681,20292.58604110856
52.247064,9.846265,129.772451,20295.101898,20295.727312324874
52.257064,9.848417,129.673991,20296.39913,20297.34401071885
52.267064,9.850575,129.57551,20297.695378,20295.266682664726
52.277064,9.852735,129.477007,20298.99064,20299.806595981197
52.287064,9.854897,129.378482,20300.284918,20298.916455295675
52.297064,9.857057,129.279935,20301.57821,20302.45748501173
52.307064,9.859213,129.181366,20302.870517,20301.949351601557
52.317064,9.861363,129.082775,20304.161837,20304.45087807786
52.327064,9.863504,128.984162,20305.452172,20304.356173439297
52.337064,9.865635,128.885528,20306.74152,20306.64458764301
52.347064,9.867753,128.786872,20308.029882,20305.44137574067
52.357064,9.869855,128.688194,20309.317258,20309.063269616367
52.367064,9.871941,128.589495,20310.603646,20311.434878855143
52.377064,9.874007,128.490776,20311.889048,20313.9212828507
52.387064,9.876052,128.392035,20313.173462,20312.877702565835
52.397064,9.878073,128.293273,20314.456888,20316.402689923387
52.407064,9.880068,128.194491,20315.739327,20315.144950565904
52.417064,9.882036,128.095689,20317.020778,20315.991630479526
52.427064,9.883975,127.996867,20318.301241,20317.81152917534
52.437064,9.885882,127.898026,20319.580715,20320.607381371134
52.447064,9.887755,127.799165,20320.859201,20321.679959977064
52.457064,9.889594,127.700285,20322.136699,20322.342666761488
52.467064,9.891396,127.601387,20323.413207,20323.621575115398
52.477064,9.893159,127.502471,20324.688726,20325.927820046825
52.487064,9.894881,127.403537,20325.963256,20326.769360842165
52.497064,9.896562,127.304586,20327.236797,20327.80063244582
52.507064,9.898199,127.205617,20328.509348,20329.6094259359
52.517064,9.899791,127.106633,20329.780909,20328.03235955079
52.527064,9.901337,127.007632,20331.051481,20331.50597927171
52.537064,9.902834,126.908616,20332.321062,20331.610657129964
52.547064,9.904282,126.809585,20333.589653,20336.88096235897
52.557064,9.905679,126.710539,20334.857253,20336.757789578125
52.567064,9.907025,126.611479,20336.123864,20337.07283251386
52.577064,9.908317,126.512406,20337.389483,20336.8684410753
52.587064,9.909555,126.41332,20338.654112,20340.215722996436
52.597064,9.910737,126.314222,20339.917749,20341.768117561915
52.607064,9.911863,126.215112,20341.180396,20340.71836040795
52.617064,9.912931,126.115991,20342.442052,20343.98483485814
52.627064,9.913941,126.016859,20343.702716,20343.180100378155
52.637064,9.914893,125.917717,20344.962389,20347.03167476699
52.647064,9.915784,125.818566,20346.22107,20347.319940937436
52.657064,9.916615,125.719406,20347.47876,20344.10562231847
52.667064,9.917384,125.620238,20348.735458,20348.098341130313
52.677064,9.918091,125.521063,20349.991165,20349.216983710052
52.687064,9.918735,125.42188,20351.245879,20351.485865552142
52.697064,9.919317,125.322692,20352.499602,20351.529257943977
52.707064,9.919835,125.223497,20353.752333,20353.41218250745
52.717064,9.920289,125.124298,20355.004072,20355.005700733924
52.727064,9.920679,125.025095,20356.254819,20358.255551053317
52.737064,9.921005,124.925887,20357.504574,20357.513026611996
52.747064,9.921266,124.826677,20358.753337,20359.028595609117
52.757064,9.921462,124.727465,20360.001108,20361.51804003446
52.767064,9.921594,124.628251,20361.247886,20361.785925864806
52.777064,9.921661,124.529036,20362.493673,20362.72102447522
52.787064,9.921663,124.42982,20363.738467,20363.098138015917
52.797064,9.9216,124.330605,20364.982269,20364.05705592038
52.807064,9.921474,124.231391,20366.225079,20365.60739285708
52.817064,9.921283,124.132178,20367.466897,20367.18385501108
52.827064,9.921028,124.032968,20368.707723,20369.379682917737
52.837064,9.92071,123.93376,20369.947556,20370.102702098422
52.847064,9.920328,123.834557,20371.186398,20371.101720718318
52.857064,9.919884,123.735357,20372.424247,20373.10560131188
52.867064,9.919378,123.636162,20373.661105,20373.87918381359
52.877064,9.918811,123.536973,20374.896971,20376.40359331332
52.887064,9.918182,123.43779,20376.131844,20374.147702626142
52.897064,9.917493,123.338613,20377.365726,20378.881493981953
52.907064,9.916745,123.239444,20378.598617,20380.892034013497
52.917064,9.915938,123.140283,20379.830515,20381.419812835687
52.927064,9.915073,123.04113,20381.061422,20383.578403577718
52.937064,9.914152,122.941986,20382.291338,20383.90526113216
52.947064,9.913174,122.842852,20383.520262,20383.84850939348
52.957064,9.912141,122.743728,20384.748195,20386.94528272024
52.967064,9.911054,122.644615,20385.975137,20387.239472616333
52.977064,9.909914,122.545513,20387.201087,20384.23365107979
52.987064,9.908722,122.446424,20388.426047,20390.598708187972
52.997064,9.90748,122.347346,20389.650016,20392.14502942368
53.007064,9.906188,122.248281,20390.872994,20390.77290954732
53.017064,9.904847,122.14923,20392.094982,20391.722201866516
53.027064,9.90346,122.050193,20393.315979,20393.609736708248
53.037064,9.902027,121.95117,20394.535986,20398.327798575232
53.047064,9.900551,121.852161,20395.755002,20393.250733971814
53.057064,9.899031,121.753168,20396.973029,20395.976355480234
53.067064,9.89747,121.654191,20398.190066,20396.317550160842
53.077064,9.895868,121.555229,20399.406113,20399.173060203775
53.087064,9.894228,121.456284,20400.62117,20399.607121359055
53.097064,9.89255,121.357356,20401.835238,20404.261390006563
53.107064,9.890837,121.258445,20403.048317,20405.747209231973
53.117064,9.889089,121.159552,20404.260407,20404.7478853366
53.127064,9.887309,121.060676,20405.471508,20407.895242172817
53.137064,9.885497,120.961819,20406.681621,20408.60571406544
53.147064,9.883656,120.86298,20407.890745,20406.36767646204
53.157064,9.881787,120.76416,20409.098881,20409.886155534845
53.167064,9.879892,120.665359,20410.306028,20410.616697042078
53.177064,9.877972,120.566577,20411.512188,20411.102301898125
53.187064,9.876029,120.467815,20412.71736,20413.336197254645
53.197064,9.874065,120.369073,20413.921544,20413.94411367926
53.207064,9.872081,120.27035,20415.124741,20413.828014484705
53.217064,9.870079,120.171648,20416.326951,20415.32425422271
53.227064,9.868061,120.072966,20417.528174,20418.95664224546
53.237064,9.866029,119.974305,20418.728411,20420.73681440567
53.247064,9.863983,119.875664,20419.92766,20417.600553790566
53.257064,9.861927,119.777044,20421.125924,20420.64169621588
53.267064,9.859861,119.678445,20422.323201,20424.893502283267
53.277064,9.857788,119.579866,20423.519493,20425.064151620136
53.287064,9.855708,119.481309,20424.714799,20422.643879161475
53.297064,9.853625,119.382773,20425.909119,20425.39984413061
53.307064,9.851538,119.284257,20427.102454,20426.642197102046
53.317064,9.849451,119.185763,20428.294804,20427.792377651574
53.327064,9.847365,119.08729,20429.48617,20427.190834137138
53.337064,9.845281,118.988838,20430.67655,20429.815680196105
53.347064,9.843201,118.890407,20431.865947,20429.28285101009
53.357064,9.841127,118.791997,20433.054359,20432.229906752687
53.367064,9.83906,118.693607,20434.241787,20435.8312128175
53.377064,9.837002,118.595239,20435.428231,20435.147640086245
53.387064,9.834954,118.496891,20436.613691,20437.462942630733
53.397064,9.83292,118.398564,20437.798169,20440.50510239339
53.407064,9.830898,118.300257,20438.981663,20442.501956643202
53.417064,9.828893,118.20197,20440.164174,20437.571504882857
53.427064,9.826904,118.103704,20441.345702,20440.774068027382
53.437064,9.824934,118.005458,20442.526248,20444.913695232968
53.447064,9.822984,117.907231,20443.705811,20442.463888197046
53.457064,9.821055,117.809024,20444.884393,20445.513674252077
53.467064,9.819149,117.710836,20446.061992,20447.273239090093
53.477064,9.817267,117.612667,20447.238609,20448.486416633426
53.487064,9.815411,117.514517,20448.414245,20449.04296815983
53.497064,9.813582,117.416385,20449.5889,20447.8675579667
53.507064,9.811781,117.318272,20450.762573,20450.484738878058
53.517064,9.810009,117.220176,20451.935265,20452.148003927512
53.527064,9.808268,117.122099,20453.106977,20453.299205879874
53.537064,9.806559,117.024038,20454.277707,20455.687449562734
53.547064,9.804884,116.925995,20455.447458,20457.92095731213
53.557064,9.803242,116.827968,20456.616227,20457.086882989417
53.567064,9.801636,116.729958,20457.784017,20455.23133625552
53.577064,9.800066,116.631963,20458.950827,20459.196816605636
53.587064,9.798534,116.533984,20460.116656,20463.042615093018
53.597064,9.79704,116.436021,20461.281506,20461.392347926638
53.607064,9.795586,116.338072,20462.445377,20461.928219373753
53.617064,9.794172,116.240137,20463.608268,20463.02713015505
53.627064,9.792799,116.142216,20464.77018,20465.126849220673
53.637064,9.791468,116.044309,20465.931112,20466.85129628148
53.647064,9.790178,115.946415,20467.091066,20466.916966117464
53.657064,9.788932,115.848534,20468.25004,20469.075473095854
53.667064,9.78773,115.750665,20469.408036,20469.651173460556
53.677064,9.786573,115.652808,20470.565054,20472.58408917937
53.687064,9.785461,115.554962,20471.721093,20470.48455459503
53.697064,9.784396,115.457127,20472.876153,20472.02894306239
53.707064,9.783378,115.359303,20474.030235,20472.573658221234
53.717064,9.782407,115.261488,20475.183339,20477.613060333682
53.727064,9.781483,115.163683,20476.335465,20476.699933411837
53.737064,9.780608,115.065887,20477.486613,20477.465027263275
53.747064,9.779781,114.9681,20478.636783,20477.553499704394
53.757064,9.779003,114.87032,20479.785975,20476.33638455868
53.767064,9.778274,114.772548,20480.934189,20482.116046688683
53.777064,9.777594,114.674783,20482.081426,20482.484909015428
53.787064,9.776964,114.577024,20483.227685,20483.91748557381
53.797064,9.776383,114.479272,20484.372966,20483.023313916918
53.807064,9.775852,114.381525,20485.51727,20486.546428476988
53.817064,9.775371,114.283783,20486.660597,20487.162323202163
53.827064,9.77494,114.186046,20487.802946,20488.416975580436
53.837064,9.774558,114.088312,20488.944318,20489.888327114906
53.847064,9.774226,113.990583,20490.084712,20490.314588178117
53.857064,9.773944,113.892856,20491.22413,20492.553107948865
53.867064,9.773712,113.795131,20492.362569,20492.64145554856
53.877064,9.773529,113.697409,20493.500032,20494.646298645544
53.887064,9.773394,113.599688,20494.636518,20492.377229712914
53.897064,9.773304,113.501969,20495.772026,20495.2085621419
53.907064,9.773244,113.40425,20496.906557,20496.458384062546
53.917064,9.773248,113.306531,20498.040111,20495.84829436669
53.927064,9.773099,113.208813,20499.172688,20497.800747751564
53.937064,9.772748,113.111097,20500.304287,20498.569596613255
53.947064,9.772447,113.013384,20501.43491,20500.58935722909
53.957064,9.772196,112.915675,20502.564555,20501.837527718337
53.967064,9.771995,112.817968,20503.693223,20502.427987066258
53.977064,9.771842,112.720263,20504.820914,20504.41505205614
53.987064,9.771739,112.622559,20505.947628,20506.52967842693
53.997064,9.771684,112.524855,20507.073365,20506.847258824433
54.007064,9.771678,112.427152,20508.198125,20506.995332446004
54.017064,9.77172,112.329449,20509.321908,20508.516772370367
54.027064,9.771809,112.231745,20510.444714,20510.634821605727
54.037064,9.771945,112.13404,20511.566543,20511.768418785403
54.047064,9.772129,112.036334,20512.687395,20511.263848696035
54.057064,9.772358,111.938625,20513.80727,20514.50657930544
54.067064,9.772633,111.840914,20514.926168,20517.700941288935
54.077064,9.772953,111.7432,20516.044088,20517.120657811054
54.087064,9.773318,111.645483,20517.161032,20517.929280915752
54.097064,9.773727,111.547762,20518.276998,20517.427312613767
54.107064,9.774178,111.450036,20519.391987,20521.15482214658
54.117064,9.774672,111.352306,20520.505999,20518.26849828647
54.127064,9.775208,111.25457,20521.619033,20522.757975329674
54.137064,9.775785,111.156829,20522.73109,20521.601691036274
54.147064,9.776402,111.059082,20523.84217,20524.53315069492
54.157064,9.777059,110.961329,20524.952272,20525.204493575304
54.167064,9.777753,110.863568,20526.061396,20525.088088450542
54.177064,9.778486,110.765801,20527.169543,20527.044846753717
54.187064,9.779255,110.668026,20528.276712,20530.114945828478
54.197064,9.78006,110.570243,20529.382903,20529.87280704531
54.207064,9.7809,110.472452,20530.488117,20530.894134248418
54.217064,9.781774,110.374652,20531.592353,20531.564382222445
54.227064,9.78268,110.276843,20532.69561,20532.92211489055
54.237064,9.783619,110.179025,20533.797889,20534.744171535924
54.247064,9.784584,110.081198,20534.89919,20531.76416669307
54.257064,9.785578,109.98336,20535.999513,20534.783589638304
54.267064,9.786601,109.885513,20537.098858,20535.348753727263
54.277064,9.787651,109.787654,20538.197223,20538.175156125955
54.287064,9.788729,109.689786,20539.294611,20540.832872525287
54.297064,9.789832,109.591906,20540.391019,20538.843503649692
54.307064,9.790959,109.494015,20541.486449,20541.30209038954
54.317064,9.792111,109.396112,20542.580899,20544.301904670683
54.327064,9.793284,109.298198,20543.674371,20543.578941843363
54.337064,9.794478,109.200271,20544.766863,20545.41892346806
54.347064,9.795693,109.102333,20545.858376,20546.976838758706
54.357064,9.796927,109.004382,20546.94891,20545.645121629477
54.367064,9.798178,108.906419,20548.038464,20548.80854145409
54.377064,9.799446,108.808443,20549.127038,20547.461056594268
54.387064,9.800729,108.710454,20550.214633,20549.12810031664
54.397064,9.802026,108.612451,20551.301247,20550.421663429286
54.407064,9.803336,108.514436,20552.386882,20553.647407829063
54.417064,9.804658,108.416408,20553.471536,20555.475378687097
54.427064,9.805991,108.318366,20554.55521,20554.772220146762
54.437064,9.807333,108.22031,20555.637903,20555.12282977511
54.447064,9.808684,108.122241,20556.719616,20556.27270952373
54.457064,9.810041,108.024158,20557.800348,20557.084033234074
54.467064,9.811404,107.926061,20558.880099,20561.807100575294
54.477064,9.812772,107.82795,20559.958869,20558.187970835515
54.487064,9.814144,107.729826,20561.036658,20561.49599599613
54.497064,9.815518,107.631687,20562.113466,20562.734740276708
54.507064,9.816893,107.533535,20563.189292,20565.195566466875
54.517064,9.818268,107.435369,20564.264136,20565.100204573304
54.527064,9.819642,107.337188,20565.337999,20565.105272644785
54.537064,9.821014,107.238994,20566.41088,20569.050117261195
54.547064,9.822382,107.140786,20567.482779,20569.280079635228
54.557064,9.823746,107.042564,20568.553696,20570.072639914528
54.567064,9.825104,106.944328,20569.62363,20572.778691187832
54.577064,9.826455,106.846078,20570.692582,20568.544156257303
54.587064,9.827799,106.747815,20571.760552,20570.170307617525
54.597064,9.829134,106.649538,20572.827538,20571.089733531648
54.607064,9.830458,106.551248,20573.893542,20573.474159291716
54.617064,9.831772,106.452944,20574.958563,20576.248157581518
54.627064,9.833073,106.354627,20576.022601,20578.730636340686
54.637064,9.834362,106.256296,20577.085656,20576.094703698247
54.647064,9.835636,106.157953,20578.147727,20577.038714418108
54.657064,9.836895,106.059597,20579.208815,20579.557441265595
54.667064,9.838138,105.961228,20580.268919,20581.85019285669
54.677064,9.839364,105.862846,20581.328039,20580.777256781625
54.687064,9.840571,105.764453,20582.386176,20582.443137188035
54.697064,9.84176,105.666046,20583.443328,20582.938833815577
54.707064,9.842929,105.567628,20584.499497,20583.48472787846
54.717064,9.844077,105.469199,20585.554681,20586.751892007815
54.727064,9.845204,105.370757,20586.608881,20587.542357563307
54.737064,9.846308,105.272305,20587.662096,20588.267037975445
54.747064,9.847388,105.173841,20588.714327,20587.37054967176
54.757064,9.848445,105.075366,20589.765573,20590.555580901655
54.767064,9.849476,104.976881,20590.815834,20591.457296039454
54.777064,9.850482,104.878385,20591.86511,20591.779463283285
54.787064,9.851461,104.779879,20592.913402,20592.35835300728
54.797064,9.852413,104.681364,20593.960708,20592.64130322079
54.807064,9.853337,104.582839,20595.007029,20592.695217945555
54.817064,9.854232,104.484304,20596.052365,20597.026651471508
54.827064,9.855099,104.385761,20597.096715,20596.338803739287
54.837064,9.855935,104.287209,20598.14008,20599.447250607132
54.847064,9.856741,104.188649,20599.182459,20599.042669017697
54.857064,9.857515,104.09008,20600.223853,20601.663302678728
54.867064,9.858258,103.991504,20601.264261,20601.24443148672
54.877064,9.858969,103.892921,20602.303683,20600.983502227413
54.887064,9.859648,103.794331,20603.342119,20601.19759224556
54.897064,9.860293,103.695734,20604.379569,20603.567147803824
54.907064,9.860904,103.59713,20605.416034,20604.22094875616
54.917064,9.861481,103.49852,20606.451512,20606.828369047835
54.927064,9.862024,103.399905,20607.486004,20608.162326522015
54.937064,9.862532,103.301285,20608.51951,20609.210626069595
54.947064,9.863005,103.202659,20609.55203,20609.53128954107
54.957064,9.863442,103.104029,20610.583563,20611.77342462409
54.967064,9.863843,103.005395,20611.61411,20614.929421170185
54.977064,9.864208,102.906757,20612.643671,20613.25761110205
54.987064,9.864537,102.808115,20613.672246,20615.787658528476
54.997064,9.864829,102.70947,20614.699834,20613.18368119847
55.007064,9.865084,102.610823,20615.726435,20617.017469150476
55.017064,9.865302,102.512173,20616.75205,20619.403522650322
55.027064,9.865483,102.413521,20617.776678,20619.308012073725
55.037064,9.865627,102.314868,20618.80032,20621.190238534284
55.047064,9.865734,102.216213,20619.822976,20622.74814018279
55.057064,9.865803,102.117558,20620.844645,20618.45967723141
55.067064,9.865834,102.018902,20621.865327,20621.688401875177
55.077064,9.865828,101.920245,20622.885023,20622.031419284063
55.087064,9.865785,101.82159,20623.903732,20624.293250211867
55.097064,9.865704,101.722934,20624.921454,20626.420849493417
55.107064,9.865586,101.62428,20625.938191,20623.974726535136
55.117064,9.865431,101.525628,20626.95394,20627.63789832911
55.127064,9.865238,101.426977,20627.968703,20626.780750768074
55.137064,9.865009,101.328328,20628.98248,20628.643195026485
55.147064,9.864743,101.229682,20629.99527,20630.126074700496
55.157064,9.86444,101.131039,20631.007073,20632.82069989701
55.167064,9.864101,101.032399,20632.01789,20632.188507348284
55.177064,9.863726,100.933763,20633.027721,20633.671206683746
55.187064,9.863315,100.835131,20634.036566,20632.630654782686
55.197064,9.862869,100.736503,20635.044424,20636.637288075235
55.207064,9.862387,100.63788,20636.051296,20635.850027451434
55.217064,9.861871,100.539262,20637.057182,20635.0005161682
55.227064,9.86132,100.44065,20638.062081,20637.90650631599
55.237064,9.860735,100.342043,20639.065995,20639.84177313807
55.247064,9.860117,100.243442,20640.068922,20640.644700772245
55.257064,9.859465,100.144848,20641.070863,20643.244293022315
55.267064,9.858781,100.046261,20642.071819,20646.143117137308
55.277064,9.858064,99.947681,20643.071789,20643.43179601137
55.287064,9.857316,99.849108,20644.070773,20643.37863516629
55.297064,9.856536,99.750543,20645.068771,20642.52310655787
55.307064,9.855726,99.651986,20646.065783,20646.116839200284
55.317064,9.854886,99.553438,20647.061811,20648.782112981957
55.327064,9.854016,99.454898,20648.056852,20651.393727753017
55.337064,9.853118,99.356368,20649.050909,20646.682358097714
55.347064,9.852192,99.257846,20650.04398,20650.119340030684
55.357064,9.851238,99.159334,20651.036066,20650.00401177895
55.367064,9.850257,99.060832,20652.027166,20649.496742829433
55.377064,9.849249,98.96234,20653.017282,20654.748192390743
55.387064,9.848217,98.863858,20654.006413,20654.409568480463
55.397064,9.84716,98.765387,20654.994559,20655.298435863224
55.407064,9.846078,98.666926,20655.981721,20654.26688557049
55.417064,9.844974,98.568477,20656.967898,20657.373872763168
55.427064,9.843847,98.470039,20657.953091,20658.145976100837
55.437064,9.842698,98.371613,20658.937299,20659.458592324543
55.447064,9.841529,98.273198,20659.920523,20661.03530389859
55.457064,9.840339,98.174795,20660.902763,20659.14450598853
55.467064,9.83913,98.076404,20661.884019,20662.652790460073
55.477064,9.837903,97.978026,20662.864291,20662.204423300624
55.487064,9.836658,97.87966,20663.843579,20662.989911457356
55.497064,9.835396,97.781306,20664.821884,20665.286915523313
55.507064,9.834119,97.682966,20665.799205,20665.462420134558
55.517064,9.832826,97.584638,20666.775543,20668.424714002536
55.527064,9.831519,97.486324,20667.750898,20667.637450586717
55.537064,9.8302,97.388022,20668.72527,20668.90092078444
55.547064,9.828868,97.289735,20669.698659,20669.259385582653
55.557064,9.827524,97.19146,20670.671065,20671.772429984754
55.567064,9.82617,97.093199,20671.642488,20671.463262556987
55.577064,9.824807,96.994952,20672.612929,20672.488378472015
55.587064,9.823434,96.896719,20673.582387,20672.732143437093
55.597064,9.822054,96.798499,20674.550863,20673.65161730124
55.607064,9.820667,96.700294,20675.518357,20674.10662060036
55.617064,9.819274,96.602102,20676.484869,20676.457881629234
55.627064,9.817876,96.503924,20677.450399,20677.612928352373
55.637064,9.816473,96.405761,20678.414948,20676.28478133541
55.647064,9.815068,96.307611,20679.378515,20680.62738579298
55.657064,9.81366,96.209476,20680.3411,20681.69282798599
55.667064,9.812251,96.111355,20681.302704,20681.91463859385
55.677064,9.810842,96.013248,20682.263327,20680.63122571819
55.687064,9.809432,95.915155,20683.222969,20684.31217020715
55.697064,9.808025,95.817076,20684.18163,20686.081564091677
55.707064,9.806619,95.719011,20685.139311,20682.364749323962
55.717064,9.805217,95.620961,20686.09601,20686.894224149783
55.727064,9.803819,95.522924,20687.05173,20688.552913303094
55.737064,9.802426,95.424902,20688.006469,20687.811529213115
55.747064,9.801038,95.326893,20688.960228,20688.226749254984
55.757064,9.799658,95.228898,20689.913007,20692.255521857784
55.767064,9.798285,95.130917,20690.864806,20692.042180349712
55.777064,9.796921,95.03295,20691.815625,20693.208894057632
55.787064,9.795565,94.934997,20692.765465,20692.412987486714
55.797064,9.794221,94.837056,20693.714325,20693.138880531
55.807064,9.792887,94.73913,20694.662206,20695.035022161657
55.817064,9.791564,94.641216,20695.609108,20695.415477132497
55.827064,9.790255,94.543316,20696.555031,20697.04321671685
55.837064,9.788959,94.445429,20697.499974,20701.328951635543
55.847064,9.787677,94.347555,20698.443939,20698.48161602981
55.857064,9.78641,94.249693,20699.386925,20699.45348668621
55.867064,9.785159,94.151844,20700.328933,20702.28487845812
55.877064,9.783924,94.054008,20701.269962,20702.4548264246
55.887064,9.782706,93.956183,20702.210013,20703.056167111823
55.897064,9.781507,93.858371,20703.149086,20704.21793378403
55.907064,9.780326,93.760571,20704.087181,20705.539164187518
55.917064,9.779164,93.662782,20705.024298,20706.20343554812
55.927064,9.778022,93.565005,20705.960436,20705.48608069358
55.937064,9.7769,93.46724,20706.895598,20706.155288652084
55.947064,9.7758,93.369485,20707.829781,20705.831975557416
55.957064,9.774722,93.271741,20708.762987,20707.28390463147
55.967064,9.773666,93.174008,20709.695216,20706.875681997823
55.977064,9.772633,93.076286,20710.626468,20712.047324815136
55.987064,9.771624,92.978573,20711.556742,20711.15781421651
55.997064,9.77064,92.880871,20712.486039,20714.392757521924
56.007064,9.76968,92.783178,20713.414359,20714.711289308772
56.017064,9.768745,92.685495,20714.341703,20714.74371248701
56.027064,9.767836,92.587821,20715.268069,20714.655756468583
56.037064,9.766953,92.490156,20716.193459,20714.75039409247
56.047064,9.766096,92.392499,20717.117872,20716.72676023939
56.057064,9.765266,92.294851,20718.041309,20719.00105586797
56.067064,9.764464,92.197212,20718.963769,20717.74125292964
56.077064,9.763689,92.09958,20719.885253,20720.138506784548
56.087064,9.762941,92.001955,20720.805761,20718.501983482736
56.097064,9.762222,91.904338,20721.725293,20721.274212684762
56.107064,9.761532,91.806728,20722.643848,20723.127056186524
56.117064,9.76087,91.709125,20723.561427,20725.97947472015
56.127064,9.760238,91.611529,20724.47803,20726.297324928608
56.137064,9.759634,91.513938,20725.393658,20723.95115061451
56.147064,9.759061,91.416353,20726.308309,20723.58392203566
56.157064,9.758517,91.318774,20727.221985,20727.076323276124
56.167064,9.758002,91.2212,20728.134685,20728.360245125088
56.177064,9.757518,91.123632,20729.046409,20731.141499500136
56.187064,9.757065,91.026068,20729.957157,20729.608362257786
56.197064,9.756641,90.928508,20730.86693,20728.219967781388
56.207064,9.756248,90.830952,20731.775728,20730.942040499394
56.217064,9.755885,90.7334,20732.683549,20733.811663682794
56.227064,9.755553,90.635852,20733.590396,20735.01698062835
56.237064,9.755253,90.538307,20734.496266,20734.836405206803
56.247064,9.754985,90.440764,20735.401162,20735.06805155328
56.257064,9.754745,90.343225,20736.305082,20733.894128202446
56.267064,9.754557,90.245687,20737.208026,20737.40367891616
56.277064,9.754443,90.148151,20738.109995,20736.798314521064
56.287064,9.754359,90.050616,20739.010989,20737.6868742849
56.297064,9.754306,89.953081,20739.911008,20739.708028851554
56.307064,9.754283,89.855547,20740.810051,20738.70599060456
56.317064,9.75429,89.758013,20741.708119,20740.693994352107
56.327064,9.754327,89.660479,20742.605211,20743.984170881904
56.337064,9.754393,89.562944,20743.501328,20741.4685517472
56.347064,9.754488,89.465408,20744.39647,20745.591135809755
56.357064,9.754612,89.367872,20745.290636,20745.403564455566
56.367064,9.754765,89.270334,20746.183827,20745.63329482652
56.377064,9.754946,89.172794,20747.076043,20748.151675277506
56.387064,9.755155,89.075253,20747.967283,20748.494034853746
56.397064,9.755392,88.977709,20748.857548,20748.815534939848
56.407064,9.755656,88.880163,20749.746837,20749.384813133634
56.417064,9.755947,88.782614,20750.635151,20749.226714775712
56.427064,9.756264,88.685062,20751.52249,20751.570558469906
56.437064,9.756607,88.587507,20752.408853,20754.71107924205
56.447064,9.756976,88.489948,20753.29424,20750.75537763482
56.457064,9.75737,88.392386,20754.178652,20755.25511951164
56.467064,9.757789,88.294819,20755.062088,20755.168541349256
56.477064,9.758232,88.197248,20755.944548,20756.638284750446
56.487064,9.758698,88.099673,20756.826032,20755.708353694456
56.497064,9.759188,88.002093,20757.706541,20756.66523282109
56.507064,9.759701,87.904508,20758.586074,20758.73161599505
56.517064,9.760236,87.806918,20759.464631,20757.421743766437
56.527064,9.760792,87.709322,20760.342213,20761.1824661209
56.537064,9.761369,87.611721,20761.218818,20761.663529224345
56.547064,9.761967,87.514114,20762.094447,20762.810130710775
56.557064,9.762585,87.4165,20762.9691,20764.32273561471
56.567064,9.763222,87.318881,20763.842777,20764.37226201744
56.577064,9.763878,87.221255,20764.715478,20764.051904795735
56.587064,9.764553,87.123622,20765.587202,20763.60185156449
56.597064,9.765244,87.025983,20766.45795,20766.537457723472
56.607064,9.765953,86.928337,20767.327722,20766.41157916686
56.617064,9.766678,86.830683,20768.196517,20771.060018774544
56.627064,9.767419,86.733022,20769.064335,20770.591463768604
56.637064,9.768175,86.635354,20769.931177,20771.515828810436
56.647064,9.768945,86.537678,20770.797042,20769.519173889425
56.657064,9.769728,86.439994,20771.661931,20771.068582541797
56.667064,9.770525,86.342303,20772.525842,20772.373354189232
56.677064,9.771335,86.244603,20773.388777,20775.85584412924
56.687064,9.772156,86.146895,20774.250734,20773.5177255195
56.697064,9.772988,86.049179,20775.111715,20772.60996259961
56.707064,9.773831,85.951454,20775.971718,20777.393390009194
56.717064,9.774683,85.853721,20776.830744,20776.03652930392
56.727064,9.775545,85.75598,20777.688792,20777.61387204187
56.737064,9.776414,85.658229,20778.545863,20779.990876445318
56.747064,9.777292,85.56047,20779.401957,20779.413932407933
56.757064,9.778177,85.462702,20780.257073,20781.544785685666
56.767064,9.779068,85.364925,20781.111211,20782.097263981163
56.777064,9.779966,85.267139,20781.964371,20781.07238645651
56.787064,9.780868,85.169344,20782.816554,20783.226593714986
56.797064,9.781774,85.07154,20783.667758,20784.435651904023
56.807064,9.782685,84.973727,20784.517984,20783.47795152753
56.817064,9.783598,84.875904,20785.367233,20785.142450974206
56.827064,9.784514,84.778073,20786.215502,20785.268340080987
56.837064,9.785432,84.680232,20787.062794,20784.859646788922
56.847064,9.786351,84.582382,20787.909107,20788.04387800308
56.857064,9.787271,84.484522,20788.754442,20788.46542412851
56.867064,9.78819,84.386653,20789.598797,20790.777449552123
56.877064,9.789109,84.288775,20790.442175,20793.575621108906
56.887064,9.790026,84.190888,20791.284573,20789.54176284094
56.897064,9.790941,84.092991,20792.125992,20789.957770935383
56.907064,9.791854,83.995085,20792.966433,20794.756996224714
56.917064,9.792763,83.89717,20793.805894,20796.296673174304
56.927064,9.793669,83.799246,20794.644376,20795.905526406576
56.937064,9.79457,83.701312,20795.481879,20795.029572092633
56.947064,9.795466,83.60337,20796.318402,20798.275943726945
56.957064,9.796356,83.505418,20797.153946,20796.29267075551
56.967064,9.79724,83.407458,20797.988511,20799.17056548727
56.977064,9.798118,83.309488,20798.822095,20796.751393911953
56.987064,9.798987,83.21151,20799.6547,20799.755569036883
56.997064,9.799849,83.113522,20800.486326,20800.49150365326
57.007064,9.800703,83.015526,20801.316971,20802.856609435574
57.017064,9.801547,82.917522,20802.146636,20801.627930671286
57.027064,9.802382,82.819509,20802.975321,20802.41301231948
57.037064,9.803206,82.721487,20803.803026,20802.184358542643
57.047064,9.80402,82.623457,20804.629751,20803.57891368683
57.057064,9.804823,82.525419,20805.455495,20807.1184658625
57.067064,9.805614,82.427373,20806.280259,20809.01938584994
57.077064,9.806393,82.329319,20807.104043,20809.70356904128
57.087064,9.80716,82.231257,20807.926846,20807.606992690908
57.097064,9.807913,82.133187,20808.748668,20807.205742370992
57.107064,9.808653,82.03511,20809.569509,20812.166516950616
57.117064,9.809379,81.937025,20810.38937,20809.428738884515
57.127064,9.810091,81.838932,20811.20825,20810.232630547205
57.137064,9.810787,81.740833,20812.026149,20812.275635369155
57.147064,9.811469,81.642727,20812.843066,20813.427369694044
57.157064,9.812134,81.544613,20813.659003,20814.909484810112
57.167064,9.812784,81.446493,20814.473959,20814.733222117233
57.177064,9.813418,81.348367,20815.287933,20816.98034228862
57.187064,9.814034,81.250234,20816.100926,20816.215877037757
57.197064,9.814633,81.152095,20816.912938,20819.54865709815
57.207064,9.815215,81.05395,20817.723968,20813.958290489016
57.217064,9.815779,80.955799,20818.534017,20819.64115296298
57.227064,9.816325,80.857642,20819.343084,20821.204403622505
57.237064,9.816852,80.75948,20820.151169,20819.912366251072
57.247064,9.817361,80.661313,20820.958273,20820.854060480477
57.257064,9.81785,80.563141,20821.764396,20822.453854860607
57.267064,9.81832,80.464963,20822.569536,20823.481044847904
57.277064,9.81877,80.366781,20823.373695,20822.454096767975
57.287064,9.819201,80.268595,20824.176872,20825.016204089072
57.297064,9.819611,80.170404,20824.979067,20822.203252328058
57.307064,9.820001,80.072209,20825.78028,20828.798404231664
57.317064,9.82037,79.97401,20826.580511,20829.194756372315
57.327064,9.820719,79.875808,20827.37976,20828.296334373306
57.337064,9.821046,79.777602,20828.178027,20829.361555514668
57.347064,9.821352,79.679393,20828.975312,20829.84481590316
57.357064,9.821637,79.581181,20829.771615,20829.597318660308
57.367064,9.821901,79.482966,20830.566936,20829.92857870647
57.377064,9.822143,79.384749,20831.361274,20830.868597650267
57.387064,9.822363,79.286529,20832.154631,20833.071497764067
57.397064,9.822561,79.188307,20832.947005,20834.166792996544
57.407064,9.822737,79.090083,20833.738397,20834.10427516524
57.417064,9.822891,78.991858,20834.528807,20834.008559576512
57.427064,9.823022,78.893631,20835.318234,20835.099054642415
57.437064,9.823132,78.795403,20836.106679,20835.02431288373
57.447064,9.823219,78.697173,20836.894142,20836.196668935412
57.457064,9.823284,78.598944,20837.680623,20840.263967558323
57.467064,9.823326,78.500713,20838.466121,20838.19110993593
57.477064,9.823346,78.402482,20839.250637,20840.01831434649
57.487064,9.823343,78.304252,20840.034171,20836.4097664004
57.497064,9.823318,78.206021,20840.816722,20841.84213263918
57.507064,9.823271,78.107791,20841.598291,20843.537581330504
57.517064,9.823201,78.009561,20842.378878,20841.856823273178
57.527064,9.823109,77.911332,20843.158482,20843.328621558278
57.537064,9.822995,77.813105,20843.937104,20845.994760260055
57.547064,9.822858,77.714878,20844.714744,20844.077981392446
57.557064,9.822699,77.616653,20845.491402,20846.348547881596
57.567064,9.822519,77.51843,20846.267077,20847.230004888523
57.577064,9.822316,77.420209,20847.041771,20849.367065626262
57.587064,9.822091,77.32199,20847.815482,20847.974365592276
57.597064,9.821845,77.223774,20848.58821,20851.805054700926
57.607064,9.821577,77.12556,20849.359957,20850.024524985318
57.617064,9.821287,77.027349,20850.130722,20853.151505969236
57.627064,9.820976,76.929141,20850.900504,20851.36232563112
57.637064,9.820644,76.830936,20851.669304,20849.977010141407
57.647064,9.820292,76.732735,20852.437123,20854.065973043955
57.657064,9.819918,76.634537,20853.203959,20852.95437345091
57.667064,9.819524,76.536344,20853.969813,20854.926129017593
57.677064,9.81911,76.438154,20854.734686,20854.971518366645
57.687064,9.818675,76.339969,20855.498577,20855.268052548654
57.697064,9.818221,76.241789,20856.261485,20854.9642266219
57.707064,9.817747,76.143613,20857.023412,20857.375921409373
57.717064,9.817274,76.045442,20857.784358,20857.7580034983
57.727064,9.816774,75.947276,20858.544321,20859.214936218214
57.737064,9.816251,75.849115,20859.303303,20861.67501445757
57.747064,9.816035,75.750958,20860.061304,20861.12590575545
57.757064,9.815895,75.652804,20860.818322,20860.020013708843
57.767064,9.815735,75.554651,20861.57436,20860.934302142658
57.777064,9.815556,75.456499,20862.329415,20862.0611001826
57.787064,9.815356,75.35835,20863.08349,20862.5163105286
57.797064,9.815136,75.260202,20863.836582,20865.50738399532
57.807064,9.814897,75.162057,20864.588694,20865.896223935517
57.817064,9.814638,75.063915,20865.339824,20866.79323257734
57.827064,9.81436,74.965775,20866.089972,20864.45825786907
57.837064,9.814063,74.867639,20866.839139,20868.780727379315
57.847064,9.813746,74.769506,20867.587325,20869.033168661957
57.857064,9.81341,74.671376,20868.334529,20869.293550678478
57.867064,9.813055,74.573249,20869.080752,20869.574947297653
57.877064,9.812682,74.475127,20869.825994,20870.349483272028
57.887064,9.81229,74.377008,20870.570255,20869.634936875347
57.897064,9.81188,74.278894,20871.313534,20868.52828672685
57.907064,9.811452,74.180784,20872.055833,20872.038023639736
57.917064,9.811006,74.082678,20872.79715,20874.410724955567
57.927064,9.810542,73.984577,20873.537486,20877.26906312973
57.937064,9.810061,73.886481,20874.276842,20872.8722687655
57.947064,9.809563,73.78839,20875.015216,20870.329542366377
57.957064,9.809047,73.690305,20875.752609,20877.174523482474
57.967064,9.808516,73.592224,20876.489022,20875.548493304257
57.977064,9.807967,73.494149,20877.224454,20876.065316312022
57.987064,9.807403,73.39608,20877.958905,20879.84896041413
57.997064,9.806823,73.298016,20878.692376,20878.12995805649
58.007064,9.806228,73.199959,20879.424865,20879.516913892418
58.017064,9.805617,73.101908,20880.156375,20880.79302941573
58.027064,9.804992,73.003863,20880.886904,20877.809140270983
58.037064,9.804352,72.905824,20881.616452,20881.14879354713
58.047064,9.803699,72.807792,20882.34502,20884.898859936166
58.057064,9.803031,72.709766,20883.072608,20883.981344714946
58.067064,9.80235,72.611748,20883.799215,20883.53237278001
58.077064,9.801656,72.513736,20884.524843,20886.176156958663
58.087064,9.800949,72.415732,20885.24949,20885.905900608323
58.097064,9.80023,72.317734,20885.973158,20884.269695149083
58.107064,9.799499,72.219744,20886.695845,20888.31730868424
58.117064,9.798757,72.121762,20887.417552,20891.35685750949
58.127064,9.798004,72.023786,20888.13828,20888.113800163093
58.137064,9.79724,71.925819,20888.858028,20888.53745661959
58.147064,9.796465,71.827859,20889.576797,20890.424665969298
58.157064,9.795681,71.729907,20890.294585,20889.62221179914
58.167064,9.794888,71.631963,20891.011395,20889.887329004978
58.177064,9.794085,71.534027,20891.727225,20891.61932444216
58.187064,9.793274,71.436099,20892.442075,20892.49664922094
58.197064,9.792455,71.33818,20893.155947,20891.27988259889
58.207064,9.791628,71.240268,20893.868839,20895.54736538963
58.217064,9.790794,71.142365,20894.580752,20894.808811277137
58.227064,9.789953,71.04447,20895.291686,20895.313978484668
58.237064,9.789107,70.946584,20896.001642,20895.139442553183
58.247064,9.788254,70.848706,20896.710618,20896.047055569827
58.257064,9.787396,70.750836,20897.418616,20897.703473525453
58.267064,9.786533,70.652975,20898.125635,20896.170004421485
58.277064,9.785665,70.555123,20898.831675,20900.996093488582
58.287064,9.784794,70.45728,20899.536737,20899.11912193277
58.297064,9.783919,70.359445,20900.240821,20901.333269246454
58.307064,9.783041,70.261619,20900.943926,20900.300054826443
58.317064,9.782161,70.163801,20901.646053,20902.448070498835
58.327064,9.781278,70.065993,20902.347202,20903.466870426844
58.337064,9.780394,69.968193,20903.047373,20903.04845979078
58.347064,9.779509,69.870402,20903.746566,20906.290204050074
58.357064,9.778623,69.77262,20904.444781,20905.17939113716
58.367064,9.777736,69.674846,20905.142019,20905.910390707788
58.377064,9.77685,69.577082,20905.838278,20907.414873267655
58.387064,9.775965,69.479326,20906.53356,20907.694019157156
58.397064,9.775081,69.381579,20907.227865,20907.19853589744
58.407064,9.774199,69.28384,20907.921192,20909.307669951137
58.417064,9.773318,69.186111,20908.613542,20906.313993546897
58.427064,9.77244,69.08839,20909.304914,20906.69560753633
58.437064,9.771566,68.990678,20909.995309,20909.72038114657
58.447064,9.770694,68.892974,20910.684728,20911.986549546586
58.457064,9.769827,68.795279,20911.373169,20912.604802216218
58.467064,9.768964,68.697593,20912.060633,20913.200193818622
58.477064,9.768106,68.599915,20912.747121,20910.90259637607
58.487064,9.767253,68.502246,20913.432632,20913.301228429966
58.497064,9.766405,68.404585,20914.117166,20913.093467682465
58.507064,9.765564,68.306932,20914.800723,20914.768530171128
58.517064,9.764729,68.209288,20915.483304,20914.227160314018
58.527064,9.763901,68.111652,20916.164909,20914.529148233116
58.537064,9.76308,68.014024,20916.845537,20920.302928107943
58.547064,9.762267,67.916404,20917.52519,20915.2260212005
58.557064,9.761462,67.818792,20918.203866,20920.539476219044
58.567064,9.760665,67.721188,20918.881565,20918.77500570004
58.577064,9.759877,67.623592,20919.558289,20918.793675224264
58.587064,9.759099,67.526004,20920.234037,20921.76213104903
58.597064,9.758329,67.428423,20920.908809,20921.820452967993
58.607064,9.75757,67.33085,20921.582606,20920.547314981282
58.617064,9.756821,67.233285,20922.255426,20921.655795156345
58.627064,9.756083,67.135726,20922.927271,20921.785794868978
58.637064,9.755355,67.038175,20923.598141,20922.344121804435
58.647064,9.754639,66.940631,20924.268035,20925.08893482721
58.657064,9.753934,66.843095,20924.936954,20927.35026136308
58.667064,9.753241,66.745565,20925.604897,20925.082887614746
58.677064,9.75256,66.648042,20926.271865,20926.899013968723
58.687064,9.751891,66.550525,20926.937858,20926.877845231767
58.697064,9.751235,66.453015,20927.602875,20927.24654978944
58.707064,9.750592,66.355512,20928.266918,20930.8547265517
58.717064,9.749963,66.258015,20928.929986,20930.11230778142
58.727064,9.749346,66.160524,20929.592078,20931.344161822075
58.737064,9.748744,66.063039,20930.253196,20931.072309759056
58.747064,9.748155,65.96556,20930.913339,20929.41178645789
58.757064,9.74758,65.868087,20931.572507,20929.755101237053
58.767064,9.747019,65.770619,20932.230701,20931.825155721923
58.777064,9.746473,65.673157,20932.88792,20935.15109434723
58.787064,9.745942,65.575701,20933.544164,20933.745335486266
58.797064,9.745426,65.478249,20934.199434,20932.819055917644
58.807064,9.744924,65.380803,20934.853729,20931.283315394256
58.817064,9.744438,65.283361,20935.50705,20932.725077299303
58.827064,9.743967,65.185925,20936.159396,20934.629293459027
58.837064,9.743511,65.088493,20936.810768,20936.896104408188
58.847064,9.743071,64.991065,20937.461166,20939.311389000733
58.857064,9.742647,64.893642,20938.11059,20939.685199853484
58.867064,9.742238,64.796222,20938.759039,20937.96669648665
58.877064,9.741845,64.698807,20939.406514,20939.7951041446
58.887064,9.741468,64.601396,20940.053015,20943.46324392977
58.897064,9.741107,64.503988,20940.698542,20942.920530148185
58.907064,9.740763,64.406584,20941.343095,20941.887519497905
58.917064,9.740434,64.309184,20941.986674,20943.85633163177
58.927064,9.740122,64.211786,20942.629279,20943.268933995503
58.937064,9.739825,64.114392,20943.27091,20944.206079181236
58.947064,9.739545,64.017,20943.911567,20945.432997794003
58.957064,9.739282,63.919612,20944.55125,20946.10376606605
58.967064,9.739034,63.822225,20945.189959,20948.400910660923
58.977064,9.738803,63.724842,20945.827694,20945.49683869071
58.987064,9.738588,63.62746,20946.464456,20946.78360611338
58.997064,9.738389,63.530081,20947.100243,20945.005182206965
59.007064,9.738206,63.432703,20947.735057,20947.861013923473
59.017064,9.73804,63.335328,20948.368897,20948.216930902894
59.027064,9.737889,63.237954,20949.001764,20948.88796792273
59.037064,9.737755,63.140581,20949.633657,20951.066879944137
59.047064,9.737636,63.04321,20950.264575,20950.603433510056
59.057064,9.737534,62.94584,20950.894521,20949.526145793992
59.067064,9.737447,62.848471,20951.523492,20952.637795759823
59.077064,9.737376,62.751102,20952.15149,20951.704631926084
59.087064,9.73732,62.653735,20952.778514,20950.34130268401
59.097064,9.73728,62.556368,20953.404565,20951.674075145012
59.107064,9.737255,62.459001,20954.029642,20953.76995573687
59.117064,9.737246,62.361635,20954.653745,20956.39694289152
59.127064,9.737251,62.264268,20955.276874,20954.193272072447
59.137064,9.737272,62.166902,20955.89903,20957.7616304883
59.147064,9.737307,62.069535,20956.520212,20956.74704643491
59.157064,9.737357,61.972168,20957.140421,20954.969734583403
59.167064,9.737422,61.8748,20957.759656,20955.937545029414
59.177064,9.737501,61.777432,20958.377917,20958.71958277461
59.187064,9.737594,61.680063,20958.995204,20959.770112593003
59.197064,9.737701,61.582693,20959.611518,20962.46888531049
59.207064,9.737822,61.485322,20960.226858,20959.675846575345
59.217064,9.737957,61.387949,20960.841225,20959.684548360514
59.227064,9.738105,61.290576,20961.454617,20961.654617526387
59.237064,9.738266,61.1932,20962.067036,20960.78891459775
59.247064,9.73844,61.095823,20962.678481,20962.61940294911
59.257064,9.738627,60.998445,20963.288953,20964.053251561934
59.267064,9.738827,60.901064,20963.89845,20961.056391500555
59.277064,9.739038,60.803682,20964.506974,20964.32324690749
59.287064,9.739263,60.706297,20965.114524,20966.752810848717
59.297064,9.739499,60.60891,20965.7211,20967.56320888643
59.307064,9.739746,60.511521,20966.326702,20967.54972792121
59.317064,9.740005,60.414129,20966.93133,20968.16442743309
59.327064,9.740276,60.316734,20967.534985,20966.51427616684
59.337064,9.740557,60.219337,20968.137665,20968.093536843324
59.347064,9.740849,60.121937,20968.739371,20969.173567967217
59.357064,9.741151,60.024534,20969.340104,20967.241307645363
59.367064,9.741464,59.927128,20969.939862,20967.69166806287
59.377064,9.741786,59.829719,20970.538646,20969.263609799484
59.387064,9.742118,59.732306,20971.136456,20971.861191457676
59.397064,9.74246,59.63489,20971.733292,20969.55906184426
59.407064,9.742811,59.537471,20972.329154,20973.581908182437
59.417064,9.74317,59.440048,20972.924042,20971.930094327025
59.427064,9.743538,59.342622,20973.517955,20975.503594001115
59.437064,9.743915,59.245192,20974.110894,20974.81857624451
59.447064,9.744299,59.147758,20974.702859,20974.236303087462
59.457064,9.744691,59.05032,20975.293849,20976.676242010206
59.467064,9.745091,58.952878,20975.883865,20973.563200579123
59.477064,9.745498,58.855432,20976.472907,20975.156870195784
59.487064,9.745912,58.757982,20977.060974,20975.00842051801
59.497064,9.746333,58.660528,20977.648066,20979.99745175888
59.507064,9.74676,58.563069,20978.234184,20977.865567794765
59.517064,9.747193,58.465606,20978.819328,20978.19611983207
59.527064,9.747631,58.368139,20979.403497,20981.19822686571
59.537064,9.748076,58.270668,20979.986691,20980.41656557144
59.547064,9.748525,58.173191,20980.56891,20982.335279618732
59.557064,9.74898,58.075711,20981.150154,20982.51150896728
59.567064,9.749439,57.978225,20981.730424,20984.291176448678
59.577064,9.749903,57.880735,20982.309719,20981.45702617411
59.587064,9.75037,57.783241,20982.888039,20982.147966932916
59.597064,9.750842,57.685741,20983.465384,20984.672089471645
59.607064,9.751317,57.588237,20984.041754,20984.906253624024
59.617064,9.751783,57.490728,20984.617148,20986.955424757754
59.627064,9.752257,57.393215,20985.191568,20984.479727597067
59.637064,9.752736,57.295696,20985.765013,20985.96786203563
59.647064,9.753108,57.198173,20986.337482,20985.03494177182
59.657064,9.75337,57.100647,20986.908976,20989.684133066407
59.667064,9.753636,57.003118,20987.479495,20985.260804192447
59.677064,9.753905,56.905586,20988.049038,20987.4783511159
59.687064,9.754178,56.808052,20988.617607,20988.055038646984
59.697064,9.754453,56.710515,20989.185199,20988.354419125357
59.707064,9.754732,56.612975,20989.751817,20993.136049991466
59.717064,9.755014,56.515432,20990.317459,20988.221488714604
59.727064,9.755298,56.417886,20990.882126,20987.951455188588
59.737064,9.755585,56.320337,20991.445817,20990.637444085187
59.747064,9.755874,56.222785,20992.008532,20993.839060125265
59.757064,9.756165,56.125231,20992.570272,20990.230565567334
59.767064,9.756458,56.027673,20993.131037,20993.422491304966
59.777064,9.756753,55.930112,20993.690826,20994.658198104138
59.787064,9.75705,55.832548,20994.249639,20994.00891488543
59.797064,9.757348,55.734981,20994.807477,20993.249171811804
59.807064,9.757648,55.637411,20995.364339,20995.51581146558
59.817064,9.757948,55.539838,20995.920225,20997.211603910066
59.827064,9.75825,55.442262,20996.475135,20995.69212517574
59.837064,9.758552,55.344683,20997.02907,20998.042261291634
59.847064,9.758855,55.2471,20997.582029,20998.49085293394
59.857064,9.759159,55.149515,20998.134012,20995.823165455753
59.867064,9.759462,55.051926,20998.685019,20999.13738885739
59.877064,9.759766,54.954334,20999.235051,21002.12340138776
59.887064,9.76007,54.85674,20999.784106,20999.61480698279
59.897064,9.760374,54.759142,21000.332185,20997.018426553634
59.907064,9.760677,54.66154,21000.879289,21001.875999858454
59.917064,9.76098,54.563936,21001.425416,21001.650937784154
59.927064,9.761282,54.466329,21001.970568,21000.78402143848
59.937064,9.761583,54.368719,21002.514743,21001.32875035868
59.947064,9.761884,54.271105,21003.057942,21006.512586881745
59.957064,9.762183,54.173489,21003.600165,21002.77900865295
59.967064,9.76248,54.075869,21004.141412,21004.39389596509
59.977064,9.762776,53.978247,21004.681682,21002.973506103204
59.987064,9.76307,53.880621,21005.220977,21005.52933628211
59.997064,9.763363,53.782993,21005.759295,21003.428855675596
60.007064,9.763653,53.685361,21006.296637,21006.859816298813
60.017064,9.763941,53.587727,21006.833002,21007.5100020702
60.027064,9.764227,53.490089,21007.368391,21010.192610314974
60.037064,9.764511,53.392449,21007.902804,21008.552010293184
60.047064,9.764791,53.294806,21008.43624,21007.208951132012
60.057064,9.765069,53.19716,21008.9687,21013.267408731997
60.067064,9.765344,53.099511,21009.500183,21011.23698979684
60.077064,9.765616,53.00186,21010.03069,21010.15392904884
60.087064,9.765884,52.904205,21010.56022,21008.18602116575
60.097064,9.766149,52.806548,21011.088774,21010.267519752775
60.107064,9.76641,52.708889,21011.616351,21014.78035725317
60.117064,9.766667,52.611227,21012.142952,21015.14433695499
60.127064,9.766921,52.513562,21012.668576,21012.49559629382
60.137064,9.767171,52.415895,21013.193223,21014.500138275722
60.147064,9.767416,52.318225,21013.716894,21013.589310069015
60.157064,9.767657,52.220553,21014.239588,21013.500076135635
60.167064,9.767893,52.122878,21014.761305,21011.565633124068
60.177064,9.768125,52.025201,21015.282045,21020.117490079658
60.187064,9.768352,51.927522,21015.801809,21015.822406435633
60.197064,9.768574,51.829841,21016.320596,21016.983517305955
60.207064,9.768791,51.732157,21016.838406,21016.908295248388
60.217064,9.769003,51.634471,21017.355239,21018.75971453095
60.227064,9.769209,51.536783,21017.871095,21016.176623219697
60.237064,9.76941,51.439093,21018.385974,21020.30536882443
60.247064,9.769606,51.341402,21018.899877,21020.43722599628
60.257064,9.769795,51.243708,21019.412802,21017.743677574756
60.267064,9.769979,51.146012,21019.924751,21015.915863866485
60.277064,9.770157,51.048315,21020.435723,21019.189819478463
60.287064,9.770329,50.950616,21020.945717,21019.126780239545
60.297064,9.770495,50.852915,21021.454735,21023.394639876806
60.307064,9.770655,50.755213,21021.962776,21021.727081349196
60.317064,9.770808,50.657509,21022.469839,21020.95129609006
60.327064,9.770954,50.559804,21022.975926,21023.576296251045
60.337064,9.771094,50.462097,21023.481035,21023.769232028546
60.347064,9.771228,50.364389,21023.985168,21023.448172986173
60.357064,9.771354,50.26668,21024.488323,21022.644814734205
60.367064,9.771474,50.168969,21024.990501,21023.111155331047
60.377064,9.771587,50.071258,21025.491702,21022.7582720699
60.387064,9.771692,49.973545,21025.991927,21028.060404039745
60.397064,9.771791,49.875832,21026.491173,21027.79633700736
60.407064,9.771882,49.778117,21026.989443,21025.326846615393
60.417064,9.771966,49.680402,21027.486736,21027.742470201323
60.427064,9.772043,49.582686,21027.983051,21029.217870633234
60.437064,9.772112,49.484969,21028.478389,21032.735220771916
60.447064,9.772174,49.387252,21028.972751,21030.065940726614
60.457064,9.772228,49.289534,21029.466134,21033.068527866322
60.467064,9.772274,49.191816,21029.958541,21031.378609931446
60.477064,9.772313,49.094097,21030.449971,21030.84159551173
60.487064,9.772344,48.996378,21030.940423,21030.23427675353
60.497064,9.772368,48.898659,21031.429898,21032.39881204898
60.507064,9.772384,48.80094,21031.918396,21033.381280587444
60.517064,9.772391,48.703221,21032.405917,21032.391100718196
60.527064,9.772391,48.605501,21032.892461,21036.369119971707
60.537064,9.772383,48.507782,21033.378027,21029.449426340358
60.547064,9.772368,48.410063,21033.862616,21034.278068999123
60.557064,9.772344,48.312344,21034.346228,21033.225807719806
60.567064,9.772312,48.214626,21034.828863,21037.390928305533
60.577064,9.772272,48.116908,21035.310521,21033.691562917866
60.587064,9.772224,48.01919,21035.791201,21036.267814381226
60.597064,9.772169,47.921473,21036.270905,21036.41629533993
60.607064,9.772105,47.823757,21036.749631,21038.56120023884
60.617064,9.772033,47.726041,21037.22738,21037.58275181748
60.627064,9.771954,47.628326,21037.704152,21038.878345589317
60.637064,9.771866,47.530612,21038.179946,21037.605444126202
60.647064,9.77177,47.432899,21038.654764,21038.412496801684
60.657064,9.771667,47.335187,21039.128604,21040.597790045744
60.667064,9.771555,47.237477,21039.601468,21040.454328888387
60.677064,9.771436,47.139767,21040.073354,21041.1433892848
60.687064,9.771309,47.042059,21040.544263,21042.97330661366
60.697064,9.771174,46.944352,21041.014195,21041.11659255711
60.707064,9.771031,46.846646,21041.48315,21043.11965825915
60.717064,9.770881,46.748942,21041.951128,21044.472878801233
60.727064,9.770722,46.65124,21042.418129,21043.27278238544
60.737064,9.770557,46.553539,21042.884153,21041.761136684356
60.747064,9.770383,46.45584,21043.3492,21044.01180949455
60.757064,9.770203,46.358142,21043.81327,21044.658115674847
60.767064,9.770014,46.260447,21044.276363,21044.191798367887
60.777064,9.769819,46.162753,21044.738479,21043.305660424514
60.787064,9.769616,46.065062,21045.199618,21045.959039608555
60.797064,9.769406,45.967373,21045.65978,21044.5168870315
60.807064,9.769189,45.869685,21046.118965,21048.08980083426
60.817064,9.768964,45.772,21046.577174,21046.78751675964
60.827064,9.768733,45.674318,21047.034405,21047.367731232633
60.837064,9.768495,45.576637,21047.49066,21047.876933774627
60.847064,9.76825,45.478959,21047.945938,21047.830062612855
60.857064,9.767998,45.381284,21048.400239,21047.61508302272
60.867064,9.76774,45.283611,21048.853564,21050.76587693806
60.877064,9.767475,45.185941,21049.305911,21048.54310729055
60.887064,9.767204,45.088273,21049.757282,21049.035480715935
60.897064,9.766927,44.990608,21050.207677,21050.815321667007
60.907064,9.766644,44.892946,21050.657095,21052.455851992334
60.917064,9.766354,44.795287,21051.105536,21052.167072974084
60.927064,9.766059,44.69763,21051.553,21047.848435320528
60.937064,9.765757,44.599977,21051.999488,21053.873140866275
60.947064,9.76545,44.502327,21052.445,21052.402855718614
60.957064,9.765138,44.404679,21052.889535,21052.137876919816
60.967064,9.76482,44.307035,21053.333093,21052.607904253917
60.977064,9.764497,44.209394,21053.775676,21055.538766632537
60.987064,9.764169,44.111757,21054.217281,21052.81359565191
60.997064,9.763836,44.014122,21054.657911,21056.14349605123
61.007064,9.763498,43.916491,21055.097564,21057.50625844735
61.017064,9.763155,43.818863,21055.536241,21054.892465241173
61.027064,9.762807,43.721239,21055.973941,21058.94458198456
61.037064,9.762456,43.623618,21056.410665,21059.189041949016
61.047064,9.7621,43.526001,21056.846413,21056.641311880547
61.057064,9.761739,43.428387,21057.281185,21057.140030188424
61.067064,9.761375,43.330777,21057.714981,21058.390006381996
61.077064,9.761007,43.23317,21058.147801,21057.195690138702
61.087064,9.760636,43.135567,21058.579645,21060.201877737396
61.097064,9.760261,43.037968,21059.010512,21058.58255042427
61.107064,9.759882,42.940373,21059.440404,21063.253864118105
61.117064,9.7595,42.842781,21059.86932,21059.097105760167
61.127064,9.759116,42.745193,21060.29726,21062.190158891
61.137064,9.758728,42.647609,21060.724224,21060.401676242287
61.147064,9.758338,42.550029,21061.150212,21060.448718688924
61.157064,9.757945,42.452452,21061.575224,21061.56750973669
61.167064,9.75755,42.35488,21061.999261,21061.78195667212
61.177064,9.757153,42.257311,21062.422322,21064.75422720405
61.187064,9.756754,42.159746,21062.844407,21066.456353129786
61.197064,9.756352,42.062186,21063.265517,21064.366954581365
61.207064,9.75595,41.964629,21063.685651,21062.64756367083
61.217064,9.755545,41.867076,21064.104809,21063.621792642774
61.227064,9.755139,41.769527,21064.522992,21066.8079877639
61.237064,9.754732,41.671983,21064.9402,21064.69889302768
61.247064,9.754324,41.574442,21065.356432,21065.825840510133
61.257064,9.753915,41.476905,21065.771689,21063.454099608633
61.267064,9.753506,41.379372,21066.18597,21067.21878521357
61.277064,9.753096,41.281844,21066.599276,21066.69789587974
61.287064,9.752685,41.184319,21067.011607,21068.527394196695
61.297064,9.752274,41.086799,21067.422963,21067.194334351476
61.307064,9.751864,40.989282,21067.833343,21068.128829479574
61.317064,9.751453,40.89177,21068.242748,21067.923367594627
61.327064,9.751043,40.794262,21068.651178,21067.086191599006
61.337064,9.750633,40.696757,21069.058634,21070.556869576692
61.347064,9.750224,40.599257,21069.465114,21071.06900556818
61.357064,9.749815,40.501761,21069.870619,21072.66731593728
61.367064,9.749407,40.404269,21070.275149,21073.08532688462
61.377064,9.749001,40.306781,21070.678704,21073.123982903013
61.387064,9.748596,40.209297,21071.081285,21070.513295043016
61.397064,9.748192,40.111817,21071.48289,21075.42479587621
61.407064,9.747789,40.014341,21071.883521,21071.1993321531
61.417064,9.747389,39.916869,21072.283177,21073.184487894505
61.427064,9.74699,39.819401,21072.681858,21073.470896755
61.437064,9.746593,39.721936,21073.079565,21074.512194701387
61.447064,9.746199,39.624476,21073.476297,21076.3363473216
61.457064,9.745806,39.52702,21073.872054,21074.573564797927
61.467064,9.745416,39.429567,21074.266837,21075.083863235595
61.477064,9.745029,39.332119,21074.660646,21072.635796327908
61.487064,9.744645,39.234674,21075.05348,21075.615022890775
61.497064,9.744263,39.137233,21075.445339,21074.460880076287
61.507064,9.743884,39.039796,21075.836224,21077.266617512534
61.517064,9.743508,38.942362,21076.226135,21075.765512648377
61.527064,9.743136,38.844933,21076.615072,21077.69512900531
61.537064,9.742767,38.747507,21077.003034,21077.627825440217
61.547064,9.742401,38.650084,21077.390022,21078.96306156564
61.557064,9.74204,38.552665,21077.776036,21074.253012549652
61.567064,9.741681,38.45525,21078.161075,21076.75239168243
61.577064,9.741327,38.357839,21078.545141,21080.29758233672
61.587064,9.740977,38.260431,21078.928232,21079.770534833006
61.597064,9.74063,38.163026,21079.310349,21081.83114371341
61.607064,9.740288,38.065625,21079.691492,21077.921178131
61.617064,9.739951,37.968227,21080.071662,21082.7701312486
61.627064,9.739617,37.870833,21080.450857,21078.864502449993
61.637064,9.739289,37.773442,21080.829078,21080.105102971855
61.647064,9.738964,37.676054,21081.206326,21078.073020700744
61.657064,9.738645,37.578669,21081.5826,21079.542415996355
61.667064,9.73833,37.481288,21081.957899,21082.236489653802
61.677064,9.738021,37.383909,21082.332225,21083.240795895854
61.687064,9.737716,37.286534,21082.705577,21082.78891345862
61.697064,9.737416,37.189162,21083.077956,21083.65943362804
61.707064,9.737121,37.091793,21083.449361,21083.168516950947
61.717064,9.736832,36.994427,21083.819792,21082.761151365714
61.727064,9.736548,36.897063,21084.189249,21084.960414383662
61.737064,9.73627,36.799703,21084.557733,21086.21400673915
61.747064,9.735996,36.702345,21084.925243,21087.032196922668
61.757064,9.735729,36.60499,21085.29178,21088.2576735822
61.767064,9.735467,36.507637,21085.657343,21087.1452489974
61.777064,9.73521,36.410288,21086.021933,21086.41588333798
61.787064,9.73496,36.31294,21086.385549,21086.198413892256
61.797064,9.734715,36.215596,21086.748192,21088.208264694724
61.807064,9.734476,36.118254,21087.109861,21088.76761081319
61.817064,9.734242,36.020914,21087.470557,21088.848185432777
61.827064,9.734015,35.923576,21087.830279,21086.97881488367
61.837064,9.733794,35.826241,21088.189028,21088.779799774846
61.847064,9.733578,35.728908,21088.546804,21089.33322176169
61.857064,9.733369,35.631577,21088.903606,21090.419848721725
61.867064,9.733166,35.534248,21089.259435,21090.721952650852
61.877064,9.732969,35.436921,21089.614291,21091.60185119676
61.887064,9.732778,35.339597,21089.968174,21091.054229658577
61.897064,9.732593,35.242274,21090.321083,21088.8782710963
61.907064,9.732415,35.144953,21090.673019,21091.66540429478
61.917064,9.732242,35.047634,21091.023982,21091.558306745243
61.927064,9.732076,34.950316,21091.373972,21089.247414187426
61.937064,9.731916,34.853,21091.722989,21090.976506739888
61.947064,9.731763,34.755686,21092.071032,21093.29962577259
61.957064,9.731616,34.658373,21092.418102,21094.26005476534
61.967064,9.731475,34.561062,21092.7642,21093.873875171997
61.977064,9.73134,34.463752,21093.109324,21093.40198402836
61.987064,9.731212,34.366444,21093.453475,21090.825031836248
61.997064,9.73109,34.269137,21093.796653,21094.048807590498
62.007064,9.730974,34.171831,21094.138857,21095.803606419384
62.017064,9.730865,34.074526,21094.480089,21097.058972196923
62.027064,9.730761,33.977222,21094.820348,21094.41532072007
62.037064,9.730665,33.87992,21095.159634,21094.80099690425
62.047064,9.730574,33.782618,21095.497946,21094.94425733455
62.057064,9.73049,33.685317,21095.835286,21096.60838085045
62.067064,9.730411,33.588017,21096.171653,21096.56724693845
62.077064,9.73034,33.490718,21096.507046,21096.540503886143
62.087064,9.730274,33.39342,21096.841467,21095.874899712897
62.097064,9.730214,33.296122,21097.174915,21097.308722555925
62.107064,9.730161,33.198825,21097.507389,21096.43674547468
62.117064,9.730114,33.101528,21097.838891,21097.155223372127
62.127064,9.730073,33.004232,21098.16942,21097.763203362774
62.137064,9.730038,32.906936,21098.498976,21099.368581671504
62.147064,9.730008,32.809641,21098.827559,21099.999807959983
62.157064,9.729985,32.712346,21099.155169,21100.47216594181
62.167064,9.729968,32.615051,21099.481806,21099.93638476592
62.177064,9.729957,32.517756,21099.80747,21100.22150185317
62.187064,9.729952,32.420462,21100.132161,21098.418364171008
62.197064,9.729952,32.323167,21100.455879,21098.799341850256
62.207064,9.729958,32.225873,21100.778624,21101.724234689533
62.217064,9.72997,32.128578,21101.100396,21101.73901593431
62.227064,9.729988,32.031283,21101.421196,21100.952327592782
62.237064,9.730011,31.933988,21101.741022,21099.9058340132
62.247064,9.730039,31.836693,21102.059875,21104.064698641367
62.257064,9.730074,31.739398,21102.377756,21102.998413177902
62.267064,9.730113,31.642102,21102.694663,21101.848318136912
62.277064,9.730158,31.544805,21103.010598,21104.921274359393
62.287064,9.730209,31.447509,21103.325559,21103.348013568982
62.297064,9.730264,31.350211,21103.639548,21104.090343542583
62.307064,9.730325,31.252914,21103.952564,21104.823176393773
62.317064,9.730391,31.155615,21104.264606,21106.237909329277
62.327064,9.730462,31.058316,21104.575676,21106.68074532774
62.337064,9.730538,30.961016,21104.885773,21102.352540118256
62.347064,9.730619,30.863715,21105.194896,21106.039551817794
62.357064,9.730705,30.766414,21105.503047,21103.824844994124
62.367064,9.730795,30.669111,21105.810225,21105.97323921425
62.377064,9.73089,30.571808,21106.116429,21107.01275543452
62.387064,9.73099,30.474504,21106.421661,21105.82572058458
62.397064,9.731095,30.377198,21106.725919,21109.894880744458
62.407064,9.731203,30.279892,21107.029205,21105.5500976442
62.417064,9.731317,30.182584,21107.331517,21107.081103738845
62.427064,9.731434,30.085276,21107.632856,21107.715584211222
62.437064,9.731556,29.987966,21107.933223,21108.90557406913
62.447064,9.731681,29.890655,21108.232616,21108.112453827278
62.457064,9.731811,29.793342,21108.531036,21108.19499388952
62.467064,9.731945,29.696028,21108.828483,21109.54042928942
62.477064,9.732083,29.598713,21109.124956,21110.493788626827
62.487064,9.732224,29.501396,21109.420457,21107.06228513536
62.497064,9.732369,29.404078,21109.714984,21111.347917575036
62.507064,9.732518,29.306759,21110.008538,21107.82315040978
62.517064,9.73267,29.209438,21110.301119,21109.397916672824
62.527064,9.732826,29.112115,21110.592727,21108.96095273837
62.537064,9.732984,29.014791,21110.883362,21109.20902389091
62.547064,9.733146,28.917465,21111.173023,21114.28715268781
62.557064,9.733312,28.820137,21111.461711,21109.722174624247
62.567064,9.73348,28.722808,21111.749426,21114.438474024402
62.577064,9.733651,28.625477,21112.036167,21113.540571898804
62.587064,9.733825,28.528144,21112.321935,21109.52927642027
62.597064,9.734002,28.43081,21112.60673,21112.53349125728
62.607064,9.734181,28.333473,21112.890551,21111.260771569127
62.617064,9.734363,28.236135,21113.173399,21112.03260882039
62.627064,9.734548,28.138795,21113.455274,21113.096565670527
62.637064,9.734735,28.041453,21113.736175,21114.00832711493
62.647064,9.734924,27.944109,21114.016103,21116.13564143028
62.657064,9.735115,27.846764,21114.295058,21114.280652955655
62.667064,9.735314,27.749416,21114.573038,21116.175275681664
62.677064,9.735515,27.652066,21114.850046,21113.175640038393
62.687064,9.735718,27.554714,21115.12608,21116.119117991522
62.697064,9.735922,27.45736,21115.40114,21113.090976589436
62.707064,9.736128,27.360004,21115.675227,21116.892461662766
62.717064,9.736335,27.262646,21115.94834,21116.5212322688
62.727064,9.736544,27.165286,21116.22048,21118.26731070904
62.737064,9.736754,27.067923,21116.491646,21116.267953402057
62.747064,9.736965,26.970559,21116.761838,21118.013723631222
62.757064,9.737177,26.873192,21117.031057,21115.480832324352
62.767064,9.737389,26.775823,21117.299302,21117.823240305635
62.777064,9.737603,26.678452,21117.566574,21118.431780875064
62.787064,9.737817,26.581079,21117.832871,21120.846208750012
62.797064,9.738032,26.483703,21118.098195,21116.137324967953
62.807064,9.738247,26.386326,21118.362545,21116.8617077649
62.817064,9.738462,26.288946,21118.625922,21122.255963289255
62.827064,9.738678,26.191564,21118.888324,21118.905055876196
62.837064,9.738893,26.09418,21119.149753,21121.19708174083
62.847064,9.739109,25.996794,21119.410208,21119.65116909915
62.857064,9.739325,25.899405,21119.669689,21118.61821360337
62.867064,9.73954,25.802014,21119.928196,21118.990694548007
62.877064,9.739755,25.704621,21120.185729,21121.530049319696
62.887064,9.73997,25.607226,21120.442288,21120.938225793332
62.897064,9.740184,25.509829,21120.697874,21123.106187223493
62.907064,9.740397,25.41243,21120.952485,21122.897541276045
62.917064,9.74061,25.315028,21121.206122,21122.013824670077
62.927064,9.740821,25.217624,21121.458785,21120.463496408007
62.937064,9.741032,25.120218,21121.710475,21120.0894811878
62.947064,9.741242,25.02281,21121.96119,21125.03858981694
62.957064,9.74145,24.9254,21122.210931,21122.170213486217
62.967064,9.741658,24.827988,21122.459698,21121.299436724203
62.977064,9.741863,24.730573,21122.707491,21121.470495289428
62.987064,9.742068,24.633157,21122.954309,21125.42238885782
62.997064,9.74227,24.535739,21123.200154,21124.529748525896
63.007064,9.742472,24.438318,21123.445024,21123.768356174925
63.017064,9.742671,24.340896,21123.68892,21121.29679306652
63.027064,9.742868,24.243471,21123.931842,21125.03806652528
63.037064,9.743063,24.146044,21124.173789,21128.187285540407
63.047064,9.743257,24.048616,21124.414763,21122.625817979733
63.057064,9.743448,23.951186,21124.654762,21123.048305184326
63.067064,9.743637,23.853753,21124.893786,21126.13345756393
63.077064,9.743823,23.756319,21125.131837,21127.29912491604
63.087064,9.744007,23.658883,21125.368913,21123.34813530286
63.097064,9.744188,23.561445,21125.605014,21125.904674451773
63.107064,9.744367,23.464005,21125.840142,21125.469951455194
63.117064,9.744543,23.366564,21126.074295,21126.123095751653
63.127064,9.744716,23.26912,21126.307473,21127.0091526688
63.137064,9.744886,23.171675,21126.539677,21125.739313447288
63.147064,9.745053,23.074229,21126.770906,21128.28847682136
63.157064,9.745217,22.97678,21127.001162,21129.458821170436
63.167064,9.745378,22.87933,21127.230442,21124.649181624176
63.177064,9.745536,22.781879,21127.458748,21126.762645211926
63.187064,9.74569,22.684426,21127.68608,21126.709316633867
63.197064,9.74584,22.586971,21127.912437,21127.67634129409
63.207064,9.745988,22.489515,21128.137819,21130.665711938458
63.217064,9.746131,22.392057,21128.362227,21129.099813984238
63.227064,9.746271,22.294598,21128.58566,21127.71857947387
63.237064,9.746407,22.197138,21128.808119,21129.114069210293
63.247064,9.74654,22.099676,21129.029603,21130.268441999557
63.257064,9.746668,22.002213,21129.250112,21129.522903592253
63.267064,9.746793,21.904749,21129.469647,21129.5536197538
63.277064,9.746913,21.807283,21129.688207,21129.711421118056
63.287064,9.747029,21.709817,21129.905793,21131.92893191429
63.297064,9.747142,21.612349,21130.122404,21128.273127016648
63.307064,9.74725,21.51488,21130.33804,21131.82333443627
63.317064,9.747353,21.41741,21130.552701,21128.446758770213
63.327064,9.747452,21.319939,21130.766388,21131.39007787282
63.337064,9.747547,21.222467,21130.9791,21129.115459511668
63.347064,9.747638,21.124994,21131.190837,21133.239507973503
63.357064,9.747724,21.027521,21131.4016,21132.568144904046
63.367064,9.747805,20.930046,21131.611388,21130.333464620195
63.377064,9.747881,20.832571,21131.820201,21132.061527667636
63.387064,9.747953,20.735095,21132.028039,21136.80096152172
63.397064,9.748021,20.637619,21132.234903,21132.38302534272
63.407064,9.748083,20.540141,21132.440792,21132.0351315222
63.417064,9.748141,20.442663,21132.645706,21135.546317130305
63.427064,9.748193,20.345185,21132.849645,21131.7929052836
63.437064,9.748241,20.247706,21133.052609,21134.679395143503
63.447064,9.748284,20.150227,21133.254599,21131.886310779046
63.457064,9.748322,20.052747,21133.455614,21132.37151265729
63.467064,9.748355,19.955267,21133.655654,21134.476479231726
63.477064,9.748383,19.857787,21133.854719,21131.505555206866
63.487064,9.748405,19.760307,21134.05281,21134.817129757666
63.497064,9.748423,19.662826,21134.249925,21133.11041424567
63.507064,9.748436,19.565345,21134.446066,21135.547733257965
63.517064,9.748443,19.467864,21134.641232,21136.983807648543
63.527064,9.748445,19.370384,21134.835423,21135.084754088173
63.537064,9.748442,19.272903,21135.02864,21134.03278606545
63.547064,9.748434,19.175422,21135.220882,21135.70766434391
63.557064,9.748421,19.077941,21135.412148,21137.128741298206
63.567064,9.748402,18.980461,21135.60244,21135.764472491224
63.577064,9.748378,18.882981,21135.791758,21135.52591476709
63.587064,9.748349,18.785501,21135.9801,21138.685483987647
63.597064,9.748315,18.688021,21136.167468,21136.51601605589
63.607064,9.748275,18.590542,21136.35386,21140.043270710856
63.617064,9.74823,18.493063,21136.539278,21134.424052470684
63.627064,9.74818,18.395585,21136.723722,21136.618342209087
63.637064,9.748125,18.298108,21136.90719,21138.782799899385
63.647064,9.748064,18.20063,21137.089684,21137.0530229876
63.657064,9.747998,18.103154,21137.271203,21135.594484021534
63.667064,9.747927,18.005678,21137.451747,21137.095702819508
63.677064,9.747851,17.908203,21137.631316,21136.50412816023
63.687064,9.747769,17.810729,21137.809911,21137.088934504325
63.697064,9.747682,17.713256,21137.987531,21140.953214554815
63.707064,9.747591,17.615784,21138.164176,21137.89920684021
63.717064,9.747494,17.518312,21138.339847,21139.971838501784
63.727064,9.747391,17.420842,21138.514542,21139.28786159326
63.737064,9.747284,17.323373,21138.688263,21140.3353009044
63.747064,9.747172,17.225904,21138.86101,21140.32426397589
63.757064,9.747055,17.128437,21139.032781,21140.042091378436
63.767064,9.746932,17.030972,21139.203579,21141.925010740008
63.777064,9.746805,16.933507,21139.373401,21142.962897314217
63.787064,9.746673,16.836044,21139.542249,21138.321849789147
63.797064,9.746535,16.738582,21139.710122,21140.179284673774
63.807064,9.746393,16.641122,21139.87702,21137.34999827749
63.817064,9.746247,16.543663,21140.042944,21138.769159196392
63.827064,9.746095,16.446205,21140.207894,21138.64939913984
63.837064,9.745939,16.348749,21140.371868,21139.73182108562
63.847064,9.745778,16.251295,21140.534869,21140.71185782307
63.857064,9.745612,16.153842,21140.696894,21140.931752917295
63.867064,9.745442,16.056391,21140.857945,21141.308873885282
63.877064,9.745267,15.958942,21141.018022,21142.498113476322
63.887064,9.745088,15.861494,21141.177124,21142.807273904695
63.897064,9.744904,15.764049,21141.335252,21140.22034145356
63.907064,9.744717,15.666605,21141.492405,21143.030747871682
63.917064,9.744524,15.569163,21141.648584,21140.61306228983
63.927064,9.744328,15.471723,21141.803789,21142.276467360203
63.937064,9.744127,15.374285,21141.958019,21140.034989529293
63.947064,9.743923,15.276849,21142.111274,21141.987261247985
63.957064,9.743714,15.179415,21142.263556,21141.533966082927
63.967064,9.743501,15.081983,21142.414863,21141.312778077336
63.977064,9.743285,14.984553,21142.565195,21146.30626445432
63.987064,9.743065,14.887126,21142.714554,21142.404274505738
63.997064,9.742841,14.789701,21142.862938,21142.972944381236
64.007064,9.742613,14.692278,21143.010348,21142.312248990725
64.017064,9.742382,14.594857,21143.156783,21145.346891126268
64.027064,9.742147,14.497439,21143.302245,21143.061368578266
64.037064,9.741909,14.400022,21143.446732,21142.87849581126
64.047064,9.741667,14.302609,21143.590245,21143.70463917974
64.057064,9.741422,14.205198,21143.732784,21141.524234504028
64.067064,9.741174,14.107789,21143.874349,21141.391598571012
64.077064,9.740923,14.010382,21144.01494,21145.33603686429
64.087064,9.740669,13.912979,21144.154557,21142.21323278733
64.097064,9.740413,13.815577,21144.2932,21144.45367295082
64.107064,9.740153,13.718179,21144.430868,21144.151346490056
64.117064,9.73989,13.620783,21144.567563,21142.917573929626
64.127064,9.739625,13.523389,21144.703284,21147.010905136696
64.137064,9.739358,13.425998,21144.838031,21145.265415801485
64.147064,9.739088,13.32861,21144.971804,21145.567228069696
64.157064,9.738815,13.231225,21145.104603,21146.60584037983
64.167064,9.738541,13.133842,21145.236429,21145.47384069138
64.177064,9.738264,13.036462,21145.36728,21145.090146809376
64.187064,9.737985,12.939085,21145.497158,21144.604957287727
64.197064,9.737704,12.84171,21145.626062,21144.058786778063
64.207064,9.737421,12.744338,21145.753992,21147.84545387797
64.217064,9.737137,12.646969,21145.880949,21148.312149995316
64.227064,9.73685,12.549603,21146.006931,21146.280974384998
64.237064,9.736563,12.45224,21146.131941,21145.546296558074
64.247064,9.736273,12.35488,21146.255976,21145.484179798095
64.257064,9.735983,12.257522,21146.379038,21144.5842526429
64.267064,9.735691,12.160168,21146.501127,21146.090414676175
64.277064,9.735398,12.062816,21146.622242,21147.55396569847
64.287064,9.735103,11.965467,21146.742383,21148.501954329964
64.297064,9.734808,11.868122,21146.861551,21146.076150809553
64.307064,9.734512,11.770779,21146.979745,21145.191051064205
64.317064,9.734215,11.673439,21147.096967,21146.47320057287
64.327064,9.733918,11.576102,21147.213214,21147.86177111071
64.337064,9.73362,11.478768,21147.328489,21145.41913781122
64.347064,9.733321,11.381437,21147.44279,21148.857212086576
64.357064,9.733022,11.284108,21147.556117,21144.403234937658
64.367064,9.732723,11.186783,21147.668472,21147.24490577043
64.377064,9.732424,11.089461,21147.779853,21147.156943853013
64.387064,9.732125,10.992142,21147.890261,21147.14324420801
64.397064,9.731825,10.894826,21147.999696,21147.84276965872
64.407064,9.731526,10.797512,21148.108158,21149.564912381622
64.417064,9.731227,10.700202,21148.215646,21151.89785614264
64.427064,9.730929,10.602895,21148.322162,21149.49980868594
64.437064,9.73063,10.50559,21148.427704,21148.2778888257
64.447064,9.730333,10.408289,21148.532273,21147.770825419284
64.457064,9.730036,10.31099,21148.63587,21149.620858037102
64.467064,9.72974,10.213695,21148.738493,21148.905663143632
64.477064,9.729444,10.116402,21148.840144,21148.658294820983
64.487064,9.72915,10.019112,21148.940821,21147.56891591821
64.497064,9.728856,9.921826,21149.040526,21147.372653219358
64.507064,9.728564,9.824542,21149.139258,21146.868038168643
64.517064,9.728273,9.727261,21149.237017,21151.27154681879
64.527064,9.727983,9.629983,21149.333803,21151.711862122298
64.537064,9.727694,9.532708,21149.429616,21151.08959568143
64.547064,9.727408,9.435435,21149.524457,21149.628954869586
64.557064,9.727122,9.338166,21149.618325,21149.1080758994
64.567064,9.726839,9.240899,21149.71122,21150.528715781682
64.577064,9.726557,9.143635,21149.803143,21148.63585854587
64.587064,9.726277,9.046374,21149.894093,21150.363886530395
64.597064,9.725999,8.949116,21149.984071,21149.22245184219
64.607064,9.725723,8.851861,21150.073076,21150.030992167554
64.617064,9.725449,8.754608,21150.161108,21148.8898278699
64.627064,9.725177,8.657358,21150.248168,21149.670337560983
64.637064,9.724908,8.560111,21150.334255,21150.47413068772
64.647064,9.72464,8.462866,21150.41937,21149.610579707736
64.657064,9.724376,8.365624,21150.503512,21150.276299049125
64.667064,9.724114,8.268385,21150.586682,21150.504271815287
64.677064,9.723854,8.171148,21150.66888,21151.01159745881
64.687064,9.723597,8.073914,21150.750105,21148.60864605044
64.697064,9.723343,7.976682,21150.830358,21150.385650634205
64.707064,9.723092,7.879453,21150.909639,21151.288038089886
64.717064,9.722844,7.782226,21150.987947,21150.91049105327
64.727064,9.722599,7.685002,21151.065284,21151.56649334573
64.737064,9.722356,7.58778,21151.141647,21151.743699737777
64.747064,9.722117,7.490561,21151.217039,21152.34610443479
64.757064,9.721881,7.393344,21151.291459,21152.628937109115
64.767064,9.721648,7.296129,21151.364906,21151.203165436455
64.777064,9.721419,7.198917,21151.437381,21152.351146718072
64.787064,9.721193,7.101707,21151.508884,21151.164701979415
64.797064,9.72097,7.004499,21151.579415,21150.069161363204
64.807064,9.720751,6.907294,21151.648974,21154.009311959428
64.817064,9.720536,6.810091,21151.717561,21151.75230508658
64.827064,9.720324,6.712889,21151.785176,21151.16665521017
64.837064,9.720116,6.61569,21151.851819,21153.110289819335
64.847064,9.719911,6.518493,21151.91749,21153.374085679872
64.857064,9.71971,6.421298,21151.982189,21152.43577913466
64.867064,9.719513,6.324105,21152.045916,21152.64229513653
64.877064,9.71932,6.226914,21152.108671,21149.81268790802
64.887064,9.719131,6.129725,21152.170454,21153.684238311525
64.897064,9.718946,6.032538,21152.231266,21151.1935511154
64.907064,9.718765,5.935353,21152.291105,21152.23108511947
64.917064,9.718588,5.838169,21152.349973,21152.877440853146
64.927064,9.718415,5.740987,21152.407868,21154.850686980786
64.937064,9.718246,5.643807,21152.464792,21156.026969237377
64.947064,9.718081,5.546629,21152.520745,21151.231458386334
64.957064,9.71792,5.449452,21152.575725,21153.57838281777
64.967064,9.717764,5.352277,21152.629734,21154.89483881263
64.977064,9.717612,5.255104,21152.682771,21152.53811947232
64.987064,9.717464,5.157932,21152.734836,21150.51912078135
64.997064,9.717321,5.060761,21152.785929,21153.326231347077
65.007064,9.717182,4.963592,21152.836051,21153.510102767672
65.017064,9.717047,4.866424,21152.885201,21154.69408360635
65.027064,9.716916,4.769258,21152.933379,21152.548968005856
65.037064,9.71679,4.672093,21152.980586,21151.271268710996
65.047064,9.716669,4.574929,21153.026821,21152.61607934893
65.057064,9.716552,4.477766,21153.072085,21152.014261364056
65.067064,9.716439,4.380605,21153.116377,21156.499423877478
65.077064,9.716331,4.283444,21153.159697,21154.723600671812
65.087064,9.716227,4.186285,21153.202046,21151.835189032226
65.097064,9.716128,4.089127,21153.243423,21153.928175972596
65.107064,9.716033,3.99197,21153.283828,21151.769404763243
65.117064,9.715943,3.894813,21153.323262,21152.820483371743
65.127064,9.715858,3.797658,21153.361724,21151.344882155783
65.137064,9.715777,3.700503,21153.399215,21155.130551390812
65.147064,9.7157,3.60335,21153.435734,21152.57492020615
65.157064,9.715628,3.506197,21153.471282,21151.92850148883
65.167064,9.71556,3.409045,21153.505858,21154.28684762512
65.177064,9.715497,3.311893,21153.539463,21155.687802859396
65.187064,9.715439,3.214742,21153.572096,21152.92631899266
65.197064,9.715385,3.117592,21153.603758,21151.45457694865
65.207064,9.715335,3.020442,21153.634448,21149.704275894263
65.217064,9.71529,2.923293,21153.664167,21155.316066794105
65.227064,9.71525,2.826144,21153.692914,21153.534164118544
65.237064,9.715213,2.728995,21153.72069,21154.979622259605
65.247064,9.715182,2.631847,21153.747494,21153.83197197793
65.257064,9.715154,2.534699,21153.773327,21156.082159007758
65.267064,9.715132,2.437552,21153.798188,21152.163875989405
65.277064,9.715113,2.340405,21153.822078,21152.05330571362
65.287064,9.715099,2.243257,21153.844996,21156.666361968117
65.297064,9.715089,2.14611,21153.866943,21151.88946582916
65.307064,9.715084,2.048964,21153.887918,21154.251956022996
65.317064,9.715083,1.951817,21153.907922,21152.87253898236
65.327064,9.715086,1.85467,21153.926954,21153.489999381898
65.337064,9.715093,1.757523,21153.945015,21152.644999440716
65.347064,9.715105,1.660376,21153.962105,21157.305121089656
65.357064,9.71512,1.563229,21153.978223,21155.521899679898
65.367064,9.71514,1.466082,21153.993369,21155.71450128423
65.377064,9.715164,1.368934,21154.007545,21155.6893103756
65.387064,9.715192,1.271786,21154.020748,21154.597288260404
65.397064,9.715224,1.174638,21154.03298,21155.365100618328
65.407064,9.71526,1.07749,21154.044241,21154.758544886663
65.417064,9.7153,0.980341,21154.05453,21155.218387575635
65.427064,9.715344,0.883192,21154.063848,21153.344241168405
65.437064,9.715391,0.786043,21154.072194,21154.201177240928
65.447064,9.715443,0.688893,21154.079569,21156.70247038977
65.457064,9.715498,0.591742,21154.085972,21156.12181696314
65.467064,9.715557,0.494591,21154.091403,21156.16854053476
65.477064,9.71562,0.397439,21154.095864,21151.931691061887
65.487064,9.715686,0.300287,21154.099352,21157.40313362671
65.497064,9.715756,0.203134,21154.101869,21152.365614637038
65.507064,9.715829,0.10598,21154.103415,21155.81761319721
65.517064,9.715906,0.008825,21154.103989,21152.303221315706
65.517973,9.715913,0.0,21154.103993,21155.746248560386
65.52381,9.715959,-0.056707,21154.103827,21154.618870057016
65.53381,9.716043,-0.153863,21154.102289,21156.49685200007
65.54381,9.716131,-0.25102,21154.099779,21155.42007143805
65.55381,9.71622,-0.348178,21154.096783,21157.7009396391
65.56381,9.716312,-0.445336,21154.092815,21156.226638299333
65.57381,9.716407,-0.542496,21154.087876,21154.991664937
65.58381,9.716505,-0.639656,21154.081965,21153.472263953845
65.59381,9.716607,-0.736818,21154.075083,21154.05893854149
65.60381,9.716711,-0.83398,21154.067229,21155.30515030019
65.61381,9.716818,-0.931144,21154.058403,21152.106495896154
65.62381,9.716928,-1.028308,21154.048606,21154.216282859234
65.63381,9.717041,-1.125474,21154.037837,21156.765239203338
65.64381,9.717156,-1.222641,21154.026096,21154.4638598568
65.65381,9.717274,-1.319809,21154.013384,21152.48556691175
65.66381,9.717394,-1.416978,21153.9997,21152.485067622933
65.67381,9.717517,-1.514149,21153.985045,21153.764973425023
65.68381,9.717643,-1.611321,21153.969417,21154.772434032508
65.69381,9.71777,-1.708494,21153.952818,21152.835720291037
65.70381,9.7179,-1.805668,21153.935247,21152.164417962962
65.71381,9.718032,-1.902844,21153.916705,21153.827624017085
65.72381,9.718167,-2.000021,21153.89719,21155.59141889281
65.73381,9.718303,-2.097199,21153.876704,21156.811119331964
65.74381,9.718441,-2.194379,21153.855246,21154.38220980931
65.75381,9.718581,-2.29156,21153.832817,21152.842978398334
65.76381,9.718723,-2.388743,21153.809415,21153.116543038985
65.77381,9.718867,-2.485927,21153.785042,21153.79622556912
65.78381,9.719013,-2.583113,21153.759697,21154.164333112974
65.79381,9.719159,-2.6803,21153.73338,21156.608525442578
65.80381,9.719308,-2.777488,21153.706091,21155.03251334088
65.81381,9.719458,-2.874678,21153.67783,21155.014414514626
65.82381,9.719609,-2.97187,21153.648597,21153.496266079655
65.83381,9.719761,-3.069063,21153.618392,21155.48877940949
65.84381,9.719915,-3.166257,21153.587216,21153.123053771596
65.85381,9.72007,-3.263454,21153.555067,21154.693087241547
65.86381,9.720226,-3.360651,21153.521947,21155.00363991194
65.87381,9.720382,-3.457851,21153.487854,21153.023749631524
65.88381,9.72054,-3.555052,21153.45279,21154.62193591141
65.89381,9.720698,-3.652254,21153.416753,21155.090564670518
65.90381,9.720857,-3.749458,21153.379745,21153.999878071583
65.91381,9.721017,-3.846664,21153.341764,21152.579469555552
65.92381,9.721177,-3.943871,21153.302811,21152.37183568563
65.93381,9.721338,-4.04108,21153.262887,21153.978564052682
65.94381,9.721499,-4.138291,21153.22199,21153.29091439134
65.95381,9.72166,-4.235503,21153.180121,21152.882491665958
65.96381,9.721822,-4.332717,21153.13728,21151.116849948867
65.97381,9.721984,-4.429933,21153.093466,21153.241708198475
65.98381,9.722145,-4.52715,21153.048681,21151.647852142665
65.99381,9.722307,-4.624368,21153.002923,21154.612760777978
66.00381,9.722469,-4.721589,21152.956194,21150.86099498454
66.01381,9.72263,-4.818811,21152.908492,21152.951920744817
66.02381,9.722791,-4.916035,21152.859817,21152.341759812887
66.03381,9.722952,-5.01326,21152.810171,21152.56986593152
66.04381,9.723112,-5.110487,21152.759552,21152.773024252292
66.05381,9.723272,-5.207715,21152.707961,21154.676846725797
66.06381,9.723431,-5.304946,21152.655398,21152.017961688056
66.07381,9.72359,-5.402177,21152.601862,21150.23282604209
66.08381,9.723747,-5.499411,21152.547354,21152.852385998733
66.09381,9.723904,-5.596646,21152.491874,21151.445568999425
66.10381,9.72406,-5.693882,21152.435421,21154.299179470454
66.11381,9.724215,-5.79112,21152.377996,21151.153321629638
66.12381,9.724369,-5.88836,21152.319599,21151.886285274624
66.13381,9.724521,-5.985601,21152.260229,21152.708827810442
66.14381,9.724673,-6.082844,21152.199887,21151.730946996286
66.15381,9.724823,-6.180088,21152.138572,21154.47538410391
66.16381,9.724971,-6.277334,21152.076285,21154.13172631237
66.17381,9.725119,-6.374581,21152.013026,21153.922115124307
66.18381,9.725264,-6.47183,21151.948794,21151.83528726352
66.19381,9.725408,-6.56908,21151.883589,21152.688980767052
66.20381,9.725551,-6.666331,21151.817412,21151.33909772482
66.21381,9.725691,-6.763584,21151.750262,21150.912931023755
66.22381,9.72583,-6.860839,21151.68214,21149.67822250178
66.23381,9.725967,-6.958095,21151.613046,21151.424668770513
66.24381,9.726101,-7.055352,21151.542978,21152.408647065105
66.25381,9.726234,-7.15261,21151.471939,21152.952398392186
66.26381,9.726365,-7.24987,21151.399926,21153.31746754765
66.27381,9.726493,-7.347131,21151.326941,21150.7388008408
66.28381,9.726619,-7.444394,21151.252984,21149.802987975447
66.29381,9.726743,-7.541657,21151.178053,21152.13515818073
66.30381,9.726864,-7.638922,21151.10215,21148.618333567756
66.31381,9.726983,-7.736188,21151.025275,21150.796731751987
66.32381,9.727099,-7.833456,21150.947427,21149.869988179173
66.33381,9.727213,-7.930724,21150.868606,21149.90977696102
66.34381,9.727324,-8.027994,21150.788812,21148.4546789944
66.35381,9.727433,-8.125264,21150.708046,21153.06228557105
66.36381,9.727538,-8.222536,21150.626307,21152.416688324105
66.37381,9.727641,-8.319809,21150.543595,21152.29439462375
66.38381,9.727741,-8.417082,21150.459911,21152.12707143105
66.39381,9.727838,-8.514357,21150.375254,21149.55331639167
66.40381,9.727932,-8.611633,21150.289624,21149.52203067593
66.41381,9.728022,-8.708909,21150.203021,21149.990516187292
66.42381,9.72811,-8.806187,21150.115445,21151.45987837162
66.43381,9.728195,-8.903465,21150.026897,21151.1653581283
66.44381,9.728276,-9.000744,21149.937376,21148.683716720345
66.45381,9.728354,-9.098024,21149.846882,21149.4677125002
66.46381,9.728429,-9.195305,21149.755416,21148.626249968074
66.47381,9.7285,-9.292586,21149.662976,21149.8945773653
66.48381,9.728568,-9.389868,21149.569564,21149.011168505986
66.49381,9.728632,-9.487151,21149.475179,21149.43876393983
66.50381,9.728693,-9.584434,21149.379821,21148.488714017338
66.51381,9.728751,-9.681718,21149.28349,21150.24928478904
66.52381,9.728804,-9.779003,21149.186187,21148.869981452037
66.53381,9.728855,-9.876288,21149.08791,21147.762630446145
66.54381,9.728901,-9.973573,21148.988661,21150.467016640563
66.55381,9.728944,-10.070859,21148.888439,21149.848129472844
66.56381,9.728983,-10.168145,21148.787244,21147.642695939205
66.57381,9.729018,-10.265432,21148.685076,21150.767242987265
66.58381,9.72905,-10.362719,21148.581935,21150.998396284584
66.59381,9.729077,-10.460006,21148.477821,21146.383610587025
66.60381,9.729101,-10.557294,21148.372735,21149.409587988994
66.61381,9.729121,-10.654581,21148.266675,21148.048633776558
66.62381,9.729137,-10.751869,21148.159643,21149.355634376363
66.63381,9.729149,-10.849157,21148.051638,21148.741884464816
66.64381,9.729157,-10.946445,21147.94266,21145.570889573282
66.65381,9.729162,-11.043733,21147.832709,21148.33693348966
66.66381,9.729162,-11.141021,21147.721785,21148.663513773823
66.67381,9.729158,-11.238309,21147.609889,21148.523421136146
66.68381,9.72915,-11.335597,21147.497019,21146.14507959428
66.69381,9.729138,-11.432885,21147.383177,21148.116882812807
66.70381,9.729122,-11.530173,21147.268361,21151.410137120052
66.71381,9.729102,-11.62746,21147.152573,21147.20790479231
66.72381,9.729078,-11.724748,21147.035812,21146.489772588266
66.73381,9.72905,-11.822035,21146.918078,21148.751391118323
66.74381,9.729018,-11.919321,21146.799372,21147.04667387867
66.75381,9.728981,-12.016608,21146.679692,21146.18119560875
66.76381,9.728941,-12.113894,21146.559039,21147.511127323374
66.77381,9.728896,-12.211179,21146.437414,21146.539344746685
66.78381,9.728847,-12.308464,21146.314816,21146.620789569453
66.79381,9.728795,-12.405749,21146.191245,21150.520122580696
66.80381,9.728738,-12.503033,21146.066701,21144.085623168736
66.81381,9.728677,-12.600316,21145.941184,21148.160141900127
66.82381,9.728612,-12.697599,21145.814695,21145.638967652678
66.83381,9.728542,-12.794881,21145.687232,21148.195421885724
66.84381,9.728469,-12.892162,21145.558797,21144.04771580994
66.85381,9.728392,-12.989442,21145.429389,21145.196800818532
66.86381,9.728311,-13.086722,21145.299008,21145.638796058927
66.87381,9.728225,-13.184001,21145.167654,21144.988450858273
66.88381,9.728136,-13.281279,21145.035328,21143.508416489574
66.89381,9.728043,-13.378556,21144.902029,21145.28443525154
66.90381,9.727945,-13.475832,21144.767757,21144.259291679602
66.91381,9.727844,-13.573107,21144.632512,21144.93704186704
66.92381,9.727739,-13.670381,21144.496295,21144.5417943852
66.93381,9.72763,-13.767654,21144.359105,21145.03270055225
66.94381,9.727517,-13.864926,21144.220942,21146.731247224838
66.95381,9.7274,-13.962196,21144.081806,21143.43301521024
66.96381,9.72728,-14.059466,21143.941698,21147.413248939898
66.97381,9.727155,-14.156734,21143.800617,21144.779390311374
66.98381,9.727027,-14.254001,21143.658563,21145.26689413026
66.99381,9.726895,-14.351267,21143.515537,21144.09651021299
67.00381,9.726759,-14.448531,21143.371538,21146.05311774635
67.01381,9.72662,-14.545794,21143.226566,21142.929365866155
67.02381,9.726477,-14.643056,21143.080622,21145.654419138154
67.03381,17.054424,-14.721758,21142.933404,21143.344204759713
67.04381,17.019982,-14.800386,21142.785401,21142.71984634643
67.05381,16.985635,-14.878975,21142.637004,21141.43441738608
67.06381,16.951421,-14.957489,21142.487821,21142.13974376682
67.07381,16.917339,-15.035928,21142.337854,21142.376389731166
67.08381,16.883389,-15.114292,21142.187103,21143.049632051767
67.09381,16.84957,-15.192581,21142.035569,21142.881631127195
67.10381,16.815882,-15.270796,21141.883252,21139.267363252096
67.11381,16.782323,-15.348937,21141.730153,21141.215695896433
67.12381,16.748893,-15.427003,21141.576273,21141.04890595877
67.13381,16.715592,-15.504996,21141.421613,21140.10702680097
67.14381,16.682419,-15.582915,21141.266174,21141.341594910446
67.15381,16.649373,-15.660761,21141.109955,21143.898958322607
67.16381,16.616453,-15.738534,21140.952959,21142.757744392464
67.17381,16.583659,-15.816234,21140.795185,21139.46809775073
67.18381,16.550991,-15.893862,21140.636634,21138.210128727205
67.19381,16.518447,-15.971417,21140.477308,21141.7270341789
67.20381,16.486028,-16.0489,21140.317206,21138.79029793658
67.21381,16.453732,-16.12631,21140.15633,21142.24693157186
67.22381,16.421559,-16.20365,21139.99468,21141.015389350232
67.23381,16.389508,-16.280917,21139.832257,21142.14045290317
67.24381,16.357579,-16.358114,21139.669062,21140.674482880826
67.25381,16.325771,-16.435239,21139.505095,21139.57270132484
67.26381,16.294083,-16.512293,21139.340357,21139.538246018772
67.27381,16.262515,-16.589277,21139.17485,21138.63527678396
67.28381,16.231067,-16.66619,21139.008572,21140.324139417797
67.29381,16.199737,-16.743033,21138.841526,21138.43667652827
67.30381,16.168526,-16.819807,21138.673712,21138.988535096098
67.31381,16.137432,-16.89651,21138.50513,21140.975824513476
67.32381,16.106455,-16.973143,21138.335782,21139.299316572156
67.33381,16.075595,-17.049708,21138.165667,21136.9589716694
67.34381,16.044851,-17.126203,21137.994788,21137.92295757987
67.35381,16.014222,-17.202629,21137.823144,21140.609377302717
67.36381,15.983707,-17.278986,21137.650735,21139.281176930555
67.37381,15.953307,-17.355274,21137.477564,21137.40812648587
67.38381,15.923021,-17.431495,21137.30363,21137.832058130116
67.39381,15.892848,-17.507647,21137.128934,21137.063901557976
67.40381,15.862787,-17.583731,21136.953478,21134.912039827053
67.41381,15.832839,-17.659747,21136.77726,21136.700112826402
67.42381,15.803001,-17.735696,21136.600283,21134.493275264384
67.43381,15.773275,-17.811577,21136.422546,21138.198290258177
67.44381,15.74366,-17.887391,21136.244051,21137.59455958251
67.45381,15.714154,-17.963138,21136.064799,21136.8718702292
67.46381,15.684757,-18.038818,21135.884789,21135.582020743717
67.47381,15.65547,-18.114432,21135.704023,21135.36357736587
67.48381,15.62629,-18.189979,21135.522501,21137.27613931004
67.49381,15.597219,-18.26546,21135.340223,21133.79788014598
67.50381,15.568255,-18.340875,21135.157192,21135.765434417048
67.51381,15.539397,-18.416224,21134.973406,21136.85590283385
67.52381,15.510646,-18.491507,21134.788867,21132.48580569219
67.53381,15.482001,-18.566725,21134.603576,21135.07039185256
67.54381,15.453461,-18.641878,21134.417533,21135.785140818905
67.55381,15.425026,-18.716965,21134.230739,21136.505066054287
67.56381,15.396695,-18.791987,21134.043194,21134.814334349336
67.57381,15.368468,-18.866945,21133.854899,21135.62865541961
67.58381,15.340344,-18.941838,21133.665855,21132.536444387133
67.59381,15.312322,-19.016666,21133.476063,21134.02152190723
67.60381,15.284404,-19.09143,21133.285522,21132.896738166703
67.61381,15.256586,-19.166131,21133.094234,21133.398667351124
67.62381,15.228871,-19.240767,21132.9022,21132.360844144423
67.63381,15.201256,-19.31534,21132.709419,21133.759084508223
67.64381,15.173741,-19.389849,21132.515893,21133.821413445658
67.65381,15.146327,-19.464294,21132.321622,21130.079688378744
67.66381,15.119012,-19.538677,21132.126607,21131.633991147748
67.67381,15.091796,-19.612996,21131.930849,21131.42577590382
67.68381,15.064678,-19.687253,21131.734348,21130.977136408863
67.69381,15.037658,-19.761447,21131.537104,21131.034171788484
67.70381,15.010736,-19.835578,21131.339119,21131.524605254366
67.71381,14.983911,-19.909647,21131.140393,21129.93758254461
67.72381,14.957183,-19.983654,21130.940926,21130.9592490834
67.73381,14.930551,-20.057599,21130.74072,21130.538171851225
67.74381,14.904015,-20.131482,21130.539775,21129.289201322677
67.75381,14.877574,-20.205303,21130.338091,21132.581779053744
67.76381,14.851227,-20.279063,21130.135669,21129.408151315423
67.77381,14.824976,-20.352761,21129.932509,21125.32905763877
67.78381,14.798818,-20.426398,21129.728614,21126.82660125885
67.79381,14.772754,-20.499974,21129.523982,21128.96838633238
67.80381,14.746783,-20.573489,21129.318614,21130.14694929658
67.81381,14.720904,-20.646943,21129.112512,21128.196800316262
67.82381,14.695118,-20.720337,21128.905676,21130.8115766737
67.83381,14.669424,-20.793671,21128.698106,21129.30545009553
67.84381,14.643821,-20.866944,21128.489802,21129.316127255704
67.85381,14.618309,-20.940157,21128.280767,21126.13629632905
67.86381,14.592887,-21.01331,21128.071,21127.361619790347
67.87381,14.567556,-21.086403,21127.860501,21125.130099673548
67.88381,14.542314,-21.159436,21127.649272,21129.56051816995
67.89381,14.517162,-21.23241,21127.437312,21125.261658313586
67.90381,14.492098,-21.305325,21127.224624,21124.73256658632
67.91381,14.467123,-21.37818,21127.011206,21128.36024323601
67.92381,14.442236,-21.450977,21126.79706,21124.77955856107
67.93381,14.417436,-21.523714,21126.582187,21126.615430681737
67.94381,14.392724,-21.596393,21126.366586,21126.15377123061
67.95381,14.368099,-21.669013,21126.150259,21127.583215044648
67.96381,14.34356,-21.741574,21125.933206,21127.73449437424
67.97381,14.319107,-21.814078,21125.715428,21124.571077606375
67.98381,14.294739,-21.886523,21125.496925,21125.428591630876
67.99381,14.270457,-21.95891,21125.277698,21125.734174826925
68.00381,14.24626,-22.031239,21125.057747,21126.431459417417
68.01381,14.222147,-22.10351,21124.837073,21126.41884085316
68.02381,14.198119,-22.175724,21124.615677,21123.896557832923
68.03381,14.174174,-22.24788,21124.393559,21123.113465909413
68.04381,14.150312,-22.319979,21124.170719,21125.979292344848
68.05381,14.126533,-22.39202,21123.947159,21127.0106778682
68.06381,14.102837,-22.464005,21123.722879,21123.431269538516
68.07381,14.079223,-22.535932,21123.497879,21123.541646057096
68.08381,14.05569,-22.607803,21123.272161,21124.20163443683
68.09381,14.032239,-22.679617,21123.045724,21125.03356213962
68.10381,14.008869,-22.751375,21122.818569,21124.19570959336
68.11381,13.98558,-22.823076,21122.590696,21120.51976719321
68.12381,13.962371,-22.894721,21122.362107,21126.525677099562
68.13381,13.939242,-22.966309,21122.132802,21124.879278694807
68.14381,13.916193,-23.037842,21121.902781,21120.96596625435
68.15381,13.893222,-23.109319,21121.672045,21120.911608087245
68.16381,13.870331,-23.18074,21121.440595,21125.84207495952
68.17381,13.847518,-23.252105,21121.208431,21120.05760686377
68.18381,13.824783,-23.323415,21120.975553,21119.69628755723
68.19381,13.802126,-23.39467,21120.741963,21121.99605042627
68.20381,13.779546,-23.465869,21120.50766,21123.265725927762
68.21381,13.757044,-23.537013,21120.272645,21117.65261782459
68.22381,13.734618,-23.608103,21120.03692,21120.973220080054
68.23381,13.712268,-23.679137,21119.800484,21121.017619876762
68.24381,13.689995,-23.750116,21119.563337,21121.530525866634
68.25381,13.667797,-23.821041,21119.325481,21123.65453536334
68.26381,13.645674,-23.891912,21119.086917,21119.986733988906
68.27381,13.623627,-23.962728,21118.847643,21117.217148186955
68.28381,13.601654,-24.03349,21118.607662,21118.321348822694
68.29381,13.579755,-24.104197,21118.366974,21118.582817971852
68.30381,13.557931,-24.174851,21118.125578,21119.957459896865
68.31381,13.53618,-24.245451,21117.883477,21116.971665326622
68.32381,13.514502,-24.315997,21117.64067,21118.354836279395
68.33381,13.492897,-24.386489,21117.397157,21117.894874730126
68.34381,13.471365,-24.456928,21117.15294,21117.428647899353
68.35381,13.449905,-24.527313,21116.908019,21115.712272961075
68.36381,13.428518,-24.597645,21116.662394,21117.67751984914
68.37381,13.407202,-24.667923,21116.416066,21117.356091013342
68.38381,13.385957,-24.738149,21116.169036,21115.752699072178
68.39381,13.364783,-24.808322,21115.921303,21117.568763910633
68.40381,13.34368,-24.878441,21115.672869,21115.692751523406
68.41381,13.322648,-24.948509,21115.423735,21115.975628497414
68.42381,13.301685,-25.018523,21115.173899,21113.388504951552
68.43381,13.280792,-25.088485,21114.923364,21115.96557007675
68.44381,13.259969,-25.158394,21114.67213,21116.716630337996
68.45381,13.239215,-25.228251,21114.420197,21112.63471625998
68.46381,13.21853,-25.298056,21114.167565,21114.39444599181
68.47381,13.197913,-25.367809,21113.914236,21115.8402572398
68.48381,13.177363,-25.43751,21113.660209,21113.65482821482
68.49381,13.156751,-25.507158,21113.405486,21113.285866994698
68.50381,13.136208,-25.576756,21113.150066,21112.75846821098
68.51381,13.115731,-25.646302,21112.893951,21112.944716754257
68.52381,13.095323,-25.715796,21112.63714,21115.535332885807
68.53381,13.074981,-25.785239,21112.379635,21112.72431808314
68.54381,13.054706,-25.854632,21112.121436,21112.37771221984
68.55381,13.034498,-25.923973,21111.862542,21113.287264037506
68.56381,13.014355,-25.993263,21111.602956,21114.0082361964
68.57381,12.994279,-26.062502,21111.342677,21109.334021110455
68.58381,12.974268,-26.13169,21111.081706,21106.85311581042
68.59381,12.954323,-26.200828,21110.820044,21110.917747524643
68.60381,12.934442,-26.269915,21110.55769,21113.841387680724
68.61381,12.914626,-26.338952,21110.294646,21111.584347362827
68.62381,12.894875,-26.407938,21110.030911,21108.246844605754
68.63381,12.875187,-26.476874,21109.766487,21111.163327448012
68.64381,12.855564,-26.54576,21109.501374,21110.31102757406
68.65381,12.836004,-26.614596,21109.235572,21109.46602281854
68.66381,12.816508,-26.683382,21108.969082,21108.552369061887
68.67381,12.797074,-26.752118,21108.701905,21110.682327504393
68.68381,12.777703,-26.820805,21108.43404,21108.15508097462
68.69381,12.758395,-26.889441,21108.165489,21106.85396427034
68.70381,12.739149,-26.958028,21107.896251,21109.714154747486
68.71381,12.719964,-27.026566,21107.626328,21108.131296579893
68.72381,12.700842,-27.095054,21107.35572,21106.64207992657
68.73381,12.68178,-27.163493,21107.084427,21107.661488295744
68.74381,12.66278,-27.231882,21106.81245,21109.313335594776
68.75381,12.643841,-27.300223,21106.53979,21107.097629055843
68.76381,12.624962,-27.368514,21106.266446,21107.20880036178
68.77381,12.606143,-27.436757,21105.99242,21107.078389965223
68.78381,12.587385,-27.504951,21105.717711,21105.688971634663
68.79381,12.568686,-27.573096,21105.442321,21104.88321040645
68.80381,12.550047,-27.641192,21105.166249,21104.56825864987
68.81381,12.531467,-27.70924,21104.889497,21107.310287287284
68.82381,12.512945,-27.777239,21104.612065,21106.44267716866
68.83381,12.494483,-27.84519,21104.333953,21105.399458655338
68.84381,12.476079,-27.913092,21104.055161,21102.645186063477
68.85381,12.457733,-27.980946,21103.775691,21105.526527557995
68.86381,12.439445,-28.048752,21103.495542,21102.067273562778
68.87381,12.421215,-28.11651,21103.214716,21104.53008302101
68.88381,12.403043,-28.18422,21102.933212,21104.91934918668
68.89381,12.384927,-28.251883,21102.651032,21104.426461645868
68.90381,12.366868,-28.319497,21102.368175,21104.864854346997
68.91381,12.348867,-28.387064,21102.084642,21103.738484435802
68.92381,12.330921,-28.454583,21101.800434,21101.672071081124
68.93381,12.313032,-28.522054,21101.51555,21102.319591450123
68.94381,12.295198,-28.589478,21101.229993,21102.214118865086
68.95381,12.277421,-28.656855,21100.943761,21100.58675805907
68.96381,12.259698,-28.724184,21100.656856,21103.27740168985
68.97381,12.242031,-28.791466,21100.369278,21101.12380465789
68.98381,12.224419,-28.858701,21100.081027,21101.740478139305
68.99381,12.206862,-28.925889,21099.792104,21100.969107422057
69.00381,12.189359,-28.993029,21099.502509,21100.59260419843
69.01381,12.17191,-29.060123,21099.212243,21099.294139184993
69.02381,12.154516,-29.12717,21098.921307,21101.623017308208
69.03381,12.137175,-29.19417,21098.6297,21100.14196186515
69.04381,12.119888,-29.261124,21098.337423,21099.410404640283
69.05381,12.102654,-29.328031,21098.044478,21097.916452502464
69.06381,12.085473,-29.394891,21097.750863,21096.67508282299
69.07381,12.068345,-29.461705,21097.45658,21098.5032786485
69.08381,12.051269,-29.528473,21097.161629,21095.517689595283
69.09381,12.034246,-29.595194,21096.866011,21098.84381248136
69.10381,12.017275,-29.661869,21096.569725,21094.900724298477
69.11381,12.000356,-29.728498,21096.272773,21095.24019730851
69.12381,11.983489,-29.795081,21095.975156,21095.36120805862
69.13381,11.966673,-29.861618,21095.676872,21096.290145955478
69.14381,11.949908,-29.928108,21095.377923,21094.238541366823
69.15381,11.933195,-29.994553,21095.07831,21097.05815597139
69.16381,11.916532,-30.060952,21094.778032,21097.58748754737
69.17381,11.89992,-30.127306,21094.477091,21098.075207291327
69.18381,11.883358,-30.193613,21094.175486,21094.261318932015
69.19381,11.866846,-30.259876,21093.873219,21095.142165745754
69.20381,11.850385,-30.326092,21093.570289,21092.795227833245
69.21381,11.833973,-30.392263,21093.266697,21093.339089994082
69.22381,11.81761,-30.458389,21092.962444,21094.653334026476
69.23381,11.801297,-30.524469,21092.65753,21092.878185664445
69.24381,11.785033,-30.590505,21092.351955,21092.80894827938
69.25381,11.768817,-30.656495,21092.04572,21094.304228055586
69.26381,11.752651,-30.722439,21091.738825,21092.612277152086
69.27381,11.736532,-30.788339,21091.431271,21089.49257848443
69.28381,11.720462,-30.854194,21091.123058,21089.97795514359
69.29381,11.70444,-30.920004,21090.814187,21091.153131166862
69.30381,11.688466,-30.985769,21090.504658,21091.0289363381
69.31381,11.67254,-31.051489,21090.194472,21091.496384532584
69.32381,11.65666,-31.117165,21089.883629,21093.261035668944
69.33381,11.640828,-31.182795,21089.572129,21087.032916639473
69.34381,11.625043,-31.248382,21089.259973,21090.209569262253
69.35381,11.609305,-31.313923,21088.947161,21087.959187479122
69.36381,11.593613,-31.379421,21088.633695,21090.307843198185
69.37381,11.577968,-31.444873,21088.319573,21090.83797432363
69.38381,11.562369,-31.510282,21088.004797,21089.168879727506
69.39381,11.546816,-31.575646,21087.689368,21088.99751175186
69.40381,11.531308,-31.640966,21087.373285,21085.275957344908
69.41381,11.515846,-31.706242,21087.056549,21090.270266675885
69.42381,11.50043,-31.771473,21086.73916,21088.150328519256
69.43381,11.485059,-31.836661,21086.421119,21082.5234243499
69.44381,11.469733,-31.901804,21086.102427,21087.94236914395
69.45381,11.454451,-31.966904,21085.783083,21084.43679800121
69.46381,11.439214,-32.03196,21085.463089,21086.663656939996
69.47381,11.424022,-32.096971,21085.142444,21087.92075462396
69.48381,11.408874,-32.16194,21084.82115,21083.245904380874
69.49381,11.393769,-32.226864,21084.499206,21083.709163533735
69.50381,11.378709,-32.291745,21084.176613,21083.421974233148
69.51381,11.363692,-32.356582,21083.853371,21085.064939826763
69.52381,11.348719,-32.421376,21083.529481,21081.892570892218
69.53381,11.333789,-32.486126,21083.204943,21083.44185995412
69.54381,11.318902,-32.550832,21082.879759,21081.9297504299
69.55381,11.304058,-32.615496,21082.553927,21079.288558354496
69.56381,11.289257,-32.680116,21082.227449,21081.99350766271
69.57381,11.274498,-32.744693,21081.900325,21082.596831969808
69.58381,11.259782,-32.809226,21081.572555,21082.735033515866
69.59381,11.245108,-32.873716,21081.24414,21080.467515742515
69.60381,11.230475,-32.938164,21080.915081,21083.064586718476
69.61381,11.215885,-33.002568,21080.585377,21082.035094380284
69.62381,11.201336,-33.066929,21080.25503,21081.643055357257
69.63381,11.186829,-33.131247,21079.924039,21079.27283242998
69.64381,11.172363,-33.195523,21079.592405,21082.113097670994
69.65381,11.157938,-33.259755,21079.260129,21080.386917763684
69.66381,11.143554,-33.323945,21078.92721,21080.084854713867
69.67381,11.12921,-33.388092,21078.59365,21078.36327208601
69.68381,11.114908,-33.452196,21078.259448,21079.083736015367
69.69381,11.100645,-33.516258,21077.924606,21078.481687335097
69.70381,11.086423,-33.580277,21077.589123,21075.337108346906
69.71381,11.072241,-33.644253,21077.253001,21076.09653580377
69.72381,11.058099,-33.708187,21076.916238,21078.75553292976
69.73381,11.043996,-33.772078,21076.578837,21078.10078078345
69.74381,11.029933,-33.835927,21076.240797,21075.356729559884
69.75381,11.015909,-33.899734,21075.902119,21074.272219097616
69.76381,11.001925,-33.963498,21075.562802,21073.989536200526
69.77381,10.987979,-34.027221,21075.222849,21075.13251096924
69.78381,10.974073,-34.0909,21074.882258,21077.662281308145
69.79381,10.960205,-34.154538,21074.541031,21076.462426255213
69.80381,10.946375,-34.218134,21074.199168,21074.237841978553
69.81381,10.932584,-34.281687,21073.856668,21073.959507128497
69.82381,10.918831,-34.345199,21073.513534,21078.616922468223
69.83381,10.905116,-34.408668,21073.169765,21074.37008979543
69.84381,10.891439,-34.472095,21072.825361,21072.750926212066
69.85381,10.8778,-34.535481,21072.480323,21073.662071641327
69.86381,10.864198,-34.598825,21072.134651,21073.77534426062
69.87381,10.850634,-34.662126,21071.788346,21072.91023988615
69.88381,10.837107,-34.725386,21071.441409,21071.988358861032
69.89381,10.823616,-34.788605,21071.093839,21071.011992437645
69.90381,10.810163,-34.851781,21070.745637,21070.769989728688
69.91381,10.796747,-34.914916,21070.396803,21069.65158413818
69.92381,10.783367,-34.97801,21070.047339,21070.35356850155
69.93381,10.770023,-35.041061,21069.697243,21069.627015653194
69.94381,10.756716,-35.104072,21069.346518,21071.560994142805
69.95381,10.743445,-35.16704,21068.995162,21068.896425803247
69.96381,10.73021,-35.229968,21068.643177,21067.726310065016
69.97381,10.717011,-35.292854,21068.290563,21071.912154041707
69.98381,10.703847,-35.355698,21067.93732,21067.49829134042
69.99381,10.690719,-35.418501,21067.583449,21070.007913117657
70.00381,10.677626,-35.481263,21067.22895,21065.453936293503
70.01381,10.664568,-35.543984,21066.873824,21067.73007984216
70.02381,10.651546,-35.606663,21066.518071,21067.200806317116
70.03381,10.638558,-35.669301,21066.161691,21067.822075611566
70.04381,10.625605,-35.731898,21065.804685,21067.422674801444
70.05381,10.612686,-35.794454,21065.447053,21066.456531207405
70.06381,10.599802,-35.856969,21065.088796,21066.84795336733
70.07381,10.586953,-35.919443,21064.729914,21065.407430827192
70.08381,10.574137,-35.981876,21064.370407,21065.544178124335
70.09381,10.561356,-36.044268,21064.010276,21062.45461738304
70.10381,10.548608,-36.106619,21063.649522,21064.385416968227
70.11381,10.535894,-36.168929,21063.288144,21062.827553142663
70.12381,10.523214,-36.231198,21062.926143,21062.115155740747
70.13381,10.510567,-36.293427,21062.56352,21062.953141690752
70.14381,10.497953,-36.355614,21062.200275,21062.376041402087
70.15381,10.485373,-36.417761,21061.836408,21064.408061284055
70.16381,10.472825,-36.479867,21061.47192,21060.61607303313
70.17381,10.460311,-36.541933,21061.106811,21059.14331719632
70.18381,10.447829,-36.603957,21060.741081,21062.02033851406
70.19381,10.43538,-36.665942,21060.374732,21060.38160112793
70.20381,10.422963,-36.727885,21060.007763,21059.66494709719
70.21381,10.410578,-36.789788,21059.640174,21058.344411450056
70.22381,10.398226,-36.851651,21059.271967,21058.053232715785
70.23381,10.385905,-36.913473,21058.903141,21058.374402476504
70.24381,10.373617,-36.975255,21058.533698,21061.129824616328
70.25381,10.36136,-37.036996,21058.163636,21058.221366945
70.26381,10.349135,-37.098697,21057.792958,21058.975518464827
70.27381,10.336941,-37.160357,21057.421663,21055.26357644069
70.28381,10.324778,-37.221977,21057.049751,21057.80920959642
70.29381,10.312647,-37.283557,21056.677223,21057.238111507788
70.30381,10.300547,-37.345096,21056.30408,21055.473558644277
70.31381,10.288478,-37.406596,21055.930321,21056.43301861645
70.32381,10.27644,-37.468055,21055.555948,21054.488628461986
70.33381,10.264432,-37.529474,21055.18096,21057.37283102695
70.34381,10.252455,-37.590852,21054.805359,21053.90490576946
70.35381,10.240508,-37.652191,21054.429144,21056.64172153236
70.36381,10.228592,-37.71349,21054.052315,21052.441945181996
70.37381,10.216706,-37.774748,21053.674874,21052.657197567627
70.38381,10.204849,-37.835966,21053.29682,21056.126828144297
70.39381,10.193023,-37.897145,21052.918155,21054.478987229668
70.40381,10.181226,-37.958283,21052.538877,21054.534014036704
70.41381,10.169459,-38.019382,21052.158989,21052.175077272273
70.42381,10.157722,-38.08044,21051.77849,21053.58202278907
70.43381,10.146014,-38.141459,21051.39738,21052.3431995543
70.44381,10.134335,-38.202438,21051.015661,21049.889638701017
70.45381,10.122686,-38.263377,21050.633332,21051.641731528547
70.46381,10.111065,-38.324276,21050.250394,21048.879736508763
70.47381,10.099473,-38.385135,21049.866846,21049.80046103208
70.48381,10.08791,-38.445954,21049.482691,21051.6087406572
70.49381,10.076376,-38.506734,21049.097928,21049.378122531132
70.50381,10.06487,-38.567474,21048.712556,21049.124054785254
70.51381,10.053393,-38.628175,21048.326578,21048.366870247344
70.52381,10.041944,-38.688835,21047.939993,21047.440649079424
70.53381,10.030523,-38.749456,21047.552802,21044.153512371067
70.54381,10.01913,-38.810038,21047.165004,21048.039487333954
70.55381,10.007765,-38.870579,21046.776601,21045.15726535053
70.56381,9.996427,-38.931082,21046.387593,21049.165289521665
70.57381,9.985118,-38.991544,21045.997979,21047.249527660206
70.58381,9.973836,-39.051967,21045.607762,21045.85656938159
70.59381,9.962581,-39.112351,21045.21694,21046.778327290405
70.60381,9.951354,-39.172695,21044.825515,21042.234704865372
70.61381,9.940154,-39.233,21044.433486,21044.111853735027
70.62381,9.928981,-39.293265,21044.040855,21044.30215539291
70.63381,9.917842,-39.353491,21043.647621,21044.89189876924
70.64381,9.906731,-39.413677,21043.253785,21041.103805037936
70.65381,9.895646,-39.473824,21042.859348,21043.169882841023
70.66381,9.884588,-39.533931,21042.464309,21043.77239448911
70.67381,9.873556,-39.593999,21042.068669,21041.758490316985
70.68381,9.862551,-39.654028,21041.672429,21044.97774514426
70.69381,9.851572,-39.714017,21041.275589,21041.82241325407
70.70381,9.840619,-39.773967,21040.878149,21038.810113179632
70.71381,9.829692,-39.833877,21040.48011,21041.31785296299
70.72381,9.818791,-39.893748,21040.081472,21039.27462862207
70.73381,9.807915,-39.95358,21039.682235,21040.23839722818
70.74381,9.797066,-40.013373,21039.2824,21042.862074170436
70.75381,9.786242,-40.073126,21038.881968,21038.788539529734
70.76381,9.775443,-40.132841,21038.480938,21038.120679478085
70.77381,9.76467,-40.192515,21038.079311,21035.77437331193
70.78381,9.753922,-40.252151,21037.677088,21036.185645901143
70.79381,9.743199,-40.311748,21037.274268,21037.165738734704
70.80381,9.732501,-40.371305,21036.870853,21038.590603576835
70.81381,9.721828,-40.430824,21036.466842,21039.445051615694
70.82381,9.711179,-40.490303,21036.062236,21035.735832423223
70.83381,9.700556,-40.549743,21035.657036,21036.25051512226
70.84381,9.689957,-40.609144,21035.251242,21035.92980453381
70.85381,9.679383,-40.668506,21034.844853,21033.26798530517
70.86381,9.668833,-40.727828,21034.437872,21033.02555223
70.87381,9.658307,-40.787112,21034.030297,21035.783134989157
70.88381,9.647805,-40.846357,21033.62213,21033.771500902454
70.89381,9.637328,-40.905563,21033.21337,21033.35344970187
70.90381,9.626874,-40.964729,21032.804018,21034.160105333594
70.91381,9.616444,-41.023857,21032.394076,21033.007980850027
70.92381,9.606038,-41.082946,21031.983541,21035.44958080038
70.93381,9.595656,-41.141996,21031.572417,21032.087438032697
70.94381,9.585297,-41.201007,21031.160702,21034.42105694656
70.95381,9.574962,-41.259979,21030.748397,21029.111473763056
70.96381,9.56465,-41.318912,21030.335502,21028.739465229177
70.97381,9.554361,-41.377806,21029.922019,21027.71966238711
70.98381,9.544096,-41.436661,21029.507946,21029.246027642326
70.99381,9.533853,-41.495478,21029.093286,21026.68844392657
71.00381,9.523634,-41.554256,21028.678037,21027.33339546709
71.01381,9.513437,-41.612994,21028.262201,21032.509466836866
71.02381,9.503263,-41.671694,21027.845777,21028.255176471437
71.03381,9.493112,-41.730355,21027.428767,21029.78868889537
71.04381,9.482983,-41.788978,21027.01117,21029.383854858304
71.05381,9.472877,-41.847561,21026.592987,21026.10180585245
71.06381,9.462793,-41.906106,21026.174219,21027.175220734178
71.07381,9.452732,-41.964612,21025.754865,21026.28772357225
71.08381,9.442692,-42.02308,21025.334927,21024.951937068654
71.09381,9.432675,-42.081508,21024.914404,21024.2518749162
71.10381,9.42268,-42.139898,21024.493297,21022.31369699157
71.11381,9.412706,-42.198249,21024.071606,21025.80892034175
71.12381,9.402755,-42.256562,21023.649332,21021.32430448393
71.13381,9.392825,-42.314836,21023.226475,21024.991947553743
71.14381,9.382917,-42.373071,21022.803035,21026.784469524522
71.15381,9.37303,-42.431267,21022.379014,21022.297983459906
71.16381,9.363164,-42.489425,21021.95441,21025.05532791917
71.17381,9.35332,-42.547544,21021.529225,21021.855692431498
71.18381,9.343498,-42.605625,21021.103459,21024.07816507799
71.19381,9.333696,-42.663667,21020.677113,21023.192945010214
71.20381,9.323915,-42.72167,21020.250186,21018.699819768557
71.21381,9.314156,-42.779635,21019.82268,21020.86268048043
71.22381,9.304417,-42.837561,21019.394594,21019.278498392752
71.23381,9.294699,-42.895448,21018.965929,21019.756828056245
71.24381,9.285002,-42.953297,21018.536685,21021.152496379553
71.25381,9.275325,-43.011108,21018.106863,21017.97460006888
71.26381,9.265669,-43.06888,21017.676463,21020.171308432742
71.27381,9.256033,-43.126613,21017.245485,21016.023356691796
71.28381,9.246418,-43.184308,21016.813931,21017.81654176092
71.29381,9.236823,-43.241964,21016.381799,21019.920932252324
71.30381,9.227248,-43.299582,21015.949091,21018.200330907144
71.31381,9.217693,-43.357161,21015.515808,21013.862419625126
71.32381,9.208159,-43.414702,21015.081948,21013.708792552126
71.33381,9.198644,-43.472204,21014.647514,21015.31864289513
71.34381,9.189149,-43.529668,21014.212504,21014.092076818168
71.35381,9.179673,-43.587093,21013.776921,21014.946562231245
71.36381,9.170218,-43.64448,21013.340763,21013.104469272315
71.37381,9.160781,-43.701828,21012.904031,21013.35762948335
71.38381,9.151365,-43.759138,21012.466726,21012.89516818683
71.39381,9.141968,-43.81641,21012.028849,21012.918817149646
71.40381,9.13259,-43.873643,21011.590398,21011.572159064977
71.41381,9.123231,-43.930837,21011.151376,21009.618641556935
71.42381,9.113892,-43.987994,21010.711782,21011.584751440423
71.43381,9.104571,-44.045111,21010.271616,21011.24764879745
71.44381,9.09527,-44.102191,21009.830879,21010.83164583772
71.45381,9.085987,-44.159232,21009.389572,21011.24545353802
71.46381,9.076723,-44.216234,21008.947695,21009.197198121365
71.47381,9.067478,-44.273198,21008.505248,21010.649049992582
71.48381,9.058252,-44.330124,21008.062231,21009.757084812853
71.49381,9.049044,-44.387011,21007.618645,21005.92833835462
71.50381,9.039855,-44.44386,21007.174491,21006.90186599259
71.51381,9.030684,-44.500671,21006.729768,21005.535445494683
71.52381,9.021532,-44.557443,21006.284478,21004.765622105355
71.53381,9.012398,-44.614177,21005.83862,21005.63589061281
71.54381,9.003282,-44.670873,21005.392194,21006.365172373447
71.55381,8.994184,-44.72753,21004.945202,21005.429342817526
71.56381,8.985104,-44.784149,21004.497644,21005.41005904719
71.57381,8.976042,-44.840729,21004.049519,21004.965578400508
71.58381,8.966998,-44.897271,21003.600829,21002.38733878009
71.59381,8.957972,-44.953775,21003.151574,21004.95226255929
71.60381,8.948963,-45.010241,21002.701754,21002.97512293279
71.61381,8.939972,-45.066668,21002.251369,21001.979672626137
71.62381,8.930999,-45.123056,21001.800421,21001.648644623514
71.63381,8.922043,-45.179407,21001.348908,21000.12176098918
71.64381,8.913105,-45.235719,21000.896833,21002.5908692831
71.65381,8.904184,-45.291993,21000.444194,20998.870038771845
71.66381,8.89528,-45.348229,20999.990993,21004.22868050297
71.67381,8.886393,-45.404426,20999.53723,20998.844150815996
71.68381,8.877524,-45.460585,20999.082905,21001.120609993493
71.69381,8.868671,-45.516705,20998.628018,20997.92313850672
71.70381,8.859836,-45.572788,20998.172571,21000.175251756657
71.71381,8.851017,-45.628832,20997.716563,20997.997339783426
71.72381,8.842216,-45.684838,20997.259994,20997.843652767788
71.73381,8.833431,-45.740805,20996.802866,20996.671010781687
71.74381,8.824662,-45.796734,20996.345178,20998.77599538028
71.75381,8.815911,-45.852625,20995.886931,20998.459469295503
71.76381,8.807175,-45.908478,20995.428126,20996.296652877914
71.77381,8.798457,-45.964292,20994.968762,20994.711850714495
71.78381,8.789754,-46.020068,20994.50884,20993.249095800118
71.79381,8.781068,-46.075806,20994.048361,20993.697334531123
71.80381,8.772399,-46.131505,20993.587324,20995.40191017451
71.81381,8.763745,-46.187167,20993.125731,20995.644912573833
71.82381,8.755108,-46.24279,20992.663581,20992.956572309547
71.83381,8.746486,-46.298374,20992.200875,20990.659526113886
71.84381,8.737881,-46.353921,20991.737614,20990.847966956313
71.85381,8.729291,-46.409429,20991.273797,20989.692601986306
71.86381,8.720717,-46.464899,20990.809425,20993.13839357214
71.87381,8.712159,-46.52033,20990.344499,20992.07850627766
71.88381,8.703617,-46.575723,20989.879019,20990.236542533952
71.89381,8.695091,-46.631079,20989.412985,20987.769922814176
71.90381,8.686579,-46.686395,20988.946397,20989.29738578505
71.91381,8.678084,-46.741674,20988.479257,20989.308791443655
71.92381,8.669604,-46.796914,20988.011564,20988.335097043015
71.93381,8.661139,-46.852116,20987.543319,20987.06584089707
71.94381,8.65269,-46.90728,20987.074522,20985.52879066378
71.95381,8.644255,-46.962405,20986.605173,20986.464089924568
71.96381,8.635836,-47.017492,20986.135274,20986.373224300703
71.97381,8.627432,-47.072541,20985.664823,20987.760093206172
71.98381,8.619043,-47.127552,20985.193823,20985.39023844912
71.99381,8.610923,-47.182524,20984.722273,20983.530451112587
72.00381,8.603838,-47.237454,20984.250173,20987.220101203067
72.01381,8.596764,-47.29234,20983.777524,20985.10134650726
72.02381,8.589702,-47.347183,20983.304326,20984.288982772603
72.03381,8.582651,-47.401982,20982.83058,20982.076171546814
72.04381,8.575612,-47.456737,20982.356287,20984.291946315556
72.05381,8.568584,-47.511448,20981.881446,20978.77913627074
72.06381,8.561567,-47.566115,20981.406058,20981.971426907523
72.07381,8.554562,-47.620739,20980.930123,20983.208484895582
72.08381,8.547567,-47.675318,20980.453643,20981.05714841205
72.09381,8.540584,-47.729854,20979.976617,20983.1787416189
72.10381,8.533612,-47.784346,20979.499046,20978.79837491614
72.11381,8.526652,-47.838794,20979.02093,20978.54668408422
72.12381,8.519702,-47.893199,20978.54227,20977.955877570705
72.13381,8.512763,-47.947559,20978.063067,20977.759039343895
72.14381,8.505835,-48.001876,20977.583319,20975.3795088068
72.15381,8.498918,-48.056149,20977.103029,20976.991497319428
72.16381,8.492012,-48.110378,20976.622197,20977.300205180283
72.17381,8.485117,-48.164563,20976.140822,20976.129908388997
72.18381,8.478233,-48.218705,20975.658905,20975.198586156086
72.19381,8.471359,-48.272802,20975.176448,20979.671151283495
72.20381,8.464496,-48.326856,20974.69345,20975.053336011348
72.21381,8.457644,-48.380866,20974.209911,20973.600274994486
72.22381,8.450802,-48.434832,20973.725832,20971.564098709685
72.23381,8.443971,-48.488754,20973.241214,20975.62951240081
72.24381,8.437151,-48.542633,20972.756057,20971.071850559376
72.25381,8.430341,-48.596467,20972.270362,20973.658721067754
72.26381,8.423541,-48.650258,20971.784128,20971.148848268556
72.27381,8.416752,-48.704005,20971.297357,20970.53085103846
72.28381,8.409973,-48.757708,20970.810048,20973.298026276425
72.29381,8.403205,-48.811367,20970.322203,20970.327807938793
72.30381,8.396447,-48.864983,20969.833821,20972.255472081117
72.31381,8.389699,-48.918554,20969.344903,20970.823132784688
72.32381,8.382961,-48.972082,20968.85545,20969.914618369843
72.33381,8.376234,-49.025566,20968.365462,20971.325397959063
72.34381,8.369516,-49.079006,20967.874939,20967.80842443313
72.35381,8.362809,-49.132402,20967.383882,20967.41849365807
72.36381,8.356112,-49.185754,20966.892291,20969.96160013408
72.37381,8.349425,-49.239063,20966.400167,20965.188451669037
72.38381,8.342748,-49.292328,20965.90751,20969.30130586197
72.39381,8.336081,-49.345548,20965.41432,20962.305246128883
72.40381,8.329423,-49.398725,20964.920599,20961.53994390685
72.41381,8.322776,-49.451858,20964.426346,20965.465865999726
72.42381,8.316139,-49.504948,20963.931562,20964.0214528962
72.43381,8.309511,-49.557993,20963.436247,20964.022217193673
72.44381,8.302893,-49.610994,20962.940402,20964.39201746664
72.45381,8.296285,-49.663952,20962.444028,20962.228930003883
72.46381,8.289686,-49.716866,20961.947123,20961.100002827137
72.47381,8.283098,-49.769736,20961.44969,20960.966291485434
72.48381,8.276518,-49.822562,20960.951729,20963.742827834987
72.49381,8.269949,-49.875344,20960.453239,20961.375278229523
72.50381,8.263389,-49.928082,20959.954222,20960.824506285142
72.51381,8.256838,-49.980777,20959.454678,20960.525885268817
72.52381,8.250297,-50.033427,20958.954607,20957.913882850207
72.53381,8.243766,-50.086034,20958.454009,20959.366085370126
72.54381,8.237243,-50.138596,20957.952886,20956.309451640645
72.55381,8.230731,-50.191115,20957.451238,20957.956727054298
72.56381,8.224227,-50.24359,20956.949064,20956.83947109114
72.57381,8.217733,-50.296021,20956.446366,20954.75067668049
72.58381,8.211248,-50.348409,20955.943144,20953.6107557
72.59381,8.204772,-50.400752,20955.439398,20956.324173086672
72.60381,8.198306,-50.453051,20954.935129,20953.350915761195
72.61381,8.191849,-50.505307,20954.430337,20954.237177655225
72.62381,8.185401,-50.557518,20953.925023,20958.30552218269
72.63381,8.178962,-50.609686,20953.419187,20953.966322905744
72.64381,8.172532,-50.66181,20952.912829,20953.031146712176
72.65381,8.166111,-50.71389,20952.405951,20953.32536066835
72.66381,8.159699,-50.765926,20951.898552,20953.742354693502
72.67381,8.153296,-50.817918,20951.390632,20952.137873812288
72.68381,8.146902,-50.869866,20950.882193,20950.335673200945
72.69381,8.140517,-50.92177,20950.373235,20948.437867907098
72.70381,8.134141,-50.973631,20949.863758,20949.212588707764
72.71381,8.127773,-51.025447,20949.353763,20946.606849569685
72.72381,8.121415,-51.07722,20948.843249,20949.052721235264
72.73381,8.115065,-51.128948,20948.332219,20946.871643239014
72.74381,8.108724,-51.180633,20947.820671,20951.31171403406
72.75381,8.102392,-51.232273,20947.308606,20947.20141354603
72.76381,8.096068,-51.28387,20946.796025,20947.19035950304
72.77381,8.089753,-51.335423,20946.282929,20944.555236603937
72.78381,8.083447,-51.386932,20945.769317,20947.66435815672
72.79381,8.077149,-51.438397,20945.25519,20945.282725947036
72.80381,8.07086,-51.489818,20944.740549,20945.408215314765
72.81381,8.064579,-51.541195,20944.225394,20945.24940059043
72.82381,8.058307,-51.592528,20943.709725,20943.70091969694
72.83381,8.052043,-51.643817,20943.193544,20944.051548195734
72.84381,8.045788,-51.695062,20942.676849,20942.853194845862
72.85381,8.039541,-51.746264,20942.159643,20943.55947214669
72.86381,8.033303,-51.797421,20941.641924,20940.442504158113
72.87381,8.027073,-51.848534,20941.123694,20942.757339116502
72.88381,8.020851,-51.899604,20940.604954,20940.17201883522
72.89381,8.014638,-51.950629,20940.085702,20943.46787746504
72.90381,8.008433,-52.00161,20939.565941,20943.001779902992
72.91381,8.002236,-52.052548,20939.04567,20938.506209232295
72.92381,7.996047,-52.103441,20938.52489,20937.80124928997
72.93381,7.989866,-52.154291,20938.003602,20938.359356328983
72.94381,7.983694,-52.205096,20937.481805,20938.788830225378
72.95381,7.97753,-52.255858,20936.9595,20934.43592355869
72.96381,7.971374,-52.306575,20936.436688,20939.352359607317
72.97381,7.965226,-52.357249,20935.913368,20936.95984356918
72.98381,7.959085,-52.407878,20935.389543,20935.577694728847
72.99381,7.952953,-52.458464,20934.865211,20934.147854074607
73.00381,7.946829,-52.509006,20934.340374,20933.960467158817
73.01381,7.940713,-52.559503,20933.815031,20935.178626079025
73.02381,7.934605,-52.609957,20933.289184,20934.4518360861
73.03381,7.928505,-52.660366,20932.762832,20933.89240412906
73.04381,7.922413,-52.710732,20932.235977,20934.90828654381
73.05381,7.916328,-52.761053,20931.708618,20934.38861610658
73.06381,7.910251,-52.811331,20931.180756,20931.75413513527
73.07381,7.904182,-52.861565,20930.652391,20929.15203296179
73.08381,7.898121,-52.911754,20930.123525,20935.4692507873
73.09381,7.892068,-52.9619,20929.594156,20929.251675795724
73.10381,7.886022,-53.012001,20929.064287,20926.0425266718
73.11381,7.879984,-53.062059,20928.533916,20928.069530855824
73.12381,7.873954,-53.112072,20928.003046,20927.088806637534
73.13381,7.867931,-53.162041,20927.471675,20928.111231608327
73.14381,7.861916,-53.211967,20926.939805,20928.540126422795
73.15381,7.855909,-53.261848,20926.407436,20926.805666616572
73.16381,7.849909,-53.311685,20925.874568,20926.015772609393
73.17381,7.843916,-53.361479,20925.341202,20926.22307171649
73.18381,7.837932,-53.411228,20924.807339,20924.64821854829
73.19381,7.831954,-53.460933,20924.272978,20928.152407866182
73.20381,7.825984,-53.510594,20923.73812,20921.923621554914
73.21381,7.820022,-53.560211,20923.202766,20921.748448436894
73.22381,7.814067,-53.609784,20922.666916,20923.560554195672
73.23381,7.808119,-53.659313,20922.130571,20921.977421474578
73.24381,7.802179,-53.708798,20921.59373,20917.830103051503
73.25381,7.796246,-53.758239,20921.056395,20920.27874355671
73.26381,7.790321,-53.807636,20920.518565,20922.188691322786
73.27381,7.784402,-53.856988,20919.980242,20922.498566578914
73.28381,7.778491,-53.906297,20919.441426,20918.902525094243
73.29381,7.772587,-53.955562,20918.902116,20921.794565461656
73.30381,7.766691,-54.004782,20918.362315,20918.0372407617
73.31381,7.760802,-54.053959,20917.822021,20918.718374865475
73.32381,7.754919,-54.103091,20917.281236,20918.48231205122
73.33381,7.749044,-54.152179,20916.739959,20916.881031100955
73.34381,7.743177,-54.201223,20916.198192,20915.75087936416
73.35381,7.737318,-54.250223,20915.655935,20916.9724016678
73.36381,7.731467,-54.299179,20915.113188,20915.192608356072
73.37381,7.725624,-54.348091,20914.569952,20915.543026095944
73.38381,7.719787,-54.396959,20914.026226,20916.133654785917
73.39381,7.713958,-54.445782,20913.482013,20913.26119366025
73.40381,7.708135,-54.494561,20912.937311,20912.859334284614
73.41381,7.70232,-54.543296,20912.392121,20911.30628959169
73.42381,7.696511,-54.591987,20911.846445,20911.28551631399
73.43381,7.690709,-54.640634,20911.300282,20912.40431948955
73.44381,7.684915,-54.689236,20910.753632,20907.79400573975
73.45381,7.679127,-54.737794,20910.206497,20911.26495262287
73.46381,7.673346,-54.786308,20909.658877,20910.19113752518
73.47381,7.667571,-54.834778,20909.110771,20908.170745143496
73.48381,7.661804,-54.883203,20908.562181,20905.59130443566
73.49381,7.656043,-54.931585,20908.013107,20909.716777846428
73.50381,7.650289,-54.979922,20907.46355,20909.900534714343
73.51381,7.644542,-55.028215,20906.913509,20906.085196011692
73.52381,7.638802,-55.076464,20906.362986,20906.363878352546
73.53381,7.633068,-55.124668,20905.81198,20905.65829359468
73.54381,7.627341,-55.172828,20905.260492,20905.60824652042
73.55381,7.62162,-55.220944,20904.708523,20905.281411269454
73.56381,7.615907,-55.269016,20904.156074,20903.62014896692
73.57381,7.6102,-55.317044,20903.603143,20902.494067512063
73.58381,7.604499,-55.365027,20903.049733,20903.92855091929
73.59381,7.598805,-55.412966,20902.495843,20905.07132299672
73.60381,7.593118,-55.460861,20901.941474,20902.5284040098
73.61381,7.587437,-55.508712,20901.386626,20902.768777442543
73.62381,7.581763,-55.556518,20900.8313,20901.094253464616
73.63381,7.576095,-55.60428,20900.275496,20899.91005353856
73.64381,7.570433,-55.651998,20899.719214,20901.5802022235
73.65381,7.564779,-55.699672,20899.162456,20898.797304842516
73.66381,7.55913,-55.747302,20898.605221,20898.634807688282
73.67381,7.553488,-55.794887,20898.04751,20895.2716039664
73.68381,7.547853,-55.842428,20897.489323,20898.335940448203
73.69381,7.542224,-55.889924,20896.930662,20896.478692838882
73.70381,7.536601,-55.937377,20896.371525,20897.75203686248
73.71381,7.530984,-55.984785,20895.811914,20897.144892041764
73.72381,7.525374,-56.032149,20895.251829,20894.455760973775
73.73381,7.51977,-56.079469,20894.691271,20895.889161320272
73.74381,7.514173,-56.126744,20894.13024,20895.10812808033
73.75381,7.508582,-56.173975,20893.568737,20894.852813318517
73.76381,7.502997,-56.221162,20893.006761,20895.097155930594
73.77381,7.497418,-56.268305,20892.444313,20894.108441831064
73.78381,7.491846,-56.315404,20891.881395,20891.72150778502
73.79381,7.48628,-56.362458,20891.318006,20893.20010230215
73.80381,7.480719,-56.409468,20890.754146,20893.614700197653
73.81381,7.475166,-56.456433,20890.189816,20894.39556929173
73.82381,7.469618,-56.503354,20889.625017,20887.11425463753
73.83381,7.464076,-56.550232,20889.059749,20888.228531072702
73.84381,7.458541,-56.597064,20888.494013,20885.33376039363
73.85381,7.453012,-56.643853,20887.927808,20889.168998193436
73.86381,7.447488,-56.690597,20887.361136,20889.635326924454
73.87381,7.441971,-56.737297,20886.793996,20885.67272970762
73.88381,7.43646,-56.783953,20886.22639,20886.376051221385
73.89381,7.430955,-56.830564,20885.658318,20884.64679126072
73.90381,7.425456,-56.877131,20885.089779,20884.627154684367
73.91381,7.419963,-56.923654,20884.520775,20884.86940613659
73.92381,7.414476,-56.970133,20883.951306,20883.911280672935
73.93381,7.408995,-57.016567,20883.381373,20882.857357637462
73.94381,7.40352,-57.062957,20882.810975,20882.94656387288
73.95381,7.398051,-57.109303,20882.240114,20883.204236139998
73.96381,7.392587,-57.155605,20881.668789,20881.362864468625
73.97381,7.38713,-57.201862,20881.097002,20881.606348044555
73.98381,7.381679,-57.248075,20880.524752,20880.272775387166
73.99381,7.376233,-57.294243,20879.95204,20880.498046934918
74.00381,7.370794,-57.340368,20879.378867,20878.531185768083
74.01381,7.36536,-57.386448,20878.805233,20876.692341355505
74.02381,7.359932,-57.432484,20878.231138,20879.408400626606
74.03381,7.35451,-57.478475,20877.656584,20877.716966097203
74.04381,7.349093,-57.524422,20877.081569,20878.359402434635
74.05381,7.343683,-57.570325,20876.506095,20879.267250988763
74.06381,7.338278,-57.616184,20875.930163,20877.81664731342
74.07381,7.332879,-57.661998,20875.353772,20875.735870022636
74.08381,7.327486,-57.707768,20874.776923,20873.038087857407
74.09381,7.322098,-57.753494,20874.199616,20874.570863391586
74.10381,7.316716,-57.799175,20873.621853,20876.107875270758
74.11381,7.31134,-57.844813,20873.043633,20874.099400114068
74.12381,7.30597,-57.890405,20872.464957,20873.371950423403
74.13381,7.300605,-57.935954,20871.885825,20871.173522689318
74.14381,7.295246,-57.981458,20871.306238,20872.827353712924
74.15381,7.289892,-58.026918,20870.726196,20872.053791185845
74.16381,7.284544,-58.072334,20870.1457,20869.423683786838
74.17381,7.279202,-58.117706,20869.56475,20868.696125577873
74.18381,7.273866,-58.163033,20868.983346,20870.79230915255
74.19381,7.268535,-58.208316,20868.401489,20870.477241311586
74.20381,7.263209,-58.253554,20867.81918,20867.37714449609
74.21381,7.257889,-58.298748,20867.236418,20867.010886602653
74.22381,7.252575,-58.343898,20866.653205,20868.650539717863
74.23381,7.247266,-58.389004,20866.06954,20868.297431059564
74.24381,7.241963,-58.434065,20865.485425,20865.78061961891
74.25381,7.236665,-58.479083,20864.900859,20865.30916043601
74.26381,7.231373,-58.524055,20864.315843,20864.426269405027
74.27381,7.226086,-58.568984,20863.730378,20864.613045593855
74.28381,7.220804,-58.613868,20863.144464,20863.56979515644
74.29381,7.215529,-58.658708,20862.558101,20861.65764529567
74.30381,7.210258,-58.703504,20861.97129,20860.30074965349
74.31381,7.204993,-58.748255,20861.384031,20860.784722206547
74.32381,7.199734,-58.792962,20860.796325,20862.05724887198
74.33381,7.194479,-58.837625,20860.208172,20861.606470001636
74.34381,7.18923,-58.882244,20859.619573,20860.55329363253
74.35381,7.183987,-58.926818,20859.030527,20858.31037824853
74.36381,7.178749,-58.971348,20858.441036,20856.114009286055
74.37381,7.17314,-59.015834,20857.8511,20857.93614143743
74.38381,7.166294,-59.060282,20857.26072,20856.01660668051
74.39381,7.159456,-59.104695,20856.669895,20856.784705090824
74.40381,7.152627,-59.149072,20856.078626,20857.543829779235
74.41381,7.145805,-59.193414,20855.486914,20857.84895800316
74.42381,7.138993,-59.237721,20854.894758,20855.18096012221
74.43381,7.132188,-59.281992,20854.302159,20853.780344006664
74.44381,7.125391,-59.326228,20853.709118,20852.184812843712
74.45381,7.118603,-59.370428,20853.115635,20854.388885756925
74.46381,7.111823,-59.414593,20852.52171,20854.917516624126
74.47381,7.105051,-59.458723,20851.927343,20852.822267623837
74.48381,7.098286,-59.502817,20851.332535,20852.28260318529
74.49381,7.09153,-59.546875,20850.737287,20849.926036785444
74.50381,7.084782,-59.590899,20850.141598,20848.683285048486
74.51381,7.078042,-59.634886,20849.545469,20849.441345630217
74.52381,7.07131,-59.678838,20848.9489,20850.421568702375
74.53381,7.064585,-59.722755,20848.351892,20849.423098937405
74.54381,7.057869,-59.766636,20847.754445,20846.896917797807
74.55381,7.05116,-59.810481,20847.15656,20846.326248680565
74.56381,7.04446,-59.854291,20846.558236,20849.070951674985
74.57381,7.037766,-59.898066,20845.959474,20846.59794219691
74.58381,7.031081,-59.941804,20845.360275,20847.247304034605
74.59381,7.024404,-59.985507,20844.760638,20843.078266491193
74.60381,7.017734,-60.029175,20844.160565,20845.405414385856
74.61381,7.011071,-60.072806,20843.560055,20843.69410396315
74.62381,7.004417,-60.116403,20842.959109,20845.24736001501
74.63381,6.99777,-60.159963,20842.357727,20842.69276883842
74.64381,6.99113,-60.203488,20841.75591,20844.593397977285
74.65381,6.984498,-60.246977,20841.153657,20841.29936413216
74.66381,6.977874,-60.29043,20840.55097,20838.23620292106
74.67381,6.971257,-60.333847,20839.947849,20842.913139284392
74.68381,6.964647,-60.377229,20839.344293,20840.900745094234
74.69381,6.958045,-60.420575,20838.740304,20837.638111278942
74.70381,6.95145,-60.463885,20838.135882,20840.67670581885
74.71381,6.944863,-60.507159,20837.531027,20835.686524398097
74.72381,6.938283,-60.550398,20836.925739,20838.548660498047
74.73381,6.93171,-60.5936,20836.320019,20835.471503801222
74.74381,6.925145,-60.636767,20835.713867,20835.997331539216
74.75381,6.918586,-60.679898,20835.107284,20831.662713949536
74.76381,6.912035,-60.722993,20834.500269,20835.050020319115
74.77381,6.905492,-60.766052,20833.892824,20833.065859693907
74.78381,6.898955,-60.809075,20833.284948,20834.493642228008
74.79381,6.892425,-60.852063,20832.676642,20834.791077363898
74.80381,6.885903,-60.895014,20832.067907,20831.660255208764
74.81381,6.879388,-60.93793,20831.458742,20832.801962671874
74.82381,6.87288,-60.980809,20830.849149,20831.583822258428
74.83381,6.866378,-61.023652,20830.239126,20828.347936900886
74.84381,6.859884,-61.06646,20829.628676,20830.626221719245
74.85381,6.853397,-61.109231,20829.017797,20826.62306499271
74.86381,6.846917,-61.151966,20828.406491,20828.948306746828
74.87381,6.840443,-61.194666,20827.794758,20828.982275592098
74.88381,6.833977,-61.237329,20827.182598,20825.59296418872
74.89381,6.827517,-61.279956,20826.570012,20825.54187823959
74.90381,6.821064,-61.322547,20825.956999,20828.71351897676
74.91381,6.814618,-61.365102,20825.343561,20826.75259102533
74.92381,6.808179,-61.407621,20824.729697,20827.02801719626
74.93381,6.801747,-61.450104,20824.115408,20825.653401278993
74.94381,6.795321,-61.49255,20823.500695,20825.28945362386
74.95381,6.788902,-61.534961,20822.885557,20822.40117913713
74.96381,6.78249,-61.577335,20822.269996,20823.679488633785
74.97381,6.776085,-61.619673,20821.654011,20823.67303906593
74.98381,6.769686,-61.661975,20821.037603,20820.932818501147
74.99381,6.763293,-61.70424,20820.420772,20820.607843260346
75.00381,6.756908,-61.74647,20819.803518,20818.641877157745
75.01381,6.750529,-61.788663,20819.185842,20821.85061784369
75.02381,6.744156,-61.830819,20818.567745,20819.24007691976
75.03381,6.73779,-61.87294,20817.949226,20816.828131421877
75.04381,6.731431,-61.915024,20817.330286,20816.87227638956
75.05381,6.725077,-61.957072,20816.710926,20818.633429890164
75.06381,6.718731,-61.999084,20816.091145,20818.08275397007
75.07381,6.712391,-62.041059,20815.470944,20814.824088014982
75.08381,6.706057,-62.082998,20814.850324,20814.024661543077
75.09381,6.69973,-62.1249,20814.229284,20814.47289129362
75.10381,6.693409,-62.166766,20813.607826,20812.289432568905
75.11381,6.687094,-62.208596,20812.985949,20811.602569256807
75.12381,6.680786,-62.25039,20812.363654,20813.36104015118
75.13381,6.674483,-62.292146,20811.740941,20811.83190092569
75.14381,6.668188,-62.333867,20811.117811,20812.415170031312
75.15381,6.661898,-62.375551,20810.494264,20814.67363155804
75.16381,6.655615,-62.417199,20809.8703,20810.812013377963
75.17381,6.649338,-62.45881,20809.24592,20809.363662039283
75.18381,6.643067,-62.500384,20808.621124,20810.850014842337
75.19381,6.636802,-62.541922,20807.995913,20806.99587567392
75.20381,6.630543,-62.583424,20807.370286,20806.142333447395
75.21381,6.624291,-62.624889,20806.744244,20809.11869244109
75.22381,6.618044,-62.666317,20806.117788,20805.422832848682
75.23381,6.611804,-62.707709,20805.490918,20805.30352723292
75.24381,6.605569,-62.749065,20804.863634,20804.493813533787
75.25381,6.599341,-62.790383,20804.235937,20807.083340531444
75.26381,6.593119,-62.831665,20803.607827,20802.307023206875
75.27381,6.586902,-62.872911,20802.979304,20801.383347501618
75.28381,6.580692,-62.91412,20802.350369,20802.308531267885
75.29381,6.574488,-62.955292,20801.721022,20800.413723325797
75.30381,6.568289,-62.996428,20801.091263,20803.079544384873
75.31381,6.562097,-63.037527,20800.461093,20799.67907956456
75.32381,6.55591,-63.078589,20799.830512,20798.862343817553
75.33381,6.549729,-63.119614,20799.199521,20801.395869382333
75.34381,6.543554,-63.160603,20798.56812,20796.964402334324
75.35381,6.537385,-63.201555,20797.93631,20796.080140004007
75.36381,6.531221,-63.242471,20797.304089,20797.273090086896
75.37381,6.525064,-63.283349,20796.67146,20796.126049985978
75.38381,6.518912,-63.324191,20796.038422,20798.557819083406
75.39381,6.512766,-63.364996,20795.404977,20796.25301316006
75.40381,6.506626,-63.405765,20794.771123,20796.66885033667
75.41381,6.500491,-63.446496,20794.136861,20795.06307555636
75.42381,6.494362,-63.487191,20793.502193,20792.864246552424
75.43381,6.488239,-63.527849,20792.867118,20791.11106579777
75.44381,6.482121,-63.56847,20792.231636,20794.017758682807
75.45381,6.476009,-63.609054,20791.595748,20791.47608923931
75.46381,6.469902,-63.649601,20790.959455,20792.112533924224
75.47381,6.463802,-63.690111,20790.322756,20790.62043369882
75.48381,6.457707,-63.730585,20789.685653,20790.324082046653
75.49381,6.451618,-63.771021,20789.048145,20788.375416069248
75.50381,6.445534,-63.811421,20788.410233,20786.699297484567
75.51381,6.439456,-63.851783,20787.771917,20788.70288631922
75.52381,6.433383,-63.892109,20787.133197,20789.72835136195
75.53381,6.427316,-63.932397,20786.494075,20786.690756476823
75.54381,6.421254,-63.972648,20785.854549,20788.035345358814
75.55381,6.415198,-64.012863,20785.214622,20785.076301905854
75.56381,6.409147,-64.05304,20784.574292,20786.43900288551
75.57381,6.403102,-64.09318,20783.933561,20782.823066959438
75.58381,6.397061,-64.133283,20783.292429,20785.026528944854
75.59381,6.391027,-64.173349,20782.650896,20785.79258576855
75.60381,6.384997,-64.213377,20782.008962,20782.86652852432
75.61381,6.378973,-64.253369,20781.366628,20780.460787481275
75.62381,6.372954,-64.293323,20780.723895,20778.580871120383
75.63381,6.366941,-64.33324,20780.080762,20782.7451872402
75.64381,6.360932,-64.37312,20779.43723,20778.878980505295
75.65381,6.354929,-64.412963,20778.793299,20781.630561074628
75.66381,6.348932,-64.452769,20778.148971,20779.76016937204
75.67381,6.342939,-64.492537,20777.504244,20778.532570521355
75.68381,6.336952,-64.532268,20776.85912,20777.998548701442
75.69381,6.330969,-64.571962,20776.213599,20777.79926880352
75.70381,6.324992,-64.611618,20775.567681,20773.379685661926
75.71381,6.319021,-64.651238,20774.921367,20776.00854058426
75.72381,6.313054,-64.69082,20774.274656,20774.28469558251
75.73381,6.307092,-64.730365,20773.62755,20774.20264930637
75.74381,6.301136,-64.769872,20772.980049,20773.869747869954
75.75381,6.295184,-64.809342,20772.332153,20772.806872260106
75.76381,6.289238,-64.848775,20771.683863,20774.156445813518
75.77381,6.283297,-64.888171,20771.035178,20768.680694486837
75.78381,6.277361,-64.927529,20770.386099,20772.82737522668
75.79381,6.271429,-64.966849,20769.736627,20769.674477253706
75.80381,6.265503,-65.006133,20769.086762,20769.439852011514
75.81381,6.259582,-65.045379,20768.436505,20770.49391597705
75.82381,6.253666,-65.084587,20767.785855,20771.0186376444
75.83381,6.247755,-65.123759,20767.134813,20767.413798897353
75.84381,6.241848,-65.162892,20766.48338,20768.38902277517
75.85381,6.235947,-65.201989,20765.831555,20764.481675098777
75.86381,6.230051,-65.241048,20765.17934,20766.225099454696
75.87381,6.224159,-65.280069,20764.526735,20765.943200140155
75.88381,6.218272,-65.319053,20763.873739,20764.74949163227
75.89381,6.212391,-65.358,20763.220354,20764.827783993624
75.90381,6.206514,-65.396909,20762.566579,20763.662086945296
75.91381,6.200642,-65.43578,20761.912416,20763.44717907628
75.92381,6.194775,-65.474615,20761.257864,20761.23070633463
75.93381,6.188912,-65.513411,20760.602923,20759.319417894512
75.94381,6.183055,-65.55217,20759.947596,20760.117969946106
75.95381,6.177202,-65.590892,20759.29188,20758.509985821922
75.96381,6.171354,-65.629576,20758.635778,20758.689835254823
75.97381,6.165511,-65.668222,20757.979289,20760.319766669316
75.98381,6.159673,-65.706831,20757.322414,20756.385268135473
75.99381,6.153839,-65.745402,20756.665152,20758.274284487998
76.00381,6.14801,-65.783936,20756.007506,20755.54186362852
76.01381,6.142186,-65.822432,20755.349474,20756.36000820924
76.02381,6.136366,-65.86089,20754.691057,20755.91654208965
76.03381,6.130551,-65.899311,20754.032256,20752.75273814994
76.04381,6.124741,-65.937694,20753.373071,20752.537429003776
76.05381,6.118936,-65.97604,20752.713502,20752.128549281108
76.06381,6.113135,-66.014348,20752.05355,20749.530910652946
76.07381,6.107339,-66.052618,20751.393215,20752.591997544583
76.08381,6.101547,-66.09085,20750.732498,20753.316670895594
76.09381,6.09576,-66.129045,20750.071399,20749.318368772885
76.10381,6.089978,-66.167203,20749.409917,20751.9517199962
76.11381,6.0842,-66.205322,20748.748055,20745.84089178402
76.12381,6.078427,-66.243404,20748.085811,20748.899984355656
76.13381,6.072658,-66.281448,20747.423187,20748.123324791504
76.14381,6.066894,-66.319454,20746.760182,20745.526210062286
76.15381,6.061135,-66.357423,20746.096798,20744.149947792743
76.16381,6.05538,-66.395354,20745.433034,20745.152549088845
76.17381,6.049629,-66.433247,20744.768891,20743.17221914174
76.18381,6.043883,-66.471103,20744.104369,20745.09080487255
76.19381,6.038142,-66.50892,20743.439469,20745.259130003873
76.20381,6.032405,-66.5467,20742.774191,20741.31314454488
76.21381,6.026673,-66.584442,20742.108535,20741.546270181712
76.22381,6.020945,-66.622146,20741.442502,20743.660519447472
76.23381,6.015221,-66.659813,20740.776092,20737.103167422447
76.24381,6.009502,-66.697441,20740.109306,20742.51399123152
76.25381,6.003787,-66.735032,20739.442143,20742.062806351194
76.26381,5.998077,-66.772585,20738.774605,20738.93039456211
76.27381,5.992371,-66.8101,20738.106692,20738.862512896423
76.28381,5.986669,-66.847577,20737.438404,20740.59517232408
76.29381,5.980972,-66.885017,20736.76974,20736.765168743368
76.30381,5.97528,-66.922418,20736.100703,20738.705641360146
76.31381,5.969591,-66.959782,20735.431292,20733.27064113981
76.32381,5.963779,-66.997108,20734.761508,20734.285711638764
76.33381,5.957899,-67.034397,20734.09135,20735.342692187987
76.34381,5.952024,-67.07165,20733.42082,20731.84349281442
76.35381,5.946152,-67.108866,20732.749917,20735.036911096624
76.36381,5.940285,-67.146046,20732.078643,20732.434525112978
76.37381,5.934421,-67.183188,20731.406997,20733.97638805156
76.38381,5.928562,-67.220294,20730.734979,20729.863131309023
76.39381,5.922707,-67.257364,20730.062591,20733.10772935204
76.40381,5.916855,-67.294396,20729.389832,20730.39224709921
76.41381,5.911008,-67.331392,20728.716703,20728.144996601943
76.42381,5.905165,-67.368352,20728.043204,20726.80032133177
76.43381,5.899326,-67.405274,20727.369336,20725.70408936226
76.44381,5.893491,-67.44216,20726.695099,20727.50710722525
76.45381,5.88766,-67.479009,20726.020493,20723.989595785828
76.46381,5.881832,-67.515821,20725.345519,20728.19775742818
76.47381,5.876009,-67.552597,20724.670177,20727.204405451455
76.48381,5.87019,-67.589336,20723.994467,20724.046223287234
76.49381,5.864374,-67.626038,20723.31839,20721.289876849198
76.50381,5.858563,-67.662703,20722.641946,20722.379359904622
76.51381,5.852755,-67.699332,20721.965136,20721.661025307418
76.52381,5.846952,-67.735924,20721.28796,20723.029417553837
76.53381,5.841152,-67.772478,20720.610418,20720.98113244639
76.54381,5.835356,-67.808997,20719.93251,20717.259184993978
76.55381,5.829564,-67.845478,20719.254238,20719.564138633446
76.56381,5.823776,-67.881923,20718.575601,20721.786810636186
76.57381,5.817991,-67.91833,20717.8966,20715.932730545155
76.58381,5.812211,-67.954701,20717.217234,20716.193599255694
76.59381,5.806434,-67.991035,20716.537506,20718.46896330542
76.60381,5.800661,-68.027332,20715.857414,20714.10367312627
76.61381,5.794892,-68.063593,20715.176959,20715.623603862306
76.62381,5.789127,-68.099816,20714.496142,20714.516909785285
76.63381,5.783365,-68.136003,20713.814963,20714.555729224783
76.64381,5.777607,-68.172152,20713.133422,20712.37462073547
76.65381,5.771853,-68.208265,20712.45152,20714.52057025659
76.66381,5.766103,-68.244341,20711.769257,20713.392397270098
76.67381,5.760356,-68.28038,20711.086633,20709.08841315223
76.68381,5.754613,-68.316382,20710.40365,20709.727821495795
76.69381,5.748874,-68.352348,20709.720306,20710.283920025202
76.70381,5.743138,-68.388276,20709.036603,20709.01859655106
76.71381,5.737407,-68.424167,20708.35254,20709.448917852653
76.72381,5.731678,-68.460022,20707.66812,20708.051224723553
76.73381,5.725954,-68.495839,20706.98334,20707.420971013882
76.74381,5.720233,-68.53162,20706.298203,20709.430013417656
76.75381,5.714516,-68.567364,20705.612708,20707.40062778755
76.76381,5.708802,-68.60307,20704.926856,20703.669902444137
76.77381,5.703092,-68.63874,20704.240647,20705.317734524277
76.78381,5.697386,-68.674373,20703.554081,20704.208367788007
76.79381,5.691683,-68.709969,20702.867159,20702.71195431839
76.80381,5.685984,-68.745527,20702.179882,20702.709535933715
76.81381,5.680289,-68.781049,20701.492249,20704.276019079975
76.82381,5.674597,-68.816534,20700.804261,20701.51570913474
76.83381,5.668908,-68.851982,20700.115918,20698.99296621466
76.84381,5.663223,-68.887393,20699.427221,20697.395302231034
76.85381,5.657542,-68.922767,20698.738171,20700.675645851552
76.86381,5.651864,-68.958103,20698.048766,20697.21177191886
76.87381,5.64619,-68.993403,20697.359009,20697.382734876992
76.88381,5.640519,-69.028666,20696.668898,20696.751366353317
76.89381,5.634852,-69.063892,20695.978435,20700.66211390183
76.90381,5.629188,-69.09908,20695.287621,20695.937561255894
76.91381,5.623528,-69.134232,20694.596454,20697.570236124244
76.92381,5.617871,-69.169347,20693.904936,20694.578229177816
76.93381,5.612218,-69.204424,20693.213067,20694.360066433048
76.94381,5.606568,-69.239465,20692.520848,20691.237832723156
76.95381,5.600922,-69.274468,20691.828278,20695.19156722894
76.96381,5.595279,-69.309435,20691.135358,20694.187947342274
76.97381,5.589639,-69.344364,20690.442089,20689.413000067267
76.98381,5.584003,-69.379256,20689.748471,20690.557358451206
76.99381,5.57837,-69.414111,20689.054504,20691.049110190565
77.00381,5.572741,-69.448929,20688.360189,20687.47422890971
77.01381,5.567115,-69.48371,20687.665526,20686.059767271046
77.02381,5.561493,-69.518454,20686.970515,20689.43868230915
77.03381,5.555874,-69.553161,20686.275157,20684.156537105413
77.04381,5.550258,-69.58783,20685.579452,20686.01196857296
77.05381,5.544646,-69.622463,20684.8834,20683.490970102015
77.06381,5.539037,-69.657058,20684.187003,20685.160642865576
77.07381,5.533431,-69.691617,20683.490259,20685.55746513646
77.08381,5.527829,-69.726138,20682.793171,20685.2527277341
77.09381,5.52223,-69.760622,20682.095737,20686.025122786144
77.10381,5.516634,-69.795069,20681.397958,20683.149591512938
77.11381,5.511042,-69.829479,20680.699836,20681.345470689877
77.12381,5.505453,-69.863851,20680.001369,20678.99092340316
77.13381,5.499867,-69.898187,20679.302559,20680.34307434665
77.14381,5.494285,-69.932485,20678.603405,20679.35279950227
77.15381,5.488706,-69.966746,20677.903909,20681.018322907097
77.16381,5.48313,-70.00097,20677.20407,20676.878615929614
77.17381,5.477557,-70.035157,20676.50389,20675.722418000467
77.18381,5.471988,-70.069307,20675.803367,20675.160179482544
77.19381,5.466422,-70.10342,20675.102504,20674.5974706369
77.20381,5.460859,-70.137495,20674.401299,20676.140809685807
77.21381,5.4553,-70.171533,20673.699754,20675.427969334698
77.22381,5.449743,-70.205534,20672.997869,20671.689422935833
77.23381,5.44419,-70.239498,20672.295643,20669.60292994791
77.24381,5.438641,-70.273425,20671.593079,20673.10860282841
77.25381,5.433094,-70.307314,20670.890175,20671.907512918555
77.26381,5.427551,-70.341166,20670.186933,20669.427877958195
77.27381,5.42201,-70.374982,20669.483352,20669.605213750834
77.28381,5.416473,-70.408759,20668.779433,20669.148814953245
77.29381,5.410939,-70.4425,20668.075177,20669.900353752502
77.30381,5.405407,-70.476204,20667.370583,20668.007517090045
77.31381,5.399878,-70.50987,20666.665653,20670.591052949934
77.32381,5.394352,-70.543498,20665.960386,20665.035640345468
77.33381,5.388829,-70.57709,20665.254783,20664.56029293235
77.34381,5.383309,-70.610644,20664.548844,20665.405676739872
77.35381,5.377793,-70.64416,20663.84257,20665.02988152741
77.36381,5.372279,-70.677639,20663.135961,20661.884215142403
77.37381,5.366769,-70.711081,20662.429018,20665.86049587339
77.38381,5.361261,-70.744486,20661.72174,20662.187277232242
77.39381,5.355757,-70.777853,20661.014128,20662.635779993143
77.40381,5.350256,-70.811182,20660.306183,20661.65185204741
77.41381,5.344758,-70.844475,20659.597904,20662.548034056937
77.42381,5.339263,-70.877729,20658.889293,20662.718073341457
77.43381,5.333771,-70.910947,20658.18035,20661.821408984302
77.44381,5.328282,-70.944127,20657.471075,20659.89795344742
77.45381,5.322796,-70.97727,20656.761468,20657.16893991675
77.46381,5.317313,-71.010375,20656.051529,20657.180289456857
77.47381,5.311834,-71.043443,20655.34126,20659.738614697773
77.48381,5.306357,-71.076473,20654.630661,20655.028002673604
77.49381,5.300884,-71.109466,20653.919731,20653.50557005323
77.50381,5.295413,-71.142422,20653.208471,20653.35651876904
77.51381,5.289945,-71.17534,20652.496883,20657.683607606854
77.52381,5.284481,-71.208221,20651.784965,20652.499745991958
77.53381,5.279019,-71.241064,20651.072718,20650.91420932213
77.54381,5.273561,-71.27387,20650.360144,20649.834256110782
77.55381,5.268105,-71.306639,20649.647241,20649.933880644738
77.56381,5.262653,-71.33937,20648.934011,20649.403733422856
77.57381,5.257203,-71.372064,20648.220454,20650.515536819577
77.58381,5.251757,-71.40472,20647.50657,20644.04963629233
77.59381,5.246313,-71.437339,20646.792359,20648.586766685905
77.60381,5.240873,-71.46992,20646.077823,20646.70127340847
77.61381,5.235435,-71.502464,20645.362961,20645.40276267948
77.62381,5.230001,-71.534971,20644.647774,20644.93444786843
77.63381,5.224569,-71.56744,20643.932262,20644.236960501254
77.64381,5.21914,-71.599872,20643.216425,20642.934887869866
77.65381,5.213715,-71.632266,20642.500265,20643.855163230484
77.66381,5.208292,-71.664623,20641.78378,20645.10475495179
77.67381,5.202872,-71.696943,20641.066972,20639.962173541495
77.68381,5.197455,-71.729225,20640.349841,20639.969857060507
77.69381,5.192041,-71.76147,20639.632388,20638.88337871237
77.70381,5.18663,-71.793677,20638.914612,20640.146664742217
77.71381,5.181222,-71.825847,20638.196514,20640.059072482774
77.72381,5.175817,-71.857979,20637.478095,20638.024202154702
77.73381,5.170414,-71.890074,20636.759355,20638.164186467995
77.74381,5.165015,-71.922132,20636.040294,20635.870919711047
77.75381,5.159618,-71.954152,20635.320912,20636.459941922138
77.76381,5.154225,-71.986135,20634.601211,20636.437425263033
77.77381,5.148834,-72.01808,20633.88119,20634.25003985503
77.78381,5.143446,-72.049988,20633.16085,20633.991602779515
77.79381,5.138061,-72.081858,20632.44019,20632.789544818173
77.80381,5.132679,-72.113691,20631.719212,20633.835806914794
77.81381,5.1273,-72.145487,20630.997917,20631.94907360798
77.82381,5.121924,-72.177245,20630.276303,20632.28114967811
77.83381,5.116551,-72.208966,20629.554372,20627.385183240956
77.84381,5.11118,-72.240649,20628.832124,20632.436123884345
77.85381,5.105812,-72.272295,20628.109559,20628.36672790599
77.86381,5.100448,-72.303904,20627.386678,20627.624562065685
77.87381,5.095086,-72.335475,20626.663481,20629.035711559514
77.88381,5.089726,-72.367008,20625.939969,20629.440933975555
77.89381,5.08437,-72.398505,20625.216141,20624.052184353317
77.90381,5.079017,-72.429963,20624.491999,20628.55425450546
77.91381,5.073666,-72.461385,20623.767542,20625.986009998225
77.92381,5.068318,-72.492769,20623.042771,20626.41272972291
77.93381,5.062973,-72.524115,20622.317687,20622.032714741035
77.94381,5.057631,-72.555425,20621.592289,20621.397449262175
77.95381,5.052292,-72.586696,20620.866578,20622.57426025175
77.96381,5.046956,-72.617931,20620.140555,20621.38119834579
77.97381,5.041622,-72.649128,20619.41422,20618.25140018699
77.98381,5.036291,-72.680287,20618.687573,20616.16972688328
77.99381,5.030963,-72.711409,20617.960614,20619.844110822898
78.00381,5.025638,-72.742494,20617.233345,20616.46793057061
78.01381,5.020315,-72.773542,20616.505764,20616.12862028092
78.02381,5.014996,-72.804552,20615.777874,20617.24664621187
78.03381,5.009679,-72.835524,20615.049673,20618.39107895873
78.04381,5.004365,-72.866459,20614.321163,20613.90667338081
78.05381,4.999053,-72.897357,20613.592344,20611.923691053096
78.06381,4.993745,-72.928218,20612.863216,20613.35140212939
78.07381,4.988439,-72.959041,20612.13378,20612.180797389112
78.08381,4.983136,-72.989826,20611.404036,20610.84751539784
78.09381,4.977836,-73.020575,20610.673984,20612.93243607896
78.10381,4.972539,-73.051286,20609.943624,20609.39012792455
78.11381,4.967244,-73.081959,20609.212958,20608.69487040752
78.12381,4.961952,-73.112595,20608.481985,20608.18345843504
78.13381,4.956663,-73.143194,20607.750706,20609.270598709787
78.14381,4.951377,-73.173755,20607.019122,20605.675013090702
78.15381,4.946093,-73.20428,20606.287231,20606.04585298727
78.16381,4.940812,-73.234766,20605.555036,20606.61869431332
78.17381,4.935534,-73.265216,20604.822536,20605.70839375118
78.18381,4.930259,-73.295628,20604.089732,20606.137453887746
78.19381,4.924986,-73.326002,20603.356624,20603.448005966482
78.20381,4.919717,-73.356339,20602.623212,20605.135765297946
78.21381,4.914449,-73.386639,20601.889497,20597.96504712108
78.22381,4.909185,-73.416902,20601.155479,20601.91444373049
78.23381,4.903923,-73.447127,20600.421159,20602.140352308164
78.24381,4.898664,-73.477315,20599.686537,20600.93975415006
78.25381,4.893408,-73.507466,20598.951613,20600.47394753091
78.26381,4.888155,-73.537579,20598.216388,20598.432125507923
78.27381,4.882904,-73.567655,20597.480862,20599.393969137192
78.28381,4.877656,-73.597694,20596.745035,20598.385168271212
78.29381,4.872411,-73.627695,20596.008908,20596.925257471576
78.30381,4.867168,-73.657659,20595.272481,20598.054464994195
78.31381,4.861928,-73.687586,20594.535755,20594.591969040106
78.32381,4.856691,-73.717475,20593.798729,20595.72087698359
78.33381,4.851456,-73.747327,20593.061405,20595.034282677047
78.34381,4.846225,-73.777142,20592.323783,20590.68656711685
78.35381,4.840996,-73.80692,20591.585863,20592.95772713656
78.36381,4.835769,-73.83666,20590.847645,20591.37314144524
78.37381,4.830545,-73.866363,20590.10913,20591.13464021518
78.38381,4.825324,-73.896028,20589.370318,20590.71494571736
78.39381,4.820106,-73.925657,20588.631209,20588.772455479208
78.40381,4.814891,-73.955248,20587.891805,20587.152480903856
78.41381,4.809678,-73.984802,20587.152104,20586.356967227763
78.42381,4.804467,-74.014318,20586.412109,20586.855759284135
78.43381,4.79926,-74.043798,20585.671818,20580.784963411716
78.44381,4.794055,-74.07324,20584.931233,20590.0592067454
78.45381,4.788853,-74.102645,20584.190353,20580.769179619918
78.46381,4.783653,-74.132012,20583.44918,20584.357382294085
78.47381,4.778456,-74.161342,20582.707713,20582.212711193108
78.48381,4.773262,-74.190636,20581.965953,20584.504237141486
78.49381,4.768071,-74.219891,20581.223901,20581.794992278345
78.50381,4.762882,-74.24911,20580.481556,20581.37775057278
78.51381,4.757696,-74.278292,20579.738919,20578.512776074014
78.52381,4.752512,-74.307436,20578.99599,20579.129162303198
78.53381,4.747332,-74.336543,20578.25277,20579.46194886969
78.54381,4.742153,-74.365613,20577.509259,20579.957522927012
78.55381,4.736978,-74.394645,20576.765458,20577.48198266471
78.56381,4.731805,-74.423641,20576.021366,20577.13690413921
78.57381,4.726635,-74.452599,20575.276985,20577.328119165504
78.58381,4.721467,-74.48152,20574.532315,20575.727077624266
78.59381,4.716302,-74.510404,20573.787355,20572.669279957816
78.60381,4.71114,-74.539251,20573.042107,20571.56239498287
78.61381,4.705981,-74.568061,20572.29657,20570.316461767427
78.62381,4.700824,-74.596833,20571.550745,20571.863495714555
78.63381,4.695669,-74.625568,20570.804633,20570.0268905528
78.64381,4.690518,-74.654266,20570.058234,20569.435024675226
78.65381,4.685369,-74.682927,20569.311548,20569.766725709815
78.66381,4.680223,-74.711551,20568.564576,20568.266374240487
78.67381,4.675079,-74.740138,20567.817317,20567.353572782504
78.68381,4.669938,-74.768688,20567.069773,20568.118872775965
78.69381,4.664799,-74.7972,20566.321944,20567.08616210447
78.70381,4.659664,-74.825676,20565.573829,20565.495359339744
78.71381,4.654531,-74.854114,20564.82543,20565.684772275577
78.72381,4.6494,-74.882515,20564.076747,20564.852456268836
78.73381,4.644272,-74.91088,20563.32778,20565.199887782335
78.74381,4.639147,-74.939207,20562.57853,20563.1200346511
78.75381,4.634024,-74.967497,20561.828996,20560.378562650763
78.76381,4.628904,-74.99575,20561.07918,20562.130327507057
78.77381,4.623787,-75.023965,20560.329081,20559.950689717414
78.78381,4.618672,-75.052144,20559.578701,20561.644159781197
78.79381,4.61356,-75.080286,20558.828038,20559.887059640598
78.80381,4.608451,-75.108391,20558.077095,20560.011773289152
78.81381,4.603344,-75.136459,20557.325871,20557.54045253487
78.82381,4.59824,-75.164489,20556.574366,20557.540662099487
78.83381,4.593138,-75.192483,20555.822581,20557.349904583858
78.84381,4.588039,-75.22044,20555.070516,20557.024674606346
78.85381,4.582943,-75.24836,20554.318172,20552.913843440147
78.86381,4.577849,-75.276242,20553.565549,20552.32215667272
78.87381,4.572758,-75.304088,20552.812648,20553.52806878514
78.88381,4.56767,-75.331897,20552.059468,20552.353086198407
78.89381,4.562584,-75.359669,20551.30601,20553.391928310026
78.90381,4.557501,-75.387403,20550.552275,20550.84647724023
78.91381,4.55242,-75.415101,20549.798262,20552.342347011727
78.92381,4.547342,-75.442762,20549.043973,20551.062453314527
78.93381,4.542266,-75.470386,20548.289407,20548.578044407677
78.94381,4.537194,-75.497973,20547.534565,20551.008928308624
78.95381,4.532124,-75.525523,20546.779448,20546.274870620295
78.96381,4.527056,-75.553037,20546.024055,20546.991235754507
78.97381,4.521991,-75.580513,20545.268387,20545.86492938412
78.98381,4.516929,-75.607952,20544.512445,20546.584389332067
78.99381,4.511869,-75.635355,20543.756228,20544.97867962935
79.00381,4.506812,-75.662721,20542.999738,20543.217312609453
79.01381,4.501757,-75.690049,20542.242974,20541.307912827815
79.02381,4.496706,-75.717341,20541.485937,20542.998380171943
79.03381,4.491656,-75.744597,20540.728627,20541.73104189059
79.04381,4.48661,-75.771815,20539.971045,20541.243229391675
79.05381,4.481566,-75.798996,20539.213191,20539.256073419827
79.06381,4.476524,-75.826141,20538.455065,20539.56872593891
79.07381,4.471485,-75.853249,20537.696668,20539.312216986367
79.08381,4.466449,-75.88032,20536.938,20538.795742625134
79.09381,4.461415,-75.907354,20536.179062,20536.520689424717
79.10381,4.456384,-75.934351,20535.419853,20532.802979368702
79.11381,4.451356,-75.961312,20534.660375,20536.629124333966
79.12381,4.44633,-75.988235,20533.900627,20535.272784998477
79.13381,4.441307,-76.015123,20533.14061,20536.161112162954
79.14381,4.436286,-76.041973,20532.380325,20534.977103822606
79.15381,4.431272,-76.068786,20531.619771,20531.454587096836
79.16381,4.426266,-76.095563,20530.858949,20531.089801459617
79.17381,4.421263,-76.122303,20530.09786,20529.48724967068
79.18381,4.416263,-76.149006,20529.336503,20528.227196467044
79.19381,4.411266,-76.175673,20528.57488,20527.43383292718
79.20381,4.406271,-76.202303,20527.81299,20528.377832219463
79.21381,4.401278,-76.228896,20527.050834,20527.962848786512
79.22381,4.396288,-76.255452,20526.288412,20528.170831059237
79.23381,4.391301,-76.281971,20525.525725,20525.4949759577
79.24381,4.386316,-76.308454,20524.762773,20523.05175250212
79.25381,4.381334,-76.3349,20523.999556,20525.47444123941
79.26381,4.376355,-76.36131,20523.236075,20525.978834475412
79.27381,4.371378,-76.387682,20522.47233,20522.88013367988
79.28381,4.366403,-76.414019,20521.708321,20522.29320588229
79.29381,4.361431,-76.440318,20520.94405,20520.019454410965
79.30381,4.356462,-76.466581,20520.179515,20518.659396099087
79.31381,4.351496,-76.492807,20519.414718,20519.5662393056
79.32381,4.346532,-76.518996,20518.649659,20519.53787612793
79.33381,4.34157,-76.545149,20517.884338,20520.634930534976
79.34381,4.336611,-76.571266,20517.118756,20518.064124257584
79.35381,4.331655,-76.597345,20516.352913,20517.736310197146
79.36381,4.326701,-76.623388,20515.58681,20514.77344887015
79.37381,4.32175,-76.649395,20514.820446,20513.07125405861
79.38381,4.316802,-76.675365,20514.053822,20514.388015024317
79.39381,4.311856,-76.701298,20513.286938,20514.753214112676
79.40381,4.306912,-76.727195,20512.519796,20513.609088399848
79.41381,4.301972,-76.753056,20511.752395,20510.936235053396
79.42381,4.297034,-76.77888,20510.984735,20511.965070833907
79.43381,4.292098,-76.804667,20510.216817,20510.064772104706
79.44381,4.287165,-76.830418,20509.448642,20510.752739738127
79.45381,4.282235,-76.856132,20508.680209,20506.474097396338
79.46381,4.277307,-76.88181,20507.911519,20507.822876421593
79.47381,4.272381,-76.907452,20507.142573,20507.079343149417
79.48381,4.267459,-76.933057,20506.37337,20506.909169594946
79.49381,4.262539,-76.958625,20505.603912,20506.914728838903
79.50381,4.257621,-76.984158,20504.834198,20503.61666611268
79.51381,4.252706,-77.009653,20504.064229,20504.947725413607
79.52381,4.247794,-77.035113,20503.294005,20504.629153824448
79.53381,4.242884,-77.060536,20502.523527,20502.734040592244
79.54381,4.237977,-77.085922,20501.752794,20502.414596474482
79.55381,4.233073,-77.111273,20500.981808,20502.509359400385
79.56381,4.228171,-77.136586,20500.210569,20503.877418109983
79.57381,4.223272,-77.161864,20499.439077,20500.360543954048
79.58381,4.218375,-77.187105,20498.667332,20498.095610114495
79.59381,4.213481,-77.21231,20497.895335,20497.619809007567
79.60381,4.208589,-77.237479,20497.123086,20497.164585901675
79.61381,4.204046,-77.262611,20496.350585,20495.13425243906
79.62381,4.200034,-77.287703,20495.577834,20498.044265468758
79.63381,4.196025,-77.312753,20494.804831,20496.923535367885
79.64381,4.192019,-77.337764,20494.031579,20493.640786767235
79.65381,4.188016,-77.362733,20493.258076,20491.4605952087
79.66381,4.184016,-77.387661,20492.484324,20495.68874628876
79.67381,4.18002,-77.412549,20491.710323,20488.621564525387
79.68381,4.176027,-77.437395,20490.936073,20492.260389412444
79.69381,4.172037,-77.462201,20490.161575,20490.4064217415
79.70381,4.16805,-77.486967,20489.38683,20489.427561600707
79.71381,4.164066,-77.511691,20488.611836,20490.611337307477
79.72381,4.160085,-77.536375,20487.836596,20490.084560664985
79.73381,4.156108,-77.561019,20487.061109,20487.709157859783
79.74381,4.152134,-77.585622,20486.285376,20486.56728030601
79.75381,4.148163,-77.610184,20485.509397,20487.54798530738
79.76381,4.144195,-77.634705,20484.733172,20482.78365517063
79.77381,4.140231,-77.659187,20483.956703,20482.46100147068
79.78381,4.136269,-77.683627,20483.179988,20484.13017494222
79.79381,4.132311,-77.708028,20482.40303,20482.979006898833
79.80381,4.128356,-77.732387,20481.625828,20483.696718821077
79.81381,4.124404,-77.756707,20480.848383,20482.287047805352
79.82381,4.120456,-77.780986,20480.070694,20480.623902932643
79.83381,4.11651,-77.805225,20479.292763,20478.226162188395
79.84381,4.112568,-77.829423,20478.51459,20479.459903379004
79.85381,4.108629,-77.853582,20477.736175,20482.731812117545
79.86381,4.104694,-77.8777,20476.957518,20476.76163014324
79.87381,4.100761,-77.901778,20476.178621,20479.25251048551
79.88381,4.096832,-77.925815,20475.399483,20473.367335347113
79.89381,4.092906,-77.949813,20474.620105,20475.64367392026
79.90381,4.088983,-77.97377,20473.840487,20473.987031414534
79.91381,4.085063,-77.997688,20473.060629,20476.580737564447
79.92381,4.081147,-78.021565,20472.280533,20472.74237512002
79.93381,4.077234,-78.045403,20471.500198,20474.932009639626
79.94381,4.073324,-78.0692,20470.719625,20471.592585784685
79.95381,4.069417,-78.092957,20469.938814,20470.68408863988
79.96381,4.065513,-78.116675,20469.157766,20467.989454531606
79.97381,4.061613,-78.140353,20468.376481,20468.8873513423
79.98381,4.057716,-78.163991,20467.594959,20468.34111785315
79.99381,4.053822,-78.187589,20466.813201,20466.00378240807
80.00381,4.049931,-78.211147,20466.031208,20469.232772107916
80.01381,4.046073,-78.234666,20465.248978,20464.19164184815
80.02381,4.042219,-78.258147,20464.466514,20464.935404257856
80.03381,4.038369,-78.281589,20463.683816,20462.09959151096
80.04381,4.034521,-78.304993,20462.900883,20458.628245268326
80.05381,4.030677,-78.328359,20462.117716,20461.4148652712
80.06381,4.026836,-78.351687,20461.334316,20463.422942469995
80.07381,4.022998,-78.374977,20460.550682,20461.232730461896
80.08381,4.019163,-78.398228,20459.766816,20459.09756515106
80.09381,4.015332,-78.421442,20458.982718,20461.398037148567
80.10381,4.011503,-78.444617,20458.198388,20459.239806387064
80.11381,4.007678,-78.467754,20457.413826,20456.219918909566
80.12381,4.003856,-78.490853,20456.629033,20457.44496631912
80.13381,4.000037,-78.513915,20455.844009,20455.76682132912
80.14381,3.996222,-78.536938,20455.058754,20456.766700268254
80.15381,3.992409,-78.559923,20454.27327,20452.21157940986
80.16381,3.9886,-78.582871,20453.487556,20452.4854492487
80.17381,3.984794,-78.60578,20452.701613,20452.883709845908
80.18381,3.980991,-78.628652,20451.915441,20451.754437926884
80.19381,3.977191,-78.651486,20451.12904,20451.556038251598
80.20381,3.973395,-78.674282,20450.342411,20451.393536777556
80.21381,3.969602,-78.69704,20449.555554,20450.91085492259
80.22381,3.965812,-78.719761,20448.76847,20449.595130803067
80.23381,3.962025,-78.742444,20447.981159,20447.71564671477
80.24381,3.958241,-78.76509,20447.193622,20447.48386722947
80.25381,3.954461,-78.787697,20446.405858,20445.567858426602
80.26381,3.950683,-78.810267,20445.617868,20446.18966958908
80.27381,3.946909,-78.8328,20444.829652,20445.906543496185
80.28381,3.943138,-78.855295,20444.041212,20442.93889636124
80.29381,3.939371,-78.877753,20443.252547,20444.04487184393
80.30381,3.935606,-78.900173,20442.463657,20441.382264488402
80.31381,3.931845,-78.922556,20441.674543,20443.2536397192
80.32381,3.928087,-78.944901,20440.885206,20442.296919558063
80.33381,3.924332,-78.967209,20440.095645,20442.976250918375
80.34381,3.920581,-78.989479,20439.305862,20440.104453250344
80.35381,3.916833,-79.011713,20438.515856,20438.72057180837
80.36381,3.913087,-79.033909,20437.725628,20439.106904678833
80.37381,3.909345,-79.056067,20436.935178,20439.854833443467
80.38381,3.905607,-79.078189,20436.144507,20434.09015814623
80.39381,3.901871,-79.100273,20435.353614,20435.389911355207
80.40381,3.898139,-79.122321,20434.562501,20435.060166881274
80.41381,3.89441,-79.144331,20433.771168,20435.967294144277
80.42381,3.890684,-79.166304,20432.979615,20433.161473748398
80.43381,3.886961,-79.18824,20432.187842,20434.836061165905
80.44381,3.883242,-79.210139,20431.39585,20430.46178328339
80.45381,3.879528,-79.232001,20430.603639,20432.358741474876
80.46381,3.875821,-79.253826,20429.81121,20429.98075169245
80.47381,3.872116,-79.275614,20429.018563,20428.69689234465
80.48381,3.868415,-79.297366,20428.225698,20429.271479495917
80.49381,3.864717,-79.319082,20427.432616,20425.954209535972
80.50381,3.861022,-79.34076,20426.639317,20427.252345528483
80.51381,3.857331,-79.362403,20425.845801,20425.06270841336
80.52381,3.853642,-79.384008,20425.052069,20428.988981323735
80.53381,3.849957,-79.405577,20424.258121,20427.57617497028
80.54381,3.846275,-79.42711,20423.463957,20425.044665944904
80.55381,3.842597,-79.448606,20422.669579,20424.321602601278
80.56381,3.838921,-79.470066,20421.874985,20422.774783480232
80.57381,3.835249,-79.49149,20421.080177,20422.746446536978
80.58381,3.83158,-79.512877,20420.285156,20421.631085973648
80.59381,3.827914,-79.534228,20419.48992,20421.025420252165
80.60381,3.824251,-79.555543,20418.694471,20418.446324631823
80.61381,3.820592,-79.576821,20417.898809,20416.43599303749
80.62381,3.816936,-79.598063,20417.102935,20418.045185167262
80.63381,3.813283,-79.619269,20416.306848,20417.038928811464
80.64381,3.809633,-79.640439,20415.510549,20415.98132153886
80.65381,3.805987,-79.661573,20414.714039,20414.320031817733
80.66381,3.802343,-79.682671,20413.917318,20413.646666272092
80.67381,3.798703,-79.703732,20413.120386,20413.894660327966
80.68381,3.795066,-79.724758,20412.323244,20412.99686761606
80.69381,3.791433,-79.745748,20411.525891,20408.965876581467
80.70381,3.787802,-79.766701,20410.728329,20407.406479036006
80.71381,3.784175,-79.787619,20409.930557,20408.847659574196
80.72381,3.780551,-79.808501,20409.132577,20407.55527410789
80.73381,3.776931,-79.829347,20408.334387,20407.166857732893
80.74381,3.773313,-79.850158,20407.53599,20408.649871003214
80.75381,3.769699,-79.870932,20406.737384,20408.6159708391
80.76381,3.766088,-79.891671,20405.938571,20406.75056117433
80.77381,3.76248,-79.912374,20405.139551,20406.084143409655
80.78381,3.758876,-79.933041,20404.340324,20402.276707341574
80.79381,3.755274,-79.953673,20403.54089,20404.27773206713
80.80381,3.751676,-79.974269,20402.74125,20402.30824536787
80.81381,3.748081,-79.994829,20401.941405,20401.13860376566
80.82381,3.74449,-80.015354,20401.141354,20403.786448996292
80.83381,3.740901,-80.035843,20400.341098,20400.7631421877
80.84381,3.737316,-80.056297,20399.540637,20400.963929620077
80.85381,3.733734,-80.076715,20398.739972,20397.46383340168
80.86381,3.730155,-80.097098,20397.939103,20399.12657673156
80.87381,3.72658,-80.117446,20397.13803,20397.591062235595
80.88381,3.723008,-80.137758,20396.336754,20396.347981221377
80.89381,3.719439,-80.158035,20395.535275,20397.70063388944
80.90381,3.715873,-80.178276,20394.733594,20395.89879451976
80.91381,3.71231,-80.198482,20393.93171,20396.915507521077
80.92381,3.708751,-80.218653,20393.129624,20391.03200780399
80.93381,3.705195,-80.238789,20392.327337,20390.67993528403
80.94381,3.701642,-80.258889,20391.524849,20390.877938192083
80.95381,3.698093,-80.278955,20390.722159,20389.785940976068
80.96381,3.694546,-80.298985,20389.91927,20389.67774196902
80.97381,3.691003,-80.31898,20389.11618,20390.283539050863
80.98381,3.687463,-80.33894,20388.31289,20388.89135333835
80.99381,3.683927,-80.358866,20387.509401,20386.839902636384
81.00381,3.680393,-80.378756,20386.705713,20386.329705809585
81.01381,3.676863,-80.398611,20385.901826,20387.673891637656
81.02381,3.673336,-80.418431,20385.097741,20385.76094347971
81.03381,3.669813,-80.438217,20384.293458,20385.724175434025
81.04381,3.666292,-80.457967,20383.488977,20383.731072309645
81.05381,3.662775,-80.477683,20382.684298,20381.0591122604
81.06381,3.659261,-80.497364,20381.879423,20379.505511267063
81.07381,3.65575,-80.51701,20381.074351,20383.274119274265
81.08381,3.652243,-80.536621,20380.269083,20382.2397793429
81.09381,3.648739,-80.556198,20379.463619,20383.356094918683
81.10381,3.645238,-80.57574,20378.657959,20380.371595582143
81.11381,3.64174,-80.595248,20377.852104,20378.80412368884
81.12381,3.638246,-80.614721,20377.046054,20379.379665367276
81.13381,3.634754,-80.634159,20376.23981,20377.774136253574
81.14381,3.631266,-80.653563,20375.433371,20378.053541256937
81.15381,3.627781,-80.672932,20374.626739,20375.731757162284
81.16381,3.6243,-80.692267,20373.819913,20374.707348546584
81.17381,3.620822,-80.711567,20373.012893,20373.633549407634
81.18381,3.617347,-80.730833,20372.205681,20372.369489795274
81.19381,3.613875,-80.750064,20371.398277,20372.220999779798
81.20381,3.610406,-80.769262,20370.59068,20371.37663381719
81.21381,3.606941,-80.788425,20369.782892,20374.0222309723
81.22381,3.603479,-80.807553,20368.974912,20371.312665841735
81.23381,3.60002,-80.826648,20368.166741,20368.017151599328
81.24381,3.596565,-80.845708,20367.358379,20368.11104709809
81.25381,3.593112,-80.864734,20366.549827,20367.328577297427
81.26381,3.589663,-80.883726,20365.741084,20368.26657989879
81.27381,3.586217,-80.902684,20364.932152,20367.752338775208
81.28381,3.582775,-80.921607,20364.123031,20364.90219921888
81.29381,3.579335,-80.940497,20363.31372,20363.767490286114
81.30381,3.575899,-80.959353,20362.504221,20360.561834831788
81.31381,3.572466,-80.978175,20361.694533,20362.858968384317
81.32381,3.569037,-80.996962,20360.884658,20363.623724562676
81.33381,3.56561,-81.015716,20360.074594,20360.766658590353
81.34381,3.562187,-81.034436,20359.264344,20360.546840093466
81.35381,3.558767,-81.053122,20358.453906,20358.36860750052
81.36381,3.555351,-81.071774,20357.643281,20359.78547256741
81.37381,3.551937,-81.090393,20356.83247,20357.249275958402
81.38381,3.548527,-81.108978,20356.021473,20356.441071857156
81.39381,3.54512,-81.127529,20355.210291,20357.767334887732
81.40381,3.541716,-81.146046,20354.398923,20356.22075192845
81.41381,3.538316,-81.16453,20353.58737,20357.653724102896
81.42381,3.534919,-81.18298,20352.775632,20354.808749532396
81.43381,3.531525,-81.201396,20351.963711,20350.187090792944
81.44381,3.528134,-81.219779,20351.151605,20350.558734116104
81.45381,3.524747,-81.238129,20350.339315,20352.625632359526
81.46381,3.521363,-81.256445,20349.526842,20347.903964960435
81.47381,3.517982,-81.274727,20348.714186,20347.54285991859
81.48381,3.514604,-81.292976,20347.901348,20348.500604191537
81.49381,3.511229,-81.311192,20347.088327,20349.193882103842
81.50381,3.507858,-81.329374,20346.275124,20346.41268142461
81.51381,3.50449,-81.347523,20345.46174,20347.59245949236
81.52381,3.501126,-81.365639,20344.648174,20347.283081324127
81.53381,3.497764,-81.383722,20343.834427,20345.089674854644
81.54381,3.494406,-81.401771,20343.020499,20345.292318906268
81.55381,3.491051,-81.419787,20342.206392,20343.311396031848
81.56381,3.487699,-81.43777,20341.392104,20343.25398155527
81.57381,3.484351,-81.45572,20340.577636,20339.98688127905
81.58381,3.481005,-81.473636,20339.762989,20340.661926353925
81.59381,3.477663,-81.49152,20338.948164,20339.024574562594
81.60381,3.474324,-81.50937,20338.133159,20336.595388831724
81.61381,3.470989,-81.527188,20337.317976,20339.799241734938
81.62381,3.467657,-81.544973,20336.502616,20339.050508307373
81.63381,3.464327,-81.562724,20335.687077,20333.39542371525
81.64381,3.461002,-81.580443,20334.871361,20333.67019152698
81.65381,3.457679,-81.598129,20334.055468,20333.197028758153
81.66381,3.45436,-81.615782,20333.239399,20333.264706697333
81.67381,3.451044,-81.633403,20332.423153,20333.058472703957
81.68381,3.447731,-81.65099,20331.606731,20331.45603020338
81.69381,3.444421,-81.668545,20330.790133,20331.74806707915
81.70381,3.441115,-81.686067,20329.97336,20332.269502585954
81.71381,3.437812,-81.703557,20329.156412,20326.23599034987
81.72381,3.434512,-81.721014,20328.339289,20327.804804457275
81.73381,3.431215,-81.738438,20327.521992,20327.891362953764
81.74381,3.427922,-81.755829,20326.70452,20327.16821455593
81.75381,3.424631,-81.773189,20325.886875,20325.992718512272
81.76381,3.421345,-81.790515,20325.069057,20326.37907371823
81.77381,3.418061,-81.807809,20324.251065,20325.783422771907
81.78381,3.41478,-81.825071,20323.432901,20323.47019709349
81.79381,3.411503,-81.842301,20322.614564,20326.8443663708
81.80381,3.408229,-81.859498,20321.796055,20324.797819380954
81.81381,3.404958,-81.876662,20320.977374,20323.53146619191
81.82381,3.401691,-81.893795,20320.158521,20324.167771301814
81.83381,3.398427,-81.910895,20319.339498,20316.136344728948
81.84381,3.395166,-81.927963,20318.520304,20319.10709779772
81.85381,3.391908,-81.944998,20317.700939,20315.815903044044
81.86381,3.388653,-81.962002,20316.881404,20319.833495366885
81.87381,3.385402,-81.978973,20316.061699,20317.13366843259
81.88381,3.382154,-81.995912,20315.241824,20317.561123718373
81.89381,3.378909,-82.012819,20314.421781,20315.774219104755
81.90381,3.375667,-82.029695,20313.601568,20313.269895690188
81.91381,3.372429,-82.046538,20312.781187,20311.284593820485
81.92381,3.369194,-82.063349,20311.960638,20314.530962375677
81.93381,3.365962,-82.080128,20311.13992,20310.21944746678
81.94381,3.362733,-82.096875,20310.319035,20311.569793588875
81.95381,3.359507,-82.113591,20309.497983,20308.480242140784
81.96381,3.356285,-82.130275,20308.676763,20308.146983087576
81.97381,3.353066,-82.146926,20307.855377,20305.798244301688
81.98381,3.34985,-82.163546,20307.033825,20308.834813578498
81.99381,3.346638,-82.180135,20306.212107,20305.508424408745
82.00381,3.343428,-82.196691,20305.390222,20302.2513205333
82.01381,3.340222,-82.213216,20304.568173,20305.302785735614
82.02381,3.337019,-82.229709,20303.745958,20301.275315995797
82.03381,3.33382,-82.246171,20302.923579,20304.084765207368
82.04381,3.330623,-82.262601,20302.101035,20303.92593983673
82.05381,3.32743,-82.279,20301.278327,20299.537780154504
82.06381,3.32424,-82.295367,20300.455455,20299.863310323475
82.07381,3.321053,-82.311702,20299.63242,20297.542435062565
82.08381,3.31787,-82.328007,20298.809221,20302.876977063082
82.09381,3.31469,-82.344279,20297.98586,20297.07619131053
82.10381,3.311513,-82.360521,20297.162336,20298.770556760464
82.11381,3.308339,-82.376731,20296.338649,20299.04178317294
82.12381,3.305168,-82.392909,20295.514801,20297.89312138695
82.13381,3.302001,-82.409057,20294.690791,20295.304500610997
82.14381,3.298836,-82.425173,20293.86662,20292.742127996888
82.15381,3.295675,-82.441258,20293.042288,20293.907471730545
82.16381,3.292518,-82.457312,20292.217795,20295.674169910235
82.17381,3.289363,-82.473335,20291.393142,20292.94394644612
82.18381,3.286212,-82.489326,20290.568328,20291.580860878672
82.19381,3.283064,-82.505287,20289.743355,20289.90663986529
82.20381,3.279919,-82.521216,20288.918223,20290.609597972794
82.21381,3.276777,-82.537115,20288.092931,20288.85645552545
82.22381,3.273639,-82.552982,20287.267481,20290.321234439158
82.23381,3.270504,-82.568818,20286.441871,20288.362087409838
82.24381,3.267371,-82.584624,20285.616104,20285.223085287827
82.25381,3.264243,-82.600399,20284.790179,20284.736631671523
82.26381,3.261117,-82.616143,20283.964096,20287.537458354316
82.27381,3.257995,-82.631856,20283.137856,20281.912841541678
82.28381,3.254876,-82.647538,20282.311459,20284.300228299562
82.29381,3.25176,-82.66319,20281.484906,20279.66291321686
82.30381,3.248647,-82.67881,20280.658196,20280.900716316683
82.31381,3.245537,-82.694401,20279.83133,20281.34499478552
82.32381,3.242431,-82.70996,20279.004308,20278.721672092022
82.33381,3.239328,-82.725489,20278.17713,20279.79034875008
82.34381,3.236228,-82.740987,20277.349798,20280.02112187264
82.35381,3.233131,-82.756455,20276.522311,20276.73242161244
82.36381,3.230038,-82.771892,20275.694669,20276.048146309447
82.37381,3.226947,-82.787299,20274.866873,20276.050586205954
82.38381,3.22386,-82.802675,20274.038923,20274.081996454144
82.39381,3.220776,-82.818021,20273.21082,20274.786472775944
82.40381,3.217696,-82.833337,20272.382563,20273.680933775806
82.41381,3.214618,-82.848622,20271.554153,20271.373793264116
82.42381,3.211544,-82.863877,20270.725591,20270.769694838695
82.43381,3.208473,-82.879101,20269.896876,20271.241794393114
82.44381,3.205405,-82.894296,20269.068009,20268.61753106081
82.45381,3.20234,-82.90946,20268.23899,20270.868456610548
82.46381,3.199279,-82.924594,20267.40982,20267.210409154115
82.47381,3.194897,-82.9397,20266.580498,20265.382902526915
82.48381,3.190063,-82.954781,20265.751026,20265.881887940177
82.49381,3.185234,-82.96984,20264.921402,20266.516247577456
82.50381,3.180411,-82.984875,20264.091629,20264.98468301579
82.51381,3.175593,-82.999886,20263.261705,20261.15616345086
82.52381,3.170781,-83.014874,20262.431631,20264.600498031465
82.53381,3.165974,-83.029839,20261.601408,20261.750100440197
82.54381,3.161173,-83.04478,20260.771035,20260.685233680004
82.55381,3.156377,-83.059697,20259.940512,20259.934559806163
82.56381,3.151587,-83.074591,20259.109841,20257.11054548062
82.57381,3.146801,-83.089461,20258.27902,20258.291664511667
82.58381,3.142022,-83.104308,20257.448052,20255.602995601934
82.59381,3.137248,-83.119131,20256.616934,20258.425948436005
82.60381,3.132479,-83.133931,20255.785669,20259.16826826841
82.61381,3.127715,-83.148707,20254.954256,20257.185149168472
82.62381,3.122958,-83.16346,20254.122695,20254.27007895299
82.63381,3.118205,-83.178189,20253.290987,20255.76534811837
82.64381,3.113458,-83.192894,20252.459131,20254.31608481488
82.65381,3.108717,-83.207576,20251.627129,20253.453613584883
82.66381,3.103981,-83.222234,20250.79498,20250.811731268575
82.67381,3.09925,-83.236869,20249.962684,20251.70558875599
82.68381,3.094525,-83.25148,20249.130243,20251.37572027795
82.69381,3.089805,-83.266068,20248.297655,20250.095750459368
82.70381,3.085091,-83.280632,20247.464921,20248.829457155916
82.71381,3.080383,-83.295172,20246.632042,20246.426012428088
82.72381,3.075679,-83.309689,20245.799018,20245.79972856127
82.73381,3.070982,-83.324182,20244.965849,20246.208219666525
82.74381,3.06629,-83.338651,20244.132534,20246.621313831878
82.75381,3.061603,-83.353097,20243.299076,20242.70608068871
82.76381,3.056922,-83.36752,20242.465472,20242.654323123643
82.77381,3.052246,-83.381918,20241.631725,20242.253808322243
82.78381,3.047576,-83.396293,20240.797834,20243.45323319576
82.79381,3.042911,-83.410645,20239.963799,20241.587115738253
82.80381,3.038252,-83.424973,20239.129621,20238.500696633677
82.81381,3.033599,-83.439277,20238.2953,20240.16979613072
82.82381,3.028951,-83.453557,20237.460836,20236.125803474926
82.83381,3.024308,-83.467814,20236.626229,20237.972103466072
82.84381,3.019671,-83.482048,20235.79148,20237.3776851141
82.85381,3.01504,-83.496257,20234.956588,20237.24530676288
82.86381,3.010414,-83.510443,20234.121555,20235.060336406543
82.87381,3.005794,-83.524605,20233.286379,20236.028970821757
82.88381,3.001179,-83.538744,20232.451063,20232.32786021889
82.89381,2.99657,-83.552859,20231.615605,20233.75176084302
82.90381,2.991967,-83.56695,20230.780006,20231.44173721154
82.91381,2.987369,-83.581018,20229.944266,20231.385651165292
82.92381,2.982777,-83.595062,20229.108385,20232.44942048886
82.93381,2.97819,-83.609083,20228.272364,20228.773691159746
82.94381,2.973609,-83.623079,20227.436204,20228.855211732167
82.95381,2.969033,-83.637052,20226.599903,20226.50700991958
82.96381,2.964463,-83.651002,20225.763463,20228.307937944195
82.97381,2.959899,-83.664927,20224.926883,20225.56069078531
82.98381,2.95534,-83.678829,20224.090164,20222.948981213198
82.99381,2.950787,-83.692708,20223.253307,20224.622789345543
83.00381,2.94624,-83.706562,20222.41631,20222.111532717605
83.01381,2.941698,-83.720393,20221.579175,20223.11444144772
83.02381,2.937162,-83.734201,20220.741902,20219.060256155703
83.03381,2.932632,-83.747984,20219.904491,20221.331635031314
83.04381,2.928107,-83.761744,20219.066943,20217.085888610607
83.05381,2.923588,-83.77548,20218.229257,20216.447997569
83.06381,2.919075,-83.789193,20217.391433,20216.727989313687
83.07381,2.914567,-83.802882,20216.553473,20214.006816334982
83.08381,2.910065,-83.816547,20215.715376,20215.270581013996
83.09381,2.905569,-83.830189,20214.877142,20214.565412863187
83.10381,2.901078,-83.843806,20214.038772,20213.693353100138
83.11381,2.896593,-83.8574,20213.200266,20215.6152304049
83.12381,2.892114,-83.870971,20212.361624,20213.212021455674
83.13381,2.88764,-83.884518,20211.522847,20212.562912790236
83.14381,2.883173,-83.898041,20210.683934,20211.740124669726
83.15381,2.878711,-83.91154,20209.844886,20208.995173351217
83.16381,2.874254,-83.925016,20209.005703,20210.299405473073
83.17381,2.869804,-83.938468,20208.166386,20208.709653641443
83.18381,2.865359,-83.951896,20207.326934,20203.98192227718
83.19381,2.86092,-83.965301,20206.487348,20209.36611450881
83.20381,2.856487,-83.978682,20205.647628,20208.067894454492
83.21381,2.85206,-83.992039,20204.807774,20206.449979262954
83.22381,2.847638,-84.005373,20203.967787,20206.04704860798
83.23381,2.843222,-84.018683,20203.127667,20205.42046831944
83.24381,2.838803,-84.031969,20202.287414,20203.086874077337
83.25381,2.834389,-84.04523,20201.447028,20200.60543881965
83.26381,2.82998,-84.058468,20200.606509,20200.37939586744
83.27381,2.825577,-84.071681,20199.765858,20201.24897173709
83.28381,2.82118,-84.084871,20198.925075,20199.58569806836
83.29381,2.816789,-84.098036,20198.084161,20196.19964287748
83.30381,2.812403,-84.111177,20197.243115,20197.65305999688
83.31381,2.808024,-84.124293,20196.401937,20196.455127986046
83.32381,2.80365,-84.137386,20195.560629,20199.029119336083
83.33381,2.799282,-84.150454,20194.71919,20195.381213123328
83.34381,2.79492,-84.163499,20193.87762,20192.5543012026
83.35381,2.790564,-84.176519,20193.03592,20196.8756880782
83.36381,2.786214,-84.189514,20192.19409,20195.09259626943
83.37381,2.781869,-84.202486,20191.35213,20190.22802078203
83.38381,2.777531,-84.215434,20190.51004,20190.295826192403
83.39381,2.773281,-84.228357,20189.667821,20191.339556184856
83.40381,2.770698,-84.241254,20188.825473,20188.890938653487
83.41381,2.768121,-84.254119,20187.982996,20189.928324308657
83.42381,2.765552,-84.266956,20187.140391,20186.85552746369
83.43381,2.762989,-84.279763,20186.297657,20185.23802232007
83.44381,2.760432,-84.29254,20185.454796,20184.419656258953
83.45381,2.757883,-84.305287,20184.611806,20186.565478472676
83.46381,2.75534,-84.318005,20183.76869,20184.11057136534
83.47381,2.752804,-84.330693,20182.925446,20181.292296213727
83.48381,2.750275,-84.343351,20182.082076,20182.51593606469
83.49381,2.747753,-84.35598,20181.23858,20182.44628472282
83.50381,2.745237,-84.36858,20180.394957,20182.006360031843
83.51381,2.742728,-84.38115,20179.551208,20180.936250341023
83.52381,2.740227,-84.39369,20178.707334,20180.673450658756
83.53381,2.737731,-84.406201,20177.863334,20177.32003593343
83.54381,2.735243,-84.418682,20177.01921,20176.31311340775
83.55381,2.732761,-84.431134,20176.174961,20175.38619905275
83.56381,2.730287,-84.443557,20175.330587,20175.45104892896
83.57381,2.727819,-84.45595,20174.48609,20174.452395255492
83.58381,2.725358,-84.468314,20173.641468,20172.642951242757
83.59381,2.722903,-84.480649,20172.796724,20174.11403410594
83.60381,2.720456,-84.492955,20171.951856,20172.582635081908
83.61381,2.718015,-84.505231,20171.106865,20172.62875045922
83.62381,2.715582,-84.517478,20170.261751,20168.350830857973
83.63381,2.713155,-84.529696,20169.416515,20170.774848466295
83.64381,2.710735,-84.541885,20168.571157,20166.396197004186
83.65381,2.708322,-84.554044,20167.725678,20168.13039887308
83.66381,2.705915,-84.566175,20166.880076,20169.16612794186
83.67381,2.703516,-84.578277,20166.034354,20167.75270201713
83.68381,2.701123,-84.590349,20165.188511,20166.401428957386
83.69381,2.698738,-84.602393,20164.342547,20164.74508936237
83.70381,2.696359,-84.614407,20163.496463,20161.533928779303
83.71381,2.693987,-84.626393,20162.650259,20163.143942871866
83.72381,2.691622,-84.63835,20161.803935,20162.3234776592
83.73381,2.689263,-84.650278,20160.957492,20158.991932748675
83.74381,2.686912,-84.662177,20160.11093,20164.454080473693
83.75381,2.684568,-84.674047,20159.264249,20158.28821409731
83.76381,2.68223,-84.685888,20158.417449,20159.639863165525
83.77381,2.679899,-84.697701,20157.570531,20159.02148595351
83.78381,2.677576,-84.709485,20156.723495,20158.26046135524
83.79381,2.675259,-84.72124,20155.876342,20157.215459916253
83.80381,2.672949,-84.732967,20155.02907,20157.357123265774
83.81381,2.670646,-84.744665,20154.181682,20153.153087517425
83.82381,2.66835,-84.756334,20153.334177,20153.838287584036
83.83381,2.666061,-84.767975,20152.486556,20155.190687786842
83.84381,2.663778,-84.779587,20151.638818,20153.32655290202
83.85381,2.661503,-84.791171,20150.790964,20150.688863392454
83.86381,2.659235,-84.802726,20149.942995,20150.27057538706
83.87381,2.656973,-84.814253,20149.09491,20150.259550159968
83.88381,2.654718,-84.825751,20148.24671,20148.575979097095
83.89381,2.652471,-84.837221,20147.398395,20149.505524599896
83.90381,2.65023,-84.848663,20146.549965,20148.738482460434
83.91381,2.647996,-84.860076,20145.701422,20146.36182788601
83.92381,2.64577,-84.871461,20144.852764,20142.88825254864
83.93381,2.64355,-84.882818,20144.003992,20146.166560363414
83.94381,2.641337,-84.894146,20143.155108,20144.335859522165
83.95381,2.639131,-84.905446,20142.30611,20142.91948998294
83.96381,2.636932,-84.916718,20141.456999,20138.280481610796
83.97381,2.63474,-84.927962,20140.607775,20143.795666668088
83.98381,2.632554,-84.939178,20139.75844,20140.16964012207
83.99381,2.630376,-84.950365,20138.908992,20140.41611159588
84.00381,2.628205,-84.961525,20138.059432,20137.020125317566
84.01381,2.626041,-84.972656,20137.209761,20139.182725572595
84.02381,2.623884,-84.98376,20136.359979,20136.76114091821
84.03381,2.621733,-84.994835,20135.510086,20135.070742415213
84.04381,2.61959,-85.005883,20134.660083,20134.79841775708
84.05381,2.617454,-85.016902,20133.809969,20135.471689266087
84.06381,2.615324,-85.027894,20132.959745,20134.103838599585
84.07381,2.613202,-85.038858,20132.109411,20134.11793097298
84.08381,2.611086,-85.049794,20131.258968,20131.843385596294
84.09381,2.608978,-85.060702,20130.408415,20130.486407018037
84.10381,2.606876,-85.071583,20129.557754,20128.741458465553
84.11381,2.604782,-85.082435,20128.706984,20126.54709259803
84.12381,2.602694,-85.09326,20127.856105,20128.788729180036
84.13381,2.600614,-85.104057,20127.005119,20128.220855640455
84.14381,2.59854,-85.114827,20126.154024,20124.18233313314
84.15381,2.596436,-85.125568,20125.302822,20124.48096915563
84.16381,2.59433,-85.136279,20124.451513,20124.07606065874
84.17381,2.592232,-85.146959,20123.600097,20124.037220480186
84.18381,2.590141,-85.157609,20122.748574,20123.29599801508
84.19381,2.588058,-85.168229,20121.896945,20121.9149100833
84.20381,2.585982,-85.178818,20121.045209,20121.69612492957
84.21381,2.583914,-85.189377,20120.193368,20120.30597523016
84.22381,2.581853,-85.199906,20119.341422,20118.892332871546
84.23381,2.579799,-85.210405,20118.48937,20117.716739671912
84.24381,2.577753,-85.220874,20117.637214,20117.072178198734
84.25381,2.575715,-85.231312,20116.784953,20117.448228233694
84.26381,2.573684,-85.241721,20115.932588,20116.421176419884
84.27381,2.57166,-85.252099,20115.080119,20118.4351738276
84.28381,2.569644,-85.262447,20114.227546,20111.880289469624
84.29381,2.567635,-85.272766,20113.37487,20113.427227077533
84.30381,2.565634,-85.283054,20112.522091,20110.80350911953
84.31381,2.56364,-85.293313,20111.669209,20112.66965348172
84.32381,2.561654,-85.303542,20110.816224,20114.002337363727
84.33381,2.559675,-85.313741,20109.963138,20109.244338023273
84.34381,2.557704,-85.32391,20109.10995,20109.779986304336
84.35381,2.55574,-85.334049,20108.25666,20110.386246427573
84.36381,2.553784,-85.344159,20107.403269,20108.365466761832
84.37381,2.551835,-85.354239,20106.549777,20104.36552815507
84.38381,2.549893,-85.364289,20105.696184,20108.204646267266
84.39381,2.54796,-85.37431,20104.842491,20108.1393028399
84.40381,2.546033,-85.384301,20103.988698,20104.015943033155
84.41381,2.544114,-85.394263,20103.134805,20106.247425442794
84.42381,2.542203,-85.404195,20102.280813,20100.702659005376
84.43381,2.540298,-85.414097,20101.426721,20100.924618147146
84.44381,2.538402,-85.42397,20100.572531,20101.978556900354
84.45381,2.536513,-85.433814,20099.718242,20101.093731707446
84.46381,2.534631,-85.443628,20098.863855,20102.077332973415
84.47381,2.532757,-85.453413,20098.00937,20096.892800887472
84.48381,2.53089,-85.463169,20097.154787,20096.57128789004
84.49381,2.529031,-85.472895,20096.300106,20094.50035447611
84.50381,2.527179,-85.482592,20095.445329,20098.569972948902
84.51381,2.525335,-85.49226,20094.590455,20094.858687197437
84.52381,2.523498,-85.501899,20093.735484,20094.52537161557
84.53381,2.521669,-85.511508,20092.880417,20094.336336342883
84.54381,2.519847,-85.521089,20092.025254,20093.93312045419
84.55381,2.518033,-85.53064,20091.169995,20094.612986777705
84.56381,2.516226,-85.540163,20090.314641,20093.629312407546
84.57381,2.514426,-85.549656,20089.459192,20092.732667404794
84.58381,2.512634,-85.55912,20088.603648,20087.32434089375
84.59381,2.51085,-85.568556,20087.74801,20089.626166030997
84.60381,2.509073,-85.577963,20086.892277,20085.698501530347
84.61381,2.507303,-85.58734,20086.03645,20086.195005484904
84.62381,2.505541,-85.596689,20085.18053,20081.796347186875
84.63381,2.503786,-85.606009,20084.324517,20085.574160475055
84.64381,2.502039,-85.6153,20083.46841,20083.71988949562
84.65381,2.5003,-85.624563,20082.612211,20084.290558901874
84.66381,2.498567,-85.633797,20081.755919,20080.587840107273
84.67381,2.496842,-85.643002,20080.899535,20081.642897160767
84.68381,2.495125,-85.652179,20080.043059,20079.6921663491
84.69381,2.493415,-85.661327,20079.186491,20078.72546890283
84.70381,2.491713,-85.670446,20078.329833,20081.719266714277
84.71381,2.490018,-85.679537,20077.473083,20077.324833091378
84.72381,2.48833,-85.6886,20076.616242,20077.5885376736
84.73381,2.48665,-85.697634,20075.759311,20076.07567692
84.74381,2.484977,-85.706639,20074.902289,20073.162666082764
84.75381,2.483312,-85.715616,20074.045178,20072.131732785816
84.76381,2.481654,-85.724565,20073.187977,20074.610745499424
84.77381,2.480004,-85.733486,20072.330687,20072.648430375633
84.78381,2.478361,-85.742378,20071.473308,20073.272952498686
84.79381,2.476725,-85.751242,20070.615839,20070.862373938147
84.80381,2.475097,-85.760078,20069.758283,20069.143025682723
84.81381,2.473476,-85.768885,20068.900638,20069.143767677608
84.82381,2.471863,-85.777665,20068.042905,20067.389322872026
84.83381,2.470257,-85.786416,20067.185085,20067.71017888453
84.84381,2.468659,-85.79514,20066.327177,20065.855654249797
84.85381,2.467068,-85.803835,20065.469182,20068.047232103996
84.86381,2.465484,-85.812502,20064.6111,20063.818489329078
84.87381,2.463908,-85.821141,20063.752932,20062.627508230948
84.88381,2.46234,-85.829753,20062.894678,20059.776567927915
84.89381,2.460778,-85.838336,20062.036337,20065.281247036917
84.90381,2.459224,-85.846892,20061.177911,20063.716805000207
84.91381,2.457678,-85.855419,20060.319399,20059.167530587958
84.92381,2.456138,-85.863919,20059.460803,20062.385616098898
84.93381,2.454607,-85.872392,20058.602121,20060.865033451933
84.94381,2.453082,-85.880836,20057.743355,20057.68533239758
84.95381,2.451565,-85.889253,20056.884504,20055.88120329841
84.96381,2.450056,-85.897642,20056.02557,20054.66869385863
84.97381,2.448553,-85.906003,20055.166552,20053.79732072193
84.98381,2.447058,-85.914337,20054.30745,20052.988663384025
84.99381,2.445571,-85.922644,20053.448265,20054.68518719221
85.00381,2.444091,-85.930922,20052.588997,20052.05570105133
85.01381,2.442618,-85.939174,20051.729647,20051.25248005602
85.02381,2.441152,-85.947398,20050.870214,20052.549637257573
85.03381,2.439694,-85.955594,20050.010699,20052.717706167055
85.04381,2.438244,-85.963763,20049.151102,20050.728035861714
85.05381,2.4368,-85.971905,20048.291424,20050.01203588456
85.06381,2.435364,-85.980019,20047.431664,20049.838753583997
85.07381,2.433935,-85.988107,20046.571823,20046.327129533878
85.08381,2.432324,-85.996167,20045.711902,20045.8284156532
85.09381,2.429146,-86.004202,20044.8519,20043.285691803976
85.10381,2.425973,-86.012215,20043.991818,20046.02432079545
85.11381,2.422804,-86.020205,20043.131656,20042.206715087203
85.12381,2.419641,-86.028173,20042.271414,20042.169521166434
85.13381,2.416483,-86.036118,20041.411093,20039.65049957342
85.14381,2.413329,-86.044041,20040.550692,20040.75071374657
85.15381,2.410181,-86.051942,20039.690212,20041.020287891046
85.16381,2.407038,-86.05982,20038.829653,20043.309611012344
85.17381,2.403899,-86.067675,20037.969015,20039.01224255475
85.18381,2.400766,-86.075508,20037.1083,20038.289278609558
85.19381,2.397638,-86.083319,20036.247505,20036.938668692386
85.20381,2.394515,-86.091107,20035.386633,20034.520411550096
85.21381,2.391397,-86.098873,20034.525683,20035.190239916017
85.22381,2.388284,-86.106617,20033.664656,20036.819642878796
85.23381,2.385176,-86.114338,20032.803551,20033.36098678505
85.24381,2.382073,-86.122037,20031.942369,20033.55348949352
85.25381,2.378975,-86.129714,20031.08111,20029.748644245225
85.26381,2.375882,-86.137369,20030.219775,20028.35716202236
85.27381,2.372794,-86.145001,20029.358363,20031.39287978806
85.28381,2.369712,-86.152611,20028.496875,20029.099124506596
85.29381,2.366634,-86.160199,20027.635311,20025.57273396316
85.30381,2.363561,-86.167765,20026.773671,20027.356511402195
85.31381,2.360494,-86.175308,20025.911956,20026.14043485556
85.32381,2.357432,-86.18283,20025.050165,20025.880059492014
85.33381,2.354374,-86.190329,20024.188299,20024.283296031103
85.34381,2.351322,-86.197806,20023.326358,20026.226092747016
85.35381,2.348275,-86.205262,20022.464343,20024.35700625391
85.36381,2.345233,-86.212695,20021.602253,20022.43817126348
85.37381,2.342197,-86.220106,20020.740089,20022.394914969453
85.38381,2.339165,-86.227495,20019.877851,20019.79948554136
85.39381,2.336138,-86.234862,20019.015539,20020.873826314255
85.40381,2.333117,-86.242207,20018.153154,20021.72219567793
85.41381,2.330101,-86.24953,20017.290695,20020.200872482696
85.42381,2.32709,-86.256831,20016.428164,20016.3920140468
85.43381,2.324083,-86.26411,20015.565559,20013.628028814146
85.44381,2.321083,-86.271368,20014.702881,20016.844733405986
85.45381,2.318087,-86.278603,20013.840132,20015.924475880027
85.46381,2.315096,-86.285817,20012.977309,20014.114916899933
85.47381,2.312111,-86.293009,20012.114415,20012.855123291643
85.48381,2.309131,-86.300179,20011.251449,20010.926092470494
85.49381,2.306156,-86.307327,20010.388412,20009.915233460793
85.50381,2.303186,-86.314453,20009.525303,20009.92107644969
85.51381,2.300221,-86.321558,20008.662123,20009.431801394763
85.52381,2.297262,-86.328641,20007.798872,20007.792313906706
85.53381,2.294307,-86.335702,20006.93555,20008.01146939593
85.54381,2.291358,-86.342742,20006.072158,20006.231028507053
85.55381,2.288414,-86.349759,20005.208695,20005.632086708254
85.56381,2.285476,-86.356756,20004.345163,20006.959239416814
85.57381,2.282542,-86.36373,20003.48156,20004.32030057289
85.58381,2.279614,-86.370683,20002.617888,20004.72748420191
85.59381,2.276993,-86.377614,20001.754147,20000.569887306152
85.60381,2.27441,-86.384523,20000.890336,20003.596334913193
85.61381,2.271833,-86.391409,20000.026456,19999.727512888912
85.62381,2.269261,-86.398273,19999.162508,19998.73174956644
85.63381,2.266695,-86.405114,19998.298491,19998.42498543066
85.64381,2.264134,-86.411934,19997.434406,19999.469911440658
85.65381,2.26158,-86.418731,19996.570252,19994.42551469565
85.66381,2.259031,-86.425506,19995.706031,19995.334105756017
85.67381,2.256487,-86.432258,19994.841742,19995.65452994655
85.68381,2.253949,-86.438989,19993.977386,19995.724083781315
85.69381,2.251417,-86.445697,19993.112963,19993.124175633147
85.70381,2.248891,-86.452383,19992.248472,19992.601045735497
85.71381,2.24637,-86.459047,19991.383915,19993.906401527853
85.72381,2.243855,-86.465688,19990.519291,19988.91817049301
85.73381,2.241345,-86.472308,19989.654601,19992.242173019662
85.74381,2.238841,-86.478906,19988.789845,19991.05632362954
85.75381,2.236343,-86.485482,19987.925023,19991.072787892615
85.76381,2.233851,-86.492035,19987.060136,19987.51548564072
85.77381,2.231364,-86.498567,19986.195183,19986.98359692338
85.78381,2.228883,-86.505077,19985.330164,19987.520438118278
85.79381,2.226408,-86.511564,19984.465081,19986.10002531158
85.80381,2.223938,-86.51803,19983.599933,19983.359581196986
85.81381,2.221473,-86.524474,19982.734721,19981.941295009703
85.82381,2.219012,-86.530896,19981.869444,19983.2085928828
85.83381,2.216556,-86.537295,19981.004103,19979.247685206625
85.84381,2.214106,-86.543672,19980.138698,19981.979778136545
85.85381,2.211662,-86.550027,19979.273229,19977.305495338354
85.86381,2.209223,-86.556359,19978.407697,19979.16326393531
85.87381,2.20679,-86.562669,19977.542102,19975.134621257028
85.88381,2.204364,-86.568957,19976.676444,19976.263036345936
85.89381,2.201942,-86.575223,19975.810723,19976.347151294878
85.90381,2.199527,-86.581466,19974.94494,19976.716416609008
85.91381,2.197117,-86.587688,19974.079094,19973.829867724115
85.92381,2.194714,-86.593887,19973.213186,19972.836468195477
85.93381,2.192316,-86.600064,19972.347216,19973.93252789312
85.94381,2.189924,-86.606219,19971.481185,19971.30096884515
85.95381,2.187537,-86.612352,19970.615092,19971.992924721144
85.96381,2.185157,-86.618463,19969.748938,19970.56887712598
85.97381,2.182782,-86.624552,19968.882723,19970.168906945877
85.98381,2.180413,-86.630619,19968.016447,19969.780309375903
85.99381,2.17805,-86.636664,19967.150111,19966.09008014283
86.00381,2.175693,-86.642687,19966.283714,19967.3323674549
86.01381,2.173341,-86.648688,19965.417257,19966.23758131478
86.02381,2.170996,-86.654667,19964.55074,19966.26465630579
86.03381,2.168656,-86.660624,19963.684164,19964.866637878957
86.04381,2.166322,-86.66656,19962.817528,19963.45276504579
86.05381,2.163994,-86.672474,19961.950833,19963.08096792903
86.06381,2.161672,-86.678366,19961.084078,19960.00457340506
86.07381,2.159355,-86.684236,19960.217265,19960.549483059338
86.08381,2.157045,-86.690084,19959.350394,19958.06527592924
86.09381,2.15474,-86.695911,19958.483464,19960.32323086776
86.10381,2.152441,-86.701716,19957.616475,19957.661741260516
86.11381,2.150148,-86.7075,19956.749429,19956.39510613888
86.12381,2.147861,-86.713261,19955.882326,19957.815635797673
86.13381,2.14558,-86.719002,19955.015164,19956.23987944646
86.14381,2.143305,-86.72472,19954.147946,19951.91047511397
86.15381,2.141035,-86.730417,19953.28067,19954.505341779575
86.16381,2.138771,-86.736093,19952.413337,19954.36319036182
86.17381,2.136514,-86.741747,19951.545948,19951.911002591907
86.18381,2.134262,-86.747379,19950.678502,19950.90915632246
86.19381,2.132016,-86.75299,19949.811001,19950.328579863057
86.20381,2.129775,-86.75858,19948.943443,19950.83686617109
86.21381,2.127541,-86.764148,19948.075829,19949.55497937219
86.22381,2.125313,-86.769694,19947.20816,19947.516850652275
86.23381,2.12309,-86.77522,19946.340435,19946.645654406562
86.24381,2.120874,-86.780724,19945.472656,19945.713824632967
86.25381,2.118663,-86.786207,19944.604821,19945.876335410096
86.26381,2.116458,-86.791668,19943.736931,19945.751087502245
86.27381,2.114259,-86.797108,19942.868988,19947.620772527636
86.28381,2.112066,-86.802527,19942.000989,19942.24972800697
86.29381,2.109879,-86.807925,19941.132937,19941.05736637146
86.30381,2.107698,-86.813301,19940.264831,19941.605572290442
86.31381,2.10552,-86.818657,19939.396671,19941.547498709107
86.32381,2.105036,-86.823988,19938.528458,19936.95776213127
86.33381,2.105271,-86.829293,19937.660191,19938.402235353387
86.34381,2.105511,-86.83457,19936.791872,19937.290381610306
86.35381,2.105757,-86.83982,19935.9235,19935.132349351454
86.36381,2.106008,-86.845043,19935.055076,19937.441255491798
86.37381,2.106263,-86.850238,19934.186599,19936.540898153882
86.38381,2.106525,-86.855406,19933.318071,19933.361481822278
86.39381,2.106791,-86.860548,19932.449491,19933.15844775206
86.40381,2.107062,-86.865662,19931.58086,19935.022904872258
86.41381,2.107339,-86.870749,19930.712178,19929.7115433414
86.42381,2.107621,-86.875809,19929.843445,19931.87529510638
86.43381,2.107907,-86.880842,19928.974662,19931.373046834997
86.44381,2.108199,-86.885849,19928.105829,19927.49639939102
86.45381,2.108496,-86.890828,19927.236945,19926.43438794818
86.46381,2.108797,-86.895781,19926.368012,19929.414477194656
86.47381,2.109104,-86.900707,19925.49903,19927.166638789025
86.48381,2.109416,-86.905607,19924.629998,19927.290167611136
86.49381,2.109732,-86.91048,19923.760918,19925.04476233656
86.50381,2.110054,-86.915326,19922.891789,19924.982251133097
86.51381,2.11038,-86.920146,19922.022611,19923.188147102665
86.52381,2.110711,-86.924939,19921.153386,19921.356869003106
86.53381,2.111047,-86.929706,19920.284113,19920.141258524367
86.54381,2.111387,-86.934446,19919.414792,19921.389012422518
86.55381,2.111733,-86.93916,19918.545424,19922.180526832388
86.56381,2.112083,-86.943848,19917.676009,19918.267832599126
86.57381,2.112438,-86.94851,19916.806547,19917.566332748866
86.58381,2.112797,-86.953145,19915.937039,19917.512757867524
86.59381,2.113161,-86.957755,19915.067484,19915.92398246424
86.60381,2.11353,-86.962338,19914.197884,19913.922052775313
86.61381,2.113904,-86.966895,19913.328237,19912.664457775856
86.62381,2.114281,-86.971426,19912.458546,19911.363672149204
86.63381,2.114664,-86.975932,19911.588809,19913.67979792497
86.64381,2.115051,-86.980411,19910.719027,19912.24263770115
86.65381,2.115443,-86.984865,19909.849201,19910.682618473104
86.66381,2.115839,-86.989292,19908.97933,19909.082728267535
86.67381,2.116239,-86.993694,19908.109415,19908.483293384834
86.68381,2.116644,-86.998071,19907.239456,19910.20496724608
86.69381,2.117053,-87.002421,19906.369454,19905.392631217845
86.70381,2.117467,-87.006746,19905.499408,19904.3102732773
86.71381,2.117885,-87.011046,19904.629319,19905.550026785833
86.72381,2.118308,-87.01532,19903.759187,19904.08073175256
86.73381,2.118734,-87.019568,19902.889013,19902.028575817436
86.74381,2.119165,-87.023791,19902.018796,19903.861201592303
86.75381,2.119601,-87.027989,19901.148537,19904.67198796045
86.76381,2.12004,-87.032161,19900.278236,19899.77963877692
86.77381,2.120484,-87.036308,19899.407894,19898.623035603952
86.78381,2.120932,-87.04043,19898.53751,19899.02024495467
86.79381,2.121384,-87.044527,19897.667085,19898.78039210862
86.80381,2.12184,-87.048598,19896.796619,19897.699517965302
86.81381,2.122301,-87.052645,19895.926113,19895.110045995578
86.82381,2.122765,-87.056666,19895.055567,19896.70582403523
86.83381,2.123234,-87.060662,19894.18498,19894.726110773252
86.84381,2.123706,-87.064634,19893.314354,19895.034829003092
86.85381,2.124183,-87.06858,19892.443687,19894.50418215045
86.86381,2.124663,-87.072502,19891.572982,19891.130398652087
86.87381,2.125148,-87.076399,19890.702237,19890.05792458327
86.88381,2.125637,-87.080271,19889.831454,19892.08277990942
86.89381,2.126129,-87.084119,19888.960632,19891.58178103714
86.90381,2.126626,-87.087941,19888.089772,19888.973609393106
86.91381,2.127126,-87.091739,19887.218873,19890.04574945562
86.92381,2.12763,-87.095513,19886.347937,19886.166136570904
86.93381,2.128138,-87.099262,19885.476963,19886.4220806377
86.94381,2.12865,-87.102987,19884.605952,19883.577837947792
86.95381,2.129165,-87.106687,19883.734904,19884.14887015686
86.96381,2.129685,-87.110362,19882.863818,19884.164561196772
86.97381,2.130208,-87.114014,19881.992696,19883.266236143558
86.98381,2.130735,-87.117641,19881.121538,19880.835107697032
86.99381,2.131265,-87.121244,19880.250344,19879.014612293737
87.00381,2.131799,-87.124822,19879.379113,19879.79477720988
87.01381,2.132337,-87.128377,19878.507847,19877.847665636622
87.02381,2.132879,-87.131907,19877.636546,19876.529207373627
87.03381,2.133424,-87.135413,19876.765209,19876.66335328102
87.04381,2.133971,-87.138895,19875.893838,19874.813893333383
87.05381,2.134523,-87.142354,19875.022431,19877.408442721942
87.06381,2.135078,-87.145789,19874.150991,19875.769120259458
87.07381,2.135636,-87.1492,19873.279516,19874.19326334492
87.08381,2.136198,-87.152587,19872.408007,19874.547623954364
87.09381,2.136763,-87.155951,19871.536464,19874.304010064265
87.10381,2.137331,-87.159291,19870.664888,19872.209023681626
87.11381,2.137903,-87.162608,19869.793278,19868.95798916997
87.12381,2.138479,-87.165901,19868.921636,19870.654722432086
87.13381,2.139057,-87.169171,19868.04996,19866.751678984332
87.14381,2.139639,-87.172417,19867.178252,19868.55493683245
87.15381,2.140225,-87.17564,19866.306512,19870.687561928677
87.16381,2.140813,-87.17884,19865.43474,19868.003188867053
87.17381,2.141405,-87.182016,19864.562935,19868.799480753492
87.18381,2.142,-87.185169,19863.691099,19864.72250240575
87.19381,2.142599,-87.188299,19862.819232,19864.464250074783
87.20381,2.1432,-87.191406,19861.947334,19861.63759582824
87.21381,2.143805,-87.19449,19861.075404,19862.30272842207
87.22381,2.144413,-87.19755,19860.203444,19861.06965747702
87.23381,2.145024,-87.200588,19859.331453,19859.103246073668
87.24381,2.145638,-87.203603,19858.459432,19858.019854303006
87.25381,2.146256,-87.206595,19857.587381,19859.078637229304
87.26381,2.146876,-87.209563,19856.7153,19859.34860075026
87.27381,2.147499,-87.21251,19855.84319,19856.882668092156
87.28381,2.148126,-87.215433,19854.97105,19856.451262827817
87.29381,2.148755,-87.218334,19854.098881,19852.71988567176
87.30381,2.149388,-87.221212,19853.226684,19853.111124646533
87.31381,2.150023,-87.224067,19852.354457,19852.30212146179
87.32381,2.150662,-87.226899,19851.482202,19852.688610124107
87.33381,2.151303,-87.22971,19850.609919,19849.56980117622
87.34381,2.151947,-87.232497,19849.737608,19847.353900557366
87.35381,2.152595,-87.235262,19848.865269,19849.017228672845
87.36381,2.153245,-87.238005,19847.992903,19847.44563456889
87.37381,2.153898,-87.240725,19847.120509,19846.72993705272
87.38381,2.154553,-87.243423,19846.248089,19845.422740200578
87.39381,2.155212,-87.246099,19845.375641,19842.349794656242
87.40381,2.155873,-87.248752,19844.503167,19843.761336511798
87.41381,2.156537,-87.251384,19843.630666,19845.79811067016
87.42381,2.157204,-87.253993,19842.758139,19843.2682273198
87.43381,2.157874,-87.25658,19841.885586,19841.617310085647
87.44381,2.158546,-87.259144,19841.013008,19840.31861010449
87.45381,2.159221,-87.261687,19840.140403,19841.28197595583
87.46381,2.159899,-87.264208,19839.267774,19841.589035122477
87.47381,2.160579,-87.266707,19838.395119,19840.88428618411
87.48381,2.161262,-87.269184,19837.52244,19834.95028999028
87.49381,2.161948,-87.271639,19836.649736,19840.572676944754
87.50381,2.162636,-87.274072,19835.777007,19838.13506968318
87.51381,2.163327,-87.276484,19834.904254,19832.348503735397
87.52381,2.16402,-87.278873,19834.031478,19835.57456409968
87.53381,2.164377,-87.281242,19833.158677,19834.500365296182
87.54381,2.164164,-87.28359,19832.285853,19831.806661798328
87.55381,2.163955,-87.285918,19831.413005,19832.22049358582
87.56381,2.163749,-87.288227,19830.540134,19831.50664659607
87.57381,2.163547,-87.290516,19829.667241,19830.28993307255
87.58381,2.163349,-87.292785,19828.794324,19829.646362149448
87.59381,2.163154,-87.295035,19827.921385,19830.242448614703
87.60381,2.162963,-87.297266,19827.048424,19829.38058587261
87.61381,2.162776,-87.299477,19826.17544,19827.26202680173
87.62381,2.162592,-87.301668,19825.302434,19827.605336358803
87.63381,2.162412,-87.30384,19824.429407,19825.505079362494
87.64381,2.162236,-87.305993,19823.556357,19824.89354730132
87.65381,2.162063,-87.308126,19822.683287,19824.996384603197
87.66381,2.161894,-87.31024,19821.810195,19820.52847978627
87.67381,2.161728,-87.312335,19820.937082,19821.329436742893
87.68381,2.161566,-87.31441,19820.063948,19822.03298981959
87.69381,2.161407,-87.316466,19819.190794,19822.764547643157
87.70381,2.161252,-87.318503,19818.317619,19819.130607004867
87.71381,2.1611,-87.320521,19817.444424,19818.009110478615
87.72381,2.160952,-87.32252,19816.571209,19819.424222269237
87.73381,2.160807,-87.3245,19815.697974,19819.4254207904
87.74381,2.160666,-87.326461,19814.824719,19814.052121043325
87.75381,2.160528,-87.328402,19813.951444,19814.412530713034
87.76381,2.160394,-87.330325,19813.078151,19812.182419772093
87.77381,2.160263,-87.332229,19812.204838,19811.071532976013
87.78381,2.160135,-87.334114,19811.331506,19811.11995684532
87.79381,2.160011,-87.33598,19810.458156,19812.427923311512
87.80381,2.15989,-87.337827,19809.584787,19808.639722963846
87.81381,2.159773,-87.339655,19808.711399,19809.46475349028
87.82381,2.159659,-87.341465,19807.837994,19806.45662848492
87.83381,2.159549,-87.343256,19806.96457,19806.966730776963
87.84381,2.159441,-87.345028,19806.091129,19807.010049322573
87.85381,2.159337,-87.346781,19805.21767,19806.39591450236
87.86381,2.159237,-87.348516,19804.344193,19807.19477427996
87.87381,2.15914,-87.350233,19803.470699,19801.619176954664
87.88381,2.159046,-87.35193,19802.597188,19803.791541798546
87.89381,2.158955,-87.35361,19801.723661,19805.16805202026
87.90381,2.158868,-87.35527,19800.850116,19801.13098444793
87.91381,2.158783,-87.356913,19799.976555,19799.78343238803
87.92381,2.158702,-87.358536,19799.102978,19800.40923037737
87.93381,2.158625,-87.360142,19798.229385,19798.66972783511
87.94381,2.15855,-87.361729,19797.355775,19797.403262944677
87.95381,2.158479,-87.363297,19796.48215,19797.475457171742
87.96381,2.158411,-87.364848,19795.608509,19798.306864022656
87.97381,2.158346,-87.36638,19794.734853,19796.262474755284
87.98381,2.158285,-87.367894,19793.861182,19794.389584665583
87.99381,2.158226,-87.36939,19792.987496,19792.83432654845
88.00381,2.158171,-87.370867,19792.113794,19792.716138428863
88.01381,2.158119,-87.372327,19791.240078,19793.00825726005
88.02381,2.158069,-87.373768,19790.366348,19792.18604837412
88.03381,2.158024,-87.375191,19789.492603,19788.902959449322
88.04381,2.157981,-87.376597,19788.618844,19792.390813180045
88.05381,2.157941,-87.377984,19787.745071,19789.026904674065
88.06381,2.157904,-87.379353,19786.871284,19787.193684584545
88.07381,2.157871,-87.380705,19785.997484,19784.30650184217
88.08381,2.15784,-87.382038,19785.12367,19787.066490636098
88.09381,2.157812,-87.383354,19784.249843,19785.96582826438
88.10381,2.157788,-87.384652,19783.376003,19785.996942433456
88.11381,2.157767,-87.385932,19782.50215,19783.896440580076
88.12381,2.157748,-87.387194,19781.628285,19782.461837827715
88.13381,2.157733,-87.388438,19780.754407,19781.34032127682
88.14381,2.15772,-87.389665,19779.880516,19779.672294026896
88.15381,2.157711,-87.390874,19779.006613,19781.859905419245
88.16381,2.157704,-87.392066,19778.132699,19777.163742201148
88.17381,2.157701,-87.39324,19777.258772,19776.69274230586
88.18381,2.1577,-87.394396,19776.384834,19776.675847130864
88.19381,2.157702,-87.395535,19775.510884,19776.84825230376
88.20381,2.157707,-87.396656,19774.636923,19772.306988781344
88.21381,2.157715,-87.39776,19773.762951,19775.546494173068
88.22381,2.157726,-87.398847,19772.888968,19773.23497979419
88.23381,2.15774,-87.399916,19772.014974,19771.956946341583
88.24381,2.157774,-87.400967,19771.14097,19769.777559422026
88.25381,2.157812,-87.402,19770.266955,19772.062948927414
88.26381,2.157853,-87.403014,19769.39293,19768.231344323907
88.27381,2.157896,-87.40401,19768.518895,19767.19192858026
88.28381,2.157942,-87.404988,19767.64485,19770.064534122237
88.29381,2.157992,-87.405948,19766.770795,19768.914867670203
88.30381,2.158044,-87.406889,19765.896731,19768.928799210982
88.31381,2.158099,-87.407813,19765.022657,19764.310840922255
88.32381,2.158157,-87.408718,19764.148575,19764.111296175015
88.33381,2.158218,-87.409605,19763.274483,19764.61693799211
88.34381,2.158282,-87.410474,19762.400383,19762.03054258074
88.35381,2.158349,-87.411325,19761.526274,19763.103011641295
88.36381,2.158418,-87.412158,19760.652156,19761.785650190326
88.37381,2.158491,-87.412973,19759.77803,19763.159639506008
88.38381,2.158566,-87.413771,19758.903897,19759.316249515006
88.39381,2.158644,-87.41455,19758.029755,19760.26609758304
88.40381,2.158725,-87.415312,19757.155606,19758.989649648734
88.41381,2.158808,-87.416055,19756.281449,19757.76709957449
88.42381,2.158894,-87.416781,19755.407285,19758.97716380925
88.43381,2.158984,-87.417489,19754.533113,19754.43239832197
88.44381,2.159075,-87.41818,19753.658935,19755.116642290235
88.45381,2.15917,-87.418853,19752.78475,19753.511852218522
88.46381,2.159267,-87.419508,19751.910558,19748.525499371
88.47381,2.159367,-87.420145,19751.03636,19750.44696414217
88.48381,2.15947,-87.420765,19750.162155,19749.76058203589
88.49381,2.159575,-87.421368,19749.287945,19747.79024310273
88.50381,2.159683,-87.421953,19748.413728,19747.33900901639
88.51381,2.159794,-87.42252,19747.539506,19751.22002586591
88.52381,2.159907,-87.42307,19746.665278,19749.697156587856
88.53381,2.160023,-87.423603,19745.791044,19746.668114055974
88.54381,2.160142,-87.424118,19744.916806,19748.24192585012
88.55381,2.160263,-87.424616,19744.042562,19745.474048524302
88.56381,2.160387,-87.425097,19743.168313,19743.562426654342
88.57381,2.160513,-87.42556,19742.29406,19740.559077721966
88.58381,2.160642,-87.426006,19741.419802,19743.19109314378
88.59381,2.160774,-87.426435,19740.54554,19744.404976289417
88.60381,2.160908,-87.426847,19739.671274,19738.900821920295
88.61381,2.161045,-87.427241,19738.797003,19739.43625029777
88.62381,2.161184,-87.427619,19737.922729,19737.83926537249
88.63381,2.161325,-87.427979,19737.048451,19735.32226633668
88.64381,2.16147,-87.428322,19736.174169,19737.1991780253
88.65381,2.161616,-87.428649,19735.299884,19738.313168104225
88.66381,2.161766,-87.428958,19734.425596,19735.467050733296
88.67381,2.161917,-87.429251,19733.551305,19734.21927589251
88.68381,2.162071,-87.429526,19732.677011,19735.146879828957
88.69381,2.162228,-87.429785,19731.802715,19733.899688465644
88.70381,2.162387,-87.430027,19730.928416,19732.621664139817
88.71381,2.162548,-87.430252,19730.054114,19730.27569728503
88.72381,2.162712,-87.43046,19729.179811,19729.48117277798
88.73381,2.162878,-87.430651,19728.305505,19728.53714229911
88.74381,2.163047,-87.430826,19727.431198,19725.854976659426
88.75381,2.163218,-87.430984,19726.556889,19727.406392159734
88.76381,2.163391,-87.431126,19725.682578,19726.889171925006
88.77381,2.163567,-87.43125,19724.808266,19725.996514250204
88.78381,2.163745,-87.431359,19723.933953,19723.221848075278
88.79381,2.163925,-87.43145,19723.059639,19722.82044151599
88.80381,2.164108,-87.431526,19722.185324,19723.446406641993
88.81381,2.164293,-87.431584,19721.311009,19722.150755318347
88.82381,2.16448,-87.431627,19720.436693,19721.628340642532
88.83381,2.164669,-87.431653,19719.562376,19718.037611666747
88.84381,2.164861,-87.431662,19718.68806,19720.405910959922
88.85381,2.165055,-87.431655,19717.813743,19720.568846866576
88.86381,2.165252,-87.431632,19716.939427,19720.010378180166
88.87381,2.16545,-87.431593,19716.06511,19717.42614761332
88.88381,2.165651,-87.431537,19715.190795,19714.45830290826
88.89381,2.165854,-87.431465,19714.31648,19715.330449470493
88.90381,2.166059,-87.431377,19713.442166,19713.26680218463
88.91381,2.166267,-87.431272,19712.567852,19713.507963475437
88.92381,2.166476,-87.431152,19711.69354,19712.740446429278
88.93381,2.166688,-87.431015,19710.819229,19710.43791083003
88.94381,2.166902,-87.430863,19709.94492,19711.448120884048
88.95381,2.167118,-87.430694,19709.070612,19714.455521973916
88.96381,2.167336,-87.43051,19708.196306,19708.880585772906
88.97381,2.167557,-87.430309,19707.322002,19710.190279650447
88.98381,2.167779,-87.430093,19706.4477,19707.753201193547
88.99381,2.168004,-87.42986,19705.5734,19707.076824431704
89.00381,2.16823,-87.429612,19704.699103,19705.593898504925
89.01381,2.168459,-87.429348,19703.824808,19705.5117516761
89.02381,2.16869,-87.429068,19702.950516,19700.74108468972
89.03381,2.168923,-87.428772,19702.076227,19702.839077799945
89.04381,2.169158,-87.428461,19701.20194,19700.242716926394
89.05381,2.169395,-87.428134,19700.327657,19701.442294758403
89.06381,2.169634,-87.427791,19699.453378,19701.745341337355
89.07381,2.169875,-87.427432,19698.579102,19699.473404464243
89.08381,2.170118,-87.427058,19697.704829,19700.0382378161
89.09381,2.170363,-87.426668,19696.830561,19697.299071016765
89.10381,2.17061,-87.426263,19695.956296,19698.032696519018
89.11381,2.170859,-87.425842,19695.082035,19698.104130697397
89.12381,2.17111,-87.425406,19694.207779,19692.745766041855
89.13381,2.171363,-87.424954,19693.333527,19696.31021511416
89.14381,2.171617,-87.424487,19692.45928,19694.83517858603
89.15381,2.171874,-87.424005,19691.585038,19692.091226389588
89.16381,2.172133,-87.423507,19690.7108,19691.69414276723
89.17381,2.172394,-87.422993,19689.836568,19689.147794625875
89.18381,2.172656,-87.422465,19688.96234,19690.468299094
89.19381,2.17292,-87.421921,19688.088118,19686.131348343362
89.20381,2.173187,-87.421362,19687.213902,19690.460454901302
89.21381,2.173455,-87.420788,19686.339691,19684.388803568047
89.22381,2.173725,-87.420198,19685.465486,19685.884188189553
89.23381,2.173997,-87.419593,19684.591287,19687.20579161177
89.24381,2.174271,-87.418974,19683.717094,19685.34719971871
89.25381,2.174546,-87.418339,19682.842908,19683.25531183428
89.26381,2.174823,-87.417689,19681.968728,19682.36203731574
89.27381,2.175103,-87.417024,19681.094554,19683.814478974928
89.28381,2.175384,-87.416344,19680.220387,19680.42233620137
89.29381,2.175666,-87.415649,19679.346227,19680.68287815646
89.30381,2.175951,-87.414939,19678.472074,19677.95960765605
89.31381,2.176237,-87.414214,19677.597928,19679.222065566013
89.32381,2.176525,-87.413475,19676.72379,19678.02165089754
89.33381,2.176815,-87.41272,19675.849659,19676.52785621268
89.34381,2.177107,-87.411951,19674.975536,19675.802474739525
89.35381,2.1774,-87.411167,19674.10142,19674.98796916674
89.36381,2.177695,-87.410368,19673.227312,19674.75330178249
89.37381,2.177992,-87.409555,19672.353213,19671.122113854322
89.38381,2.17829,-87.408726,19671.479121,19673.310473429323
89.39381,2.17859,-87.407884,19670.605038,19670.355275149075
89.40381,2.178892,-87.407026,19669.730964,19669.310888729724
89.41381,2.179195,-87.406154,19668.856898,19669.2033484571
89.42381,2.179501,-87.405267,19667.982841,19667.572987429558
89.43381,2.179807,-87.404366,19667.108793,19666.94067045537
89.44381,2.180116,-87.40345,19666.234753,19668.090376674172
89.45381,2.180426,-87.40252,19665.360724,19662.163843311926
89.46381,2.180737,-87.401575,19664.486703,19661.57942899817
89.47381,2.181051,-87.400616,19663.612692,19662.86281949514
89.48381,2.181366,-87.399642,19662.738691,19664.709600871487
89.49381,2.181682,-87.398655,19661.864699,19661.640385367147
89.50381,2.182,-87.397652,19660.990718,19662.24771772674
89.51381,2.18232,-87.396636,19660.116746,19662.890839827363
89.52381,2.182641,-87.395605,19659.242785,19660.704405602366
89.53381,2.182963,-87.39456,19658.368834,19658.69485518275
89.54381,2.183288,-87.393501,19657.494894,19655.414313364
89.55381,2.183614,-87.392427,19656.620964,19656.166509244384
89.56381,2.183941,-87.39134,19655.747045,19658.264399896314
89.57381,2.18427,-87.390238,19654.873138,19654.40165057512
89.58381,2.1846,-87.389122,19653.999241,19657.803383684262
89.59381,2.184932,-87.387992,19653.125355,19653.17722832424
89.60381,2.185265,-87.386848,19652.251481,19653.686352605644
89.61381,2.1856,-87.38569,19651.377618,19653.516787937417
89.62381,2.185936,-87.384519,19650.503767,19651.61112485987
89.63381,2.186274,-87.383333,19649.629928,19652.054794651995
89.64381,2.186613,-87.382133,19648.756101,19646.933339829277
89.65381,2.186954,-87.380919,19647.882285,19649.35219588561
89.66381,2.187296,-87.379692,19647.008482,19645.51450955876
89.67381,2.187639,-87.37845,19646.134691,19646.708996255802
89.68381,2.187984,-87.377195,19645.260913,19646.486097642064
89.69381,2.188331,-87.375926,19644.387148,19645.916901606513
89.70381,2.188678,-87.374644,19643.513395,19643.31014291427
89.71381,2.189027,-87.373347,19642.639655,19645.427079389534
89.72381,2.189378,-87.372037,19641.765928,19643.88382726182
89.73381,2.18973,-87.370713,19640.892214,19643.46252809582
89.74381,2.190083,-87.369376,19640.018514,19641.36745397526
89.75381,2.190438,-87.368025,19639.144827,19639.26222502355
89.76381,2.190793,-87.36666,19638.271153,19641.61480299934
89.77381,2.191151,-87.365282,19637.397493,19639.462852896795
89.78381,2.191509,-87.363891,19636.523848,19639.252562677742
89.79381,2.191869,-87.362486,19635.650216,19637.008634930895
89.80381,2.19223,-87.361067,19634.776598,19633.258507428825
89.81381,2.192593,-87.359635,19633.902994,19635.11647695776
89.82381,2.192956,-87.35819,19633.029405,19634.138576334113
89.83381,2.193322,-87.356731,19632.155831,19632.168105482204
89.84381,2.193688,-87.355259,19631.282271,19631.09300016007
89.85381,2.194055,-87.353774,19630.408726,19632.43176237463
89.86381,2.194424,-87.352275,19629.535195,19629.04967955917
89.87381,2.194794,-87.350763,19628.66168,19628.640957912037
89.88381,2.195166,-87.349238,19627.78818,19629.819076905344
89.89381,2.195538,-87.347699,19626.914695,19628.094844539857
89.90381,2.195912,-87.346148,19626.041226,19626.324780585906
89.91381,2.196287,-87.344583,19625.167772,19625.998696648297
89.92381,2.196663,-87.343005,19624.294334,19625.234594979273
89.93381,2.197041,-87.341414,19623.420912,19622.87207819655
89.94381,2.197419,-87.33981,19622.547506,19624.256596245476
89.95381,2.197799,-87.338193,19621.674116,19625.917092617805
89.96381,2.19818,-87.336563,19620.800742,19621.845635084468
89.97381,2.198562,-87.33492,19619.927385,19620.917201295342
89.98381,2.198945,-87.333264,19619.054044,19622.329543679956
89.99381,2.19933,-87.331596,19618.18072,19619.0149673811
90.00381,2.199715,-87.329914,19617.307412,19615.8027732152
90.01381,2.200102,-87.328219,19616.434122,19617.073247477274
90.02381,2.200489,-87.326512,19615.560848,19615.19453583557
90.03381,2.200878,-87.324792,19614.687591,19613.78137251918
90.04381,2.201268,-87.323058,19613.814352,19615.40455922635
90.05381,2.201659,-87.321313,19612.94113,19616.232709222168
90.06381,2.202052,-87.319554,19612.067926,19616.834906709126
90.07381,2.202445,-87.317783,19611.194739,19611.972403030515
90.08381,2.202839,-87.315999,19610.32157,19609.0701458583
90.09381,2.203235,-87.314203,19609.448419,19609.982254819468
90.10381,2.203631,-87.312393,19608.575286,19608.80818820831
90.11381,2.204029,-87.310572,19607.702171,19606.652863668747
90.12381,2.204427,-87.308737,19606.829075,19607.943499495643
90.13381,2.204827,-87.306891,19605.955997,19607.07148194364
90.14381,2.205227,-87.305031,19605.082937,19607.76580756725
90.15381,2.205629,-87.303159,19604.209896,19604.898890699656
90.16381,2.206032,-87.301275,19603.336874,19598.634211308516
90.17381,2.206435,-87.299378,19602.463871,19600.96357450978
90.18381,2.20684,-87.297469,19601.590886,19604.23165457489
90.19381,2.207246,-87.295548,19600.717921,19602.791959885686
90.20381,2.207652,-87.293614,19599.844975,19599.88567474008
90.21381,2.20806,-87.291668,19598.972049,19602.37340226728
90.22381,2.208468,-87.28971,19598.099142,19598.458643381447
90.23381,2.208878,-87.287739,19597.226255,19597.236810475308
90.24381,2.209288,-87.285756,19596.353387,19597.965911976495
90.25381,2.2097,-87.283761,19595.48054,19597.15577497515
90.26381,2.210112,-87.281754,19594.607712,19595.301274746445
90.27381,2.210525,-87.279734,19593.734905,19592.172670684588
90.28381,2.210939,-87.277702,19592.862118,19592.504233773157
90.29381,2.211354,-87.275659,19591.989351,19592.480439628096
90.30381,2.21177,-87.273603,19591.116604,19591.790816399476
90.31381,2.212187,-87.271535,19590.243879,19591.35691654058
90.32381,2.212605,-87.269455,19589.371174,19589.50876222107
90.33381,2.213024,-87.267364,19588.49849,19588.474906185358
90.34381,2.213443,-87.26526,19587.625827,19587.416633100664
90.35381,2.213864,-87.263144,19586.753185,19585.017262399375
90.36381,2.214285,-87.261016,19585.880564,19582.999309948606
90.37381,2.214707,-87.258877,19585.007964,19587.15481786956
90.38381,2.21513,-87.256725,19584.135386,19585.573069609105
90.39381,2.215554,-87.254562,19583.26283,19587.283542713554
90.40381,2.215978,-87.252387,19582.390295,19583.642746453712
90.41381,2.216404,-87.2502,19581.517782,19582.075815526736
90.42381,2.21683,-87.248002,19580.645291,19579.06541754809
90.43381,2.217257,-87.245791,19579.772822,19581.65419142344
90.44381,2.217685,-87.243569,19578.900375,19578.50276626493
90.45381,2.218114,-87.241336,19578.027951,19579.339275327104
90.46381,2.218543,-87.23909,19577.155549,19577.1312218779
90.47381,2.218973,-87.236833,19576.283169,19577.230490033224
90.48381,2.219404,-87.234565,19575.410812,19574.563041715803
90.49381,2.219836,-87.232285,19574.538478,19575.8941039115
90.50381,2.220269,-87.229993,19573.666166,19574.19198758707
90.51381,2.220702,-87.22769,19572.793878,19573.59798610172
90.52381,2.221136,-87.225375,19571.921613,19572.87116729184
90.53381,2.221571,-87.223049,19571.04937,19572.88916954158
90.54381,2.222007,-87.220711,19570.177152,19570.853351409252
90.55381,2.222443,-87.218362,19569.304956,19571.870766252963
90.56381,2.22288,-87.216002,19568.432784,19567.985032587898
90.57381,2.223317,-87.21363,19567.560636,19567.32663555682
90.58381,2.223756,-87.211247,19566.688512,19565.458213751324
90.59381,2.224195,-87.208852,19565.816411,19565.833855086687
90.60381,2.224635,-87.206446,19564.944335,19566.49113123335
90.61381,2.225075,-87.204029,19564.072282,19565.43179237447
90.62381,2.225516,-87.201601,19563.200254,19564.58827097196
90.63381,2.225958,-87.199162,19562.32825,19564.107868708972
90.64381,2.226401,-87.196711,19561.456271,19560.809724830335
90.65381,2.226844,-87.194249,19560.584316,19562.34623126935
90.66381,2.227288,-87.191776,19559.712386,19561.314806346498
90.67381,2.227732,-87.189292,19558.840481,19558.79353012031
90.68381,2.228177,-87.186797,19557.9686,19558.728996421927
90.69381,2.228623,-87.184291,19557.096745,19555.149711390623
90.70381,2.22907,-87.181773,19556.224915,19556.747238151474
90.71381,2.229517,-87.179245,19555.353109,19553.274194393234
90.72381,2.229964,-87.176706,19554.48133,19553.15180985137
90.73381,2.230412,-87.174156,19553.609575,19557.939566865105
90.74381,2.230861,-87.171595,19552.737847,19553.61310557228
90.75381,2.231311,-87.169022,19551.866144,19550.46158274192
90.76381,2.231761,-87.166439,19550.994466,19551.74740211683
90.77381,2.232211,-87.163846,19550.122815,19551.179467440874
90.78381,2.232663,-87.161241,19549.251189,19547.72832890076
90.79381,2.233114,-87.158626,19548.37959,19548.82939127152
90.80381,2.233567,-87.155999,19547.508017,19549.085534617396
90.81381,2.23402,-87.153362,19546.63647,19544.354390083114
90.82381,2.234473,-87.150714,19545.76495,19547.685263586416
90.83381,2.234927,-87.148056,19544.893456,19545.995067111173
90.84381,2.235382,-87.145387,19544.021989,19544.666090173043
90.85381,2.235837,-87.142707,19543.150548,19545.86870781183
90.86381,2.236292,-87.140017,19542.279134,19543.723289742946
90.87381,2.236748,-87.137315,19541.407748,19541.08166415768
90.88381,2.237205,-87.134604,19540.536388,19542.560980178983
90.89381,2.237662,-87.131882,19539.665056,19540.55299198851
90.90381,2.23812,-87.129149,19538.793751,19537.24482524926
90.91381,2.238578,-87.126406,19537.922473,19539.448911075906
90.92381,2.239037,-87.123652,19537.051223,19536.252343967095
90.93381,2.239496,-87.120887,19536.18,19536.18945321353
90.94381,2.239956,-87.118113,19535.308805,19536.54022888652
90.95381,2.240416,-87.115328,19534.437638,19533.356082123402
90.96381,2.240876,-87.112532,19533.566498,19532.72689844938
90.97381,2.241337,-87.109726,19532.695387,19534.25534581274
90.98381,2.241799,-87.10691,19531.824304,19533.731405004277
90.99381,2.242261,-87.104084,19530.953249,19527.709910237307
91.00381,2.242723,-87.101247,19530.082222,19530.411928350353
91.01381,2.243186,-87.0984,19529.211224,19530.753386903245
91.02381,2.24365,-87.095542,19528.340254,19531.58555313322
91.03381,2.244113,-87.092675,19527.469313,19527.35699579083
91.04381,2.244577,-87.089797,19526.598401,19528.40297373805
91.05381,2.245042,-87.086909,19525.727517,19526.32302938909
91.06381,2.245507,-87.084011,19524.856663,19524.522657890488
91.07381,2.245972,-87.081103,19523.985837,19525.172946550007
91.08381,2.246438,-87.078184,19523.115041,19524.853041394446
91.09381,2.246905,-87.075256,19522.244273,19521.549825331644
91.10381,2.247371,-87.072317,19521.373535,19523.068666837305
91.11381,2.247838,-87.069369,19520.502827,19520.527807160757
91.12381,2.248306,-87.06641,19519.632148,19519.570747926176
91.13381,2.248773,-87.063442,19518.761499,19519.13512938302
91.14381,2.249241,-87.060463,19517.890879,19519.383995459215
91.15381,2.24971,-87.057475,19517.02029,19518.525046633775
91.16381,2.250179,-87.054476,19516.14973,19516.404965168105
91.17381,2.250648,-87.051468,19515.2792,19516.01609450539
91.18381,2.251118,-87.04845,19514.408701,19515.37112985148
91.19381,2.251587,-87.045422,19513.538231,19512.86696474544
91.20381,2.252058,-87.042384,19512.667792,19512.421778229607
91.21381,2.252528,-87.039337,19511.797384,19512.04875652372
91.22381,2.252999,-87.036279,19510.927005,19509.79898605242
91.23381,2.253471,-87.033212,19510.056658,19513.91289226442
91.24381,2.253942,-87.030135,19509.186341,19513.587354281804
91.25381,2.254414,-87.027049,19508.316055,19508.109657759655
91.26381,2.254886,-87.023953,19507.4458,19508.668572925228
91.27381,2.255359,-87.020847,19506.575576,19506.132758466505
91.28381,2.255831,-87.017731,19505.705383,19504.484817004155
91.29381,2.256305,-87.014606,19504.835222,19505.13160234519
91.30381,2.256778,-87.011471,19503.965091,19508.121403225596
91.31381,2.257252,-87.008327,19503.094992,19504.978965337934
91.32381,2.257726,-87.005173,19502.224925,19505.665625627276
91.33381,2.2582,-87.00201,19501.354889,19501.226789025804
91.34381,2.258674,-86.998837,19500.484885,19500.723760437206
91.35381,2.259149,-86.995655,19499.614912,19502.394028005918
91.36381,2.259624,-86.992463,19498.744972,19500.397725345945
91.37381,2.260099,-86.989262,19497.875063,19499.5240405586
91.38381,2.260575,-86.986051,19497.005186,19494.675353161216
91.39381,2.261051,-86.982831,19496.135342,19496.813566076544
91.40381,2.261527,-86.979601,19495.26553,19495.23945890792
91.41381,2.262003,-86.976363,19494.39575,19492.338567889787
91.42381,2.262479,-86.973115,19493.526003,19494.598818214377
91.43381,2.262956,-86.969857,19492.656288,19491.976933641516
91.44381,2.263433,-86.966591,19491.786605,19491.835488748256
91.45381,2.26391,-86.963315,19490.916956,19492.983864267695
91.46381,2.264387,-86.96003,19490.047339,19488.597063195197
91.47381,2.264865,-86.956735,19489.177755,19488.606751602834
91.48381,2.265343,-86.953432,19488.308204,19489.775773864705
91.49381,2.265821,-86.950119,19487.438687,19489.603099859614
91.50381,2.266299,-86.946798,19486.569202,19486.0666242522
91.51381,2.266777,-86.943467,19485.699751,19487.6261583085
91.52381,2.267256,-86.940127,19484.830333,19484.760721954775
91.53381,2.267735,-86.936778,19483.960948,19482.687025815594
91.54381,2.268213,-86.933419,19483.091597,19484.02559358698
91.55381,2.268693,-86.930052,19482.22228,19484.080135641085
91.56381,2.269172,-86.926676,19481.352996,19481.09447367379
91.57381,2.269651,-86.923291,19480.483746,19478.89951108882
91.58381,2.270131,-86.919897,19479.614531,19481.484528213627
91.59381,2.269013,-86.916495,19478.745349,19478.85052252815
91.60381,2.267039,-86.913089,19477.876201,19476.58515858624
91.61381,2.26507,-86.909678,19477.007087,19475.89503341575
91.62381,2.263106,-86.906264,19476.138007,19476.5133359144
91.63381,2.261148,-86.902846,19475.268962,19474.40159145482
91.64381,2.259194,-86.899423,19474.39995,19473.74585478075
91.65381,2.257246,-86.895997,19473.530973,19474.598147102577
91.66381,2.255304,-86.892566,19472.66203,19472.915765983314
91.67381,2.253366,-86.889132,19471.793122,19473.804226603563
91.68381,2.251434,-86.885693,19470.924248,19471.671338840937
91.69381,2.249507,-86.882251,19470.055408,19467.772347949267
91.70381,2.247585,-86.878804,19469.186603,19468.575391983417
91.71381,2.245668,-86.875353,19468.317832,19468.684161942558
91.72381,2.243757,-86.871899,19467.449096,19466.57373540658
91.73381,2.241851,-86.86844,19466.580394,19468.261247550672
91.74381,2.23995,-86.864977,19465.711727,19465.622935222746
91.75381,2.238054,-86.86151,19464.843094,19465.542756400282
91.76381,2.236164,-86.858039,19463.974497,19464.212376500673
91.77381,2.234278,-86.854564,19463.105934,19464.25840576341
91.78381,2.232398,-86.851085,19462.237405,19460.144122899495
91.79381,2.230523,-86.847602,19461.368912,19461.11516585689
91.80381,2.228653,-86.844115,19460.500453,19461.791917805112
91.81381,2.226788,-86.840623,19459.63203,19460.760653845107
91.82381,2.224929,-86.837128,19458.763641,19462.474300573143
91.83381,2.223075,-86.833629,19457.895287,19457.240305600466
91.84381,2.221225,-86.830125,19457.026968,19456.09488130559
91.85381,2.219381,-86.826618,19456.158685,19455.788052449145
91.86381,2.217542,-86.823106,19455.290436,19456.345691684408
91.87381,2.215709,-86.819591,19454.422222,19457.62206190429
91.88381,2.21388,-86.816071,19453.554044,19455.944982623074
91.89381,2.212056,-86.812547,19452.685901,19452.13604722689
91.90381,2.210238,-86.809019,19451.817793,19452.826599394342
91.91381,2.208425,-86.805487,19450.949721,19451.409836162245
91.92381,2.206617,-86.801951,19450.081683,19451.006025967043
91.93381,2.204814,-86.798411,19449.213682,19450.832977706246
91.94381,2.203016,-86.794867,19448.345715,19446.16317664508
91.95381,2.201223,-86.791319,19447.477784,19447.135367629446
91.96381,2.199435,-86.787767,19446.609889,19445.78592479116
91.97381,2.197652,-86.78421,19445.742029,19448.220095795557
91.98381,2.195875,-86.78065,19444.874205,19444.026570721348
91.99381,2.194102,-86.777085,19444.006416,19444.333731987925
92.00381,2.192335,-86.773517,19443.138663,19442.751219318096
92.01381,2.190573,-86.769944,19442.270946,19443.708510971755
92.02381,2.188815,-86.766367,19441.403264,19441.898544015734
92.03381,2.187063,-86.762786,19440.535618,19438.8226703872
92.04381,2.185316,-86.759201,19439.668008,19441.41475458204
92.05381,2.183574,-86.755612,19438.800434,19440.73025331577
92.06381,2.181837,-86.752019,19437.932896,19438.834667328985
92.07381,2.180105,-86.748422,19437.065394,19439.401497816616
92.08381,2.178378,-86.744821,19436.197928,19437.245983630077
92.09381,2.176656,-86.741215,19435.330498,19436.046819166688
92.10381,2.174939,-86.737606,19434.463103,19433.98521444066
92.11381,2.173227,-86.733992,19433.595745,19432.697591485077
92.12381,2.17152,-86.730375,19432.728424,19434.341409131048
92.13381,2.169818,-86.726753,19431.861138,19433.582781312394
92.14381,2.168121,-86.723127,19430.993889,19430.840467611713
92.15381,2.16643,-86.719497,19430.126675,19431.437815015368
92.16381,2.164743,-86.715863,19429.259499,19429.587900105907
92.17381,2.163061,-86.712225,19428.392358,19431.85111880063
92.18381,2.161384,-86.708583,19427.525254,19428.332797157727
92.19381,2.159712,-86.704936,19426.658187,19428.10935002953
92.20381,2.158045,-86.701286,19425.791155,19427.140709833824
92.21381,2.156383,-86.697632,19424.924161,19424.417010334008
92.22381,2.154726,-86.693973,19424.057203,19426.77087787432
92.23381,2.153074,-86.69031,19423.190281,19425.379124659346
92.24381,2.151427,-86.686644,19422.323397,19423.733772083924
92.25381,2.149785,-86.682973,19421.456549,19422.44046842824
92.26381,2.148147,-86.679298,19420.589737,19417.256903019832
92.27381,2.146472,-86.675619,19419.722963,19419.426928143537
92.28381,2.144711,-86.671939,19418.856225,19421.01582442163
92.29381,2.142955,-86.668258,19417.989524,19418.259686278056
92.30381,2.141204,-86.664577,19417.12286,19420.4349887699
92.31381,2.139458,-86.660895,19416.256232,19418.475282172763
92.32381,2.137718,-86.657213,19415.389642,19416.333379087286
92.33381,2.135983,-86.65353,19414.523088,19414.49850960077
92.34381,2.134253,-86.649846,19413.656571,19412.62947939233
92.35381,2.132528,-86.646162,19412.790091,19413.33187532544
92.36381,2.130808,-86.642477,19411.923648,19414.366898918524
92.37381,2.129094,-86.638792,19411.057242,19412.396547573127
92.38381,2.127384,-86.635106,19410.190872,19412.06309895407
92.39381,2.12568,-86.631419,19409.324539,19412.411296932067
92.40381,2.123981,-86.627732,19408.458244,19409.410641236835
92.41381,2.122288,-86.624044,19407.591985,19407.079780464406
92.42381,2.120599,-86.620356,19406.725763,19406.67246286746
92.43381,2.118915,-86.616666,19405.859578,19408.612182952536
92.44381,2.117237,-86.612976,19404.99343,19405.79756818405
92.45381,2.115564,-86.609286,19404.127318,19405.646761411783
92.46381,2.113896,-86.605595,19403.261244,19404.570817700103
92.47381,2.112233,-86.601903,19402.395206,19405.392427284907
92.48381,2.110575,-86.59821,19401.529206,19403.15278159394
92.49381,2.108922,-86.594517,19400.663242,19401.32834107214
92.50381,2.107274,-86.590822,19399.797315,19403.588044273223
92.51381,2.105632,-86.587128,19398.931426,19397.968008697553
92.52381,2.103994,-86.583432,19398.065573,19399.02298674139
92.53381,2.102362,-86.579736,19397.199757,19397.624268719297
92.54381,2.100734,-86.576039,19396.333978,19397.868911067548
92.55381,2.099112,-86.572341,19395.468236,19394.318674157967
92.56381,2.097495,-86.568642,19394.602531,19396.302064624517
92.57381,2.095883,-86.564943,19393.736863,19393.750787552755
92.58381,2.094275,-86.561243,19392.871233,19391.99668668147
92.59381,2.092673,-86.557542,19392.005639,19390.991585347238
92.60381,2.091076,-86.55384,19391.140082,19393.664268832705
92.61381,2.089484,-86.550138,19390.274562,19391.37663580438
92.62381,2.087897,-86.546434,19389.409079,19389.308757349987
92.63381,2.086315,-86.54273,19388.543633,19392.35724591614
92.64381,2.084738,-86.539025,19387.678224,19386.364177834585
92.65381,2.083166,-86.535319,19386.812853,19388.545397454138
92.66381,2.081599,-86.531613,19385.947518,19386.8509474548
92.67381,2.080037,-86.527905,19385.08222,19386.240505764203
92.68381,2.07848,-86.524197,19384.21696,19383.302456331887
92.69381,2.076928,-86.520488,19383.351736,19383.46389230311
92.70381,2.075381,-86.516777,19382.48655,19384.135387188417
92.71381,2.073839,-86.513066,19381.621401,19379.836576805654
92.72381,2.072301,-86.509355,19380.756289,19380.820313012828
92.73381,2.070769,-86.505642,19379.891214,19382.01495045462
92.74381,2.069242,-86.501928,19379.026176,19379.731908567093
92.75381,2.067719,-86.498214,19378.161175,19377.36447870858
92.76381,2.066202,-86.494498,19377.296212,19378.463696095496
92.77381,2.06469,-86.490782,19376.431285,19377.23004823323
92.78381,2.063182,-86.487065,19375.566396,19378.72620411905
92.79381,2.061679,-86.483346,19374.701544,19374.24117492739
92.80381,2.060181,-86.479627,19373.836729,19373.79568259605
92.81381,2.058688,-86.475907,19372.971951,19374.315511290635
92.82381,2.0572,-86.472186,19372.107211,19371.311768896372
92.83381,2.055717,-86.468464,19371.242508,19370.700504416454
92.84381,2.054239,-86.464741,19370.377842,19373.558795870602
92.85381,2.052766,-86.461017,19369.513213,19373.300920479443
92.86381,2.051297,-86.457292,19368.648621,19366.91144282427
92.87381,2.049833,-86.453566,19367.784067,19369.35868451619
92.88381,2.048375,-86.449839,19366.91955,19368.29576791706
92.89381,2.046921,-86.446111,19366.05507,19366.94681614342
92.90381,2.045471,-86.442383,19365.190628,19367.238444757724
92.91381,2.044027,-86.438653,19364.326223,19367.23378261695
92.92381,2.042588,-86.434922,19363.461855,19366.473975746176
92.93381,2.041153,-86.43119,19362.597524,19361.130354142755
92.94381,2.039723,-86.427457,19361.733231,19363.09934555032
92.95381,2.038298,-86.423723,19360.868975,19362.868992850294
92.96381,2.036878,-86.419988,19360.004757,19360.881602498215
92.97381,2.035462,-86.416252,19359.140575,19358.398586313917
92.98381,2.034052,-86.412515,19358.276431,19356.741198228345
92.99381,2.032646,-86.408777,19357.412325,19357.457192138027
93.00381,2.031244,-86.405037,19356.548256,19356.2645716051
93.01381,2.029848,-86.401297,19355.684224,19355.649616241655
93.02381,2.028456,-86.397556,19354.82023,19356.60323277502
93.03381,2.02707,-86.393813,19353.956273,19353.807958357567
93.04381,2.025687,-86.39007,19353.092354,19351.108078359277
93.05381,2.02431,-86.386325,19352.228472,19350.28813506411
93.06381,2.022937,-86.382579,19351.364627,19351.240200274082
93.07381,2.021569,-86.378833,19350.50082,19349.335049031975
93.08381,2.020206,-86.375085,19349.637051,19347.94561858756
93.09381,2.018848,-86.371336,19348.773319,19348.82191788906
93.10381,2.017494,-86.367586,19347.909624,19346.8493570896
93.11381,2.016145,-86.363834,19347.045967,19348.492275414104
93.12381,2.0148,-86.360082,19346.182347,19346.69906689975
93.13381,2.01346,-86.356328,19345.318765,19345.660610847568
93.14381,2.012125,-86.352574,19344.455221,19343.76241920296
93.15381,2.010795,-86.348818,19343.591714,19345.27262064434
93.16381,2.009469,-86.345061,19342.728244,19343.480429953328
93.17381,2.008148,-86.341303,19341.864812,19341.16370982451
93.18381,2.006831,-86.337544,19341.001418,19343.40420380363
93.19381,2.00552,-86.333783,19340.138062,19341.601348270313
93.20381,2.004212,-86.330022,19339.274743,19342.50561937479
93.21381,2.00291,-86.326259,19338.411461,19338.399268368954
93.22381,2.001612,-86.322495,19337.548217,19337.84798903925
93.23381,2.000319,-86.31873,19336.685011,19337.28192361208
93.24381,1.99903,-86.314964,19335.821843,19337.213125820945
93.25381,1.997746,-86.311196,19334.958712,19336.921611504575
93.26381,1.996518,-86.307428,19334.095619,19334.846229493247
93.27381,1.995374,-86.303657,19333.232563,19332.638141567935
93.28381,1.994233,-86.299886,19332.369546,19335.893194088643
93.29381,1.993095,-86.296113,19331.506566,19333.164191468655
93.30381,1.991961,-86.292339,19330.643623,19331.64826905879
93.31381,1.99083,-86.288563,19329.780719,19329.864220799423
93.32381,1.989703,-86.284786,19328.917852,19329.96569919967
93.33381,1.988578,-86.281007,19328.055023,19328.53661748393
93.34381,1.987457,-86.277227,19327.192232,19326.2368881313
93.35381,1.986339,-86.273445,19326.329479,19327.4181996536
93.36381,1.985225,-86.269662,19325.466763,19328.77364471547
93.37381,1.984114,-86.265878,19324.604086,19327.183973174542
93.38381,1.983006,-86.262092,19323.741446,19326.649498824052
93.39381,1.981901,-86.258304,19322.878844,19321.01766020304
93.40381,1.980799,-86.254516,19322.01628,19323.15081663289
93.41381,1.979701,-86.250725,19321.153753,19322.603851152006
93.42381,1.978606,-86.246934,19320.291265,19320.313045427996
93.43381,1.977514,-86.24314,19319.428815,19320.27594871424
93.44381,1.976425,-86.239346,19318.566402,19314.817545098897
93.45381,1.975339,-86.23555,19317.704028,19317.280532192417
93.46381,1.974257,-86.231752,19316.841691,19316.057915825844
93.47381,1.973178,-86.227953,19315.979393,19317.840167063405
93.48381,1.972102,-86.224153,19315.117132,19318.0652803429
93.49381,1.971029,-86.220351,19314.25491,19314.84531778668
93.50381,1.96996,-86.216547,19313.392725,19312.8407355415
93.51381,1.968893,-86.212743,19312.530579,19310.52884765441
93.52381,1.96783,-86.208936,19311.66847,19314.56222414031
93.53381,1.96677,-86.205128,19310.8064,19314.495144813936
93.54381,1.965713,-86.201319,19309.944368,19310.168513762674
93.55381,1.96466,-86.197508,19309.082374,19309.48280574042
93.56381,1.963609,-86.193696,19308.220418,19311.606892466036
93.57381,1.962562,-86.189883,19307.3585,19311.79165093943
93.58381,1.961517,-86.186067,19306.49662,19306.515764916665
93.59381,1.960476,-86.182251,19305.634778,19305.682174381513
93.60381,1.959438,-86.178433,19304.772975,19306.07855751946
93.61381,1.958403,-86.174613,19303.91121,19305.012185659627
93.62381,1.957372,-86.170792,19303.049483,19303.39624371936
93.63381,1.956343,-86.16697,19302.187794,19305.593985426414
93.64381,1.955318,-86.163146,19301.326143,19303.0283247394
93.65381,1.954295,-86.15932,19300.464531,19301.987176041046
93.66381,1.953276,-86.155493,19299.602957,19301.919781687066
93.67381,1.95226,-86.151665,19298.741421,19303.318678060197
93.68381,1.951246,-86.147835,19297.879924,19301.894574532416
93.69381,1.950236,-86.144004,19297.018464,19297.3695856022
93.70381,1.949229,-86.140171,19296.157044,19296.64306703465
93.71381,1.948226,-86.136336,19295.295661,19297.992177227665
93.72381,1.947225,-86.132501,19294.434317,19295.659736176283
93.73381,1.946227,-86.128663,19293.573011,19293.721121852108
93.74381,1.945232,-86.124824,19292.711744,19295.18259855595
93.75381,1.944241,-86.120984,19291.850515,19294.024569638907
93.76381,1.943252,-86.117142,19290.989324,19294.83718264106
93.77381,1.942267,-86.113299,19290.128172,19288.804094941024
93.78381,1.941284,-86.109454,19289.267058,19289.98611681871
93.79381,1.940305,-86.105608,19288.405983,19285.997933906103
93.80381,1.939328,-86.10176,19287.544946,19288.08222257333
93.81381,1.938355,-86.097911,19286.683947,19287.326483922694
93.82381,1.937384,-86.09406,19285.822988,19284.725671478453
93.83381,1.936417,-86.090208,19284.962066,19285.92286822553
93.84381,1.935453,-86.086355,19284.101183,19285.15243739605
93.85381,1.934491,-86.082499,19283.240339,19284.419303211547
93.86381,1.933533,-86.078643,19282.379533,19284.50849032758
93.87381,1.932577,-86.074785,19281.518766,19283.23680635288
93.88381,1.931625,-86.070925,19280.658038,19280.56949763116
93.89381,1.930676,-86.067064,19279.797348,19279.919324899467
93.90381,1.929729,-86.063201,19278.936696,19280.121826234757
93.91381,1.928786,-86.059337,19278.076084,19278.403248318784
93.92381,1.927845,-86.055471,19277.21551,19279.056377496247
93.93381,1.926908,-86.051604,19276.354974,19276.077648434155
93.94381,1.925999,-86.047735,19275.494478,19275.88906344483
93.95381,1.925111,-86.043864,19274.63402,19275.64193595968
93.96381,1.924227,-86.03999,19273.7736,19273.34133891566
93.97381,1.923345,-86.036113,19272.91322,19272.750312158878
93.98381,1.922466,-86.032234,19272.052878,19273.01930137323
93.99381,1.92159,-86.028352,19271.192575,19270.71747717508
94.00381,1.920716,-86.024467,19270.332311,19272.143679080542
94.01381,1.919846,-86.02058,19269.472086,19268.933800250732
94.02381,1.918978,-86.01669,19268.6119,19268.665238543777
94.03381,1.918113,-86.012798,19267.751752,19269.433027478484
94.04381,1.917251,-86.008903,19266.891644,19266.232256701136
94.05381,1.916392,-86.005005,19266.031574,19264.313873832965
94.06381,1.915535,-86.001105,19265.171543,19267.569273297293
94.07381,1.914682,-85.997202,19264.311552,19267.346183501268
94.08381,1.913831,-85.993296,19263.451599,19265.856886969177
94.09381,1.912983,-85.989388,19262.591686,19263.93868495133
94.10381,1.912138,-85.985478,19261.731812,19262.221470204702
94.11381,1.911295,-85.981564,19260.871976,19259.430421989826
94.12381,1.910455,-85.977648,19260.01218,19260.093369555852
94.13381,1.909619,-85.97373,19259.152423,19257.253732825444
94.14381,1.908784,-85.969809,19258.292706,19257.01305603604
94.15381,1.907953,-85.965885,19257.433027,19256.226550479874
94.16381,1.907124,-85.961959,19256.573388,19257.76674576571
94.17381,1.906298,-85.95803,19255.713788,19255.599265193436
94.18381,1.905475,-85.954098,19254.854228,19256.844382240146
94.19381,1.904655,-85.950164,19253.994706,19253.58030174558
94.20381,1.903837,-85.946227,19253.135224,19253.04621838437
94.21381,1.903022,-85.942288,19252.275782,19253.63663565585
94.22381,1.90221,-85.938346,19251.416379,19252.089147784973
94.23381,1.9014,-85.934402,19250.557015,19250.263882133248
94.24381,1.900594,-85.930455,19249.69769,19250.258226558195
94.25381,1.899789,-85.926506,19248.838406,19248.273924922094
94.26381,1.898988,-85.922554,19247.97916,19248.37339414253
94.27381,1.898189,-85.918599,19247.119955,19247.212450385676
94.28381,1.897393,-85.914642,19246.260788,19246.44122437735
94.29381,1.8966,-85.910682,19245.401662,19246.32809896453
94.30381,1.895809,-85.90672,19244.542575,19246.398624550777
94.31381,1.895021,-85.902755,19243.683527,19245.57303543998
94.32381,1.894236,-85.898788,19242.82452,19244.109262785896
94.33381,1.893454,-85.894818,19241.965552,19243.342974285504
94.34381,1.892674,-85.890846,19241.106623,19242.063415631023
94.35381,1.891896,-85.886871,19240.247735,19239.353476787517
94.36381,1.891122,-85.882893,19239.388886,19239.52687340219
94.37381,1.89035,-85.878913,19238.530077,19238.164141973077
94.38381,1.889581,-85.874931,19237.671308,19239.682108500147
94.39381,1.888814,-85.870946,19236.812578,19237.616246990416
94.40381,1.88805,-85.866958,19235.953889,19237.445257237563
94.41381,1.887288,-85.862968,19235.095239,19233.906891662627
94.42381,1.88653,-85.858975,19234.236629,19236.789147078383
94.43381,1.885773,-85.85498,19233.37806,19236.296649998898
94.44381,1.88502,-85.850983,19232.51953,19232.381316026735
94.45381,1.884269,-85.846983,19231.66104,19231.931751823908
94.46381,1.883521,-85.84298,19230.80259,19233.252738248993
94.47381,1.882775,-85.838975,19229.94418,19230.17437915421
94.48381,1.882032,-85.834967,19229.085811,19231.727201493966
94.49381,1.881291,-85.830957,19228.227481,19230.886564668763
94.50381,1.880553,-85.826945,19227.369192,19227.995027379486
94.51381,1.879818,-85.82293,19226.510942,19225.511382582015
94.52381,1.879085,-85.818912,19225.652733,19226.950044046756
94.53381,1.878355,-85.814892,19224.794564,19225.652774892813
94.54381,1.877627,-85.81087,19223.936435,19227.28583388098
94.55381,1.876902,-85.806845,19223.078347,19223.85575784703
94.56381,1.876179,-85.802817,19222.220298,19223.865523517758
94.57381,1.875459,-85.798787,19221.36229,19222.113539212547
94.58381,1.874742,-85.794755,19220.504322,19220.01640788397
94.59381,1.874027,-85.79072,19219.646395,19218.570000441705
94.60381,1.873315,-85.786683,19218.788508,19218.396386088356
94.61381,1.872605,-85.782643,19217.930661,19217.27296747372
94.62381,1.871898,-85.778601,19217.072855,19216.89831110788
94.63381,1.871193,-85.774557,19216.215089,19215.373489899535
94.64381,1.87049,-85.77051,19215.357364,19215.61925053173
94.65381,1.869791,-85.76646,19214.499679,19211.44291893265
94.66381,1.869093,-85.762408,19213.642035,19214.063944754093
94.67381,1.868399,-85.758354,19212.784431,19214.856933812873
94.68381,1.867706,-85.754297,19211.926868,19215.070912581392
94.69381,1.867017,-85.750238,19211.069345,19211.86628154412
94.70381,1.866329,-85.746176,19210.211863,19210.275650386484
94.71381,1.865644,-85.742112,19209.354422,19211.054525727013
94.72381,1.864962,-85.738046,19208.497021,19208.18948466011
94.73381,1.864282,-85.733977,19207.639661,19208.229364056613
94.74381,1.863605,-85.729906,19206.782341,19206.76699873602
94.75381,1.86293,-85.725832,19205.925063,19207.316986425314
94.76381,1.862257,-85.721756,19205.067825,19207.01294072388
94.77381,1.861587,-85.717678,19204.210628,19201.560092741358
94.78381,1.86092,-85.713597,19203.353471,19201.45747563115
94.79381,1.860254,-85.709514,19202.496356,19201.583559536568
94.80381,1.859592,-85.705428,19201.639281,19199.964582211727
94.81381,1.858931,-85.70134,19200.782247,19200.600729506663
94.82381,1.858274,-85.69725,19199.925254,19200.832719257003
94.83381,1.857618,-85.693157,19199.068302,19198.434420585174
94.84381,1.856965,-85.689062,19198.211391,19196.677094984927
94.85381,1.856314,-85.684964,19197.354521,19198.434792510237
94.86381,1.855666,-85.680864,19196.497692,19197.22691966614
94.87381,1.85502,-85.676762,19195.640904,19197.185370109997
94.88381,1.854377,-85.672657,19194.784156,19197.60974739217
94.89381,1.853736,-85.668551,19193.92745,19194.156406856422
94.90381,1.853097,-85.664441,19193.070785,19192.889940451154
94.91381,1.852461,-85.66033,19192.214162,19191.5147446886
94.92381,1.851827,-85.656216,19191.357579,19190.567098622243
94.93381,1.851196,-85.652099,19190.501037,19189.35473154935
94.94381,1.850566,-85.647981,19189.644537,19192.401295152624
94.95381,1.84994,-85.643859,19188.788078,19188.985123444145
94.96381,1.849315,-85.639736,19187.93166,19188.24537736959
94.97381,1.848693,-85.63561,19187.075283,19188.537136383202
94.98381,1.848073,-85.631482,19186.218947,19185.862580080866
94.99381,1.847456,-85.627352,19185.362653,19186.847838938324
95.00381,1.846841,-85.623219,19184.5064,19185.18230121993
95.01381,1.846228,-85.619084,19183.650189,19185.622662826336
95.02381,1.845618,-85.614947,19182.794019,19182.31974277088
95.03381,1.84501,-85.610808,19181.93789,19181.738744234193
95.04381,1.844404,-85.606666,19181.081803,19184.1815153601
95.05381,1.8438,-85.602521,19180.225757,19180.708946907704
95.06381,1.843199,-85.598375,19179.369752,19178.751967159184
95.07381,1.8426,-85.594226,19178.513789,19181.9525276097
95.08381,1.842004,-85.590075,19177.657868,19181.182586779803
95.09381,1.84141,-85.585922,19176.801988,19177.840009683237
95.10381,1.840818,-85.581766,19175.946149,19181.253054065026
95.11381,1.840228,-85.577608,19175.090352,19177.0451942881
95.12381,1.839641,-85.573448,19174.234597,19175.2659446328
95.13381,1.839055,-85.569285,19173.378883,19174.73612353567
95.14381,1.838473,-85.565121,19172.523211,19172.41180605185
95.15381,1.837892,-85.560954,19171.667581,19172.64069807325
95.16381,1.837314,-85.556784,19170.811992,19172.19470588125
95.17381,1.836738,-85.552613,19169.956445,19171.052516939926
95.18381,1.836164,-85.548439,19169.10094,19165.724754629897
95.19381,1.835592,-85.544263,19168.245477,19169.49428196049
95.20381,1.835023,-85.540085,19167.390055,19164.69578254582
95.21381,1.834456,-85.535904,19166.534675,19168.060582470993
95.22381,1.833891,-85.531721,19165.679337,19168.750209724833
95.23381,1.833328,-85.527536,19164.82404,19167.90725428947
95.24381,1.832767,-85.523349,19163.968786,19162.791821735722
95.25381,1.832209,-85.51916,19163.113574,19161.367520819455
95.26381,1.831653,-85.514968,19162.258403,19162.92283342178
95.27381,1.831099,-85.510774,19161.403274,19162.428591503653
95.28381,1.830548,-85.506578,19160.548187,19163.6264426454
95.29381,1.829998,-85.50238,19159.693143,19160.005333690173
95.30381,1.829451,-85.498179,19158.83814,19158.525663719494
95.31381,1.828906,-85.493976,19157.983179,19159.46602921874
95.32381,1.828363,-85.489771,19157.12826,19156.914739855165
95.33381,1.827822,-85.485564,19156.273384,19156.489971369607
95.34381,1.827284,-85.481355,19155.418549,19155.019315798934
95.35381,1.826747,-85.477143,19154.563757,19154.60163171906
95.36381,1.826213,-85.472929,19153.709006,19156.41199906584
95.37381,1.825681,-85.468713,19152.854298,19156.156749752
95.38381,1.825151,-85.464495,19151.999632,19153.539765353024
95.39381,1.824623,-85.460275,19151.145008,19150.8404652105
95.40381,1.824097,-85.456052,19150.290426,19151.52895773684
95.41381,1.823574,-85.451828,19149.435887,19149.407585318942
95.42381,1.823053,-85.447601,19148.58139,19149.695714600883
95.43381,1.822533,-85.443372,19147.726935,19148.87796513696
95.44381,1.822016,-85.439141,19146.872522,19149.457007019017
95.45381,1.820808,-85.434908,19146.018152,19145.233792086783
95.46381,1.818214,-85.430675,19145.163824,19146.59436616799
95.47381,1.815625,-85.426444,19144.309539,19145.02139078873
95.48381,1.813041,-85.422213,19143.455295,19145.499512308506
95.49381,1.810461,-85.417984,19142.601094,19141.931445448277
95.50381,1.807886,-85.413757,19141.746936,19143.933717653363
95.51381,1.805316,-85.40953,19140.892819,19141.612528162535
95.52381,1.80275,-85.405305,19140.038745,19140.972636108574
95.53381,1.800189,-85.401081,19139.184713,19141.687345353806
95.54381,1.797633,-85.396858,19138.330723,19137.779106115016
95.55381,1.795081,-85.392636,19137.476776,19138.33573187458
95.56381,1.792535,-85.388415,19136.622871,19136.332582019728
95.57381,1.789992,-85.384195,19135.769008,19133.96149721818
95.58381,1.787455,-85.379977,19134.915187,19138.335836576523
95.59381,1.784922,-85.375759,19134.061408,19134.884029464556
95.60381,1.782394,-85.371543,19133.207672,19131.9629142243
95.61381,1.77987,-85.367328,19132.353977,19131.277584382984
95.62381,1.777351,-85.363113,19131.500325,19131.963091726982
95.63381,1.774837,-85.3589,19130.646715,19132.343595804825
95.64381,1.772327,-85.354688,19129.793147,19131.683077614263
95.65381,1.769822,-85.350477,19128.939621,19128.625404259084
95.66381,1.767322,-85.346266,19128.086138,19129.63476236396
95.67381,1.764826,-85.342057,19127.232696,19127.90326711721
95.68381,1.762335,-85.337849,19126.379296,19128.8554377304
95.69381,1.759849,-85.333642,19125.525939,19126.394236572734
95.70381,1.757367,-85.329436,19124.672624,19125.40486853777
95.71381,1.75489,-85.32523,19123.81935,19125.75407090453
95.72381,1.752417,-85.321026,19122.966119,19122.168328137996
95.73381,1.749949,-85.316822,19122.11293,19122.43223663522
95.74381,1.747485,-85.31262,19121.259783,19122.241270682105
95.75381,1.745027,-85.308418,19120.406677,19120.66424267825
95.76381,1.742572,-85.304217,19119.553614,19120.29894973564
95.77381,1.740123,-85.300017,19118.700593,19118.546157800865
95.78381,1.737678,-85.295818,19117.847614,19119.26974729852
95.79381,1.735237,-85.29162,19116.994677,19116.707712852873
95.80381,1.732801,-85.287423,19116.141781,19117.06549368515
95.81381,1.73037,-85.283226,19115.288928,19115.204910716522
95.82381,1.727943,-85.279031,19114.436117,19115.78702698185
95.83381,1.725521,-85.274836,19113.583348,19113.382451400896
95.84381,1.723103,-85.270641,19112.73062,19114.980314723685
95.85381,1.72069,-85.266448,19111.877935,19111.73205040305
95.86381,1.718282,-85.262256,19111.025291,19108.60847881274
95.87381,1.715878,-85.258064,19110.17269,19111.25844965983
95.88381,1.713478,-85.253873,19109.32013,19110.124324491233
95.89381,1.711083,-85.249682,19108.467612,19108.945886548914
95.90381,1.708693,-85.245493,19107.615136,19110.004187420378
95.91381,1.706307,-85.241304,19106.762702,19104.613138007568
95.92381,1.703926,-85.237116,19105.91031,19107.83659885563
95.93381,1.701549,-85.232929,19105.05796,19104.821660651913
95.94381,1.699177,-85.228742,19104.205652,19107.046026750493
95.95381,1.696809,-85.224556,19103.353385,19104.883020043966
95.96381,1.694446,-85.22037,19102.501161,19104.4105129927
95.97381,1.692087,-85.216186,19101.648978,19102.74280773965
95.98381,1.689733,-85.212001,19100.796837,19100.514322454066
95.99381,1.687384,-85.207818,19099.944738,19100.258615175488
96.00381,1.685039,-85.203635,19099.09268,19098.309270904272
96.01381,1.682698,-85.199453,19098.240665,19100.875424770184
96.02381,1.680362,-85.195271,19097.388691,19098.03044628753
96.03381,1.67803,-85.19109,19096.53676,19097.28552251479
96.04381,1.675703,-85.18691,19095.68487,19095.19922229296
96.05381,1.67338,-85.18273,19094.833021,19097.36889849322
96.06381,1.671062,-85.178551,19093.981215,19093.702329147378
96.07381,1.668749,-85.174372,19093.12945,19093.11585591572
96.08381,1.666439,-85.170194,19092.277728,19092.764811897894
96.09381,1.664135,-85.166016,19091.426046,19094.360198909166
96.10381,1.661834,-85.161839,19090.574407,19090.084152681808
96.11381,1.659539,-85.157662,19089.72281,19090.36798641788
96.12381,1.657248,-85.153486,19088.871254,19090.442152978867
96.13381,1.654969,-85.14931,19088.01974,19087.006699468246
96.14381,1.652693,-85.145135,19087.168268,19086.88599829369
96.15381,1.650422,-85.14096,19086.316837,19087.413705724623
96.16381,1.648156,-85.136785,19085.465449,19086.49128781195
96.17381,1.645894,-85.13261,19084.614102,19086.086829087686
96.18381,1.643636,-85.128436,19083.762796,19086.549845972197
96.19381,1.641383,-85.124262,19082.911533,19082.869995611334
96.20381,1.639134,-85.120088,19082.060311,19081.49460884672
96.21381,1.63689,-85.115915,19081.209131,19084.03915247738
96.22381,1.63465,-85.111742,19080.357993,19081.981447365437
96.23381,1.632414,-85.107569,19079.506896,19080.541290112742
96.24381,1.630183,-85.103396,19078.655841,19081.399091544637
96.25381,1.627956,-85.099223,19077.804828,19078.861363689146
96.26381,1.625734,-85.095051,19076.953857,19078.725627786123
96.27381,1.623516,-85.090879,19076.102927,19077.105594559664
96.28381,1.621303,-85.086707,19075.252039,19074.573227022298
96.29381,1.619094,-85.082535,19074.401193,19073.456677307884
96.30381,1.616889,-85.078363,19073.550389,19075.97775643906
96.31381,1.614689,-85.074192,19072.699626,19070.568249613683
96.32381,1.612493,-85.070021,19071.848905,19073.34029110642
96.33381,1.610301,-85.06585,19070.998225,19070.92350919815
96.34381,1.608114,-85.061679,19070.147588,19073.8755179327
96.35381,1.605931,-85.057508,19069.296992,19068.899539035072
96.36381,1.603753,-85.053337,19068.446438,19071.673966106177
96.37381,1.601579,-85.049166,19067.595925,19066.29744648221
96.38381,1.599409,-85.044996,19066.745454,19067.144930806662
96.39381,1.597244,-85.040825,19065.895025,19067.916513607754
96.40381,1.595083,-85.036655,19065.044638,19066.09961441923
96.41381,1.592927,-85.032485,19064.194292,19064.169473163387
96.42381,1.590774,-85.028315,19063.343988,19062.867017235432
96.43381,1.588627,-85.024145,19062.493726,19061.558505534984
96.44381,1.586483,-85.019975,19061.643505,19064.077932516066
96.45381,1.584344,-85.015805,19060.793326,19062.624558837128
96.46381,1.582209,-85.011635,19059.943189,19057.248483664902
96.47381,1.580079,-85.007465,19059.093094,19059.342251070884
96.48381,1.577953,-85.003295,19058.24304,19059.85154486775
96.49381,1.575831,-84.999125,19057.393028,19056.403234933845
96.50381,1.573714,-84.994955,19056.543057,19056.426532685746
96.51381,1.571601,-84.990785,19055.693129,19055.94953788616
96.52381,1.569492,-84.986616,19054.843242,19054.79422083721
96.53381,1.567387,-84.982446,19053.993396,19051.89853854871
96.54381,1.564976,-84.978276,19053.143593,19054.308027351963
96.55381,1.562443,-84.974107,19052.293831,19050.714770830404
96.56381,1.559914,-84.969939,19051.444111,19051.94983393041
96.57381,1.557389,-84.965771,19050.594432,19050.0850802201
96.58381,1.554868,-84.961603,19049.744795,19049.991109433737
96.59381,1.55235,-84.957437,19048.8952,19047.784067304154
96.60381,1.549836,-84.953271,19048.045646,19046.848841150022
96.61381,1.547326,-84.949105,19047.196135,19048.25872875824
96.62381,1.544819,-84.94494,19046.346664,19045.75700629766
96.63381,1.542316,-84.940776,19045.497236,19048.61329986993
96.64381,1.539817,-84.936612,19044.647849,19047.40575753188
96.65381,1.537321,-84.932449,19043.798504,19043.35332130389
96.66381,1.534829,-84.928286,19042.9492,19044.31207334561
96.67381,1.53234,-84.924124,19042.099938,19044.132561859707
96.68381,1.529856,-84.919962,19041.250717,19044.16748374664
96.69381,1.527374,-84.9158,19040.401539,19043.16213944309
96.70381,1.524897,-84.91164,19039.552401,19039.354707475635
96.71381,1.522423,-84.907479,19038.703306,19037.914835695814
96.72381,1.519953,-84.903319,19037.854252,19036.651261308438
96.73381,1.517486,-84.89916,19037.005239,19039.24034182334
96.74381,1.515023,-84.895001,19036.156269,19038.538200257615
96.75381,1.512564,-84.890843,19035.307339,19036.257590886893
96.76381,1.510108,-84.886685,19034.458452,19036.529535449587
96.77381,1.507656,-84.882527,19033.609606,19035.175323217678
96.78381,1.505207,-84.87837,19032.760801,19034.2784357318
96.79381,1.502763,-84.874213,19031.912038,19033.588888261816
96.80381,1.500321,-84.870056,19031.063317,19030.989746216987
96.81381,1.497884,-84.8659,19030.214637,19033.69843464659
96.82381,1.495449,-84.861745,19029.365999,19031.90305862448
96.83381,1.493019,-84.85759,19028.517402,19029.281001195788
96.84381,1.490592,-84.853435,19027.668847,19032.292228720155
96.85381,1.488169,-84.84928,19026.820334,19024.56903405518
96.86381,1.485749,-84.845126,19025.971862,19029.747960041706
96.87381,1.483333,-84.840972,19025.123431,19026.50073562825
96.88381,1.48092,-84.836819,19024.275042,19023.642182855936
96.89381,1.478511,-84.832665,19023.426695,19025.663870256358
96.90381,1.476106,-84.828513,19022.578389,19024.634398073864
96.91381,1.473704,-84.82436,19021.730124,19021.904065358973
96.92381,1.471306,-84.820208,19020.881902,19022.98164602822
96.93381,1.468911,-84.816056,19020.03372,19021.4852603754
96.94381,1.46652,-84.811904,19019.18558,19020.32910684604
96.95381,1.464132,-84.807753,19018.337482,19018.908554801328
96.96381,1.461748,-84.803602,19017.489425,19017.25089524217
96.97381,1.459368,-84.799451,19016.64141,19013.338491117953
96.98381,1.456991,-84.7953,19015.793436,19012.91547279887
96.99381,1.454617,-84.79115,19014.945504,19015.355505667816
97.00381,1.452247,-84.787,19014.097613,19012.850009014226
97.01381,1.449881,-84.78285,19013.249764,19013.914865522565
97.02381,1.447518,-84.7787,19012.401956,19015.307723302903
97.03381,1.445159,-84.774551,19011.55419,19010.78735689763
97.04381,1.442803,-84.770402,19010.706465,19008.215394935123
97.05381,1.440451,-84.766253,19009.858782,19013.97154281717
97.06381,1.438102,-84.762104,19009.01114,19010.670130155657
97.07381,1.435757,-84.757955,19008.16354,19008.164810621725
97.08381,1.433415,-84.753807,19007.315981,19005.890584205754
97.09381,1.431077,-84.749659,19006.468464,19007.98943012667
97.10381,1.428742,-84.74551,19005.620988,19009.665134457664
97.11381,1.426411,-84.741363,19004.773554,19006.7494109414
97.12381,1.424084,-84.737215,19003.926161,19005.665008199125
97.13381,1.421759,-84.733067,19003.078809,19007.22235516909
97.14381,1.419439,-84.72892,19002.231499,19004.308244921605
97.15381,1.417122,-84.724772,19001.384231,19004.679762860993
97.16381,1.414808,-84.720625,19000.537004,19003.12940026228
97.17381,1.412498,-84.716478,18999.689818,19002.91418326774
97.18381,1.410191,-84.712331,18998.842674,18999.68298555138
97.19381,1.407888,-84.708184,18997.995572,18996.791438131768
97.20381,1.405588,-84.704037,18997.148511,18998.74218664271
97.21381,1.403303,-84.69989,18996.301491,18999.11486448435
97.22381,1.401024,-84.695743,18995.454513,18995.419062631736
97.23381,1.398748,-84.691596,18994.607576,18995.44270051424
97.24381,1.396476,-84.687448,18993.760681,18994.96846186519
97.25381,1.394207,-84.683301,18992.913827,18990.919033835442
97.26381,1.391941,-84.679153,18992.067015,18994.279216126204
97.27381,1.38968,-84.675004,18991.220244,18993.923211135327
97.28381,1.387421,-84.670856,18990.373515,18991.97364728857
97.29381,1.385166,-84.666707,18989.526827,18989.637548571107
97.30381,1.382914,-84.662558,18988.680181,18989.717831697264
97.31381,1.380666,-84.658408,18987.833576,18988.115038486107
97.32381,1.378421,-84.654258,18986.987013,18988.546064039085
97.33381,1.37618,-84.650108,18986.140491,18986.051690474807
97.34381,1.373942,-84.645958,18985.29401,18986.113492026067
97.35381,1.371707,-84.641807,18984.447572,18982.78822416504
97.36381,1.369476,-84.637656,18983.601174,18985.75781138205
97.37381,1.367248,-84.633505,18982.754819,18983.920918734675
97.38381,1.365024,-84.629353,18981.908504,18983.952093544227
97.39381,1.362803,-84.625201,18981.062231,18984.604524182883
97.40381,1.360586,-84.621049,18980.216,18980.710945364524
97.41381,1.358372,-84.616896,18979.36981,18980.542492603312
97.42381,1.356161,-84.612743,18978.523662,18977.949569505392
97.43381,1.353954,-84.60859,18977.677556,18975.989174754315
97.44381,1.35175,-84.604436,18976.83149,18975.719740798602
97.45381,1.34955,-84.600282,18975.985467,18975.852524071088
97.46381,1.347353,-84.596128,18975.139485,18974.30407335123
97.47381,1.345159,-84.591973,18974.293544,18973.37410717701
97.48381,1.342969,-84.587818,18973.447645,18973.6879043066
97.49381,1.340782,-84.583662,18972.601788,18971.82663750139
97.50381,1.338598,-84.579506,18971.755972,18971.692187228753
97.51381,1.336418,-84.57535,18970.910198,18974.213758631857
97.52381,1.334242,-84.571193,18970.064465,18971.84474888356
97.53381,1.332068,-84.567036,18969.218774,18971.043837559097
97.54381,1.329898,-84.562878,18968.373124,18967.265907376404
97.55381,1.327732,-84.55872,18967.527516,18968.287950904894
97.56381,1.325568,-84.554562,18966.68195,18967.357700436107
97.57381,1.323409,-84.550403,18965.836425,18964.36611825774
97.58381,1.321252,-84.546244,18964.990942,18965.191050234345
97.59381,1.319099,-84.542084,18964.1455,18966.006467854702
97.60381,1.316949,-84.537924,18963.3001,18967.49170418829
97.61381,1.314803,-84.533763,18962.454742,18961.948896423244
97.62381,1.31266,-84.529602,18961.609425,18962.9446587237
97.63381,1.31052,-84.525441,18960.76415,18960.9041044997
97.64381,1.308384,-84.521279,18959.918916,18960.036171153377
97.65381,1.306251,-84.517116,18959.073724,18961.199624801087
97.66381,1.304121,-84.512953,18958.228574,18958.44798745859
97.67381,1.301995,-84.50879,18957.383465,18959.834234637034
97.68381,1.299872,-84.504626,18956.538398,18956.840484430584
97.69381,1.297753,-84.500462,18955.693373,18955.422731026247
97.70381,1.295637,-84.496297,18954.848389,18953.367811026164
97.71381,1.293524,-84.492132,18954.003447,18956.075461823366
97.72381,1.291414,-84.487966,18953.158546,18954.943482832055
97.73381,1.289308,-84.4838,18952.313687,18952.988372959186
97.74381,1.287205,-84.479633,18951.46887,18952.377903795743
97.75381,1.285106,-84.475466,18950.624095,18951.22848254608
97.76381,1.28301,-84.471298,18949.779361,18952.547153862764
97.77381,1.280917,-84.46713,18948.934669,18950.444773817715
97.78381,1.278827,-84.462961,18948.090018,18948.689494059727
97.79381,1.276741,-84.458792,18947.24541,18946.61690803788
97.80381,1.274658,-84.454622,18946.400843,18947.335354203038
97.81381,1.272579,-84.450452,18945.556317,18948.140431800617
97.82381,1.270502,-84.446281,18944.711833,18946.484628825616
97.83381,1.268429,-84.442109,18943.867392,18944.036401658577
97.84381,1.26636,-84.437938,18943.022991,18944.60803756884
97.85381,1.264294,-84.433765,18942.178633,18943.840104041465
97.86381,1.262231,-84.429592,18941.334316,18941.264129827447
97.87381,1.260171,-84.425418,18940.490041,18940.260974241017
97.88381,1.258115,-84.421244,18939.645808,18940.599160504258
97.89381,1.256062,-84.41707,18938.801616,18938.558477508483
97.90381,1.254012,-84.412894,18937.957466,18939.498365763196
97.91381,1.251966,-84.408718,18937.113358,18938.04653724084
97.92381,1.249923,-84.404542,18936.269292,18934.719772615757
97.93381,1.247883,-84.400365,18935.425267,18937.535695494218
97.94381,1.245846,-84.396187,18934.581285,18933.822699121007
97.95381,1.243813,-84.392009,18933.737344,18934.567592209703
97.96381,1.241783,-84.387831,18932.893444,18933.32765361346
97.97381,1.239757,-84.383651,18932.049587,18934.596779204272
97.98381,1.237733,-84.379471,18931.205771,18932.479507927645
97.99381,1.235713,-84.375291,18930.361998,18931.749869992163
98.00381,1.233697,-84.37111,18929.518266,18929.859630903953
98.01381,1.231683,-84.366928,18928.674575,18929.79238657983
98.02381,1.229673,-84.362746,18927.830927,18926.01357332247
98.03381,1.227666,-84.358563,18926.98732,18925.171113829158
98.04381,1.225662,-84.354379,18926.143756,18927.306185977086
98.05381,1.223662,-84.350195,18925.300233,18927.69172621401
98.06381,1.221665,-84.346011,18924.456752,18925.48766076375
98.07381,1.219671,-84.341825,18923.613313,18926.02988488875
98.08381,1.217681,-84.337639,18922.769915,18922.30545769123
98.09381,1.215694,-84.333452,18921.92656,18920.233635855748
98.10381,1.21371,-84.329265,18921.083246,18922.253054328117
98.11381,1.211729,-84.325077,18920.239975,18923.38530321168
98.12381,1.209752,-84.320889,18919.396745,18923.142512046124
98.13381,1.207778,-84.3167,18918.553557,18917.356297396233
98.14381,1.205807,-84.31251,18917.710411,18917.69635398895
98.15381,1.203839,-84.308319,18916.867307,18915.828074015873
98.16381,1.201875,-84.304128,18916.024244,18916.158907447632
98.17381,1.199914,-84.299936,18915.181224,18915.03740063923
98.18381,1.197956,-84.295744,18914.338246,18912.10909614662
98.19381,1.196002,-84.291551,18913.495309,18915.615737123808
98.20381,1.19405,-84.287357,18912.652415,18911.407661299647
98.21381,1.192102,-84.283163,18911.809562,18910.17898643306
98.22381,1.190158,-84.278968,18910.966751,18912.75882981184
98.23381,1.188216,-84.274772,18910.123983,18908.21762044491
98.24381,1.186278,-84.270575,18909.281256,18909.410004437712
98.25381,1.184343,-84.266378,18908.438571,18907.419255697077
98.26381,1.182411,-84.26218,18907.595928,18908.399006228432
98.27381,1.180483,-84.257982,18906.753328,18909.20594178379
98.28381,1.178558,-84.253783,18905.910769,18905.602185055446
98.29381,1.176636,-84.249583,18905.068252,18904.907945130883
98.30381,1.174717,-84.245382,18904.225777,18903.003868670236
98.31381,1.172801,-84.241181,18903.383344,18907.710131836906
98.32381,1.170889,-84.236979,18902.540953,18900.3892370907
98.33381,1.16898,-84.232777,18901.698605,18901.469327521296
98.34381,1.167074,-84.228573,18900.856298,18901.567015209854
98.35381,1.165172,-84.224369,18900.014033,18900.480478955495
98.36381,1.163273,-84.220164,18899.171811,18901.087606926267
98.37381,1.161376,-84.215959,18898.32963,18896.936722891503
98.38381,1.159484,-84.211753,18897.487491,18898.384918571213
98.39381,1.157594,-84.207546,18896.645395,18898.94470700984
98.40381,1.155708,-84.203338,18895.80334,18896.08740312835
98.41381,1.153825,-84.19913,18894.961328,18895.79350267056
98.42381,1.151945,-84.194921,18894.119358,18894.851968757328
98.43381,1.150068,-84.190711,18893.27743,18892.233365522658
98.44381,1.148195,-84.186501,18892.435544,18893.33495625493
98.45381,1.146324,-84.182289,18891.5937,18893.750516894692
98.46381,1.144457,-84.178077,18890.751898,18891.796493482598
98.47381,1.142594,-84.173865,18889.910138,18892.38531781144
98.48381,1.140733,-84.169651,18889.068421,18890.37255834232
98.49381,1.138876,-84.165437,18888.226745,18889.94529399551
98.50381,1.137022,-84.161222,18887.385112,18887.7471339947
98.51381,1.135171,-84.157006,18886.543521,18888.46428133332
98.52381,1.133323,-84.15279,18885.701972,18886.421094965423
98.53381,1.131479,-84.148573,18884.860465,18885.01600195177
98.54381,1.129637,-84.144355,18884.019,18884.364723598384
98.55381,1.127799,-84.140136,18883.177578,18883.867483430677
98.56381,1.125965,-84.135917,18882.336198,18882.786355148633
98.57381,1.124133,-84.131697,18881.494859,18881.932892247154
98.58381,1.122305,-84.127476,18880.653564,18880.922977081624
98.59381,1.12048,-84.123254,18879.81231,18883.384437643395
98.60381,1.118658,-84.119032,18878.971099,18877.465397677064
98.61381,1.116839,-84.114809,18878.129929,18877.96421294962
98.62381,1.115023,-84.110585,18877.288802,18878.343413482307
98.63381,1.113211,-84.10636,18876.447718,18873.654022622453
98.64381,1.111402,-84.102134,18875.606675,18876.094534353542
98.65381,1.109596,-84.097908,18874.765675,18874.79702326548
98.66381,1.107793,-84.093681,18873.924717,18874.525283029863
98.67381,1.106529,-84.089453,18873.083801,18877.78066024686
98.68381,1.105482,-84.085223,18872.242928,18871.966020114276
98.69381,1.104437,-84.080992,18871.402097,18872.03836822409
98.70381,1.103395,-84.07676,18870.561308,18868.877668685254
98.71381,1.102356,-84.072525,18869.720562,18870.622874316978
98.72381,1.101319,-84.06829,18868.879858,18870.39589028009
98.73381,1.100286,-84.064052,18868.039196,18868.265150569307
98.74381,1.099254,-84.059814,18867.198577,18868.6946192133
98.75381,1.098226,-84.055573,18866.358,18867.632508024737
98.76381,1.0972,-84.051332,18865.517465,18868.14950135337
98.77381,1.096177,-84.047088,18864.676973,18864.282044159412
98.78381,1.095742,-84.042843,18863.836523,18863.085615064898
98.79381,1.09534,-84.038596,18862.996116,18863.995782329654
98.80381,1.09494,-84.034346,18862.155751,18863.382483694924
98.81381,1.09454,-84.030095,18861.315429,18864.25334464025
98.82381,1.094141,-84.025841,18860.47515,18862.004808247137
98.83381,1.093743,-84.021585,18859.634912,18860.82630286826
98.84381,1.093345,-84.017327,18858.794718,18858.02636011142
98.85381,1.092948,-84.013067,18857.954566,18857.46263909677
98.86381,1.092551,-84.008805,18857.114457,18858.469028112933
98.87381,1.092156,-84.00454,18856.27439,18856.59262711128
98.88381,1.09176,-84.000274,18855.434366,18854.703251128736
98.89381,1.091366,-83.996005,18854.594384,18857.54544032954
98.90381,1.090972,-83.991735,18853.754446,18853.090750391326
98.91381,1.090579,-83.987462,18852.91455,18851.949278655364
98.92381,1.090186,-83.983187,18852.074696,18851.274387843176
98.93381,1.089795,-83.978911,18851.234886,18851.60150954944
98.94381,1.089403,-83.974632,18850.395118,18852.389697895665
98.95381,1.089013,-83.970351,18849.555393,18851.36351765053
98.96381,1.088623,-83.966068,18848.715711,18850.44591741121
98.97381,1.088234,-83.961783,18847.876072,18848.18355141632
98.98381,1.087845,-83.957496,18847.036476,18845.576233616404
98.99381,1.087457,-83.953207,18846.196922,18845.67095465572
99.00381,1.08707,-83.948916,18845.357411,18845.870551911656
99.01381,1.086683,-83.944623,18844.517944,18847.08385302636
99.02381,1.086297,-83.940328,18843.678519,18847.57350320004
99.03381,1.085911,-83.936031,18842.839137,18841.138643743794
99.04381,1.085526,-83.931732,18841.999798,18843.56329269428
99.05381,1.085142,-83.927431,18841.160503,18842.623546390536
99.06381,1.084759,-83.923128,18840.32125,18840.883730839534
99.07381,1.084376,-83.918823,18839.48204,18839.48166370174
99.08381,1.083993,-83.914516,18838.642873,18838.85473384097
99.09381,1.083612,-83.910207,18837.80375,18838.547790182885
99.10381,1.083231,-83.905896,18836.964669,18833.953028969947
99.11381,1.08285,-83.901583,18836.125632,18836.856021573465
99.12381,1.082471,-83.897268,18835.286638,18834.717436856597
99.13381,1.082091,-83.892951,18834.447686,18833.837182970918
99.14381,1.081713,-83.888633,18833.608778,18834.08049006407
99.15381,1.081335,-83.884312,18832.769914,18834.3845064118
99.16381,1.080958,-83.87999,18831.931092,18833.677967074596
99.17381,1.080581,-83.875665,18831.092314,18829.55267025938
99.18381,1.080205,-83.871339,18830.253579,18829.675537136714
99.19381,1.07983,-83.867011,18829.414887,18829.715878123483
99.20381,1.079455,-83.862681,18828.576239,18830.6816619418
99.21381,1.079081,-83.858349,18827.737634,18828.23499212654
99.22381,1.078707,-83.854015,18826.899072,18826.18410659743
99.23381,1.078334,-83.849679,18826.060553,18826.914712185855
99.24381,1.077962,-83.845342,18825.222078,18827.7573238958
99.25381,1.07759,-83.841002,18824.383646,18821.578922933262
99.26381,1.077219,-83.836661,18823.545258,18824.209433158914
99.27381,1.076848,-83.832318,18822.706913,18826.580046222076
99.28381,1.076478,-83.827973,18821.868612,18824.32921408541
99.29381,1.076109,-83.823626,18821.030354,18823.10812678219
99.30381,1.07574,-83.819277,18820.192139,18822.249847110903
99.31381,1.075372,-83.814927,18819.353968,18819.49115747305
99.32381,1.075005,-83.810575,18818.515841,18817.623511882593
99.33381,1.074653,-83.806221,18817.677757,18817.271111141534
99.34381,1.074326,-83.801864,18816.839716,18816.79622248059
99.35381,1.073999,-83.797505,18816.001719,18816.710212351452
99.36381,1.073674,-83.793143,18815.163766,18814.779125850455
99.37381,1.073348,-83.788779,18814.325857,18814.22297812954
99.38381,1.073024,-83.784412,18813.487991,18810.35899621679
99.39381,1.072699,-83.780042,18812.650168,18813.398192541477
99.40381,1.072376,-83.77567,18811.81239,18814.70711889205
99.41381,1.072052,-83.771295,18810.974655,18809.849765330928
99.42381,1.07173,-83.766918,18810.136964,18810.02391001216
99.43381,1.071408,-83.762539,18809.299317,18811.982626125195
99.44381,1.07113,-83.758156,18808.461713,18809.14253858643
99.45381,1.070877,-83.75377,18807.624154,18807.132102150066
99.46381,1.070625,-83.74938,18806.786638,18808.693073849536
99.47381,1.070373,-83.744985,18805.949166,18806.716586748476
99.48381,1.070121,-83.740588,18805.111738,18808.046098361792
99.49381,1.06987,-83.736186,18804.274354,18807.26385894223
99.50381,1.069619,-83.73178,18803.437014,18806.294761181267
99.51381,1.069369,-83.727371,18802.599719,18804.729618972662
99.52381,1.069119,-83.722958,18801.762467,18800.30274410928
99.53381,1.06887,-83.718541,18800.92526,18803.129323810048
99.54381,1.068621,-83.71412,18800.088096,18800.969731911155
99.55381,1.068372,-83.709695,18799.250977,18801.01277150653
99.56381,1.068124,-83.705267,18798.413902,18798.568923438943
99.57381,1.067876,-83.700835,18797.576872,18800.12306250646
99.58381,1.067629,-83.696399,18796.739886,18796.460743039504
99.59381,1.067382,-83.691959,18795.902944,18797.383172116726
99.60381,1.067136,-83.687516,18795.066046,18795.406964667105
99.61381,1.06689,-83.683069,18794.229194,18794.094193997837
99.62381,1.066644,-83.678618,18793.392385,18796.006634541623
99.63381,1.066399,-83.674164,18792.555621,18793.50218553646
99.64381,1.066154,-83.669706,18791.718902,18793.646576800096
99.65381,1.065909,-83.665244,18790.882227,18791.9647011501
99.66381,1.065665,-83.660779,18790.045597,18790.343561822556
99.67381,1.065422,-83.65631,18789.209011,18790.816321594622
99.68381,1.065178,-83.651837,18788.372471,18791.901471847723
99.69381,1.064935,-83.647361,18787.535975,18788.23655617362
99.70381,1.064693,-83.642881,18786.699524,18787.918009797435
99.71381,1.064451,-83.638398,18785.863117,18786.158137624618
99.72381,1.063797,-83.633911,18785.026756,18788.341131333545
99.73381,1.061057,-83.629422,18784.190439,18782.12124547403
99.74381,1.058324,-83.624932,18783.354167,18782.950007037318
99.75381,1.055598,-83.62044,18782.51794,18783.472961031475
99.76381,1.052879,-83.615948,18781.681758,18782.525781713874
99.77381,1.050168,-83.611455,18780.845621,18782.112388230962
99.78381,1.047463,-83.60696,18780.009529,18777.737881972032
99.79381,1.044766,-83.602464,18779.173482,18779.98621621383
99.80381,1.042076,-83.597967,18778.33748,18778.922945390663
99.81381,1.039394,-83.593469,18777.501523,18777.27401340702
99.82381,1.036718,-83.588969,18776.665611,18776.327633749097
99.83381,1.03405,-83.584469,18775.829743,18777.11291476509
99.84381,1.031389,-83.579967,18774.993921,18774.86359737702
99.85381,1.028736,-83.575464,18774.158144,18774.927912385177
99.86381,1.02609,-83.57096,18773.322412,18773.07926952155
99.87381,1.023451,-83.566454,18772.486725,18774.48189558922
99.88381,1.020819,-83.561948,18771.651083,18770.508766345185
99.89381,1.018195,-83.55744,18770.815486,18771.91043115196
99.90381,1.015578,-83.552931,18769.979934,18771.861808929178
99.91381,1.012968,-83.54842,18769.144427,18772.45814083605
99.92381,1.010366,-83.543909,18768.308966,18770.751484770706
99.93381,1.007771,-83.539396,18767.473549,18767.048613386516
99.94381,1.005184,-83.534881,18766.638178,18768.07900187179
99.95381,1.002604,-83.530366,18765.802852,18768.182919756113
99.96381,1.000032,-83.525849,18764.96757,18761.733155507867
99.97381,0.997467,-83.521331,18764.132335,18767.903336891817
99.98381,0.994909,-83.516812,18763.297144,18763.19006508263
99.99381,0.992359,-83.512291,18762.461998,18763.054719225194
100.00381,0.989817,-83.507769,18761.626898,18762.264049522404
100.01381,0.987282,-83.503246,18760.791843,18762.585909130525
100.02381,0.984754,-83.498721,18759.956833,18763.971452507976
100.03381,0.982234,-83.494195,18759.121869,18759.030510694218
100.04381,0.979722,-83.489668,18758.286949,18759.1144853316
100.05381,0.977217,-83.485139,18757.452075,18758.36116067594
100.06381,0.97472,-83.480609,18756.617246,18757.467600928874
100.07381,0.97223,-83.476078,18755.782463,18755.202883007198
100.08381,0.969748,-83.471545,18754.947725,18754.78490251225
100.09381,0.967274,-83.467011,18754.113032,18756.88920271277
100.10381,0.964807,-83.462475,18753.278385,18753.901613936498
100.11381,0.962349,-83.457938,18752.443783,18755.141033987646
100.12381,0.959897,-83.4534,18751.609226,18751.5247082868
100.13381,0.957454,-83.44886,18750.774715,18749.964779207894
100.14381,0.955018,-83.444319,18749.940249,18750.298061972506
100.15381,0.95259,-83.439777,18749.105828,18751.582074741906
100.16381,0.95017,-83.435233,18748.271453,18749.900359225794
100.17381,0.947757,-83.430687,18747.437124,18745.695817624754
100.18381,0.945352,-83.426141,18746.602839,18746.00656993342
100.19381,0.942955,-83.421592,18745.768601,18744.176222134694
100.20381,0.940566,-83.417043,18744.934408,18743.876748927363
100.21381,0.938185,-83.412492,18744.10026,18746.633671987693
100.22381,0.935812,-83.407939,18743.266158,18744.318372874975
100.23381,0.933446,-83.403385,18742.432101,18742.715235771535
100.24381,0.931088,-83.39883,18741.59809,18741.740319892484
100.25381,0.928739,-83.394273,18740.764125,18741.82375831262
100.26381,0.926397,-83.389715,18739.930205,18741.963459660354
100.27381,0.924063,-83.385155,18739.09633,18739.442128541745
100.28381,0.921737,-83.380593,18738.262502,18738.431322948323
100.29381,0.91942,-83.376031,18737.428718,18739.901727772227
100.30381,0.91711,-83.371466,18736.594981,18737.030922032107
100.31381,0.914808,-83.366901,18735.761289,18736.694118322743
100.32381,0.912514,-83.362333,18734.927643,18734.05062029364
100.33381,0.910228,-83.357764,18734.094042,18733.29629806625
100.34381,0.907951,-83.353194,18733.260488,18735.183870694447
100.35381,0.905681,-83.348622,18732.426979,18732.95093552466
100.36381,0.90342,-83.344049,18731.593515,18731.717435868803
100.37381,0.901167,-83.339474,18730.760098,18734.837832024354
100.38381,0.898918,-83.334898,18729.926726,18731.515375359526
100.39381,0.896638,-83.33032,18729.0934,18726.62772927014
100.40381,0.894366,-83.325742,18728.260119,18729.09618913192
100.41381,0.892103,-83.321163,18727.426885,18726.88254071432
100.42381,0.889847,-83.316583,18726.593696,18724.731920102142
100.43381,0.8876,-83.312002,18725.760553,18729.337080519057
100.44381,0.885361,-83.307421,18724.927456,18723.956054472692
100.45381,0.883131,-83.302838,18724.094405,18723.614470375443
100.46381,0.880908,-83.298255,18723.261399,18721.925122125478
100.47381,0.878694,-83.293671,18722.42844,18725.46912100893
100.48381,0.876488,-83.289086,18721.595526,18722.482345192708
100.49381,0.874291,-83.2845,18720.762658,18725.05243931637
100.50381,0.872101,-83.279914,18719.929836,18719.128816107073
100.51381,0.869921,-83.275326,18719.09706,18722.180816644384
100.52381,0.867748,-83.270738,18718.264329,18720.083007507434
100.53381,0.865584,-83.266149,18717.431645,18716.538737916868
100.54381,0.863428,-83.261559,18716.599006,18715.819850263895
100.55381,0.861281,-83.256968,18715.766414,18715.320889899565
100.56381,0.859142,-83.252376,18714.933867,18716.643270714012
100.57381,0.857012,-83.247783,18714.101366,18717.43945594638
100.58381,0.85489,-83.24319,18713.268911,18712.582609928835
100.59381,0.852777,-83.238595,18712.436502,18713.17993376975
100.60381,0.850672,-83.233999,18711.604139,18710.198504570602
100.61381,0.848576,-83.229403,18710.771822,18711.347894643804
100.62381,0.846488,-83.224806,18709.939551,18711.316998763275
100.63381,0.844409,-83.220207,18709.107326,18708.053910259605
100.64381,0.842339,-83.215608,18708.275147,18707.962282965018
100.65381,0.840277,-83.211008,18707.443014,18707.33012977869
100.66381,0.838224,-83.206407,18706.610927,18707.244446151017
100.67381,0.836179,-83.201805,18705.778886,18702.91269555543
100.68381,0.834143,-83.197202,18704.946891,18705.83372992261
100.69381,0.832116,-83.192598,18704.114942,18705.74256131858
100.70381,0.830098,-83.187993,18703.283039,18702.126984205843
100.71381,0.828089,-83.183387,18702.451182,18702.026737894146
100.72381,0.826088,-83.17878,18701.619371,18703.25367352746
100.73381,0.824096,-83.174172,18700.787607,18701.77127546718
100.74381,0.822113,-83.169563,18699.955888,18698.584141558902
100.75381,0.820138,-83.164953,18699.124215,18698.474200656987
100.76381,0.818173,-83.160342,18698.292589,18697.669790777047
100.77381,0.816216,-83.15573,18697.461008,18699.90798458569
100.78381,0.814269,-83.151117,18696.629474,18694.392368344896
100.79381,0.81233,-83.146503,18695.797986,18696.748444796307
100.80381,0.8104,-83.141888,18694.966544,18700.07525395545
100.81381,0.80848,-83.137272,18694.135148,18695.530703159136
100.82381,0.806568,-83.132655,18693.303799,18694.421130596867
100.83381,0.804665,-83.128037,18692.472495,18695.85371651281
100.84381,0.802771,-83.123418,18691.641238,18694.441391271303
100.85381,0.800887,-83.118798,18690.810027,18691.22517607071
100.86381,0.799011,-83.114176,18689.978862,18692.884631409444
100.87381,0.797145,-83.109554,18689.147743,18691.125176664566
100.88381,0.795287,-83.104931,18688.316671,18690.022553510622
100.89381,0.793439,-83.100306,18687.485645,18691.09538489989
100.90381,0.7916,-83.095681,18686.654665,18689.225740248185
100.91381,0.78977,-83.091054,18685.823731,18689.789573349724
100.92381,0.787949,-83.086426,18684.992844,18684.802379952394
100.93381,0.786138,-83.081798,18684.162003,18685.521392711413
100.94381,0.784336,-83.077168,18683.331208,18684.029134294982
100.95381,0.782543,-83.072537,18682.500459,18684.341962527593
100.96381,0.780759,-83.067905,18681.669757,18680.543707743476
100.97381,0.778985,-83.063272,18680.839101,18678.69188971875
100.98381,0.77722,-83.058638,18680.008492,18682.12693155706
100.99381,0.775464,-83.054002,18679.177928,18681.15650157558
101.00381,0.773718,-83.049366,18678.347412,18680.50225261474
101.01381,0.771981,-83.044728,18677.516941,18679.90330420669
101.02381,0.770254,-83.04009,18676.686517,18674.76303394491
101.03381,0.768536,-83.03545,18675.856139,18679.737949344017
101.04381,0.766828,-83.030809,18675.025808,18678.37063900193
101.05381,0.765129,-83.026167,18674.195523,18675.584697600083
101.06381,0.763439,-83.021524,18673.365285,18673.192440842384
101.07381,0.761759,-83.016879,18672.535093,18673.321122634716
101.08381,0.759737,-83.012234,18671.704947,18671.59080566944
101.09381,0.757709,-83.007588,18670.874848,18672.693011293042
101.10381,0.755689,-83.002941,18670.044795,18671.328633473866
101.11381,0.753675,-82.998293,18669.214789,18666.684376893867
101.12381,0.751668,-82.993644,18668.38483,18669.240990501967
101.13381,0.749669,-82.988994,18667.554916,18668.739487190152
101.14381,0.747676,-82.984344,18666.72505,18666.20139495626
101.15381,0.745691,-82.979692,18665.895229,18667.46393777462
101.16381,0.743713,-82.97504,18665.065456,18668.310662542717
101.17381,0.741742,-82.970386,18664.235729,18667.642285148188
101.18381,0.739778,-82.965732,18663.406048,18663.791053319503
101.19381,0.737821,-82.961077,18662.576414,18665.45564224763
101.20381,0.735872,-82.956421,18661.746827,18660.47537542178
101.21381,0.73393,-82.951764,18660.917286,18663.857642819992
101.22381,0.731995,-82.947106,18660.087791,18659.558660262857
101.23381,0.730067,-82.942447,18659.258343,18661.244014222542
101.24381,0.728146,-82.937788,18658.428942,18658.053165469744
101.25381,0.726233,-82.933127,18657.599588,18657.919128894708
101.26381,0.724327,-82.928465,18656.77028,18658.31349120574
101.27381,0.722429,-82.923803,18655.941018,18656.694810994934
101.28381,0.720538,-82.919139,18655.111804,18656.081938756786
101.29381,0.718654,-82.914475,18654.282636,18654.471161690228
101.30381,0.716778,-82.90981,18653.453514,18653.870055736857
101.31381,0.714909,-82.905143,18652.624439,18654.666076404686
101.32381,0.713047,-82.900476,18651.795411,18652.86496942115
101.33381,0.711194,-82.895808,18650.96643,18654.293565902997
101.34381,0.709347,-82.891139,18650.137495,18652.954410933577
101.35381,0.707508,-82.886469,18649.308607,18649.992795903858
101.36381,0.705676,-82.881797,18648.479766,18648.72564940029
101.37381,0.703853,-82.877125,18647.650971,18646.590567689353
101.38381,0.702036,-82.872452,18646.822223,18647.927304932422
101.39381,0.700227,-82.867778,18645.993522,18643.756896085604
101.40381,0.698426,-82.863103,18645.164868,18646.027678327016
101.41381,0.696633,-82.858428,18644.33626,18644.24545725811
101.42381,0.694847,-82.853751,18643.507699,18641.953479826458
101.43381,0.693068,-82.849073,18642.679185,18644.488748748787
101.44381,0.691298,-82.844394,18641.850718,18642.552816625554
101.45381,0.689535,-82.839714,18641.022297,18640.722849788865
101.46381,0.68778,-82.835033,18640.193924,18641.645523120456
101.47381,0.686032,-82.830351,18639.365597,18639.454044880997
101.48381,0.684293,-82.825669,18638.537316,18640.43965241433
101.49381,0.682561,-82.820985,18637.709083,18638.876183752618
101.50381,0.680837,-82.8163,18636.880897,18641.744635216615
101.51381,0.679121,-82.811614,18636.052757,18636.58734233385
101.52381,0.677412,-82.806927,18635.224665,18637.947125046063
101.53381,0.675712,-82.802239,18634.396619,18637.955630649853
101.54381,0.674019,-82.797551,18633.56862,18635.132079314826
101.55381,0.672334,-82.792861,18632.740668,18634.54858189409
101.56381,0.670658,-82.78817,18631.912763,18631.595631303207
101.57381,0.668989,-82.783478,18631.084904,18634.296554423167
101.58381,0.667328,-82.778785,18630.257093,18631.693973250087
101.59381,0.665675,-82.774091,18629.429329,18630.2466255489
101.60381,0.664031,-82.769396,18628.601611,18627.90511154845
101.61381,0.662394,-82.7647,18627.773941,18630.711729154584
101.62381,0.660765,-82.760003,18626.946317,18627.277364093105
101.63381,0.659145,-82.755305,18626.118741,18630.15003561444
101.64381,0.657532,-82.750606,18625.291211,18626.931467606286
101.65381,0.655928,-82.745906,18624.463728,18625.349182458052
101.66381,0.654332,-82.741205,18623.636293,18623.057657362304
101.67381,0.652744,-82.736503,18622.808904,18625.005011494024
101.68381,0.651164,-82.7318,18621.981563,18621.567775623877
101.69381,0.649592,-82.727096,18621.154268,18622.117412452844
101.70381,0.648029,-82.72239,18620.327021,18620.49660684085
101.71381,0.646474,-82.717684,18619.499821,18620.05054259194
101.72381,0.644927,-82.712977,18618.672667,18616.9300434816
101.73381,0.643401,-82.708268,18617.845561,18618.269526205615
101.74381,0.641936,-82.703558,18617.018502,18620.985568824566
101.75381,0.640479,-82.698846,18616.19149,18615.4961756619
101.76381,0.639031,-82.694132,18615.364525,18615.54649207718
101.77381,0.637591,-82.689417,18614.537607,18615.29992558494
101.78381,0.63616,-82.684699,18613.710737,18613.379843748946
101.79381,0.634738,-82.67998,18612.883913,18614.68002535618
101.80381,0.633324,-82.675258,18612.057137,18612.652472204827
101.81381,0.631918,-82.670535,18611.230408,18610.949310626118
101.82381,0.630521,-82.66581,18610.403726,18610.942439041795
101.83381,0.629133,-82.661083,18609.577092,18612.348215315993
101.84381,0.627754,-82.656354,18608.750505,18609.084225358947
101.85381,0.626383,-82.651623,18607.923965,18608.796884272146
101.86381,0.625021,-82.64689,18607.097472,18609.356437790437
101.87381,0.623667,-82.642155,18606.271027,18606.63227585713
101.88381,0.622322,-82.637419,18605.444629,18604.705515138045
101.89381,0.620986,-82.63268,18604.618279,18606.53481172854
101.90381,0.619659,-82.62794,18603.791976,18603.065520306354
101.91381,0.61834,-82.623197,18602.96572,18602.230098415766
101.92381,0.617031,-82.618453,18602.139512,18603.945966311687
101.93381,0.61573,-82.613707,18601.313351,18601.250791578354
101.94381,0.614438,-82.608959,18600.487238,18601.130123221985
101.95381,0.613154,-82.60421,18599.661172,18602.13754744984
101.96381,0.61188,-82.599458,18598.835153,18599.13231613962
101.97381,0.610615,-82.594704,18598.009183,18596.338072487037
101.98381,0.609358,-82.589949,18597.183259,18596.321996807943
101.99381,0.60811,-82.585191,18596.357384,18598.890817507123
102.00381,0.606872,-82.580432,18595.531555,18595.625867199233
102.01381,0.605642,-82.575671,18594.705775,18594.609131565514
102.02381,0.604421,-82.570908,18593.880042,18595.160597398168
102.03381,0.603209,-82.566143,18593.054357,18594.243234145488
102.04381,0.602007,-82.561377,18592.228719,18592.91820061784
102.05381,0.600813,-82.556608,18591.403129,18591.98772882179
102.06381,0.599628,-82.551838,18590.577587,18590.90586862404
102.07381,0.598453,-82.547065,18589.752093,18593.658668682532
102.08381,0.597286,-82.542291,18588.926646,18590.30869181948
102.09381,0.596129,-82.537515,18588.101247,18590.507407328427
102.10381,0.594981,-82.532737,18587.275895,18588.871689849882
102.11381,0.593841,-82.527957,18586.450592,18586.93999870972
102.12381,0.592711,-82.523176,18585.625336,18589.198476698828
102.13381,0.591591,-82.518392,18584.800128,18586.292869609213
102.14381,0.590479,-82.513607,18583.974968,18582.100386563012
102.15381,0.589377,-82.508819,18583.149856,18584.361633167246
102.16381,0.588283,-82.50403,18582.324792,18583.630686099135
102.17381,0.587199,-82.499239,18581.499776,18583.709619896686
102.18381,0.586125,-82.494446,18580.674807,18582.07482435023
102.19381,0.585059,-82.489652,18579.849887,18580.84392021131
102.20381,0.584003,-82.484855,18579.025014,18576.31766559693
102.21381,0.582956,-82.480057,18578.20019,18578.45318742643
102.22381,0.581918,-82.475257,18577.375413,18578.60271133888
102.23381,0.58089,-82.470454,18576.550685,18579.73244745359
102.24381,0.579871,-82.465651,18575.726004,18576.151364947655
102.25381,0.578861,-82.460845,18574.901372,18577.042456795654
102.26381,0.577861,-82.456037,18574.076787,18573.122208067616
102.27381,0.57687,-82.451228,18573.252251,18575.581148303645
102.28381,0.575888,-82.446416,18572.427763,18572.350980692583
102.29381,0.574916,-82.441603,18571.603323,18573.539562397287
102.30381,0.573953,-82.436788,18570.778931,18568.57474456403
102.31381,0.573,-82.431971,18569.954587,18570.840678462435
102.32381,0.572056,-82.427153,18569.130291,18570.770098008667
102.33381,0.571122,-82.422332,18568.306044,18569.69172341328
102.34381,0.570196,-82.41751,18567.481844,18568.221986638833
102.35381,0.569281,-82.412686,18566.657694,18565.860948074696
102.36381,0.568375,-82.40786,18565.833591,18567.934853670093
102.37381,0.567478,-82.403032,18565.009536,18567.594579433608
102.38381,0.566591,-82.398202,18564.18553,18564.209439797327
102.39381,0.565713,-82.393371,18563.361572,18560.873026578633
102.40381,0.564845,-82.388538,18562.537663,18564.33732881834
102.41381,0.563986,-82.383703,18561.713802,18563.248670169734
102.42381,0.563137,-82.378866,18560.889989,18562.986089176844
102.43381,0.562326,-82.374027,18560.066224,18560.78764985004
102.44381,0.561523,-82.369187,18559.242508,18560.779778643715
102.45381,0.560727,-82.364344,18558.41884,18558.57742724872
102.46381,0.559937,-82.3595,18557.595221,18558.57398968172
102.47381,0.559155,-82.354654,18556.77165,18555.14196816254
102.48381,0.558379,-82.349806,18555.948128,18557.11048106107
102.49381,0.55761,-82.344957,18555.124654,18553.34041526118
102.50381,0.556847,-82.340105,18554.301229,18554.930276923413
102.51381,0.556091,-82.335252,18553.477852,18553.35021248671
102.52381,0.555342,-82.330397,18552.654524,18551.42637575865
102.53381,0.5546,-82.325541,18551.831244,18554.590538093125
102.54381,0.553865,-82.320682,18551.008013,18551.93919352263
102.55381,0.553136,-82.315822,18550.184831,18551.511416125828
102.56381,0.552414,-82.31096,18549.361697,18550.29487671813
102.57381,0.551699,-82.306096,18548.538612,18545.130380344202
102.58381,0.55099,-82.30123,18547.715575,18548.715118457163
102.59381,0.550289,-82.296363,18546.892587,18550.128054912147
102.60381,0.549594,-82.291494,18546.069648,18548.27194906952
102.61381,0.548905,-82.286623,18545.246757,18545.021888208612
102.62381,0.548224,-82.28175,18544.423915,18544.558030041626
102.63381,0.547549,-82.276875,18543.601122,18544.94643054886
102.64381,0.546881,-82.271999,18542.778378,18542.8004208404
102.65381,0.54622,-82.267121,18541.955682,18542.824281057772
102.66381,0.545566,-82.262242,18541.133035,18543.180424827617
102.67381,0.544918,-82.25736,18540.310437,18542.126572952464
102.68381,0.544277,-82.252477,18539.487888,18539.41458303543
102.69381,0.543643,-82.247592,18538.665388,18542.45178474915
102.70381,0.543016,-82.242706,18537.842936,18538.48993738143
102.71381,0.542395,-82.237817,18537.020534,18536.862095695957
102.72381,0.541781,-82.232927,18536.19818,18535.340129906293
102.73381,0.541174,-82.228035,18535.375875,18535.980453656215
102.74381,0.540574,-82.223142,18534.553619,18537.76474899169
102.75381,0.53998,-82.218247,18533.731412,18533.000548696346
102.76381,0.539393,-82.21335,18532.909254,18533.10654721909
102.77381,0.538813,-82.208451,18532.087145,18531.23302776196
102.78381,0.538239,-82.203551,18531.265085,18532.61532713496
102.79381,0.537673,-82.198649,18530.443074,18531.109899985342
102.80381,0.537113,-82.193745,18529.621112,18531.98338287406
102.81381,0.536559,-82.18884,18528.799199,18529.752601669752
102.82381,0.536013,-82.183933,18527.977335,18527.629121437858
102.83381,0.535618,-82.179024,18527.155521,18527.76704397816
102.84381,0.535317,-82.174114,18526.333755,18527.332085940438
102.85381,0.535018,-82.169201,18525.512038,18522.98803021201
102.86381,0.534722,-82.164287,18524.690371,18527.738140968155
102.87381,0.534429,-82.159371,18523.868753,18524.755240452916
102.88381,0.534138,-82.154454,18523.047184,18524.302490369628
102.89381,0.53385,-82.149534,18522.225664,18521.81853623715
102.90381,0.533565,-82.144613,18521.404193,18521.15345490448
102.91381,0.533283,-82.13969,18520.582771,18519.842479251507
102.92381,0.533003,-82.134766,18519.761399,18521.158255266386
102.93381,0.532727,-82.129839,18518.940076,18519.57518077437
102.94381,0.532452,-82.124911,18518.118802,18518.381706874825
102.95381,0.532181,-82.119981,18517.297578,18518.38351430148
102.96381,0.531912,-82.11505,18516.476403,18516.986836631553
102.97381,0.531646,-82.110117,18515.655277,18515.99413062978
102.98381,0.531383,-82.105182,18514.8342,18517.92485697565
102.99381,0.531122,-82.100245,18514.013173,18513.45116099369
103.00381,0.530864,-82.095307,18513.192195,18513.108600461048
103.01381,0.530609,-82.090367,18512.371267,18515.745673703008
103.02381,0.530356,-82.085426,18511.550388,18513.66989184455
103.03381,0.530106,-82.080482,18510.729559,18512.750160877345
103.04381,0.529859,-82.075537,18509.908778,18511.400132480114
103.05381,0.529614,-82.070591,18509.088048,18508.998611190083
103.06381,0.529372,-82.065642,18508.267367,18510.03269638037
103.07381,0.529133,-82.060692,18507.446735,18508.429537399265
103.08381,0.528886,-82.055741,18506.626153,18505.880187372502
103.09381,0.52863,-82.050788,18505.80562,18505.15423936523
103.10381,0.528376,-82.045834,18504.985137,18505.070763634623
103.11381,0.528125,-82.040878,18504.164703,18503.386943936996
103.12381,0.527877,-82.035921,18503.344319,18504.777391653635
103.13381,0.527631,-82.030962,18502.523985,18505.097180338234
103.14381,0.527388,-82.026002,18501.7037,18502.021929506245
103.15381,0.527147,-82.021041,18500.883465,18501.939780308036
103.16381,0.526909,-82.016078,18500.063279,18501.80246174651
103.17381,0.526674,-82.011114,18499.243143,18498.160103386625
103.18381,0.526442,-82.006149,18498.423057,18499.69703316888
103.19381,0.526212,-82.001182,18497.603021,18497.9776833429
103.20381,0.525984,-81.996214,18496.783034,18500.10026211811
103.21381,0.525759,-81.991245,18495.963096,18494.263925998952
103.22381,0.525537,-81.986274,18495.143209,18496.17607383999
103.23381,0.525317,-81.981302,18494.323371,18495.16026670823
103.24381,0.5251,-81.976329,18493.503583,18497.248974102375
103.25381,0.524886,-81.971354,18492.683844,18491.85519603738
103.26381,0.524674,-81.966378,18491.864156,18493.902953756256
103.27381,0.524464,-81.961401,18491.044517,18492.90681539938
103.28381,0.524257,-81.956422,18490.224927,18490.403698396756
103.29381,0.524053,-81.951442,18489.405388,18489.373068915116
103.30381,0.523851,-81.946461,18488.585899,18491.338356639935
103.31381,0.523652,-81.941479,18487.766459,18487.24851221939
103.32381,0.523455,-81.936495,18486.947069,18487.862086139576
103.33381,0.523261,-81.93151,18486.127729,18485.732803047475
103.34381,0.523069,-81.926524,18485.308439,18485.234147838884
103.35381,0.52288,-81.921536,18484.489199,18482.565664877755
103.36381,0.522693,-81.916547,18483.670008,18486.599549613737
103.37381,0.522509,-81.911557,18482.850868,18483.309549834416
103.38381,0.522327,-81.906566,18482.031777,18484.032746948455
103.39381,0.522147,-81.901573,18481.212736,18480.35396660574
103.40381,0.521971,-81.896579,18480.393746,18482.986023115533
103.41381,0.521796,-81.891584,18479.574805,18481.44235399223
103.42381,0.521624,-81.886588,18478.755914,18481.322719905187
103.43381,0.521455,-81.88159,18477.937073,18479.58513803001
103.44381,0.521288,-81.876592,18477.118282,18476.126020756947
103.45381,0.521123,-81.871592,18476.299541,18475.65281645919
103.46381,0.520961,-81.86659,18475.48085,18475.77967579778
103.47381,0.520801,-81.861588,18474.662209,18475.390025358483
103.48381,0.520633,-81.856584,18473.843618,18475.744519650034
103.49381,0.520423,-81.85158,18473.025078,18473.051421468746
103.50381,0.520215,-81.846575,18472.206587,18474.525971941806
103.51381,0.52001,-81.841569,18471.388146,18472.653442309496
103.52381,0.519807,-81.836563,18470.569756,18468.99950069437
103.53381,0.519607,-81.831556,18469.751415,18468.87705388153
103.54381,0.519409,-81.826549,18468.933124,18471.290814733264
103.55381,0.519214,-81.821541,18468.114884,18467.77326779661
103.56381,0.519021,-81.816532,18467.296694,18468.41064064289
103.57381,0.518831,-81.811523,18466.478553,18467.205805968744
103.58381,0.518643,-81.806513,18465.660463,18464.278077004994
103.59381,0.518458,-81.801502,18464.842423,18467.203964902437
103.60381,0.518275,-81.796491,18464.024433,18463.69168449273
103.61381,0.518094,-81.791479,18463.206493,18462.55165462082
103.62381,0.517916,-81.786467,18462.388604,18462.084377883064
103.63381,0.51774,-81.781454,18461.570764,18465.057886719384
103.64381,0.517567,-81.776441,18460.752974,18463.27976726561
103.65381,0.517396,-81.771427,18459.935235,18460.855690024277
103.66381,0.517228,-81.766412,18459.117546,18459.809151772217
103.67381,0.517062,-81.761397,18458.299907,18459.00145554821
103.68381,0.516898,-81.756382,18457.482318,18457.983355563134
103.69381,0.516737,-81.751365,18456.664779,18456.10857608628
103.70381,0.516578,-81.746349,18455.847291,18458.8422734252
103.71381,0.516421,-81.741331,18455.029852,18456.68381504276
103.72381,0.516267,-81.736313,18454.212464,18453.631318354073
103.73381,0.516116,-81.731295,18453.395126,18453.613388984344
103.74381,0.515966,-81.726276,18452.577838,18450.800511830406
103.75381,0.515819,-81.721256,18451.7606,18453.74092668488
103.76381,0.515674,-81.716236,18450.943413,18450.4915954429
103.77381,0.515532,-81.711216,18450.126276,18450.32374396974
103.78381,0.515392,-81.706194,18449.309189,18449.414550874848
103.79381,0.515254,-81.701173,18448.492152,18452.692730160037
103.80381,0.515119,-81.696151,18447.675165,18450.44083703263
103.81381,0.514985,-81.691128,18446.858229,18445.439484675422
103.82381,0.514855,-81.686105,18446.041343,18448.055311293534
103.83381,0.514726,-81.681081,18445.224507,18446.80549895676
103.84381,0.5146,-81.676057,18444.407721,18443.022354620054
103.85381,0.514476,-81.671032,18443.590986,18445.597351638575
103.86381,0.514354,-81.666007,18442.7743,18441.378790653565
103.87381,0.514235,-81.660981,18441.957665,18442.410963114144
103.88381,0.514117,-81.655955,18441.141081,18441.826463718207
103.89381,0.514003,-81.650928,18440.324546,18439.580274732358
103.90381,0.51389,-81.6459,18439.508062,18441.46513494764
103.91381,0.513779,-81.640873,18438.691628,18440.208023759584
103.92381,0.513671,-81.635844,18437.875245,18440.336966484014
103.93381,0.513565,-81.630816,18437.058912,18437.01784417247
103.94381,0.513462,-81.625786,18436.242628,18437.130074029294
103.95381,0.51336,-81.620757,18435.426396,18436.270805576136
103.96381,0.513261,-81.615727,18434.610213,18434.935232944852
103.97381,0.513164,-81.610696,18433.794081,18434.116332727466
103.98381,0.513069,-81.605665,18432.977999,18432.02231101186
103.99381,0.512976,-81.600633,18432.161968,18435.501247774137
104.00381,0.512885,-81.595601,18431.345987,18433.32309992027
104.01381,0.512797,-81.590569,18430.530056,18434.44997054682
104.02381,0.512711,-81.585536,18429.714175,18432.126961891452
104.03381,0.512627,-81.580502,18428.898345,18432.704281786344
104.04381,0.512545,-81.575469,18428.082565,18430.798725687375
104.05381,0.512465,-81.570434,18427.266836,18427.524517664257
104.06381,0.512387,-81.565399,18426.451157,18428.444835215065
104.07381,0.512312,-81.560364,18425.635528,18428.866368706007
104.08381,0.512238,-81.555329,18424.819949,18425.350794478505
104.09381,0.512167,-81.550293,18424.004421,18422.434441773832
104.10381,0.512098,-81.545256,18423.188944,18423.3653335663
104.11381,0.512031,-81.540219,18422.373516,18423.942928727523
104.12381,0.511966,-81.535182,18421.558139,18420.599293925276
104.13381,0.511903,-81.530144,18420.742813,18421.177578856088
104.14381,0.511842,-81.525106,18419.927536,18422.16631150083
104.15381,0.511784,-81.520067,18419.11231,18420.626381886683
104.16381,0.511727,-81.515028,18418.297135,18419.714327566155
104.17381,0.511673,-81.509989,18417.48201,18416.16224679673
104.18381,0.51162,-81.504949,18416.666935,18416.39071011143
104.19381,0.51157,-81.499909,18415.851911,18415.5797509019
104.20381,0.511521,-81.494868,18415.036937,18414.398997143027
104.21381,0.511475,-81.489827,18414.222014,18415.274083747263
104.22381,0.51143,-81.484786,18413.40714,18412.374232626997
104.23381,0.511388,-81.479744,18412.592318,18414.61304950533
104.24381,0.511348,-81.474702,18411.777546,18413.773604567992
104.25381,0.511309,-81.469659,18410.962824,18412.633301757844
104.26381,0.511273,-81.464616,18410.148152,18411.30333313162
104.27381,0.511239,-81.459573,18409.333531,18411.75434319875
104.28381,0.511206,-81.454529,18408.518961,18408.21903607443
104.29381,0.511176,-81.449485,18407.704441,18407.412810575723
104.30381,0.511148,-81.44444,18406.889971,18407.855703047677
104.31381,0.511121,-81.439396,18406.075552,18409.167127400324
104.32381,0.511097,-81.43435,18405.261183,18404.84617764633
104.33381,0.511074,-81.429305,18404.446865,18403.90341572081
104.34381,0.511054,-81.424259,18403.632597,18406.599133909403
104.35381,0.511035,-81.419213,18402.81838,18402.461774467956
104.36381,0.511018,-81.414166,18402.004213,18401.70983372521
104.37381,0.511003,-81.409119,18401.190097,18402.44412118809
104.38381,0.51099,-81.404072,18400.376031,18402.524504918645
104.39381,0.510979,-81.399024,18399.562015,18397.34280586831
104.40381,0.51097,-81.393976,18398.74805,18399.434457238844
104.41381,0.510963,-81.388928,18397.934136,18398.93397292362
104.42381,0.510958,-81.383879,18397.120272,18397.0098392672
104.43381,0.510954,-81.37883,18396.306458,18396.1730220218
104.44381,0.510953,-81.37378,18395.492695,18395.815976815556
104.45381,0.510953,-81.368731,18394.678982,18396.739226863796
104.46381,0.510955,-81.363681,18393.86532,18395.42637776759
104.47381,0.510959,-81.35863,18393.051709,18393.23289650126
104.48381,0.510965,-81.35358,18392.238148,18390.084629261506
104.49381,0.510973,-81.348529,18391.424637,18392.641934919026
104.50381,0.510982,-81.343478,18390.611177,18389.48879866759
104.51381,0.510993,-81.338426,18389.797768,18388.917391791798
104.52381,0.511007,-81.333374,18388.984409,18388.31763822722
104.53381,0.511021,-81.328322,18388.1711,18390.434012956903
104.54381,0.511038,-81.323269,18387.357842,18387.427852508023
104.55381,0.511057,-81.318217,18386.544635,18383.8948970153
104.56381,0.511077,-81.313164,18385.731478,18388.009067424304
104.57381,0.511099,-81.30811,18384.918372,18385.717777203794
104.58381,0.511123,-81.303057,18384.105316,18385.246989333795
104.59381,0.511148,-81.298003,18383.29231,18383.25475875211
104.60381,0.511176,-81.292948,18382.479356,18381.960278130748
104.61381,0.511205,-81.287894,18381.666451,18380.065978020233
104.62381,0.511236,-81.282839,18380.853598,18382.49483238747
104.63381,0.511268,-81.277784,18380.040795,18381.95623368716
104.64381,0.511303,-81.272729,18379.228042,18384.006638674902
104.65381,0.511339,-81.267673,18378.41534,18379.534845033606
104.66381,0.511376,-81.262617,18377.602689,18381.248054499
104.67381,0.511416,-81.257561,18376.790088,18377.852598852744
104.68381,0.511457,-81.252505,18375.977537,18377.007896456074
104.69381,0.5115,-81.247448,18375.165038,18376.952226861336
104.70381,0.511544,-81.242391,18374.352588,18374.691108642237
104.71381,0.511591,-81.237334,18373.54019,18375.107578326428
104.72381,0.511639,-81.232277,18372.727842,18373.827412088547
104.73381,0.511688,-81.227219,18371.915544,18369.648726724277
104.74381,0.511739,-81.222161,18371.103297,18371.04783372296
104.75381,0.511792,-81.217103,18370.291101,18373.322011414333
104.76381,0.511847,-81.212045,18369.478955,18372.330869409856
104.77381,0.511903,-81.206986,18368.66686,18370.432732974634
104.78381,0.51196,-81.201927,18367.854816,18370.85142587511
104.79381,0.51202,-81.196868,18367.042822,18370.925829047635
104.80381,0.512081,-81.191809,18366.230878,18368.737433936014
104.81381,0.512143,-81.18675,18365.418985,18368.532230101668
104.82381,0.512208,-81.18169,18364.607143,18366.34530475925
104.83381,0.512273,-81.17663,18363.795352,18365.886989967836
104.84381,0.512341,-81.17157,18362.983611,18363.017765207285
104.85381,0.51241,-81.166509,18362.17192,18362.212316971454
104.86381,0.51248,-81.161449,18361.36028,18362.89945011662
104.87381,0.512563,-81.156388,18360.548691,18361.1108625441
104.88381,0.512697,-81.151327,18359.737153,18361.96763530611
104.89381,0.512833,-81.146266,18358.925665,18361.368529786985
104.90381,0.512971,-81.141204,18358.114227,18358.374879035106
104.91381,0.513112,-81.136143,18357.302841,18355.76307320498
104.92381,0.513255,-81.131081,18356.491505,18357.892296389757
104.93381,0.5134,-81.126019,18355.680219,18359.50461562932
104.94381,0.513548,-81.120956,18354.868984,18357.007227024744
104.95381,0.513698,-81.115894,18354.0578,18355.045336116193
104.96381,0.51385,-81.110831,18353.246666,18355.754056806465
104.97381,0.514005,-81.105768,18352.435583,18356.054118655455
104.98381,0.514162,-81.100705,18351.624551,18351.616335091923
104.99381,0.514322,-81.095642,18350.813569,18354.291384704047
105.00381,0.514483,-81.090578,18350.002638,18350.650414423
105.01381,0.514647,-81.085514,18349.191758,18350.32585534764
105.02381,0.514813,-81.08045,18348.380928,18350.848907950025
105.03381,0.514982,-81.075386,18347.570149,18349.23348296758
105.04381,0.515152,-81.070322,18346.75942,18350.565799553777
105.05381,0.515325,-81.065257,18345.948742,18346.919967018606
105.06381,0.5155,-81.060193,18345.138115,18346.254642301214
105.07381,0.515678,-81.055128,18344.327538,18344.716021293676
105.08381,0.515857,-81.050063,18343.517012,18343.0755742421
105.09381,0.516039,-81.044998,18342.706537,18343.06213564289
105.10381,0.516223,-81.039932,18341.896112,18342.740135072912
105.11381,0.516409,-81.034867,18341.085738,18341.959624877738
105.12381,0.516597,-81.029801,18340.275415,18338.55189868651
105.13381,0.516787,-81.024735,18339.465142,18338.387521401197
105.14381,0.516979,-81.019669,18338.65492,18341.51808113433
105.15381,0.517174,-81.014603,18337.844749,18337.89719635206
105.16381,0.51737,-81.009536,18337.034628,18339.095209796935
105.17381,0.517569,-81.00447,18336.224558,18337.110346190093
105.18381,0.51777,-80.999403,18335.414539,18338.3095555506
105.19381,0.517973,-80.994336,18334.60457,18339.86010795161
105.20381,0.518177,-80.989269,18333.794652,18332.320387033786
105.21381,0.518384,-80.984202,18332.984785,18333.56736391842
105.22381,0.518593,-80.979134,18332.174968,18332.918364873967
105.23381,0.518804,-80.974067,18331.365202,18331.3242962372
105.24381,0.519017,-80.968999,18330.555487,18333.175172711886
105.25381,0.519232,-80.963931,18329.745822,18330.663375567452
105.26381,0.519449,-80.958864,18328.936208,18330.81098014419
105.27381,0.519668,-80.953795,18328.126645,18331.093263294504
105.28381,0.519889,-80.948727,18327.317132,18328.906720316136
105.29381,0.520112,-80.943659,18326.50767,18327.919653790483
105.30381,0.520337,-80.938591,18325.698259,18323.842261890055
105.31381,0.520563,-80.933522,18324.888899,18327.69331564799
105.32381,0.520792,-80.928453,18324.079589,18327.030363578535
105.33381,0.521022,-80.923384,18323.27033,18322.116867753666
105.34381,0.521255,-80.918316,18322.461121,18321.77570372089
105.35381,0.521489,-80.913246,18321.651963,18322.75770143704
105.36381,0.521725,-80.908177,18320.842856,18321.10411981301
105.37381,0.521963,-80.903108,18320.0338,18320.726170876223
105.38381,0.522203,-80.898039,18319.224794,18319.290668371163
105.39381,0.522445,-80.892969,18318.415839,18317.569875150297
105.40381,0.522689,-80.8879,18317.606935,18316.90720967196
105.41381,0.522934,-80.88283,18316.798081,18312.889814846305
105.42381,0.523181,-80.87776,18315.989278,18316.75758134202
105.43381,0.52343,-80.87269,18315.180526,18315.69418906456
105.44381,0.523681,-80.86762,18314.371824,18313.955599801084
105.45381,0.523934,-80.86255,18313.563173,18316.173979727326
105.46381,0.524188,-80.85748,18312.754573,18315.554643767824
105.47381,0.524444,-80.85241,18311.946024,18311.51765030608
105.48381,0.524702,-80.847339,18311.137525,18312.6676095023
105.49381,0.524962,-80.842269,18310.329077,18313.222606008796
105.50381,0.525223,-80.837198,18309.52068,18308.73120500149
105.51381,0.525486,-80.832128,18308.712333,18309.513966282437
105.52381,0.52575,-80.827057,18307.904037,18308.68117798052
105.53381,0.526013,-80.821986,18307.095792,18309.676094879804
105.54381,0.526277,-80.816915,18306.287597,18307.068204354833
105.55381,0.526543,-80.811845,18305.479453,18306.7011148689
105.56381,0.526811,-80.806774,18304.67136,18306.559505873163
105.57381,0.52708,-80.801703,18303.863318,18302.99273191757
105.58381,0.527351,-80.796632,18303.055326,18306.061844855227
105.59381,0.527624,-80.791561,18302.247385,18304.816431681393
105.60381,0.527898,-80.78649,18301.439495,18300.315456631382
105.61381,0.528174,-80.781419,18300.631656,18301.11332414824
105.62381,0.528451,-80.776348,18299.823867,18300.30277046027
105.63381,0.528731,-80.771277,18299.016129,18301.97869109007
105.64381,0.529011,-80.766206,18298.208441,18297.596050981447
105.65381,0.529294,-80.761135,18297.400804,18297.702915277307
105.66381,0.529577,-80.756064,18296.593219,18295.20291971145
105.67381,0.529863,-80.750993,18295.785683,18295.445128949515
105.68381,0.53015,-80.745922,18294.978199,18293.04223220028
105.69381,0.530438,-80.740851,18294.170765,18295.50309741358
105.70381,0.530728,-80.73578,18293.363382,18294.670572565552
105.71381,0.53102,-80.730709,18292.556049,18294.521234103777
105.72381,0.531313,-80.725638,18291.748767,18291.56851534576
105.73381,0.531607,-80.720567,18290.941536,18291.214903624143
105.74381,0.531904,-80.715496,18290.134356,18291.342697095184
105.75381,0.532201,-80.710425,18289.327227,18290.89619969206
105.76381,0.5325,-80.705354,18288.520148,18288.53035564451
105.77381,0.532801,-80.700283,18287.713119,18287.950913744324
105.78381,0.533102,-80.695212,18286.906142,18287.719842449627
105.79381,0.533406,-80.690141,18286.099215,18285.889598619073
105.80381,0.533711,-80.68507,18285.292339,18287.831693025855
105.81381,0.534017,-80.679999,18284.485514,18283.842936165187
105.82381,0.534324,-80.674928,18283.678739,18285.955100037725
105.83381,0.534633,-80.669857,18282.872015,18284.24457919279
105.84381,0.534944,-80.664786,18282.065342,18283.194915902117
105.85381,0.535256,-80.659715,18281.25872,18282.634077667743
105.86381,0.535569,-80.654645,18280.452148,18282.76945305539
105.87381,0.535903,-80.649574,18279.645627,18281.028166473247
105.88381,0.536248,-80.644503,18278.839156,18280.266725008823
105.89381,0.536595,-80.639433,18278.032737,18278.065826426315
105.90381,0.536946,-80.634362,18277.226368,18279.81859451919
105.91381,0.537299,-80.629291,18276.420049,18276.30757221966
105.92381,0.537656,-80.624221,18275.613782,18275.995558103816
105.93381,0.538016,-80.61915,18274.807565,18276.937304081832
105.94381,0.538379,-80.61408,18274.001399,18272.810879406876
105.95381,0.538745,-80.609009,18273.195283,18271.50546722323
105.96381,0.539114,-80.603939,18272.389219,18274.421416508918
105.97381,0.539487,-80.598868,18271.583205,18272.24990615408
105.98381,0.539862,-80.593798,18270.777241,18272.61391764773
105.99381,0.54024,-80.588728,18269.971329,18274.08632210214
106.00381,0.540621,-80.583658,18269.165467,18270.797704236647
106.01381,0.541005,-80.578587,18268.359655,18270.087186824767
106.02381,0.541392,-80.573517,18267.553895,18271.695585679183
106.03381,0.541782,-80.568447,18266.748185,18266.70616004728
106.04381,0.542174,-80.563377,18265.942526,18267.314153708663
106.05381,0.54257,-80.558307,18265.136918,18265.387984708057
106.06381,0.542968,-80.553237,18264.33136,18265.297675944643
106.07381,0.543369,-80.548167,18263.525853,18263.901059203217
106.08381,0.543773,-80.543097,18262.720396,18263.702312112888
106.09381,0.54418,-80.538027,18261.914991,18263.208335145213
106.10381,0.54459,-80.532958,18261.109636,18262.673829608044
106.11381,0.545002,-80.527888,18260.304332,18262.81625584465
106.12381,0.545417,-80.522818,18259.499078,18257.222487001443
106.13381,0.545834,-80.517749,18258.693875,18259.66689142691
106.14381,0.546255,-80.512679,18257.888723,18257.96698015986
106.15381,0.546678,-80.50761,18257.083622,18259.34538822802
106.16381,0.547104,-80.50254,18256.278571,18256.690941254623
106.17381,0.547532,-80.497471,18255.473571,18259.25262609416
106.18381,0.547963,-80.492402,18254.668622,18257.93737833856
106.19381,0.548396,-80.487333,18253.863723,18257.64724135268
106.20381,0.548832,-80.482263,18253.058875,18256.343128581542
106.21381,0.549271,-80.477194,18252.254078,18252.293536566423
106.22381,0.549712,-80.472125,18251.449331,18252.48941178796
106.23381,0.550156,-80.467056,18250.644635,18251.22495710431
106.24381,0.550602,-80.461988,18249.83999,18253.094212313892
106.25381,0.55105,-80.456919,18249.035395,18248.404237508592
106.26381,0.551501,-80.45185,18248.230852,18249.683237874437
106.27381,0.551955,-80.446781,18247.426358,18249.509794765105
106.28381,0.552441,-80.441713,18246.621916,18247.705478488067
106.29381,0.552957,-80.436644,18245.817524,18247.41628573143
106.30381,0.55348,-80.431576,18245.013183,18243.103512151443
106.31381,0.554008,-80.426508,18244.208893,18246.492681480326
106.32381,0.554542,-80.421439,18243.404653,18244.536813608305
106.33381,0.555083,-80.416371,18242.600464,18242.394466939568
106.34381,0.555629,-80.411303,18241.796325,18244.38348751521
106.35381,0.556181,-80.406235,18240.992238,18241.109441117038
106.36381,0.556738,-80.401166,18240.188201,18241.081325050745
106.37381,0.557302,-80.396098,18239.384214,18240.91147459884
106.38381,0.557871,-80.39103,18238.580279,18239.61602041137
106.39381,0.558446,-80.385962,18237.776394,18240.937628472075
106.40381,0.559026,-80.380894,18236.97256,18238.254485064008
106.41381,0.559612,-80.375827,18236.168776,18237.92101023188
106.42381,0.560203,-80.370759,18235.365043,18237.37993572453
106.43381,0.5608,-80.365691,18234.561361,18236.16888766814
106.44381,0.561402,-80.360623,18233.757729,18236.839062045074
106.45381,0.562009,-80.355555,18232.954148,18234.063400590483
106.46381,0.562622,-80.350488,18232.150618,18233.36585379366
106.47381,0.56324,-80.34542,18231.347139,18232.771128439046
106.48381,0.563864,-80.340353,18230.54371,18229.496971149998
106.49381,0.564492,-80.335285,18229.740331,18230.908873785884
106.50381,0.565126,-80.330218,18228.937004,18231.88677322945
106.51381,0.565765,-80.32515,18228.133727,18231.9162505713
106.52381,0.566451,-80.320083,18227.330501,18226.83681589957
106.53381,0.56715,-80.315014,18226.527325,18226.214950775313
106.54381,0.567853,-80.309946,18225.724201,18226.85347402941
106.55381,0.568562,-80.304877,18224.921127,18227.488323998157
106.56381,0.569275,-80.299807,18224.118103,18226.223449339184
106.57381,0.569992,-80.294737,18223.31513,18222.544964849218
106.58381,0.570715,-80.289666,18222.512208,18226.080285831657
106.59381,0.571442,-80.284595,18221.709337,18223.394299895397
106.60381,0.572173,-80.279524,18220.906517,18222.750846591676
106.61381,0.572909,-80.274451,18220.103747,18221.414524987205
106.62381,0.573649,-80.269379,18219.301027,18219.427102550886
106.63381,0.574394,-80.264306,18218.498359,18218.587236432206
106.64381,0.575143,-80.259232,18217.695741,18216.744188115706
106.65381,0.575896,-80.254158,18216.893174,18220.19319417557
106.66381,0.576654,-80.249083,18216.090658,18216.767067009958
106.67381,0.577415,-80.244008,18215.288193,18218.475046083797
106.68381,0.578181,-80.238933,18214.485778,18212.920034312592
106.69381,0.578952,-80.233856,18213.683414,18215.00218657292
106.70381,0.579726,-80.22878,18212.881101,18214.546932653582
106.71381,0.580504,-80.223703,18212.078839,18213.238358682138
106.72381,0.581287,-80.218625,18211.276627,18209.97722771
106.73381,0.582073,-80.213547,18210.474466,18212.17593549082
106.74381,0.582863,-80.208469,18209.672356,18209.440996550224
106.75381,0.583658,-80.20339,18208.870297,18211.953849022866
106.76381,0.584456,-80.19831,18208.068288,18208.6488400796
106.77381,0.585258,-80.19323,18207.26633,18206.43598185328
106.78381,0.586064,-80.18815,18206.464424,18207.64645602704
106.79381,0.586873,-80.183069,18205.662567,18207.406951442514
106.80381,0.587687,-80.177988,18204.860762,18205.794643385594
106.81381,0.588504,-80.172906,18204.059008,18204.231724800895
106.82381,0.589324,-80.167823,18203.257304,18208.076277700246
106.83381,0.590149,-80.162741,18202.455651,18204.764169064252
106.84381,0.590977,-80.157657,18201.654049,18203.47244667472
106.85381,0.591808,-80.152574,18200.852498,18204.41029451512
106.86381,0.592643,-80.147489,18200.050998,18201.67912068782
106.87381,0.593482,-80.142405,18199.249548,18201.61906264377
106.88381,0.594324,-80.13732,18198.44815,18200.528797641084
106.89381,0.595169,-80.132234,18197.646802,18199.585821067958
106.90381,0.596018,-80.127148,18196.845505,18196.799731672927
106.91381,0.59687,-80.122062,18196.044259,18196.45583798713
106.92381,0.597725,-80.116975,18195.243064,18197.945833303707
106.93381,0.598697,-80.111887,18194.441919,18194.116310983838
106.94381,0.59972,-80.106797,18193.640826,18195.255479835425
106.95381,0.600745,-80.101704,18192.839784,18196.398239171
106.96381,0.601773,-80.09661,18192.038792,18194.213134393147
106.97381,0.602803,-80.091513,18191.237851,18193.10427851153
106.98381,0.603836,-80.086414,18190.436962,18192.660805358966
106.99381,0.60487,-80.081312,18189.636123,18190.8865763976
107.00381,0.605907,-80.076208,18188.835335,18189.234013740654
107.01381,0.606946,-80.071102,18188.034599,18190.422635891588
107.02381,0.607988,-80.065994,18187.233913,18188.133938716855
107.03381,0.609031,-80.060883,18186.433279,18186.821464122924
107.04381,0.610077,-80.05577,18185.632696,18185.7716738615
107.05381,0.611124,-80.050655,18184.832164,18184.708254146604
107.06381,0.612174,-80.045538,18184.031683,18182.75255074132
107.07381,0.613226,-80.040418,18183.231253,18180.45512999771
107.08381,0.614279,-80.035296,18182.430874,18184.17165978549
107.09381,0.615335,-80.030172,18181.630547,18181.54698941527
107.10381,0.616393,-80.025046,18180.830271,18181.713163856122
107.11381,0.617452,-80.019918,18180.030046,18178.7706382481
107.12381,0.618514,-80.014787,18179.229873,18182.285173156088
107.13381,0.619577,-80.009654,18178.42975,18180.608035972684
107.14381,0.620642,-80.00452,18177.629679,18179.715853714923
107.15381,0.621709,-79.999382,18176.82966,18179.562222380588
107.16381,0.622778,-79.994243,18176.029692,18176.83620570038
107.17381,0.623849,-79.989102,18175.229775,18177.419189797158
107.18381,0.624921,-79.983958,18174.42991,18174.853474192954
107.19381,0.625995,-79.978812,18173.630096,18172.637569080984
107.20381,0.62707,-79.973664,18172.830334,18173.252353873842
107.21381,0.628148,-79.968514,18172.030623,18174.797581482824
107.22381,0.629227,-79.963362,18171.230963,18172.08970365648
107.23381,0.630307,-79.958208,18170.431355,18169.91497713264
107.24381,0.631389,-79.953051,18169.631799,18170.65999070572
107.25381,0.632473,-79.947893,18168.832294,18172.7259867016
107.26381,0.633558,-79.942732,18168.032841,18169.530283288354
107.27381,0.634644,-79.93757,18167.23344,18168.35874267501
107.28381,0.635733,-79.932405,18166.43409,18168.31020578893
107.29381,0.636822,-79.927238,18165.634792,18167.58981759741
107.30381,0.637913,-79.922069,18164.835545,18162.67632537741
107.31381,0.639005,-79.916898,18164.03635,18165.458434079483
107.32381,0.640099,-79.911725,18163.237207,18162.91387436048
107.33381,0.641194,-79.90655,18162.438116,18163.664800622886
107.34381,0.642291,-79.901373,18161.639076,18161.752960492955
107.35381,0.643388,-79.896194,18160.840088,18162.929143487916
107.36381,0.644487,-79.891013,18160.041152,18160.400504260517
107.37381,0.645588,-79.885829,18159.242268,18162.327578843284
107.38381,0.646689,-79.880644,18158.443436,18161.972900520617
107.39381,0.647792,-79.875457,18157.644655,18158.99934097864
107.40381,0.648896,-79.870268,18156.845927,18159.02468968018
107.41381,0.650001,-79.865076,18156.04725,18158.69805905097
107.42381,0.651107,-79.859883,18155.248625,18154.351375818685
107.43381,0.652215,-79.854688,18154.450052,18153.841496877194
107.44381,0.653323,-79.849491,18153.651531,18154.800658754943
107.45381,0.654433,-79.844291,18152.853062,18152.809377515485
107.46381,0.655544,-79.83909,18152.054645,18155.742216910152
107.47381,0.656655,-79.833887,18151.256281,18153.44599003935
107.48381,0.657768,-79.828682,18150.457968,18153.81123956264
107.49381,0.658882,-79.823475,18149.659707,18151.056375213
107.50381,0.659997,-79.818266,18148.861498,18149.78398135347
107.51381,0.661112,-79.813055,18148.063342,18146.506138283865
107.52381,0.662229,-79.807843,18147.265237,18148.718451977602
107.53381,0.663347,-79.802628,18146.467185,18149.97667676256
107.54381,0.664465,-79.797411,18145.669185,18146.027579705595
107.55381,0.665585,-79.792193,18144.871237,18147.9862185911
107.56381,0.666705,-79.786972,18144.073341,18143.836280102278
107.57381,0.667826,-79.78175,18143.275497,18143.894416752864
107.58381,0.668948,-79.776526,18142.477706,18143.746066417323
107.59381,0.670071,-79.7713,18141.679967,18141.94011322243
107.60381,0.671194,-79.766072,18140.88228,18139.528154468
107.61381,0.672318,-79.760842,18140.084645,18137.27820750477
107.62381,0.673444,-79.75561,18139.287063,18140.816429397524
107.63381,0.674569,-79.750377,18138.489533,18139.273158081363
107.64381,0.675696,-79.745141,18137.692055,18137.168041510613
107.65381,0.676823,-79.739904,18136.89463,18137.417653160355
107.66381,0.677951,-79.734665,18136.097257,18137.353333503328
107.67381,0.67908,-79.729424,18135.299937,18137.69756435534
107.68381,0.680209,-79.724182,18134.502669,18133.63254995728
107.69381,0.681339,-79.718937,18133.705453,18134.735654673375
107.70381,0.682469,-79.713691,18132.90829,18135.3190748241
107.71381,0.6836,-79.708443,18132.111179,18133.054569607724
107.72381,0.684732,-79.703193,18131.314121,18134.312787056388
107.73381,0.685864,-79.697941,18130.517116,18131.403392425396
107.74381,0.686997,-79.692688,18129.720162,18131.722426371954
107.75381,0.68813,-79.687432,18128.923262,18130.538716832998
107.76381,0.689264,-79.682175,18128.126414,18129.889202883372
107.77381,0.690398,-79.676917,18127.329618,18128.621728436756
107.78381,0.691533,-79.671656,18126.532875,18128.567251632445
107.79381,0.692668,-79.666394,18125.736185,18128.255354305886
107.80381,0.693804,-79.66113,18124.939548,18124.60552983772
107.81381,0.69494,-79.655864,18124.142963,18125.844874283455
107.82381,0.696077,-79.650597,18123.34643,18120.656716906215
107.83381,0.697214,-79.645327,18122.549951,18123.523926555696
107.84381,0.698351,-79.640057,18121.753524,18122.549488747558
107.85381,0.699489,-79.634784,18120.95715,18123.467528646506
107.86381,0.700513,-79.62951,18120.160828,18121.232052078107
107.87381,0.701124,-79.624234,18119.364559,18119.516293335924
107.88381,0.701734,-79.618957,18118.568343,18118.1803033924
107.89381,0.702343,-79.613678,18117.77218,18118.32846490406
107.90381,0.702952,-79.608398,18116.97607,18117.681192623786
107.91381,0.70356,-79.603117,18116.180012,18118.822574818114
107.92381,0.704167,-79.597835,18115.384008,18117.970899836022
107.93381,0.704773,-79.592551,18114.588056,18117.173151248244
107.94381,0.705378,-79.587266,18113.792157,18114.773660735937
107.95381,0.705983,-79.58198,18112.99631,18111.733212342086
107.96381,0.706586,-79.576692,18112.200517,18114.289189070543
107.97381,0.707189,-79.571403,18111.404776,18113.722187912164
107.98381,0.707791,-79.566113,18110.609089,18113.389018894668
107.99381,0.708393,-79.560821,18109.813454,18110.20327659813
108.00381,0.708993,-79.555528,18109.017872,18106.62047784276
108.01381,0.709592,-79.550234,18108.222344,18108.80223200354
108.02381,0.710191,-79.544939,18107.426868,18106.041506083086
108.03381,0.710789,-79.539642,18106.631445,18107.07661660906
108.04381,0.711386,-79.534345,18105.836075,18106.987733575683
108.05381,0.711983,-79.529046,18105.040758,18105.40146663832
108.06381,0.712578,-79.523745,18104.245494,18106.91271938149
108.07381,0.713173,-79.518444,18103.450283,18105.641785775122
108.08381,0.713767,-79.513141,18102.655125,18102.27573643213
108.09381,0.71436,-79.507837,18101.86002,18101.990934093126
108.10381,0.714952,-79.502532,18101.064968,18100.45225140821
108.11381,0.715543,-79.497226,18100.26997,18102.004705289124
108.12381,0.716134,-79.491919,18099.475024,18103.752859681183
108.13381,0.716723,-79.48661,18098.680131,18099.718826931465
108.14381,0.717312,-79.4813,18097.885292,18098.17195139065
108.15381,0.717901,-79.475989,18097.090505,18096.138953727095
108.16381,0.718488,-79.470677,18096.295772,18098.88835717041
108.17381,0.719074,-79.465364,18095.501092,18098.508418747984
108.18381,0.71966,-79.46005,18094.706465,18094.598078724975
108.19381,0.720245,-79.454734,18093.911891,18097.437049664386
108.20381,0.720829,-79.449418,18093.11737,18093.849238202434
108.21381,0.721412,-79.4441,18092.322902,18092.76440002831
108.22381,0.721995,-79.438781,18091.528488,18091.0668918812
108.23381,0.722576,-79.433461,18090.734127,18092.686326948726
108.24381,0.723157,-79.42814,18089.939819,18091.544454213083
108.25381,0.723737,-79.422818,18089.145564,18090.504745884078
108.26381,0.724316,-79.417494,18088.351362,18088.908916812612
108.27381,0.724895,-79.41217,18087.557214,18087.16428086215
108.28381,0.725472,-79.406844,18086.763119,18086.655832561242
108.29381,0.726049,-79.401518,18085.969077,18087.89188942333
108.30381,0.726625,-79.39619,18085.175089,18084.49096644718
108.31381,0.7272,-79.390862,18084.381153,18087.381131147125
108.32381,0.727774,-79.385532,18083.587271,18083.62119874052
108.33381,0.728348,-79.380201,18082.793443,18083.097616297906
108.34381,0.728921,-79.374869,18081.999667,18083.01803623657
108.35381,0.729492,-79.369537,18081.205945,18080.66053586716
108.36381,0.730064,-79.364203,18080.412277,18080.543470991546
108.37381,0.730634,-79.358868,18079.618661,18079.361211887095
108.38381,0.731203,-79.353532,18078.825099,18083.79822123338
108.39381,0.731772,-79.348195,18078.031591,18078.145538459266
108.40381,0.73234,-79.342857,18077.238135,18080.133646734248
108.41381,0.732907,-79.337519,18076.444734,18076.14673342574
108.42381,0.733473,-79.332179,18075.651385,18075.953473022757
108.43381,0.734039,-79.326838,18074.85809,18076.545027077995
108.44381,0.734603,-79.321496,18074.064848,18073.975166985674
108.45381,0.735167,-79.316153,18073.27166,18075.300381531175
108.46381,0.73573,-79.31081,18072.478525,18075.22858584762
108.47381,0.736293,-79.305465,18071.685444,18072.626853629994
108.48381,0.736854,-79.300119,18070.892416,18071.16467769551
108.49381,0.737415,-79.294773,18070.099441,18070.658483958436
108.50381,0.737975,-79.289425,18069.30652,18071.790310637014
108.51381,0.738531,-79.284077,18068.513653,18069.28730285067
108.52381,0.739084,-79.278727,18067.720839,18068.911014579415
108.53381,0.739636,-79.273377,18066.928078,18068.953136368455
108.54381,0.740188,-79.268026,18066.135371,18065.129261677506
108.55381,0.740739,-79.262675,18065.342718,18064.56554521903
108.56381,0.741289,-79.257322,18064.550118,18068.628809670947
108.57381,0.741838,-79.251968,18063.757571,18065.9745277267
108.58381,0.742386,-79.246614,18062.965079,18063.014432593576
108.59381,0.742934,-79.241259,18062.172639,18061.945484843593
108.60381,0.743481,-79.235903,18061.380253,18065.00392681886
108.61381,0.744027,-79.230546,18060.587921,18060.045069398526
108.62381,0.744572,-79.225189,18059.795642,18059.378964131778
108.63381,0.745117,-79.219831,18059.003417,18062.34853806482
108.64381,0.745661,-79.214471,18058.211246,18061.44204670608
108.65381,0.746204,-79.209112,18057.419128,18058.683111182832
108.66381,0.746746,-79.203751,18056.627064,18057.924789310393
108.67381,0.747288,-79.19839,18055.835053,18057.66255206594
108.68381,0.747828,-79.193027,18055.043096,18054.328596253912
108.69381,0.748368,-79.187664,18054.251192,18054.050740759598
108.70381,0.748908,-79.182301,18053.459343,18055.025227323134
108.71381,0.749446,-79.176936,18052.667546,18052.931598181203
108.72381,0.749984,-79.171571,18051.875804,18051.860444646616
108.73381,0.750521,-79.166205,18051.084115,18051.051130767853
108.74381,0.751057,-79.160839,18050.29248,18049.980293363133
108.75381,0.751592,-79.155471,18049.500898,18052.278444613024
108.76381,0.752127,-79.150103,18048.70937,18049.220358081224
108.77381,0.752661,-79.144735,18047.917896,18049.942851251875
108.78381,0.753194,-79.139365,18047.126476,18047.464886205005
108.79381,0.753726,-79.133995,18046.335109,18046.37220076863
108.80381,0.754258,-79.128624,18045.543796,18047.19864350271
108.81381,0.754788,-79.123252,18044.752536,18045.193936177297
108.82381,0.755318,-79.11788,18043.961331,18048.256595138162
108.83381,0.755848,-79.112507,18043.170179,18043.619258682098
108.84381,0.756376,-79.107134,18042.379081,18044.1951619414
108.85381,0.75632,-79.10176,18041.588036,18044.310458024902
108.86381,0.755326,-79.096386,18040.797045,18042.873468188624
108.87381,0.754337,-79.091012,18040.006108,18040.975400965148
108.88381,0.753352,-79.085639,18039.215225,18037.712736351496
108.89381,0.752372,-79.080266,18038.424396,18038.167528421593
108.90381,0.751396,-79.074894,18037.63362,18036.29954618328
108.91381,0.750424,-79.069522,18036.842898,18037.15859955713
108.92381,0.749457,-79.06415,18036.052229,18038.044933842746
108.93381,0.748494,-79.058779,18035.261615,18037.59956087871
108.94381,0.747536,-79.053408,18034.471054,18035.533790840218
108.95381,0.746582,-79.048038,18033.680546,18032.70146157711
108.96381,0.745632,-79.042668,18032.890093,18035.498505568747
108.97381,0.744687,-79.037298,18032.099693,18033.50860966758
108.98381,0.743746,-79.031929,18031.309347,18031.39936282911
108.99381,0.74281,-79.02656,18030.519055,18034.40988850783
109.00381,0.741878,-79.021191,18029.728816,18030.82048054568
109.01381,0.74095,-79.015823,18028.938631,18030.64897892957
109.02381,0.740027,-79.010455,18028.148499,18026.36299879416
109.03381,0.739108,-79.005088,18027.358422,18027.10660674326
109.04381,0.738194,-78.999721,18026.568398,18025.75296271704
109.05381,0.737284,-78.994354,18025.778427,18029.10189355992
109.06381,0.736378,-78.988988,18024.988511,18026.49170234688
109.07381,0.735477,-78.983622,18024.198647,18023.630662708314
109.08381,0.73458,-78.978256,18023.408838,18024.020349843573
109.09381,0.733688,-78.972891,18022.619082,18021.669517658014
109.10381,0.7328,-78.967527,18021.82938,18022.145156526803
109.11381,0.731916,-78.962162,18021.039732,18020.670085473554
109.12381,0.731037,-78.956798,18020.250137,18022.35068200998
109.13381,0.730162,-78.951434,18019.460596,18022.913789649727
109.14381,0.729291,-78.946071,18018.671108,18020.83315583585
109.15381,0.728425,-78.940708,18017.881674,18016.876980304492
109.16381,0.727563,-78.935346,18017.092294,18017.904967693463
109.17381,0.726705,-78.929983,18016.302968,18017.951745185117
109.18381,0.725852,-78.924622,18015.513694,18015.89456426541
109.19381,0.725004,-78.91926,18014.724475,18016.023434437808
109.20381,0.724159,-78.913899,18013.935309,18016.43998610286
109.21381,0.723319,-78.908538,18013.146197,18012.781691459397
109.22381,0.722483,-78.903178,18012.357139,18013.110010181266
109.23381,0.721652,-78.897818,18011.568134,18010.558190677326
109.24381,0.720825,-78.892458,18010.779182,18011.046757107117
109.25381,0.720002,-78.887099,18009.990284,18010.816608816083
109.26381,0.719184,-78.88174,18009.20144,18010.38885959229
109.27381,0.71837,-78.876381,18008.41265,18008.829125969096
109.28381,0.71756,-78.871023,18007.623913,18010.67254608065
109.29381,0.716755,-78.865665,18006.835229,18007.837416777318
109.30381,0.715954,-78.860307,18006.046599,18008.377739339863
109.31381,0.715157,-78.85495,18005.258023,18006.38623489321
109.32381,0.714365,-78.849593,18004.4695,18005.63172850269
109.33381,0.713577,-78.844237,18003.681031,18004.2433970346
109.34381,0.712793,-78.838881,18002.892616,18004.155130133542
109.35381,0.712014,-78.833525,18002.104253,18002.188791279536
109.36381,0.711239,-78.82817,18001.315945,18003.151071259068
109.37381,0.710468,-78.822815,18000.52769,18002.02887292821
109.38381,0.709702,-78.81746,17999.739489,18001.809949898547
109.39381,0.70894,-78.812105,17998.951341,18002.291453888916
109.40381,0.708182,-78.806751,17998.163247,17997.37088972758
109.41381,0.707428,-78.801398,17997.375206,17998.999133456342
109.42381,0.706679,-78.796044,17996.587219,17997.03794315905
109.43381,0.705934,-78.790691,17995.799285,17998.155366395877
109.44381,0.705193,-78.785339,17995.011405,17998.75698506619
109.45381,0.704457,-78.779986,17994.223578,17996.037907435748
109.46381,0.703725,-78.774634,17993.435805,17994.469386067904
109.47381,0.702997,-78.769283,17992.648086,17993.64843538895
109.48381,0.702273,-78.763931,17991.860419,17992.35777643301
109.49381,0.701554,-78.75858,17991.072807,17990.980210118105
109.50381,0.700867,-78.75323,17990.285248,17990.6287800294
109.51381,0.700187,-78.747879,17989.497742,17988.771424242877
109.52381,0.699512,-78.742528,17988.71029,17987.047370681208
109.53381,0.698841,-78.737177,17987.922892,17990.582786720854
109.54381,0.698173,-78.731826,17987.135547,17988.314861272956
109.55381,0.697511,-78.726475,17986.348255,17985.65100567021
109.56381,0.696852,-78.721124,17985.561017,17988.809747335778
109.57381,0.696197,-78.715773,17984.773833,17985.303248274075
109.58381,0.695547,-78.710422,17983.986702,17988.982168607232
109.59381,0.694901,-78.705071,17983.199624,17983.253080871702
109.60381,0.694259,-78.699719,17982.4126,17983.645453264166
109.61381,0.693621,-78.694368,17981.62563,17980.446248096694
109.62381,0.692988,-78.689017,17980.838713,17981.05681655554
109.63381,0.692358,-78.683665,17980.05185,17981.3612975226
109.64381,0.691733,-78.678314,17979.26504,17982.117646462026
109.65381,0.691112,-78.672963,17978.478283,17976.95502896063
109.66381,0.690495,-78.667611,17977.69158,17978.869047546537
109.67381,0.689882,-78.66226,17976.904931,17978.870661827932
109.68381,0.689273,-78.656908,17976.118335,17976.96105580656
109.69381,0.688669,-78.651556,17975.331793,17978.044615831346
109.70381,0.688068,-78.646205,17974.545304,17974.78378555062
109.71381,0.687472,-78.640853,17973.758869,17974.41705854634
109.72381,0.68688,-78.635501,17972.972487,17975.36335716426
109.73381,0.686292,-78.63015,17972.186159,17971.077072090244
109.74381,0.685708,-78.624798,17971.399884,17972.97933331565
109.75381,0.685128,-78.619446,17970.613663,17968.919457156975
109.76381,0.684552,-78.614094,17969.827495,17974.202615123177
109.77381,0.68398,-78.608742,17969.041381,17969.78297046827
109.78381,0.683413,-78.60339,17968.25532,17968.256611812743
109.79381,0.682849,-78.598039,17967.469313,17967.558701093018
109.80381,0.68229,-78.592687,17966.683359,17969.599433894073
109.81381,0.681735,-78.587335,17965.897459,17968.292670068222
109.82381,0.681257,-78.581983,17965.111613,17967.20017870311
109.83381,0.680873,-78.57663,17964.32582,17964.165000718625
109.84381,0.68049,-78.571278,17963.54008,17962.497122294208
109.85381,0.680109,-78.565926,17962.754394,17966.033977303014
109.86381,0.679728,-78.560573,17961.968762,17962.021699829504
109.87381,0.679349,-78.555221,17961.183183,17962.601786612675
109.88381,0.678971,-78.549868,17960.397657,17960.733771498784
109.89381,0.678594,-78.544515,17959.612185,17958.58476981008
109.90381,0.678219,-78.539162,17958.826767,17961.042811072715
109.91381,0.677844,-78.533809,17958.041402,17958.588802650243
109.92381,0.677471,-78.528456,17957.256091,17958.50260424354
109.93381,0.677099,-78.523103,17956.470833,17957.30218903715
109.94381,0.676728,-78.517749,17955.685629,17955.426043283707
109.95381,0.676358,-78.512396,17954.900478,17953.831836872807
109.96381,0.67599,-78.507042,17954.115381,17955.005652552813
109.97381,0.675622,-78.501689,17953.330337,17955.214936678207
109.98381,0.675256,-78.496335,17952.545347,17952.883050640892
109.99381,0.674891,-78.490981,17951.76041,17953.310420208763
110.00381,0.674527,-78.485627,17950.975527,17954.837150211904
110.01381,0.674164,-78.480273,17950.190698,17954.75103636687
110.02381,0.673803,-78.474919,17949.405922,17949.407895714623
110.03381,0.673442,-78.469565,17948.6212,17950.518276526655
110.04381,0.673083,-78.464211,17947.836531,17950.69939226252
110.05381,0.672724,-78.458857,17947.051915,17948.801999673018
110.06381,0.672367,-78.453503,17946.267354,17947.235845072075
110.07381,0.672012,-78.448148,17945.482845,17945.389157593414
110.08381,0.671657,-78.442794,17944.698391,17943.182632213746
110.09381,0.671303,-78.43744,17943.913989,17943.889794527964
110.10381,0.670951,-78.432085,17943.129642,17947.2281298883
110.11381,0.670599,-78.426731,17942.345348,17945.472267822544
110.12381,0.670249,-78.421376,17941.561107,17941.88889499299
110.13381,0.6699,-78.416021,17940.77692,17940.476499510984
110.14381,0.669552,-78.410667,17939.992787,17941.524374972665
110.15381,0.669205,-78.405312,17939.208707,17941.12641150516
110.16381,0.668859,-78.399957,17938.42468,17936.86241433855
110.17381,0.668515,-78.394603,17937.640708,17939.84313842886
110.18381,0.668171,-78.389248,17936.856788,17937.912590562224
110.19381,0.667829,-78.383893,17936.072923,17938.21601158879
110.20381,0.667488,-78.378538,17935.289111,17937.91596999818
110.21381,0.667147,-78.373184,17934.505352,17935.472374782068
110.22381,0.666808,-78.367829,17933.721647,17935.713254340622
110.23381,0.66647,-78.362474,17932.937995,17934.652220990098
110.24381,0.666134,-78.357119,17932.154397,17930.30801717507
110.25381,0.665798,-78.351764,17931.370853,17932.223734944433
110.26381,0.665463,-78.34641,17930.587362,17932.68984102453
110.27381,0.66513,-78.341055,17929.803925,17931.485058665567
110.28381,0.664797,-78.3357,17929.020541,17928.63010927187
110.29381,0.664466,-78.330345,17928.237211,17928.881944168144
110.30381,0.664135,-78.32499,17927.453934,17927.128107122706
110.31381,0.663806,-78.319636,17926.670711,17927.6683879909
110.32381,0.663478,-78.314281,17925.887541,17925.485679006597
110.33381,0.663151,-78.308926,17925.104425,17926.67119995573
110.34381,0.662825,-78.303571,17924.321363,17925.378869048312
110.35381,0.6625,-78.298217,17923.538354,17925.939073561985
110.36381,0.662177,-78.292862,17922.755399,17921.414194325444
110.37381,0.661854,-78.287507,17921.972497,17918.866244889527
110.38381,0.661532,-78.282153,17921.189648,17922.69275300631
110.39381,0.661212,-78.276798,17920.406854,17922.330597021963
110.40381,0.660892,-78.271444,17919.624112,17917.324832945884
110.41381,0.660574,-78.266089,17918.841425,17917.567401980963
110.42381,0.660256,-78.260735,17918.058791,17918.745088242227
110.43381,0.65994,-78.25538,17917.27621,17919.1638603832
110.44381,0.659625,-78.250026,17916.493683,17914.50217018039
110.45381,0.65931,-78.244672,17915.71121,17916.063197812182
110.46381,0.658997,-78.239318,17914.92879,17915.388918072524
110.47381,0.658687,-78.233963,17914.146423,17916.31497826492
110.48381,0.658377,-78.228609,17913.36411,17914.700606669147
110.49381,0.658068,-78.223255,17912.581851,17913.791314505193
110.50381,0.65776,-78.217901,17911.799645,17914.057274858907
110.51381,0.657454,-78.212547,17911.017493,17914.10721262527
110.52381,0.657148,-78.207193,17910.235394,17911.327514283497
110.53381,0.656843,-78.20184,17909.453349,17908.701023862483
110.54381,0.65654,-78.196486,17908.671357,17908.149981728282
110.55381,0.656237,-78.191132,17907.889419,17910.39039973475
110.56381,0.655936,-78.185778,17907.107535,17905.82858155742
110.57381,0.655635,-78.180425,17906.325704,17907.40489452811
110.58381,0.655336,-78.175071,17905.543926,17906.80186112582
110.59381,0.655037,-78.169718,17904.762202,17904.504661599873
110.60381,0.65474,-78.164365,17903.980532,17905.84348782563
110.61381,0.654444,-78.159011,17903.198915,17903.034316375208
110.62381,0.654148,-78.153658,17902.417352,17902.646398319645
110.63381,0.653854,-78.148305,17901.635842,17902.609856039366
110.64381,0.65356,-78.142952,17900.854386,17902.315284851054
110.65381,0.653268,-78.137599,17900.072983,17899.64393258749
110.66381,0.652977,-78.132247,17899.291634,17899.43065319342
110.67381,0.652686,-78.126894,17898.510338,17900.247871313444
110.68381,0.652397,-78.121541,17897.729096,17898.534609330254
110.69381,0.652109,-78.116189,17896.947907,17896.289418004977
110.70381,0.651821,-78.110836,17896.166772,17897.896261929476
110.71381,0.651183,-78.105484,17895.38569,17897.986487154325
110.72381,0.650499,-78.100132,17894.604662,17894.406322472747
110.73381,0.649817,-78.094781,17893.823688,17898.193819428136
110.74381,0.649138,-78.08943,17893.042767,17894.896931377913
110.75381,0.648461,-78.084079,17892.261899,17892.305263648606
110.76381,0.647787,-78.078729,17891.481085,17892.067117086157
110.77381,0.647114,-78.073379,17890.700325,17893.919284970096
110.78381,0.646444,-78.068029,17889.919618,17889.67318415199
110.79381,0.645777,-78.06268,17889.138964,17890.744647887394
110.80381,0.645111,-78.057331,17888.358364,17890.3307540515
110.81381,0.644448,-78.051982,17887.577817,17888.2834467394
110.82381,0.643787,-78.046634,17886.797324,17889.406329909
110.83381,0.643129,-78.041286,17886.016885,17886.398495981393
110.84381,0.642473,-78.035938,17885.236499,17887.97548912459
110.85381,0.641819,-78.030591,17884.456166,17886.368931662357
110.86381,0.641168,-78.025244,17883.675887,17882.24594856196
110.87381,0.640518,-78.019898,17882.895661,17882.495260352105
110.88381,0.639871,-78.014552,17882.115489,17882.722102287007
110.89381,0.639227,-78.009206,17881.33537,17882.064654270245
110.90381,0.638584,-78.003861,17880.555305,17882.843690419508
110.91381,0.637944,-77.998516,17879.775293,17882.01757684878
110.92381,0.637307,-77.993171,17878.995334,17880.53682737437
110.93381,0.636671,-77.987827,17878.215429,17880.652895485684
110.94381,0.636038,-77.982483,17877.435578,17879.599474421917
110.95381,0.635407,-77.977139,17876.65578,17879.08568333445
110.96381,0.634778,-77.971796,17875.876035,17877.154341882382
110.97381,0.634152,-77.966453,17875.096344,17876.59521020935
110.98381,0.633528,-77.961111,17874.316706,17874.97059241841
110.99381,0.632906,-77.955769,17873.537122,17873.64108236391
111.00381,0.632286,-77.950427,17872.757591,17870.780579747727
111.01381,0.631669,-77.945086,17871.978113,17872.54507450663
111.02381,0.631054,-77.939745,17871.198689,17872.578820010014
111.03381,0.630441,-77.934405,17870.419318,17869.95217518558
111.04381,0.629831,-77.929065,17869.640001,17873.755821456783
111.05381,0.629222,-77.923725,17868.860737,17869.2013015917
111.06381,0.628616,-77.918386,17868.081526,17869.487744292706
111.07381,0.628012,-77.913047,17867.302369,17867.752078408987
111.08381,0.627411,-77.907708,17866.523265,17870.003208233993
111.09381,0.626812,-77.90237,17865.744215,17867.46955625943
111.10381,0.626215,-77.897032,17864.965218,17865.879295555264
111.11381,0.62562,-77.891695,17864.186274,17864.700162287736
111.12381,0.625027,-77.886358,17863.407384,17863.49664510442
111.13381,0.624437,-77.881021,17862.628547,17863.149182570072
111.14381,0.623849,-77.875685,17861.849764,17862.338039087743
111.15381,0.623263,-77.870349,17861.071033,17862.76669367564
111.16381,0.622679,-77.865014,17860.292357,17860.93332335036
111.17381,0.622098,-77.859678,17859.513733,17862.786300336484
111.18381,0.621518,-77.854344,17858.735163,17860.542451831287
111.19381,0.620941,-77.84901,17857.956646,17858.147990759266
111.20381,0.620367,-77.843676,17857.178183,17858.856877855786
111.21381,0.619794,-77.838342,17856.399773,17856.93756775347
111.22381,0.619224,-77.833009,17855.621416,17855.56086584483
111.23381,0.618656,-77.827677,17854.843113,17856.476976805032
111.24381,0.61809,-77.822344,17854.064863,17854.99227991783
111.25381,0.617526,-77.817012,17853.286666,17854.116852866064
111.26381,0.616964,-77.811681,17852.508522,17853.425149897877
111.27381,0.616405,-77.80635,17851.730432,17851.195786809138
111.28381,0.615848,-77.801019,17850.952395,17853.006322918645
111.29381,0.615293,-77.795689,17850.174412,17852.839246771142
111.30381,0.61474,-77.790359,17849.396482,17849.962713541143
111.31381,0.614189,-77.78503,17848.618605,17848.781398705974
111.32381,0.613641,-77.779701,17847.840781,17848.995985801415
111.33381,0.613095,-77.774372,17847.063011,17848.058969599475
111.34381,0.612551,-77.769044,17846.285293,17844.705879014193
111.35381,0.611916,-77.763717,17845.50763,17844.988260457758
111.36381,0.61123,-77.758391,17844.730019,17843.745586440986
111.37381,0.610546,-77.753068,17843.952462,17844.634045864823
111.38381,0.609865,-77.747747,17843.174958,17846.217233324416
111.39381,0.609186,-77.742427,17842.397507,17842.377483280623
111.40381,0.60851,-77.73711,17841.620109,17843.995556527418
111.41381,0.607836,-77.731795,17840.842765,17842.557761852317
111.42381,0.607164,-77.726482,17840.065473,17838.962078749973
111.43381,0.606495,-77.721171,17839.288235,17841.758739695204
111.44381,0.605828,-77.715862,17838.51105,17840.264337364493
111.45381,0.605163,-77.710555,17837.733918,17836.60300308432
111.46381,0.604501,-77.70525,17836.956839,17837.14575982049
111.47381,0.603842,-77.699947,17836.179813,17835.327326493345
111.48381,0.603184,-77.694646,17835.40284,17836.867515786984
111.49381,0.602529,-77.689347,17834.62592,17837.063521658914
111.50381,0.601877,-77.68405,17833.849053,17836.023367460915
111.51381,0.601226,-77.678755,17833.072239,17835.612575623043
111.52381,0.600579,-77.673462,17832.295478,17834.20591805724
111.53381,0.599933,-77.668172,17831.51877,17831.761267325262
111.54381,0.59929,-77.662883,17830.742114,17829.42225727635
111.55381,0.598649,-77.657596,17829.965512,17831.39225516526
111.56381,0.598011,-77.652311,17829.188962,17830.459831132353
111.57381,0.597375,-77.647028,17828.412466,17828.931218177055
111.58381,0.596741,-77.641747,17827.636022,17831.272726631745
111.59381,0.59611,-77.636469,17826.859631,17827.704352774203
111.60381,0.595481,-77.631192,17826.083292,17827.657134517558
111.61381,0.594855,-77.625917,17825.307007,17827.248555644095
111.62381,0.59423,-77.620644,17824.530774,17823.43279397368
111.63381,0.593608,-77.615373,17823.754594,17828.230950736037
111.64381,0.592989,-77.610104,17822.978467,17824.624277858482
111.65381,0.592372,-77.604837,17822.202392,17819.703882789738
111.66381,0.591757,-77.599572,17821.42637,17822.53248606164
111.67381,0.591144,-77.594309,17820.650401,17823.39431523875
111.68381,0.590534,-77.589048,17819.874484,17820.12722792628
111.69381,0.589926,-77.583788,17819.09862,17821.51199132479
111.70381,0.589321,-77.578531,17818.322808,17818.62491990041
111.71381,0.588718,-77.573276,17817.547049,17818.741287090503
111.72381,0.588117,-77.568023,17816.771342,17817.835295401368
111.73381,0.587518,-77.562771,17815.995688,17817.444052220846
111.74381,0.586922,-77.557522,17815.220087,17815.68223626966
111.75381,0.586328,-77.552274,17814.444538,17818.0003781489
111.76381,0.585736,-77.547028,17813.669042,17812.639600093866
111.77381,0.585714,-77.541785,17812.893597,17812.282406108905
111.78381,0.585736,-77.536542,17812.118206,17813.11014887576
111.79381,0.585758,-77.531302,17811.342867,17814.350549733932
111.80381,0.585781,-77.526063,17810.56758,17813.0126793282
111.81381,0.585803,-77.520825,17809.792345,17810.700579318906
111.82381,0.585826,-77.515589,17809.017163,17809.83175134785
111.83381,0.585848,-77.510355,17808.242034,17810.13419122823
111.84381,0.585871,-77.505123,17807.466956,17808.028138349753
111.85381,0.585894,-77.499892,17806.691931,17808.137606537697
111.86381,0.585917,-77.494662,17805.916958,17805.572763246266
111.87381,0.585941,-77.489434,17805.142038,17806.6318543291
111.88381,0.585964,-77.484208,17804.36717,17806.829539805043
111.89381,0.585988,-77.478983,17803.592354,17806.158603488464
111.90381,0.586011,-77.47376,17802.81759,17804.639278393155
111.91381,0.586035,-77.468539,17802.042878,17800.34279466591
111.92381,0.586059,-77.463319,17801.268219,17803.42363846168
111.93381,0.586084,-77.4581,17800.493612,17802.917605183677
111.94381,0.586108,-77.452884,17799.719057,17803.135846733974
111.95381,0.586132,-77.447669,17798.944554,17800.43048830203
111.96381,0.586157,-77.442455,17798.170104,17801.178343941963
111.97381,0.586182,-77.437243,17797.395705,17798.6815107243
111.98381,0.586206,-77.432033,17796.621359,17797.54327326896
111.99381,0.586231,-77.426824,17795.847065,17796.370862058146
112.00381,0.586256,-77.421617,17795.072822,17793.974061038316
112.01381,0.586282,-77.416411,17794.298632,17796.48574654812
112.02381,0.586307,-77.411207,17793.524494,17793.58990361673
112.03381,0.586333,-77.406004,17792.750408,17792.35599278301
112.04381,0.586358,-77.400803,17791.976374,17793.444475822085
112.05381,0.586384,-77.395604,17791.202392,17792.635503579204
112.06381,0.58641,-77.390406,17790.428462,17792.6740052363
112.07381,0.586436,-77.38521,17789.654584,17789.396506349036
112.08381,0.586462,-77.380015,17788.880758,17790.7420453203
112.09381,0.586488,-77.374822,17788.106984,17786.260938068117
112.10381,0.586515,-77.369631,17787.333261,17785.372773219304
112.11381,0.586541,-77.364441,17786.559591,17789.16044534922
112.12381,0.586568,-77.359252,17785.785973,17786.35666130989
112.13381,0.586595,-77.354066,17785.012406,17785.369620677775
112.14381,0.586621,-77.34888,17784.238891,17785.726771006543
112.15381,0.586648,-77.343697,17783.465428,17786.183703183902
112.16381,0.586676,-77.338514,17782.692017,17780.738540143324
112.17381,0.586703,-77.333334,17781.918658,17783.562311440583
112.18381,0.58673,-77.328155,17781.145351,17784.333784559843
112.19381,0.586758,-77.322977,17780.372095,17782.502140872068
112.20381,0.586785,-77.317802,17779.598891,17781.95897972384
112.21381,0.586813,-77.312627,17778.825739,17779.342998937813
112.22381,0.586841,-77.307454,17778.052639,17780.380536888682
112.23381,0.586869,-77.302283,17777.27959,17776.758541454874
112.24381,0.586897,-77.297114,17776.506593,17778.520143621536
112.25381,0.586925,-77.291946,17775.733648,17776.518486392095
112.26381,0.586953,-77.286779,17774.960754,17776.797064760136
112.27381,0.586981,-77.281614,17774.187912,17775.86819371757
112.28381,0.58701,-77.276451,17773.415122,17774.727278689286
112.29381,0.587039,-77.271289,17772.642383,17774.003498102124
112.30381,0.587067,-77.266128,17771.869696,17773.13602387889
112.31381,0.587096,-77.260969,17771.09706,17773.493247564278
112.32381,0.587125,-77.255812,17770.324476,17772.53259830461
112.33381,0.587154,-77.250656,17769.551944,17769.0456336012
112.34381,0.587183,-77.245502,17768.779463,17768.30573601198
112.35381,0.587212,-77.24035,17768.007034,17767.53357516566
112.36381,0.587242,-77.235199,17767.234656,17769.21530849986
112.37381,0.587271,-77.230049,17766.46233,17767.5512642103
112.38381,0.587301,-77.224901,17765.690055,17763.97893798642
112.39381,0.58733,-77.219755,17764.917832,17766.471210394662
112.40381,0.58736,-77.21461,17764.14566,17763.276114467884
112.41381,0.587388,-77.209466,17763.37354,17764.00820115956
112.42381,0.587415,-77.204325,17762.601471,17763.956327508648
112.43381,0.587443,-77.199184,17761.829453,17763.449631473748
112.44381,0.587471,-77.194046,17761.057487,17761.37880423379
112.45381,0.587499,-77.188908,17760.285572,17759.489910436365
112.46381,0.587527,-77.183773,17759.513709,17760.581526184807
112.47381,0.587555,-77.178639,17758.741897,17762.26362511705
112.48381,0.587583,-77.173506,17757.970136,17761.594334355006
112.49381,0.587611,-77.168376,17757.198427,17760.574696518514
112.50381,0.587639,-77.163246,17756.426769,17756.71211594083
112.51381,0.587668,-77.158118,17755.655162,17757.829702432336
112.52381,0.587696,-77.152992,17754.883606,17756.22097186496
112.53381,0.587725,-77.147868,17754.112102,17754.599474199473
112.54381,0.587754,-77.142744,17753.340649,17754.04975048913
112.55381,0.587782,-77.137623,17752.569247,17755.35562499093
112.56381,0.587811,-77.132503,17751.797897,17753.44344468731
112.57381,0.58784,-77.127384,17751.026597,17752.619002292704
112.58381,0.587869,-77.122267,17750.255349,17751.33641839656
112.59381,0.587899,-77.117152,17749.484152,17749.600862198575
112.60381,0.587928,-77.112038,17748.713006,17751.658774389627
112.61381,0.587957,-77.106926,17747.941911,17748.657023036525
112.62381,0.587987,-77.101815,17747.170867,17749.421333100312
112.63381,0.588016,-77.096706,17746.399875,17747.579617914995
112.64381,0.588046,-77.091598,17745.628933,17745.454157790184
112.65381,0.588076,-77.086492,17744.858043,17744.918513574114
112.66381,0.588106,-77.081388,17744.087203,17746.576771055177
112.67381,0.588136,-77.076285,17743.316415,17742.91002553544
112.68381,0.588166,-77.071183,17742.545678,17745.29963713152
112.69381,0.588196,-77.066083,17741.774991,17740.23373198579
112.70381,0.588226,-77.060985,17741.004356,17742.603262609842
112.71381,0.588256,-77.055888,17740.233772,17742.56638613205
112.72381,0.588287,-77.050792,17739.463238,17740.49584822094
112.73381,0.588075,-77.045699,17738.692756,17738.619606719272
112.74381,0.587739,-77.040607,17737.922324,17741.062608586457
112.75381,0.587406,-77.035516,17737.151944,17737.119061391262
112.76381,0.587076,-77.030428,17736.381614,17737.940634454317
112.77381,0.586748,-77.025341,17735.611335,17735.084847165977
112.78381,0.586423,-77.020256,17734.841107,17732.541520578627
112.79381,0.586101,-77.015172,17734.07093,17738.258633212175
112.80381,0.585781,-77.01009,17733.300804,17735.188522110417
112.81381,0.585464,-77.00501,17732.530728,17734.733905083733
112.82381,0.585149,-76.999932,17731.760703,17732.46191428622
112.83381,0.584837,-76.994856,17730.990729,17733.920216156523
112.84381,0.584528,-76.989781,17730.220806,17731.91239326896
112.85381,0.584222,-76.984707,17729.450934,17731.868731877872
112.86381,0.583918,-76.979636,17728.681112,17728.053859714466
112.87381,0.583616,-76.974566,17727.911341,17731.146685110773
112.88381,0.583317,-76.969498,17727.141621,17727.469874291655
112.89381,0.583021,-76.964432,17726.371951,17728.85896334235
112.90381,0.582727,-76.959367,17725.602332,17726.89225944181
112.91381,0.582436,-76.954304,17724.832764,17729.143384678864
112.92381,0.582147,-76.949242,17724.063246,17724.849079481963
112.93381,0.581861,-76.944183,17723.293779,17724.262018341025
112.94381,0.581578,-76.939125,17722.524362,17724.67854441705
112.95381,0.581297,-76.934068,17721.754996,17723.743787459865
112.96381,0.581019,-76.929014,17720.985681,17718.793245972003
112.97381,0.580743,-76.923961,17720.216416,17722.731891890126
112.98381,0.580469,-76.918909,17719.447202,17720.795425750202
112.99381,0.580199,-76.913859,17718.678038,17721.380454199847
113.00381,0.57993,-76.908811,17717.908925,17718.742324495106
113.01381,0.579664,-76.903765,17717.139862,17718.622598278245
113.02381,0.579401,-76.89872,17716.370849,17718.5907440532
113.03381,0.57914,-76.893677,17715.601887,17717.028731649476
113.04381,0.578882,-76.888636,17714.832976,17715.276952814023
113.05381,0.578626,-76.883596,17714.064115,17714.611779325634
113.06381,0.578373,-76.878558,17713.295304,17714.34986271447
113.07381,0.578122,-76.873521,17712.526543,17714.17698002044
113.08381,0.577874,-76.868486,17711.757833,17714.40304963514
113.09381,0.577628,-76.863453,17710.989174,17713.23933718947
113.10381,0.577384,-76.858422,17710.220564,17711.881623450594
113.11381,0.577143,-76.853392,17709.452005,17709.81928448268
113.12381,0.576904,-76.848363,17708.683497,17710.581875225744
113.13381,0.576668,-76.843336,17707.915038,17708.20578793922
113.14381,0.576434,-76.838311,17707.14663,17707.019467512546
113.15381,0.576203,-76.833288,17706.378272,17705.988228829126
113.16381,0.575974,-76.828266,17705.609964,17707.275008731038
113.17381,0.575747,-76.823246,17704.841706,17705.85533194038
113.18381,0.575523,-76.818227,17704.073499,17706.6910459659
113.19381,0.575301,-76.81321,17703.305342,17702.017873096294
113.20381,0.575082,-76.808194,17702.537235,17702.934967814323
113.21381,0.574865,-76.803181,17701.769178,17702.164966059805
113.22381,0.57465,-76.798168,17701.001171,17702.05561361267
113.23381,0.574438,-76.793158,17700.233215,17702.355183927786
113.24381,0.574228,-76.788149,17699.465308,17700.270587890074
113.25381,0.57402,-76.783141,17698.697452,17699.653094655972
113.26381,0.573815,-76.778135,17697.929645,17700.052635300064
113.27381,0.573612,-76.773131,17697.161889,17698.47794900349
113.28381,0.573412,-76.768128,17696.394183,17697.515856703725
113.29381,0.573214,-76.763127,17695.626526,17695.29631165602
113.30381,0.573018,-76.758128,17694.85892,17696.706407863992
113.31381,0.572824,-76.75313,17694.091364,17694.26177885422
113.32381,0.572633,-76.748133,17693.323858,17694.91562072101
113.33381,0.572444,-76.743138,17692.556401,17692.716454263176
113.34381,0.572257,-76.738145,17691.788995,17693.76841118246
113.35381,0.572073,-76.733153,17691.021638,17694.243000122955
113.36381,0.57189,-76.728163,17690.254332,17691.358440074175
113.37381,0.571734,-76.723175,17689.487075,17690.103397471972
113.38381,0.571592,-76.718187,17688.719868,17688.22042184062
113.39381,0.571451,-76.713201,17687.952711,17689.472657626804
113.40381,0.571313,-76.708216,17687.185604,17686.740280900372
113.41381,0.571177,-76.703232,17686.418547,17685.36838394352
113.42381,0.571043,-76.698249,17685.65154,17684.22630575769
113.43381,0.570911,-76.693267,17684.884582,17687.96663325845
113.44381,0.570782,-76.688287,17684.117674,17686.030814033016
113.45381,0.570654,-76.683308,17683.350816,17686.156205259253
113.46381,0.570529,-76.678329,17682.584008,17684.265196041284
113.47381,0.570406,-76.673352,17681.81725,17682.522578382363
113.48381,0.570284,-76.668376,17681.050541,17683.175914636253
113.49381,0.570165,-76.663402,17680.283882,17680.352009835624
113.50381,0.570048,-76.658428,17679.517273,17681.473364860984
113.51381,0.569933,-76.653456,17678.750714,17679.184723762177
113.52381,0.56982,-76.648484,17677.984204,17677.900909192816
113.53381,0.569709,-76.643514,17677.217744,17676.337796578588
113.54381,0.5696,-76.638545,17676.451334,17677.168935571903
113.55381,0.569494,-76.633577,17675.684973,17677.464457243103
113.56381,0.569389,-76.628611,17674.918662,17671.461706004753
113.57381,0.569286,-76.623645,17674.152401,17676.41969089746
113.58381,0.569185,-76.618681,17673.386189,17673.789093342548
113.59381,0.569087,-76.613717,17672.620027,17671.551255008202
113.60381,0.56899,-76.608755,17671.853915,17672.18223350922
113.61381,0.568896,-76.603794,17671.087852,17671.491968350743
113.62381,0.568803,-76.598834,17670.321839,17671.995943540293
113.63381,0.568712,-76.593876,17669.555875,17670.856118746062
113.64381,0.568623,-76.588918,17668.789961,17669.385130933457
113.65381,0.568537,-76.583961,17668.024097,17669.098775874852
113.66381,0.568452,-76.579006,17667.258282,17666.597826758458
113.67381,0.568369,-76.574052,17666.492517,17667.497498102806
113.68381,0.568288,-76.569099,17665.726801,17664.78766470438
113.69381,0.568209,-76.564147,17664.961135,17666.425339971578
113.70381,0.568133,-76.559196,17664.195518,17665.78142971327
113.71381,0.568058,-76.554246,17663.429951,17665.019959138837
113.72381,0.567984,-76.549298,17662.664433,17662.205664608144
113.73381,0.567913,-76.54435,17661.898965,17663.421484150367
113.74381,0.567844,-76.539404,17661.133546,17660.47736563353
113.75381,0.567777,-76.534459,17660.368177,17662.145283352616
113.76381,0.567711,-76.529515,17659.602857,17658.945322479536
113.77381,0.567648,-76.524572,17658.837587,17660.23347787042
113.78381,0.567586,-76.51963,17658.072366,17657.655954694084
113.79381,0.567526,-76.514689,17657.307194,17658.549445308796
113.80381,0.567468,-76.50975,17656.542072,17657.823028834384
113.81381,0.567412,-76.504811,17655.776999,17657.76761379687
113.82381,0.567358,-76.499874,17655.011976,17656.048671209213
113.83381,0.567306,-76.494937,17654.247001,17655.94527554893
113.84381,0.567255,-76.490002,17653.482077,17656.724882839968
113.85381,0.567207,-76.485068,17652.717201,17652.78636723056
113.86381,0.56716,-76.480135,17651.952375,17652.41444630017
113.87381,0.567115,-76.475204,17651.187599,17651.915744343347
113.88381,0.567072,-76.470273,17650.422871,17651.40244013884
113.89381,0.56703,-76.465343,17649.658193,17650.695230069887
113.90381,0.566991,-76.460415,17648.893564,17649.342386137425
113.91381,0.566953,-76.455488,17648.128985,17651.644928619495
113.92381,0.566917,-76.450561,17647.364455,17648.455661730568
113.93381,0.566883,-76.445636,17646.599974,17650.156846606547
113.94381,0.56685,-76.440712,17645.835542,17646.47991766356
113.95381,0.56682,-76.435789,17645.071159,17644.579632167213
113.96381,0.566791,-76.430867,17644.306826,17647.255608921383
113.97381,0.566763,-76.425947,17643.542542,17645.96038581788
113.98381,0.566738,-76.421027,17642.778307,17646.02156521318
113.99381,0.566714,-76.416108,17642.014122,17642.20094420936
114.00381,0.566693,-76.411191,17641.249985,17642.516401727535
114.01381,0.566672,-76.406275,17640.485898,17641.508407958347
114.02381,0.566654,-76.401359,17639.72186,17642.60768054905
114.03381,0.566637,-76.396445,17638.957871,17640.356924573854
114.04381,0.566622,-76.391532,17638.193931,17639.819437946484
114.05381,0.566609,-76.38662,17637.43004,17636.502862068475
114.06381,0.566597,-76.381709,17636.666198,17635.6055665221
114.07381,0.566587,-76.3768,17635.902406,17635.305470538184
114.08381,0.566579,-76.371891,17635.138662,17634.852153504464
114.09381,0.566572,-76.366984,17634.374968,17634.914224887765
114.10381,0.566567,-76.362077,17633.611323,17634.455755120307
114.11381,0.566564,-76.357172,17632.847726,17634.381009472756
114.12381,0.566562,-76.352267,17632.084179,17631.97103019255
114.13381,0.566562,-76.347364,17631.320681,17634.658096423715
114.14381,0.566564,-76.342462,17630.557232,17634.442735766723
114.15381,0.566567,-76.337561,17629.793832,17632.2216031389
114.16381,0.566572,-76.332661,17629.030481,17631.379744934584
114.17381,0.566579,-76.327762,17628.267179,17627.790773024757
114.18381,0.566587,-76.322865,17627.503925,17627.344086239173
114.19381,0.566596,-76.317968,17626.740721,17630.12397539794
114.20381,0.566608,-76.313072,17625.977566,17626.176785593827
114.21381,0.566621,-76.308178,17625.21446,17627.573187775255
114.22381,0.566635,-76.303284,17624.451402,17621.25700453504
114.23381,0.566651,-76.298392,17623.688394,17623.022109807865
114.24381,0.566669,-76.293501,17622.925435,17624.285806124146
114.25381,0.566688,-76.288611,17622.162524,17623.756242470095
114.26381,0.566709,-76.283721,17621.399662,17624.273478637388
114.27381,0.566731,-76.278833,17620.63685,17622.238914981317
114.28381,0.566755,-76.273947,17619.874086,17621.36143447179
114.29381,0.56678,-76.269061,17619.111371,17621.360885901468
114.30381,0.566807,-76.264176,17618.348705,17622.84795365818
114.31381,0.566836,-76.259292,17617.586087,17618.179736922768
114.32381,0.566866,-76.254409,17616.823519,17614.424639962686
114.33381,0.566897,-76.249528,17616.060999,17616.107549393106
114.34381,0.56693,-76.244647,17615.298528,17616.546770551548
114.35381,0.566965,-76.239768,17614.536106,17616.811206050046
114.36381,0.567001,-76.23489,17613.773733,17617.219484544912
114.37381,0.567038,-76.230012,17613.011408,17613.90947769281
114.38381,0.567077,-76.225136,17612.249133,17612.773189455285
114.39381,0.567118,-76.220261,17611.486906,17610.328763424266
114.40381,0.56716,-76.215387,17610.724727,17613.027879532172
114.41381,0.567203,-76.210514,17609.962598,17610.68681100445
114.42381,0.567248,-76.205642,17609.200517,17608.995211478385
114.43381,0.567294,-76.200771,17608.438485,17609.75625331759
114.44381,0.567342,-76.195901,17607.676502,17608.248712573688
114.45381,0.567391,-76.191033,17606.914567,17608.957803244954
114.46381,0.567441,-76.186165,17606.152681,17606.840562643403
114.47381,0.567493,-76.181299,17605.390844,17607.943319977763
114.48381,0.567547,-76.176433,17604.629055,17607.406614489057
114.49381,0.567602,-76.171569,17603.867315,17604.301786326876
114.50381,0.567658,-76.166705,17603.105624,17604.450078052418
114.51381,0.567715,-76.161843,17602.343981,17601.566425071393
114.52381,0.567774,-76.156982,17601.582387,17601.473384862802
114.53381,0.567835,-76.152121,17600.820841,17602.860697934953
114.54381,0.567896,-76.147262,17600.059344,17601.51623929127
114.55381,0.567959,-76.142404,17599.297896,17599.342133467922
114.56381,0.568024,-76.137547,17598.536496,17602.61468887384
114.57381,0.56809,-76.132691,17597.775145,17600.375910749048
114.58381,0.568157,-76.127836,17597.013842,17598.413513484935
114.59381,0.568225,-76.122982,17596.252588,17598.517090079178
114.60381,0.568295,-76.11813,17595.491383,17598.03523100767
114.61381,0.568366,-76.113278,17594.730226,17596.130421960435
114.62381,0.568439,-76.108427,17593.969117,17595.63368512075
114.63381,0.568513,-76.103577,17593.208057,17594.868908236105
114.64381,0.568588,-76.098729,17592.447046,17593.34742698518
114.65381,0.568664,-76.093881,17591.686083,17594.172069849403
114.66381,0.568742,-76.089035,17590.925168,17592.893011348915
114.67381,0.568821,-76.084189,17590.164302,17590.739493404635
114.68381,0.568901,-76.079345,17589.403484,17588.714952550086
114.69381,0.568983,-76.074502,17588.642715,17591.049958276777
114.70381,0.569066,-76.06966,17587.881994,17589.00219805327
114.71381,0.56915,-76.064818,17587.121322,17588.505657783746
114.72381,0.569235,-76.059978,17586.360698,17585.98617272513
114.73381,0.569322,-76.055139,17585.600122,17588.1545481106
114.74381,0.56941,-76.050301,17584.839595,17582.257690949038
114.75381,0.569499,-76.045464,17584.079116,17586.787164591926
114.76381,0.569589,-76.040628,17583.318686,17583.806329557832
114.77381,0.569681,-76.035793,17582.558304,17585.53130260947
114.78381,0.569773,-76.030959,17581.79797,17583.55911047483
114.79381,0.569867,-76.026126,17581.037684,17581.34723678485
114.80381,0.569963,-76.021295,17580.277447,17581.614019733704
114.81381,0.570059,-76.016464,17579.517259,17579.44498322798
114.82381,0.570157,-76.011634,17578.757118,17579.044707736168
114.83381,0.570256,-76.006806,17577.997026,17580.498675689418
114.84381,0.570356,-76.001978,17577.236982,17579.511131951956
114.85381,0.570457,-75.997151,17576.476986,17578.201128868877
114.86381,0.570559,-75.992326,17575.717039,17577.125503629908
114.87381,0.570663,-75.987501,17574.95714,17577.69992120877
114.88381,0.570767,-75.982678,17574.197289,17577.193663594277
114.89381,0.570873,-75.977856,17573.437486,17574.939499658933
114.90381,0.57098,-75.973034,17572.677732,17573.409757267757
114.91381,0.571088,-75.968214,17571.918026,17572.493513906702
114.92381,0.571198,-75.963395,17571.158367,17573.180741877895
114.93381,0.571308,-75.958576,17570.398758,17570.13767050225
114.94381,0.57142,-75.953759,17569.639196,17569.410342706473
114.95381,0.571532,-75.948943,17568.879682,17569.823940568964
114.96381,0.571646,-75.944128,17568.120217,17567.263945758834
114.97381,0.571761,-75.939314,17567.3608,17566.521155876366
114.98381,0.571877,-75.934501,17566.601431,17567.32136173401
114.99381,0.571994,-75.929689,17565.84211,17567.508128221096
115.00381,0.572112,-75.924878,17565.082837,17567.005301530273
115.01381,0.572232,-75.920068,17564.323612,17564.043889023895
115.02381,0.572352,-75.915259,17563.564436,17565.57941760879
115.03381,0.572474,-75.910451,17562.805307,17565.86982519163
115.04381,0.572596,-75.905644,17562.046227,17563.366856461056
115.05381,0.57272,-75.900838,17561.287194,17560.88541427537
115.06381,0.572844,-75.896034,17560.52821,17563.44814683292
115.07381,0.57297,-75.89123,17559.769274,17560.01433847443
115.08381,0.573097,-75.886427,17559.010385,17561.260202161073
115.09381,0.573224,-75.881625,17558.251545,17559.71501499134
115.10381,0.573353,-75.876825,17557.492753,17558.398263000192
115.11381,0.573483,-75.872025,17556.734009,17555.91675241183
115.12381,0.573614,-75.867227,17555.975312,17557.055433976766
115.13381,0.573746,-75.862429,17555.216664,17557.838807085824
115.14381,0.573879,-75.857632,17554.458064,17554.833466733286
115.15381,0.574013,-75.852837,17553.699511,17556.178808590143
115.16381,0.574147,-75.848043,17552.941007,17553.50223363133
115.17381,0.574283,-75.843249,17552.18255,17553.88310106051
115.18381,0.57442,-75.838457,17551.424142,17549.49442324164
115.19381,0.574558,-75.833665,17550.665781,17553.03197402892
115.20381,0.574697,-75.828875,17549.907469,17548.868106461363
115.21381,0.574837,-75.824086,17549.149204,17552.80611063407
115.22381,0.574977,-75.819297,17548.390987,17549.278971882675
115.23381,0.575119,-75.81451,17547.632818,17549.208542443954
115.24381,0.575262,-75.809724,17546.874697,17545.73638404413
115.25381,0.575405,-75.804938,17546.116623,17547.6943970713
115.26381,0.57555,-75.800154,17545.358598,17544.51463383517
115.27381,0.575696,-75.795371,17544.60062,17546.269540464924
115.28381,0.575842,-75.790589,17543.842691,17545.41665104856
115.29381,0.575989,-75.785808,17543.084809,17545.24437230211
115.30381,0.576138,-75.781028,17542.326974,17543.274192891946
115.31381,0.576287,-75.776248,17541.569188,17543.396108615616
115.32381,0.576437,-75.77147,17540.811449,17542.062327438754
115.33381,0.576588,-75.766693,17540.053759,17542.215056436435
115.34381,0.57674,-75.761917,17539.296116,17542.51033048099
115.35381,0.576893,-75.757142,17538.53852,17538.56555875405
115.36381,0.577047,-75.752368,17537.780973,17539.77430112713
115.37381,0.577201,-75.747595,17537.023473,17537.597492296747
115.38381,0.577357,-75.742823,17536.266021,17540.320420884873
115.39381,0.577513,-75.738052,17535.508616,17537.535347092242
115.40381,0.577671,-75.733282,17534.75126,17535.796963045424
115.41381,0.577829,-75.728514,17533.993951,17533.065669457646
115.42381,0.577988,-75.723746,17533.236689,17534.74147832819
115.43381,0.578148,-75.718979,17532.479476,17535.243962722365
115.44381,0.578308,-75.714213,17531.72231,17532.71801545327
115.45381,0.57847,-75.709448,17530.965192,17530.156734893822
115.46381,0.578632,-75.704684,17530.208121,17531.215622449607
115.47381,0.578795,-75.699921,17529.451098,17530.075700318077
115.48381,0.578959,-75.69516,17528.694122,17531.003116578893
115.49381,0.579124,-75.690399,17527.937195,17530.938093255165
115.50381,0.57929,-75.685639,17527.180314,17528.55360117906
115.51381,0.579456,-75.68088,17526.423482,17529.741552273328
115.52381,0.579624,-75.676123,17525.666697,17523.996449547205
115.53381,0.579792,-75.671366,17524.909959,17525.80544766525
115.54381,0.579961,-75.66661,17524.15327,17523.28797114184
115.55381,0.580131,-75.661856,17523.396627,17522.541431625403
115.56381,0.580301,-75.657102,17522.640032,17521.592769917937
115.57381,0.580472,-75.652349,17521.883485,17521.248500995534
115.58381,0.580644,-75.647598,17521.126985,17523.802912551324
115.59381,0.581525,-75.642847,17520.370533,17523.43651774736
115.60381,0.582562,-75.638097,17519.614128,17521.633126582332
115.61381,0.583612,-75.633347,17518.857771,17520.716834284915
115.62381,0.584675,-75.628598,17518.101462,17520.043681483687
115.63381,0.585752,-75.623849,17517.345199,17519.9212855195
115.64381,0.586842,-75.619101,17516.588985,17518.59957133382
115.65381,0.587944,-75.614353,17515.832817,17519.864616467912
115.66381,0.58906,-75.609606,17515.076698,17518.19398535003
115.67381,0.590187,-75.604859,17514.320625,17515.34336785966
115.68381,0.591328,-75.600113,17513.5646,17511.4259382639
115.69381,0.592481,-75.595368,17512.808623,17513.178026996215
115.70381,0.593645,-75.590622,17512.052693,17514.881838363697
115.71381,0.594822,-75.585878,17511.29681,17511.531445512497
115.72381,0.596011,-75.581134,17510.540975,17509.140238603122
115.73381,0.597212,-75.57639,17509.785188,17510.111284683928
115.74381,0.598424,-75.571646,17509.029448,17509.754339306844
115.75381,0.599648,-75.566903,17508.273755,17509.58732039448
115.76381,0.600884,-75.562161,17507.51811,17508.379467094263
115.77381,0.60213,-75.557419,17506.762512,17505.12933408628
115.78381,0.603388,-75.552677,17506.006961,17507.050214002382
115.79381,0.604657,-75.547936,17505.251458,17506.90143472232
115.80381,0.605936,-75.543195,17504.496002,17506.262572944812
115.81381,0.607227,-75.538455,17503.740594,17505.084219092783
115.82381,0.608528,-75.533715,17502.985233,17503.416779529718
115.83381,0.60984,-75.528975,17502.22992,17506.565701529456
115.84381,0.611162,-75.524236,17501.474654,17497.94038870266
115.85381,0.612494,-75.519497,17500.719435,17503.349370853983
115.86381,0.613836,-75.514759,17499.964264,17497.590194202414
115.87381,0.615189,-75.510021,17499.20914,17502.05174807916
115.88381,0.616551,-75.505283,17498.454063,17499.99089822527
115.89381,0.617923,-75.500546,17497.699034,17500.751604082783
115.90381,0.619305,-75.495809,17496.944053,17499.334799393237
115.91381,0.620696,-75.491072,17496.189118,17497.06581241035
115.92381,0.622097,-75.486336,17495.434231,17495.603252156594
115.93381,0.623507,-75.4816,17494.679391,17495.360660480637
115.94381,0.624926,-75.476864,17493.924599,17495.684716806205
115.95381,0.626354,-75.472129,17493.169854,17490.77390885318
115.96381,0.627791,-75.467394,17492.415157,17494.303046452318
115.97381,0.629237,-75.462659,17491.660506,17493.736430611498
115.98381,0.630692,-75.457925,17490.905903,17492.13226884724
115.99381,0.632155,-75.453191,17490.151348,17494.870874028056
116.00381,0.633627,-75.448457,17489.396839,17489.71472952154
116.01381,0.635107,-75.443724,17488.642379,17491.08731313034
116.02381,0.636596,-75.43899,17487.887965,17490.38595812639
116.03381,0.638093,-75.434258,17487.133599,17489.251664184154
116.04381,0.639597,-75.429525,17486.37928,17488.369014318443
116.05381,0.64111,-75.424793,17485.625008,17484.42814668064
116.06381,0.64263,-75.420061,17484.870784,17484.35740830932
116.07381,0.644159,-75.415329,17484.116607,17482.44281657606
116.08381,0.645694,-75.410597,17483.362477,17483.345167295516
116.09381,0.647238,-75.405866,17482.608395,17482.899882422633
116.10381,0.648789,-75.401135,17481.85436,17482.699647203895
116.11381,0.650347,-75.396404,17481.100372,17481.497890462757
116.12381,0.651912,-75.391673,17480.346432,17482.28224223716
116.13381,0.653484,-75.386943,17479.592539,17481.477037871806
116.14381,0.655064,-75.382213,17478.838693,17478.01803630509
116.15381,0.65665,-75.377483,17478.084895,17478.046182530306
116.16381,0.658243,-75.372753,17477.331144,17478.87523802922
116.17381,0.659843,-75.368024,17476.57744,17477.19081130538
116.18381,0.66145,-75.363295,17475.823783,17480.065243541423
116.19381,0.663063,-75.358566,17475.070174,17474.355124975184
116.20381,0.664682,-75.353837,17474.316612,17475.56705787134
116.21381,0.666308,-75.349108,17473.563097,17474.61848437367
116.22381,0.66794,-75.34438,17472.80963,17474.970196528775
116.23381,0.669578,-75.339651,17472.056209,17474.336887345937
116.24381,0.671223,-75.334923,17471.302837,17474.091605370028
116.25381,0.672873,-75.330195,17470.549511,17470.949717816744
116.26381,0.67453,-75.325468,17469.796233,17471.830424643867
116.27381,0.676192,-75.32074,17469.043002,17472.03169270717
116.28381,0.67786,-75.316013,17468.289818,17466.863795325913
116.29381,0.679533,-75.311286,17467.536681,17471.186067927047
116.30381,0.681213,-75.306559,17466.783592,17469.108448833373
116.31381,0.682897,-75.301832,17466.03055,17467.200979830475
116.32381,0.684587,-75.297105,17465.277555,17465.64521243697
116.33381,0.686282,-75.292378,17464.524608,17465.72743911422
116.34381,0.687982,-75.287652,17463.771708,17464.750565133258
116.35381,0.689688,-75.282925,17463.018855,17463.059955383615
116.36381,0.691398,-75.278199,17462.266049,17465.549684024776
116.37381,0.693114,-75.273473,17461.513291,17462.493637821106
116.38381,0.694834,-75.268747,17460.76058,17464.4630965605
116.39381,0.696559,-75.264021,17460.007916,17461.213471819698
116.40381,0.698289,-75.259296,17459.2553,17461.131853842464
116.41381,0.700023,-75.25457,17458.50273,17459.243858472266
116.42381,0.701762,-75.249844,17457.750208,17460.62811634611
116.43381,0.703505,-75.245119,17456.997733,17457.00786418715
116.44381,0.705253,-75.240394,17456.245306,17457.183526529443
116.45381,0.707006,-75.235669,17455.492925,17457.605637774974
116.46381,0.708762,-75.230944,17454.740592,17456.66910856687
116.47381,0.710523,-75.226219,17453.988307,17455.17881379323
116.48381,0.712287,-75.221494,17453.236068,17454.25178706685
116.49381,0.714056,-75.216769,17452.483877,17455.317271611122
116.50381,0.715829,-75.212044,17451.731733,17452.25632408246
116.51381,0.717606,-75.20732,17450.979636,17452.763437363497
116.52381,0.719386,-75.202595,17450.227586,17452.213983965692
116.53381,0.720554,-75.197871,17449.475584,17450.19777907323
116.54381,0.718871,-75.193148,17448.723629,17449.432837544788
116.55381,0.7172,-75.188427,17447.971721,17450.82254633019
116.56381,0.715537,-75.183709,17447.21986,17448.576959500573
116.57381,0.713883,-75.178994,17446.468047,17447.54713647463
116.58381,0.71224,-75.174281,17445.71628,17445.986366543555
116.59381,0.710605,-75.16957,17444.964561,17446.69127930719
116.60381,0.708981,-75.164861,17444.212889,17445.0779538378
116.61381,0.707366,-75.160155,17443.461264,17442.484176457725
116.62381,0.70576,-75.155451,17442.709686,17446.561144904594
116.63381,0.704164,-75.15075,17441.958155,17442.71685442145
116.64381,0.702578,-75.146051,17441.206671,17444.1007984826
116.65381,0.701002,-75.141354,17440.455234,17442.741957153023
116.66381,0.699435,-75.136659,17439.703844,17442.158306594763
116.67381,0.697877,-75.131967,17438.952501,17436.947602976506
116.68381,0.69633,-75.127277,17438.201204,17437.59472839895
116.69381,0.694792,-75.122589,17437.449955,17437.983026042697
116.70381,0.693264,-75.117904,17436.698753,17435.617334473598
116.71381,0.691745,-75.11322,17435.947597,17437.041240752482
116.72381,0.690237,-75.108539,17435.196488,17437.364361645883
116.73381,0.688738,-75.10386,17434.445426,17434.76818370659
116.74381,0.687248,-75.099184,17433.694411,17433.149166212992
116.75381,0.685769,-75.094509,17432.943443,17435.87671834604
116.76381,0.684299,-75.089837,17432.192521,17434.63147866867
116.77381,0.68284,-75.085167,17431.441646,17433.767160643754
116.78381,0.68139,-75.080498,17430.690817,17430.93936391745
116.79381,0.67995,-75.075833,17429.940036,17432.644232715902
116.80381,0.67852,-75.071169,17429.189301,17430.819901861738
116.81381,0.677099,-75.066507,17428.438612,17429.56613715426
116.82381,0.675689,-75.061848,17427.687971,17429.693196992506
116.83381,0.674288,-75.05719,17426.937375,17429.05063202829
116.84381,0.672898,-75.052535,17426.186827,17427.626067604684
116.85381,0.671517,-75.047881,17425.436325,17425.532505273954
116.86381,0.670146,-75.04323,17424.685869,17426.19390421034
116.87381,0.668785,-75.038581,17423.93546,17424.125439823812
116.88381,0.667434,-75.033934,17423.185098,17423.871051635444
116.89381,0.666094,-75.029289,17422.434781,17422.587727167185
116.90381,0.664763,-75.024645,17421.684512,17422.685012111197
116.91381,0.663442,-75.020004,17420.934289,17422.903804387184
116.92381,0.662131,-75.015365,17420.184112,17422.125037184906
116.93381,0.66083,-75.010728,17419.433981,17421.889834889487
116.94381,0.659539,-75.006093,17418.683897,17419.506683259842
116.95381,0.658259,-75.00146,17417.933859,17419.615154584822
116.96381,0.656988,-74.996828,17417.183868,17418.30595520293
116.97381,0.655727,-74.992199,17416.433923,17415.469873268157
116.98381,0.654477,-74.987572,17415.684024,17416.273685679953
116.99381,0.653236,-74.982946,17414.934171,17417.142998110794
117.00381,0.652006,-74.978323,17414.184365,17414.363532401516
117.01381,0.650786,-74.973701,17413.434605,17413.98457160456
117.02381,0.649576,-74.969082,17412.684891,17412.874915176002
117.03381,0.648376,-74.964464,17411.935223,17411.073412616068
117.04381,0.647186,-74.959848,17411.185602,17411.894659139623
117.05381,0.646006,-74.955234,17410.436026,17411.88483648878
117.06381,0.644837,-74.950622,17409.686497,17412.54190682221
117.07381,0.643678,-74.946011,17408.937014,17411.017360206628
117.08381,0.64238,-74.941403,17408.187577,17407.891545041068
117.09381,0.640677,-74.936796,17407.438186,17409.34172655985
117.10381,0.638984,-74.932192,17406.688841,17408.8470523272
117.11381,0.637299,-74.92759,17405.939542,17409.336302041578
117.12381,0.635624,-74.92299,17405.190289,17404.637240109347
117.13381,0.633958,-74.918392,17404.441082,17404.517864340658
117.14381,0.632302,-74.913796,17403.691921,17403.622324751108
117.15381,0.630654,-74.909202,17402.942806,17402.253518469537
117.16381,0.629016,-74.904611,17402.193737,17398.798633095295
117.17381,0.627421,-74.900021,17401.444714,17401.1780276214
117.18381,0.625847,-74.895433,17400.695737,17404.064909546923
117.19381,0.624282,-74.890846,17399.946805,17402.79902102835
117.20381,0.622726,-74.886261,17399.19792,17401.647959672377
117.21381,0.621181,-74.881677,17398.44908,17398.762052785147
117.22381,0.619644,-74.877094,17397.700286,17400.39859484215
117.23381,0.618117,-74.872513,17396.951538,17398.229705898757
117.24381,0.6166,-74.867934,17396.202836,17395.75731861221
117.25381,0.615092,-74.863355,17395.45418,17397.263983797286
117.26381,0.613593,-74.858779,17394.705569,17394.77811387738
117.27381,0.612104,-74.854203,17393.957004,17395.44150868687
117.28381,0.610625,-74.849629,17393.208485,17394.534060235306
117.29381,0.609156,-74.845056,17392.460011,17393.999625786353
117.30381,0.607696,-74.840485,17391.711584,17391.22580765564
117.31381,0.606245,-74.835915,17390.963202,17393.00109668227
117.32381,0.604805,-74.831347,17390.214865,17391.150227051192
117.33381,0.603374,-74.826779,17389.466575,17391.77560820653
117.34381,0.601952,-74.822213,17388.71833,17388.47171008365
117.35381,0.600541,-74.817649,17387.97013,17387.76324668974
117.36381,0.599139,-74.813086,17387.221977,17391.29612466491
117.37381,0.597747,-74.808524,17386.473869,17384.50343693697
117.38381,0.596365,-74.803963,17385.725806,17385.409995746348
117.39381,0.594993,-74.799403,17384.97779,17387.058582237325
117.40381,0.59363,-74.794845,17384.229818,17385.314104797937
117.41381,0.592278,-74.790289,17383.481893,17382.770939870294
117.42381,0.590935,-74.785733,17382.734012,17383.684465887913
117.43381,0.589602,-74.781179,17381.986178,17384.935496060032
117.44381,0.588279,-74.776626,17381.238389,17383.664067032474
117.45381,0.586966,-74.772074,17380.490645,17382.596475865306
117.46381,0.585663,-74.767523,17379.742947,17380.78649300824
117.47381,0.58437,-74.762974,17378.995295,17381.78863784717
117.48381,0.583087,-74.758426,17378.247688,17382.199543100283
117.49381,0.581814,-74.753879,17377.500126,17375.394967677163
117.50381,0.580551,-74.749333,17376.75261,17380.407384582784
117.51381,0.579298,-74.744789,17376.00514,17375.878569471646
117.52381,0.578055,-74.740246,17375.257715,17376.783823620706
117.53381,0.576822,-74.735703,17374.510335,17376.163207852365
117.54381,0.575599,-74.731163,17373.763001,17373.450632794582
117.55381,0.574387,-74.726623,17373.015712,17373.929647756653
117.56381,0.573184,-74.722084,17372.268468,17371.56201789147
117.57381,0.571992,-74.717547,17371.52127,17374.51103273971
117.58381,0.570809,-74.713011,17370.774117,17369.75735393233
117.59381,0.569637,-74.708475,17370.02701,17371.226301016493
117.60381,0.568476,-74.703941,17369.279948,17370.27837760134
117.61381,0.567324,-74.699409,17368.532931,17370.344720264635
117.62381,0.566182,-74.694877,17367.785959,17367.90108752429
117.63381,0.565051,-74.690346,17367.039033,17367.47548401216
117.64381,0.56393,-74.685817,17366.292152,17368.424423117947
117.65381,0.56282,-74.681288,17365.545317,17365.92219961258
117.66381,0.561719,-74.676761,17364.798527,17363.876742969434
117.67381,0.560629,-74.672235,17364.051782,17366.456398040795
117.68381,0.559549,-74.667709,17363.305082,17363.846016570962
117.69381,0.55848,-74.663185,17362.558428,17363.059591834222
117.70381,0.557421,-74.658662,17361.811818,17362.12314513418
117.71381,0.556372,-74.65414,17361.065254,17361.85632637872
117.72381,0.555307,-74.64962,17360.318736,17360.445840704815
117.73381,0.55425,-74.6451,17359.572262,17358.97427652406
117.74381,0.553204,-74.640582,17358.825834,17361.860490338735
117.75381,0.552167,-74.636066,17358.07945,17361.985908658204
117.76381,0.551141,-74.63155,17357.333112,17359.675094787704
117.77381,0.550126,-74.627037,17356.586819,17357.50616098074
117.78381,0.549121,-74.622524,17355.840571,17357.08412121351
117.79381,0.548126,-74.618013,17355.094369,17356.813414331504
117.80381,0.547142,-74.613503,17354.348211,17353.037410518547
117.81381,0.546169,-74.608995,17353.602099,17354.718662092957
117.82381,0.545206,-74.604488,17352.856031,17353.834784201576
117.83381,0.544253,-74.599982,17352.110009,17352.99272932314
117.84381,0.543311,-74.595477,17351.364032,17357.020520894843
117.85381,0.542379,-74.590974,17350.618099,17351.561544390443
117.86381,0.541458,-74.586472,17349.872212,17351.397293250495
117.87381,0.540547,-74.581972,17349.12637,17352.104473725125
117.88381,0.539647,-74.577472,17348.380573,17349.66423132681
117.89381,0.538757,-74.572974,17347.63482,17347.339226217315
117.90381,0.537878,-74.568478,17346.889113,17349.809289413566
117.91381,0.53701,-74.563982,17346.143451,17350.51384440578
117.92381,0.536152,-74.559488,17345.397834,17348.841150393375
117.93381,0.535304,-74.554995,17344.652261,17346.443675149763
117.94381,0.534467,-74.550503,17343.906734,17345.346022130194
117.95381,0.533641,-74.546013,17343.161251,17341.87422457285
117.96381,0.532825,-74.541524,17342.415813,17342.44447089323
117.97381,0.53202,-74.537036,17341.670421,17341.408105955
117.98381,0.531225,-74.532549,17340.925073,17341.002343481094
117.99381,0.530441,-74.528063,17340.17977,17342.71324781861
118.00381,0.529668,-74.523579,17339.434511,17339.325343859888
118.01381,0.528905,-74.519096,17338.689298,17339.932058189574
118.02381,0.528152,-74.514614,17337.94413,17339.01564915646
118.03381,0.52741,-74.510133,17337.199006,17339.07771366157
118.04381,0.526679,-74.505653,17336.453927,17337.88895650144
118.05381,0.525959,-74.501175,17335.708893,17337.7761325279
118.06381,0.525248,-74.496698,17334.963903,17336.64815295302
118.07381,0.524549,-74.492222,17334.218959,17334.33427424157
118.08381,0.52386,-74.487747,17333.474059,17336.445924229014
118.09381,0.523182,-74.483273,17332.729204,17332.518035586007
118.10381,0.522514,-74.4788,17331.984393,17335.291890357206
118.11381,0.521856,-74.474329,17331.239628,17332.11671993149
118.12381,0.52121,-74.469859,17330.494907,17332.94119429811
118.13381,0.520574,-74.465389,17329.750231,17332.700626757713
118.14381,0.519948,-74.460921,17329.005599,17326.847637447794
118.15381,0.519333,-74.456454,17328.261012,17329.766594905956
118.16381,0.518728,-74.451988,17327.51647,17328.23484892684
118.17381,0.518134,-74.447524,17326.771972,17327.836862376927
118.18381,0.517551,-74.44306,17326.027519,17327.952704488536
118.19381,0.516977,-74.438597,17325.283111,17325.433073417145
118.20381,0.516415,-74.434136,17324.538748,17323.26958956359
118.21381,0.515863,-74.429676,17323.794428,17325.106748003524
118.22381,0.515321,-74.425216,17323.050154,17324.77510239325
118.23381,0.51479,-74.420758,17322.305924,17322.612918616884
118.24381,0.51427,-74.416301,17321.561739,17323.385785709077
118.25381,0.513759,-74.411845,17320.817598,17323.36285211158
118.26381,0.51326,-74.407389,17320.073502,17322.32457135679
118.27381,0.51277,-74.402935,17319.32945,17318.73724327931
118.28381,0.512291,-74.398482,17318.585443,17317.979278324172
118.29381,0.511823,-74.39403,17317.841481,17321.29421381927
118.30381,0.511365,-74.38958,17317.097563,17317.791056682072
118.31381,0.510917,-74.38513,17316.353689,17318.09478871532
118.32381,0.510479,-74.380681,17315.60986,17317.622272107645
118.33381,0.510052,-74.376233,17314.866075,17317.402261777377
118.34381,0.509635,-74.371786,17314.122335,17315.643464036326
118.35381,0.509229,-74.36734,17313.37864,17312.6886302638
118.36381,0.508833,-74.362895,17312.634989,17315.296843988428
118.37381,0.508447,-74.358451,17311.891382,17310.950490120933
118.38381,0.508071,-74.354009,17311.14782,17311.86793245861
118.39381,0.507706,-74.349567,17310.404302,17312.309315522165
118.40381,0.50735,-74.345126,17309.660828,17311.476439820144
118.41381,0.507005,-74.340686,17308.917399,17311.482482275274
118.42381,0.50667,-74.336247,17308.174014,17306.894236261
118.43381,0.506346,-74.331809,17307.430674,17306.17723823706
118.44381,0.506031,-74.327372,17306.687378,17306.281706380516
118.45381,0.505726,-74.322936,17305.944127,17308.75961352191
118.46381,0.505432,-74.318501,17305.20092,17306.52914018853
118.47381,0.505148,-74.314066,17304.457757,17305.004699360536
118.48381,0.504873,-74.309633,17303.714638,17303.238619290634
118.49381,0.504609,-74.305201,17302.971564,17305.494749431644
118.50381,0.504355,-74.300769,17302.228534,17305.18321620966
118.51381,0.50411,-74.296339,17301.485549,17302.754723818984
118.52381,0.503876,-74.291909,17300.742607,17301.16754993512
118.53381,0.503651,-74.287481,17299.99971,17298.334707999828
118.54381,0.503437,-74.283053,17299.256858,17300.168433376137
118.55381,0.503232,-74.278626,17298.514049,17298.686835329056
118.56381,0.503037,-74.2742,17297.771285,17301.0809679824
118.57381,0.502852,-74.269775,17297.028565,17298.39155344314
118.58381,0.502676,-74.265351,17296.28589,17297.0632213415
118.59381,0.502511,-74.260928,17295.543258,17294.350281737712
118.60381,0.502355,-74.256506,17294.800671,17295.897431763646
118.61381,0.502209,-74.252084,17294.058128,17295.963088826986
118.62381,0.502072,-74.247664,17293.31563,17295.565772422968
118.63381,0.501945,-74.243244,17292.573175,17292.522430557943
118.64381,0.501828,-74.238825,17291.830765,17291.05218098521
118.65381,0.50172,-74.234407,17291.088399,17291.910606649937
118.66381,0.501621,-74.22999,17290.346077,17290.978949828725
118.67381,0.501533,-74.225574,17289.603799,17291.338303761728
118.68381,0.501453,-74.221158,17288.861565,17290.888009546405
118.69381,0.501383,-74.216744,17288.119376,17290.417622497633
118.70381,0.501323,-74.21233,17287.37723,17287.843729753884
118.71381,0.501271,-74.207917,17286.635129,17290.081671235163
118.72381,0.501229,-74.203505,17285.893072,17288.080815232872
118.73381,0.501197,-74.199094,17285.151059,17287.487849412897
118.74381,0.501173,-74.194683,17284.40909,17283.363568898192
118.75381,0.501159,-74.190274,17283.667165,17282.804228298955
118.76381,0.501154,-74.185865,17282.925284,17284.961997769988
118.77381,0.501158,-74.181457,17282.183448,17285.04747062024
118.78381,0.501172,-74.17705,17281.441655,17281.20073002403
118.79381,0.501194,-74.172643,17280.699907,17283.905516016068
118.80381,0.501225,-74.168238,17279.958202,17280.388002183976
118.81381,0.501266,-74.163833,17279.216542,17280.88175761323
118.82381,0.501315,-74.159429,17278.474926,17278.397179129493
118.83381,0.501373,-74.155026,17277.733354,17277.49288997974
118.84381,0.50144,-74.150623,17276.991825,17276.085052957962
118.85381,0.501516,-74.146222,17276.250341,17276.257234230194
118.86381,0.501601,-74.141821,17275.508901,17273.767797209504
118.87381,0.501694,-74.137421,17274.767505,17275.460313258372
118.88381,0.501796,-74.133022,17274.026152,17276.137463196013
118.89381,0.501907,-74.128623,17273.284844,17272.42588645771
118.90381,0.502026,-74.124225,17272.54358,17276.834727276266
118.91381,0.502154,-74.119828,17271.80236,17272.39242873568
118.92381,0.502291,-74.115432,17271.061183,17271.72718570872
118.93381,0.502435,-74.111036,17270.320051,17271.221263188352
118.94381,0.502589,-74.106642,17269.578963,17269.948878569365
118.95381,0.502751,-74.102248,17268.837918,17268.836857693503
118.96381,0.502921,-74.097854,17268.096918,17269.07611437107
118.97381,0.503099,-74.093462,17267.355961,17269.225844142627
118.98381,0.503286,-74.08907,17266.615048,17269.618939265634
118.99381,0.503481,-74.084679,17265.87418,17269.543715747255
119.00381,0.503684,-74.080289,17265.133355,17265.999157656403
119.01381,0.503896,-74.075899,17264.392574,17265.717305107504
119.02381,0.504115,-74.07151,17263.651837,17266.618505715356
119.03381,0.504343,-74.067122,17262.911144,17267.270494299937
119.04381,0.504578,-74.062735,17262.170494,17264.93347527762
119.05381,0.504742,-74.058348,17261.429889,17263.14915038777
119.06381,0.504625,-74.053962,17260.689328,17260.43762520856
119.07381,0.504516,-74.049577,17259.94881,17260.741544659624
119.08381,0.504415,-74.045193,17259.208336,17262.225117411628
119.09381,0.504323,-74.040809,17258.467906,17260.703833611027
119.10381,0.504238,-74.036427,17257.72752,17259.75294898238
119.11381,0.504161,-74.032045,17256.987177,17255.65858393734
119.12381,0.504092,-74.027665,17256.246879,17257.45135169435
119.13381,0.504031,-74.023285,17255.506624,17256.207736003962
119.14381,0.503978,-74.018906,17254.766413,17256.19701559303
119.15381,0.503933,-74.014528,17254.026246,17255.225561656458
119.16381,0.503895,-74.01015,17253.286123,17255.686451011046
119.17381,0.503866,-74.005774,17252.546043,17253.751275018516
119.18381,0.503844,-74.001398,17251.806007,17251.522567989483
119.19381,0.50383,-73.997024,17251.066015,17250.931230910268
119.20381,0.503823,-73.99265,17250.326067,17250.015832941524
119.21381,0.503825,-73.988276,17249.586162,17251.71446140333
119.22381,0.503833,-73.983904,17248.846301,17253.110241496062
119.23381,0.50385,-73.979533,17248.106484,17248.875327853468
119.24381,0.503874,-73.975162,17247.36671,17249.490309309753
119.25381,0.503906,-73.970792,17246.626981,17249.207076687308
119.26381,0.503945,-73.966423,17245.887295,17250.25648017765
119.27381,0.503991,-73.962055,17245.147652,17244.962820158657
119.28381,0.504045,-73.957687,17244.408054,17244.37670548815
119.29381,0.504107,-73.953321,17243.668498,17247.60933700376
119.30381,0.504175,-73.948955,17242.928987,17245.84881636199
119.31381,0.504252,-73.94459,17242.189519,17243.388087060466
119.32381,0.504335,-73.940225,17241.450095,17241.24848950603
119.33381,0.504426,-73.935862,17240.710715,17240.12800017134
119.34381,0.504524,-73.931499,17239.971378,17240.384461379228
119.35381,0.504629,-73.927137,17239.232085,17239.86974664054
119.36381,0.504741,-73.922776,17238.492835,17239.237856200412
119.37381,0.504861,-73.918416,17237.753629,17238.316567830276
119.38381,0.504987,-73.914056,17237.014467,17237.838531857047
119.39381,0.505121,-73.909697,17236.275348,17237.591347928155
119.40381,0.505262,-73.905339,17235.536273,17237.865133227795
119.41381,0.505409,-73.900982,17234.797241,17236.92772252327
119.42381,0.505564,-73.896625,17234.058253,17233.800631498325
119.43381,0.505725,-73.89227,17233.319309,17235.51494444825
119.44381,0.505894,-73.887915,17232.580408,17234.897154155173
119.45381,0.506069,-73.88356,17231.841551,17230.599129416416
119.46381,0.506251,-73.879207,17231.102737,17234.9762477007
119.47381,0.50644,-73.874854,17230.363967,17233.708796871742
119.48381,0.506636,-73.870502,17229.62524,17233.357526393367
119.49381,0.506838,-73.866151,17228.886556,17229.981129384945
119.50381,0.507047,-73.8618,17228.147917,17228.83235481796
119.51381,0.507263,-73.85745,17227.40932,17228.474414315333
119.52381,0.507485,-73.853101,17226.670768,17226.9772110665
119.53381,0.507714,-73.848753,17225.932258,17223.768342895804
119.54381,0.507949,-73.844405,17225.193793,17226.132048598738
119.55381,0.508191,-73.840058,17224.45537,17227.609911963962
119.56381,0.508439,-73.835712,17223.716991,17224.482921257513
119.57381,0.508694,-73.831367,17222.978656,17223.134720974256
119.58381,0.508955,-73.827022,17222.240364,17222.05485809821
119.59381,0.509223,-73.822678,17221.502116,17223.697957391712
119.60381,0.509496,-73.818335,17220.763911,17221.69614984523
119.61381,0.509776,-73.813992,17220.025749,17222.69626365472
119.62381,0.510062,-73.80965,17219.287631,17220.725763134753
119.63381,0.510355,-73.805309,17218.549556,17221.20878533276
119.64381,0.510653,-73.800968,17217.811525,17220.346370082687
119.65381,0.510958,-73.796629,17217.073537,17218.896189514482
119.66381,0.511269,-73.79229,17216.335592,17217.161327531478
119.67381,0.511585,-73.787951,17215.597691,17216.479385644627
119.68381,0.511945,-73.783613,17214.859833,17215.452405957254
119.69381,0.512468,-73.779275,17214.122019,17213.253209571205
119.70381,0.512995,-73.774935,17213.384247,17215.93054560453
119.71381,0.513528,-73.770593,17212.64652,17215.496842556862
119.72381,0.514065,-73.76625,17211.908836,17212.158933562867
119.73381,0.514608,-73.761905,17211.171195,17213.87921359655
119.74381,0.515155,-73.757559,17210.433598,17210.52303767211
119.75381,0.515708,-73.753211,17209.696044,17209.9988511082
119.76381,0.516265,-73.748861,17208.958533,17211.25497965496
119.77381,0.516827,-73.744511,17208.221066,17208.976045935484
119.78381,0.517394,-73.740158,17207.483643,17208.10696985715
119.79381,0.517965,-73.735804,17206.746263,17206.196806839027
119.80381,0.518542,-73.731449,17206.008927,17209.348438503315
119.81381,0.519122,-73.727092,17205.271634,17208.707836517486
119.82381,0.519708,-73.722733,17204.534385,17208.13339057279
119.83381,0.520298,-73.718373,17203.79718,17208.169751806166
119.84381,0.520893,-73.714012,17203.060018,17204.745562634344
119.85381,0.521492,-73.709649,17202.322899,17202.683654076263
119.86381,0.522095,-73.705284,17201.585825,17202.020436240327
119.87381,0.522703,-73.700918,17200.848794,17202.431130395096
119.88381,0.523315,-73.696551,17200.111806,17202.095302247202
119.89381,0.523932,-73.692182,17199.374863,17201.71753234733
119.90381,0.524553,-73.687811,17198.637963,17202.358903059514
119.91381,0.525178,-73.683439,17197.901107,17198.028608063036
119.92381,0.525808,-73.679066,17197.164294,17200.130330344837
119.93381,0.526441,-73.674691,17196.427525,17200.146364741206
119.94381,0.527079,-73.670315,17195.6908,17197.55253712805
119.95381,0.527721,-73.665937,17194.954119,17194.80975749558
119.96381,0.528367,-73.661558,17194.217481,17195.165987076485
119.97381,0.529017,-73.657178,17193.480888,17196.19322421927
119.98381,0.529671,-73.652795,17192.744338,17192.96250097154
119.99381,0.530329,-73.648412,17192.007832,17191.90955664737
120.00381,0.530991,-73.644027,17191.27137,17193.540197425325
120.01381,0.531657,-73.639641,17190.534951,17191.9236266364
120.02381,0.532326,-73.635253,17189.798577,17191.99879186606
120.03381,0.533,-73.630864,17189.062246,17187.539027064908
120.04381,0.533677,-73.626473,17188.32596,17190.987141235328
120.05381,0.534358,-73.622081,17187.589717,17187.85704591139
120.06381,0.535043,-73.617688,17186.853518,17187.44338148078
120.07381,0.535731,-73.613293,17186.117363,17186.527576761193
120.08381,0.536423,-73.608897,17185.381252,17185.911555496503
120.09381,0.537119,-73.6045,17184.645185,17186.881690034814
120.10381,0.537818,-73.600101,17183.909162,17183.085176119504
120.11381,0.538521,-73.5957,17183.173183,17184.23081910894
120.12381,0.539227,-73.591299,17182.437248,17186.077929203962
120.13381,0.539937,-73.586896,17181.701357,17182.156819061645
120.14381,0.54065,-73.582491,17180.96551,17182.226783593636
120.15381,0.541366,-73.578086,17180.229707,17183.119265950045
120.16381,0.542086,-73.573678,17179.493948,17183.193485692645
120.17381,0.542809,-73.56927,17178.758234,17178.10214061487
120.18381,0.543536,-73.56486,17178.022563,17179.592688385823
120.19381,0.544266,-73.560449,17177.286937,17178.61920387827
120.20381,0.544999,-73.556036,17176.551354,17177.61831937805
120.21381,0.545735,-73.551623,17175.815816,17176.997548214033
120.22381,0.546474,-73.547207,17175.080322,17176.762569213926
120.23381,0.547217,-73.542791,17174.344872,17171.592248431745
120.24381,0.547962,-73.538373,17173.609466,17174.931026161936
120.25381,0.548711,-73.533954,17172.874104,17171.43203589249
120.26381,0.549463,-73.529534,17172.138787,17174.234659195514
120.27381,0.550217,-73.525112,17171.403514,17171.941107684965
120.28381,0.550975,-73.520689,17170.668285,17172.89272315846
120.29381,0.551736,-73.516264,17169.9331,17171.159462104682
120.30381,0.552499,-73.511839,17169.197959,17172.296764565875
120.31381,0.553266,-73.507412,17168.462863,17170.959877672696
120.32381,0.554035,-73.502983,17167.727811,17169.76491690579
120.33381,0.554807,-73.498554,17166.992803,17169.44063742258
120.34381,0.555582,-73.494123,17166.25784,17167.325489518284
120.35381,0.556359,-73.489691,17165.522921,17167.310803435234
120.36381,0.55714,-73.485258,17164.788046,17165.373132797646
120.37381,0.557923,-73.480823,17164.053216,17161.368600104226
120.38381,0.558708,-73.476387,17163.31843,17162.78039309148
120.39381,0.559496,-73.47195,17162.583688,17161.24155429732
120.40381,0.560287,-73.467512,17161.848991,17163.26007385396
120.41381,0.561081,-73.463072,17161.114338,17160.459359787124
120.42381,0.561877,-73.458631,17160.379729,17159.111980142232
120.43381,0.562675,-73.454189,17159.645165,17161.17222354293
120.44381,0.563476,-73.449746,17158.910645,17160.326565687148
120.45381,0.56428,-73.445301,17158.17617,17161.266516636457
120.46381,0.565086,-73.440856,17157.441739,17160.164563240367
120.47381,0.565894,-73.436409,17156.707353,17159.367909792014
120.48381,0.566705,-73.43196,17155.973011,17154.002858783442
120.49381,0.567518,-73.427511,17155.238714,17156.417534791068
120.50381,0.568333,-73.42306,17154.504461,17154.35770376324
120.51381,0.569151,-73.418609,17153.770253,17158.150002580816
120.52381,0.56997,-73.414156,17153.036089,17153.025919559695
120.53381,0.570793,-73.409701,17152.30197,17153.737095534354
120.54381,0.571617,-73.405246,17151.567895,17153.313428120982
120.55381,0.572443,-73.400789,17150.833865,17153.70098858676
120.56381,0.573272,-73.396332,17150.099879,17151.156968074607
120.57381,0.574103,-73.391873,17149.365938,17150.57188266181
120.58381,0.574936,-73.387412,17148.632042,17155.4904481581
120.59381,0.575771,-73.382951,17147.89819,17150.599213203972
120.60381,0.576608,-73.378489,17147.164383,17149.599459498302
120.61381,0.577447,-73.374025,17146.43062,17148.160017499755
120.62381,0.578288,-73.36956,17145.696902,17146.059928816187
120.63381,0.579131,-73.365094,17144.963229,17143.51058147203
120.64381,0.579976,-73.360627,17144.2296,17144.229984007703
120.65381,0.580822,-73.356159,17143.496016,17144.40273604778
120.66381,0.581671,-73.35169,17142.762477,17142.951079285052
120.67381,0.582522,-73.347219,17142.028983,17144.005609281438
120.68381,0.583374,-73.342748,17141.295533,17142.084962488385
120.69381,0.584229,-73.338275,17140.562128,17141.28457916399
120.70381,0.585085,-73.333801,17139.828767,17140.053933484032
120.71381,0.585943,-73.329326,17139.095452,17140.83065712306
120.72381,0.586802,-73.32485,17138.362181,17140.00857891147
120.73381,0.587664,-73.320373,17137.628955,17139.982214692332
120.74381,0.588527,-73.315895,17136.895773,17137.193197174955
120.75381,0.589392,-73.311415,17136.162637,17136.59090034454
120.76381,0.590258,-73.306935,17135.429545,17136.58353925439
120.77381,0.591126,-73.302453,17134.696498,17131.654008674785
120.78381,0.591996,-73.297971,17133.963496,17135.023028092382
120.79381,0.592867,-73.293487,17133.230539,17133.82356166677
120.80381,0.59374,-73.289002,17132.497626,17133.887740263744
120.81381,0.594614,-73.284516,17131.764759,17131.24871339689
120.82381,0.59549,-73.280029,17131.031936,17133.657124168112
120.83381,0.596367,-73.275541,17130.299158,17129.03291949058
120.84381,0.597246,-73.271052,17129.566425,17129.714569511158
120.85381,0.598127,-73.266562,17128.833737,17131.104821854
120.86381,0.599008,-73.262071,17128.101094,17129.224775651986
120.87381,0.599892,-73.257579,17127.368495,17129.068137237093
120.88381,0.600776,-73.253085,17126.635942,17126.75837106567
120.89381,0.601662,-73.248591,17125.903434,17123.775418556736
120.90381,0.602549,-73.244096,17125.17097,17127.677806383545
120.91381,0.603438,-73.239599,17124.438552,17125.541830215625
120.92381,0.604328,-73.235102,17123.706178,17126.577361675063
120.93381,0.605219,-73.230604,17122.97385,17123.223784271995
120.94381,0.606112,-73.226104,17122.241566,17123.03541477934
120.95381,0.607005,-73.221604,17121.509328,17123.963936677123
120.96381,0.6079,-73.217102,17120.777134,17123.581980029598
120.97381,0.608797,-73.2126,17120.044986,17121.461940908943
120.98381,0.609694,-73.208096,17119.312882,17117.45925982925
120.99381,0.610593,-73.203592,17118.580824,17120.021322404198
121.00381,0.611492,-73.199087,17117.84881,17121.16792886337
121.01381,0.612393,-73.19458,17117.116842,17115.778759407316
121.02381,0.613295,-73.190073,17116.384919,17119.57260807927
121.03381,0.614198,-73.185564,17115.653041,17115.077139973564
121.04381,0.615102,-73.181055,17114.921207,17116.75287819726
121.05381,0.616007,-73.176545,17114.189419,17115.177195760127
121.06381,0.616914,-73.172033,17113.457677,17113.483398748675
121.07381,0.617821,-73.167521,17112.725979,17113.921509922486
121.08381,0.618729,-73.163008,17111.994326,17111.97580912464
121.09381,0.619638,-73.158494,17111.262719,17113.216665003292
121.10381,0.620549,-73.153979,17110.531156,17109.722480415894
121.11381,0.62146,-73.149463,17109.799639,17109.30730704953
121.12381,0.622372,-73.144946,17109.068167,17109.323127477775
121.13381,0.623285,-73.140428,17108.33674,17109.864533374064
121.14381,0.624199,-73.135909,17107.605358,17106.892045518067
121.15381,0.625114,-73.131389,17106.874022,17108.807056199763
121.16381,0.626029,-73.126869,17106.142731,17108.0716796573
121.17381,0.626722,-73.122347,17105.411485,17104.239929167183
121.18381,0.627161,-73.117825,17104.680284,17107.6428678304
121.19381,0.6276,-73.113302,17103.949128,17104.16216196794
121.20381,0.628039,-73.108778,17103.218018,17104.567339084067
121.21381,0.628477,-73.104254,17102.486953,17106.44236410352
121.22381,0.628915,-73.09973,17101.755933,17102.338541558904
121.23381,0.629353,-73.095204,17101.024958,17102.83577609142
121.24381,0.629791,-73.090679,17100.294029,17102.197509224687
121.25381,0.630228,-73.086152,17099.563144,17101.800695861373
121.26381,0.630666,-73.081625,17098.832306,17100.02674393176
121.27381,0.631103,-73.077098,17098.101512,17099.958233270216
121.28381,0.63154,-73.07257,17097.370764,17098.223402151496
121.29381,0.631977,-73.068041,17096.640061,17097.222339081363
121.30381,0.632413,-73.063512,17095.909403,17096.49905057926
121.31381,0.63285,-73.058982,17095.17879,17095.48556135525
121.32381,0.633286,-73.054451,17094.448223,17098.344864975137
121.33381,0.633722,-73.04992,17093.717701,17096.764136929665
121.34381,0.634157,-73.045389,17092.987225,17090.103015232773
121.35381,0.634593,-73.040857,17092.256793,17096.0809320004
121.36381,0.635028,-73.036324,17091.526408,17092.92035391935
121.37381,0.635463,-73.031791,17090.796067,17092.302668786626
121.38381,0.635898,-73.027258,17090.065772,17090.198157580693
121.39381,0.636332,-73.022724,17089.335522,17090.60037965903
121.40381,0.636767,-73.018189,17088.605317,17090.946702846897
121.41381,0.637201,-73.013654,17087.875158,17087.54763374966
121.42381,0.637634,-73.009118,17087.145044,17087.365657490627
121.43381,0.638068,-73.004582,17086.414976,17086.81954475224
121.44381,0.638501,-73.000046,17085.684953,17088.393267054948
121.45381,0.638934,-72.995508,17084.954975,17084.932700391855
121.46381,0.639367,-72.990971,17084.225042,17085.791090852294
121.47381,0.6398,-72.986433,17083.495155,17084.60354724561
121.48381,0.640232,-72.981894,17082.765314,17087.28716580164
121.49381,0.640664,-72.977355,17082.035517,17083.454114346663
121.50381,0.641096,-72.972815,17081.305767,17084.0615768686
121.51381,0.641528,-72.968275,17080.576061,17081.74878274245
121.52381,0.641959,-72.963735,17079.846401,17078.164500699604
121.53381,0.64239,-72.959194,17079.116786,17079.393210052724
121.54381,0.642821,-72.954653,17078.387217,17078.470448441698
121.55381,0.643252,-72.950111,17077.657693,17079.69458328395
121.56381,0.643682,-72.945568,17076.928215,17075.37761684385
121.57381,0.644112,-72.941026,17076.198782,17078.037482510736
121.58381,0.644542,-72.936482,17075.469395,17078.760353240432
121.59381,0.644971,-72.931939,17074.740052,17076.330811767275
121.60381,0.645401,-72.927395,17074.010756,17074.955830624986
121.61381,0.64583,-72.92285,17073.281505,17071.419113960168
121.62381,0.646258,-72.918305,17072.552299,17073.655523128677
121.63381,0.646687,-72.91376,17071.823138,17071.85522345839
121.64381,0.647115,-72.909214,17071.094024,17069.489572733826
121.65381,0.647543,-72.904668,17070.364954,17068.81736607347
121.66381,0.64797,-72.900122,17069.63593,17071.40219374439
121.67381,0.648398,-72.895575,17068.906952,17069.886668187526
121.68381,0.648825,-72.891027,17068.178019,17067.402894578114
121.69381,0.649251,-72.886479,17067.449131,17068.9053524661
121.70381,0.649678,-72.881931,17066.720289,17066.20548679607
121.71381,0.650104,-72.877383,17065.991493,17068.341722302335
121.72381,0.65053,-72.872834,17065.262741,17067.1656364329
121.73381,0.650955,-72.868285,17064.534036,17067.268738308438
121.74381,0.651381,-72.863735,17063.805376,17066.864225702502
121.75381,0.651806,-72.859185,17063.076761,17064.297269072176
121.76381,0.65223,-72.854634,17062.348192,17064.227334977495
121.77381,0.652655,-72.850084,17061.619668,17063.41110821214
121.78381,0.653079,-72.845533,17060.89119,17063.652196491545
121.79381,0.653502,-72.840981,17060.162758,17059.928693568556
121.80381,0.653957,-72.836429,17059.434371,17059.52259976384
121.81381,0.654421,-72.831876,17058.706029,17060.40844366702
121.82381,0.654884,-72.827322,17057.977733,17062.725477392833
121.83381,0.655346,-72.822768,17057.249483,17059.874357260393
121.84381,0.655808,-72.818212,17056.521278,17057.891553673366
121.85381,0.65627,-72.813656,17055.793119,17057.347532386884
121.86381,0.656731,-72.809099,17055.065005,17052.295425404573
121.87381,0.657192,-72.80454,17054.336937,17056.92360674441
121.88381,0.657652,-72.799981,17053.608914,17054.70892648469
121.89381,0.658112,-72.795421,17052.880937,17053.610214187865
121.90381,0.658571,-72.790861,17052.153006,17052.7375221663
121.91381,0.65903,-72.786299,17051.42512,17051.10707272911
121.92381,0.659488,-72.781737,17050.69728,17051.693824863658
121.93381,0.659946,-72.777173,17049.969485,17051.051971626795
121.94381,0.660403,-72.772609,17049.241736,17050.852131249365
121.95381,0.66086,-72.768044,17048.514033,17052.036848984364
121.96381,0.661316,-72.763479,17047.786375,17050.59263055009
121.97381,0.661772,-72.758912,17047.058763,17049.903003621846
121.98381,0.662227,-72.754345,17046.331197,17049.416973293715
121.99381,0.662682,-72.749777,17045.603676,17043.527484180348
122.00381,0.663137,-72.745208,17044.876201,17047.097609782166
122.01381,0.663591,-72.740638,17044.148772,17046.85275473879
122.02381,0.664044,-72.736068,17043.421389,17043.005996699292
122.03381,0.664497,-72.731496,17042.694051,17043.857961405578
122.04381,0.66495,-72.726924,17041.966759,17044.003735663617
122.05381,0.665402,-72.722351,17041.239512,17040.38321035992
122.06381,0.665853,-72.717778,17040.512312,17042.288711546313
122.07381,0.666304,-72.713204,17039.785157,17042.744883319785
122.08381,0.666755,-72.708628,17039.058048,17040.220990871123
122.09381,0.667205,-72.704053,17038.330984,17039.6369160304
122.10381,0.667655,-72.699476,17037.603967,17036.757996236025
122.11381,0.668104,-72.694899,17036.876995,17037.39069619824
122.12381,0.668552,-72.690321,17036.150069,17035.68539420382
122.13381,0.669001,-72.685742,17035.423188,17038.72176038313
122.14381,0.669448,-72.681162,17034.696354,17036.1152183022
122.15381,0.669895,-72.676582,17033.969565,17035.807828212855
122.16381,0.670342,-72.672001,17033.242822,17033.412997039202
122.17381,0.670788,-72.66742,17032.516125,17033.576858861732
122.18381,0.671234,-72.662837,17031.789474,17033.612531175673
122.19381,0.671679,-72.658254,17031.062868,17032.46098742146
122.20381,0.672124,-72.65367,17030.336309,17030.580973189335
122.21381,0.672568,-72.649086,17029.609795,17030.320951343016
122.22381,0.673012,-72.644501,17028.883327,17027.866205485952
122.23381,0.673455,-72.639915,17028.156905,17029.14684546295
122.24381,0.673897,-72.635329,17027.430529,17028.170542413707
122.25381,0.67434,-72.630742,17026.704198,17026.346824056716
122.26381,0.674781,-72.626154,17025.977914,17026.267427940224
122.27381,0.675223,-72.621566,17025.251675,17026.461852006203
122.28381,0.675663,-72.616976,17024.525483,17025.491535470657
122.29381,0.676103,-72.612387,17023.799336,17023.701040481683
122.30381,0.676543,-72.607796,17023.073235,17025.040267221295
122.31381,0.676982,-72.603205,17022.34718,17022.355663099486
122.32381,0.677421,-72.598614,17021.621171,17024.783027112644
122.33381,0.677859,-72.594022,17020.895208,17022.68519494388
122.34381,0.678297,-72.589429,17020.16929,17022.017034873345
122.35381,0.678734,-72.584835,17019.443419,17021.012030499212
122.36381,0.679171,-72.580241,17018.717594,17019.047036261443
122.37381,0.679607,-72.575647,17017.991814,17018.90956231578
122.38381,0.680043,-72.571051,17017.266081,17019.12096375721
122.39381,0.680478,-72.566455,17016.540393,17019.667791585332
122.40381,0.680913,-72.561859,17015.814752,17016.15245111228
122.41381,0.681347,-72.557262,17015.089156,17015.017836520663
122.42381,0.68178,-72.552664,17014.363606,17013.946198689144
122.43381,0.682214,-72.548066,17013.638103,17015.012184593903
122.44381,0.682646,-72.543467,17012.912645,17015.77825187331
122.45381,0.683078,-72.538868,17012.187233,17013.766202116203
122.46381,0.68351,-72.534268,17011.461868,17015.248991563352
122.47381,0.683941,-72.529668,17010.736548,17011.870726876237
122.48381,0.684372,-72.525067,17010.011274,17009.59508190249
122.49381,0.684802,-72.520465,17009.286047,17009.983098859033
122.50381,0.685231,-72.515863,17008.560865,17010.471222475284
122.51381,0.68566,-72.51126,17007.835729,17008.121756317505
122.52381,0.686089,-72.506657,17007.11064,17010.756947838992
122.53381,0.686517,-72.502053,17006.385596,17008.824162989386
122.54381,0.686945,-72.497449,17005.660599,17004.302282343233
122.55381,0.687372,-72.492845,17004.935647,17004.650549768317
122.56381,0.687798,-72.488239,17004.210742,17006.75748810633
122.57381,0.688224,-72.483634,17003.485882,17002.15689122844
122.58381,0.68865,-72.479027,17002.761069,17001.523460932793
122.59381,0.689075,-72.474421,17002.036302,17000.226223856695
122.60381,0.689499,-72.469813,17001.311581,17003.512879351598
122.61381,0.689923,-72.465206,17000.586906,17004.365707872912
122.62381,0.690347,-72.460597,16999.862277,16999.946897176713
122.63381,0.690769,-72.455989,16999.137694,16999.39006802384
122.64381,0.691192,-72.451379,16998.413157,16999.759171688966
122.65381,0.691614,-72.44677,16997.688666,16998.731991740904
122.66381,0.692035,-72.44216,16996.964221,16997.789291049987
122.67381,0.692456,-72.437549,16996.239823,16996.030741136394
122.68381,0.692876,-72.432938,16995.51547,16995.46772002382
122.69381,0.693296,-72.428327,16994.791164,16994.010558496746
122.70381,0.693716,-72.423715,16994.066904,16992.73232062446
122.71381,0.694134,-72.419102,16993.34269,16994.11732308438
122.72381,0.694553,-72.414489,16992.618522,16993.503842854247
122.73381,0.694971,-72.409876,16991.8944,16992.795269218866
122.74381,0.695388,-72.405262,16991.170324,16992.26841651855
122.75381,0.695805,-72.400648,16990.446295,16995.080497179635
122.76381,0.696221,-72.396034,16989.722311,16988.846888838227
122.77381,0.696637,-72.391419,16988.998374,16988.69628177825
122.78381,0.697052,-72.386803,16988.274483,16989.415671887364
122.79381,0.697466,-72.382188,16987.550638,16987.76124199819
122.80381,0.697881,-72.377571,16986.826839,16983.79592420176
122.81381,0.698294,-72.372955,16986.103087,16984.819698046216
122.82381,0.698707,-72.368338,16985.37938,16984.078473632268
122.83381,0.69912,-72.36372,16984.65572,16983.012935037
122.84381,0.699532,-72.359103,16983.932106,16987.026396124846
122.85381,0.699944,-72.354485,16983.208538,16985.081075363272
122.86381,0.700355,-72.349866,16982.485016,16981.11663492467
122.87381,0.700765,-72.345247,16981.761541,16982.40668596572
122.88381,0.701175,-72.340628,16981.038111,16982.01623651155
122.89381,0.701585,-72.336008,16980.314728,16980.299144187135
122.90381,0.701994,-72.331388,16979.591391,16979.64842549339
122.91381,0.702402,-72.326768,16978.8681,16979.25660382682
122.92381,0.70281,-72.322147,16978.144856,16976.747695764367
122.93381,0.703218,-72.317526,16977.421657,16977.332894742798
122.94381,0.703624,-72.312905,16976.698505,16975.95005929222
122.95381,0.704031,-72.308283,16975.975399,16977.3883170173
122.96381,0.704437,-72.303661,16975.252339,16976.928080518483
122.97381,0.704842,-72.299039,16974.529326,16975.476985369573
122.98381,0.70492,-72.294416,16973.806359,16974.115447160606
122.99381,0.704365,-72.289793,16973.083438,16971.314573530162
123.00381,0.703811,-72.285171,16972.360563,16973.78350348346
123.01381,0.703259,-72.280549,16971.637734,16972.0017587231
123.02381,0.702707,-72.275928,16970.914952,16968.758125566343
123.03381,0.702155,-72.271307,16970.192216,16973.151434264542
123.04381,0.701605,-72.266686,16969.469526,16972.071427489474
123.05381,0.701056,-72.262065,16968.746882,16971.405698914303
123.06381,0.700507,-72.257445,16968.024284,16968.86889265308
123.07381,0.699959,-72.252825,16967.301733,16970.00991776819
123.08381,0.699412,-72.248205,16966.579228,16968.223874772502
123.09381,0.698866,-72.243586,16965.856769,16969.28478203261
123.10381,0.698321,-72.238967,16965.134356,16965.767871338077
123.11381,0.697776,-72.234348,16964.41199,16965.673124658682
123.12381,0.697233,-72.22973,16963.689669,16965.136170596696
123.13381,0.69669,-72.225112,16962.967395,16965.129360030245
123.14381,0.696148,-72.220494,16962.245167,16962.327495893882
123.15381,0.695607,-72.215877,16961.522985,16962.485198171307
123.16381,0.695059,-72.21126,16960.800849,16963.04645811512
123.17381,0.694493,-72.206644,16960.07876,16961.169207418363
123.18381,0.693932,-72.202027,16959.356717,16959.316333318944
123.19381,0.693376,-72.197411,16958.634719,16960.559585345938
123.20381,0.692825,-72.192796,16957.912768,16961.743675865895
123.21381,0.692279,-72.188181,16957.190863,16955.546991698244
123.22381,0.691738,-72.183566,16956.469005,16957.97314748229
123.23381,0.691202,-72.178952,16955.747192,16955.30086197459
123.24381,0.690671,-72.174338,16955.025426,16955.780505489725
123.25381,0.690145,-72.169724,16954.303705,16954.111708286848
123.26381,0.689624,-72.165111,16953.582031,16954.200412825085
123.27381,0.689108,-72.160498,16952.860403,16956.814414188335
123.28381,0.688597,-72.155885,16952.138821,16953.004945784953
123.29381,0.688091,-72.151273,16951.417285,16952.17857075519
123.30381,0.68759,-72.146661,16950.695796,16952.393999319276
123.31381,0.687094,-72.14205,16949.974352,16952.331575230666
123.32381,0.686602,-72.137439,16949.252955,16948.70926013241
123.33381,0.686116,-72.132828,16948.531603,16947.603634002196
123.34381,0.685634,-72.128217,16947.810298,16944.22972329609
123.35381,0.685158,-72.123607,16947.089039,16952.069973795446
123.36381,0.684686,-72.118997,16946.367826,16948.885375128357
123.37381,0.684219,-72.114388,16945.646659,16945.44410535216
123.38381,0.683757,-72.109779,16944.925538,16947.494150704028
123.39381,0.6833,-72.10517,16944.204464,16946.00107222573
123.40381,0.682848,-72.100562,16943.483435,16944.077087180125
123.41381,0.682401,-72.095954,16942.762452,16943.59568703733
123.42381,0.681958,-72.091346,16942.041516,16943.516508687306
123.43381,0.68152,-72.086739,16941.320625,16942.1647055771
123.44381,0.681087,-72.082132,16940.599781,16942.50978814814
123.45381,0.680659,-72.077525,16939.878983,16940.756321480105
123.46381,0.680236,-72.072919,16939.158231,16942.125707279985
123.47381,0.679817,-72.068313,16938.437524,16940.44569824743
123.48381,0.679403,-72.063707,16937.716864,16935.82200807813
123.49381,0.678994,-72.059102,16936.99625,16939.01017526425
123.50381,0.67859,-72.054497,16936.275682,16936.48488551133
123.51381,0.67819,-72.049892,16935.55516,16936.734420573106
123.52381,0.677796,-72.045288,16934.834684,16933.64118687005
123.53381,0.677405,-72.040684,16934.114255,16936.853810068977
123.54381,0.67702,-72.03608,16933.393871,16935.11236619418
123.55381,0.676639,-72.031477,16932.673533,16932.398963541444
123.56381,0.676263,-72.026874,16931.953241,16935.537155178463
123.57381,0.675891,-72.022271,16931.232995,16933.949505734498
123.58381,0.675525,-72.017669,16930.512796,16931.077265964046
123.59381,0.675163,-72.013067,16929.792642,16929.076790916366
123.60381,0.674805,-72.008465,16929.072534,16929.114654714296
123.61381,0.674391,-72.003864,16928.352473,16929.824408261557
123.62381,0.673976,-71.999264,16927.632457,16926.619132979748
123.63381,0.673565,-71.994666,16926.912487,16928.178649719317
123.64381,0.673159,-71.990069,16926.192564,16927.893973539638
123.65381,0.672757,-71.985473,16925.472686,16926.023878534084
123.66381,0.672361,-71.980878,16924.752854,16925.624409879394
123.67381,0.671969,-71.976284,16924.033069,16922.28661146339
123.68381,0.671581,-71.971692,16923.313329,16924.23399708743
123.69381,0.671199,-71.967101,16922.593635,16924.340426104838
123.70381,0.670821,-71.962511,16921.873987,16924.719574100276
123.71381,0.670448,-71.957923,16921.154384,16923.92125440083
123.72381,0.670079,-71.953335,16920.434828,16920.469771700496
123.73381,0.669716,-71.948749,16919.715318,16920.54879460377
123.74381,0.669356,-71.944164,16918.995853,16919.18075087013
123.75381,0.669002,-71.939581,16918.276434,16921.174656273135
123.76381,0.668652,-71.934998,16917.557062,16918.373669945977
123.77381,0.668306,-71.930417,16916.837734,16917.23766440291
123.78381,0.667966,-71.925837,16916.118453,16916.981840988552
123.79381,0.667629,-71.921258,16915.399218,16917.0106778456
123.80381,0.667298,-71.91668,16914.680028,16915.388405827776
123.81381,0.666971,-71.912104,16913.960884,16914.755174779577
123.82381,0.666648,-71.907529,16913.241786,16914.047615511747
123.83381,0.66633,-71.902955,16912.522734,16913.93835783192
123.84381,0.666017,-71.898382,16911.803727,16916.415899851145
123.85381,0.665708,-71.89381,16911.084766,16912.730714761405
123.86381,0.665403,-71.889239,16910.365851,16912.617291991883
123.87381,0.665103,-71.88467,16909.646981,16911.253924132074
123.88381,0.664808,-71.880102,16908.928157,16910.56160905269
123.89381,0.663758,-71.875535,16908.209379,16909.04089609457
123.90381,0.66238,-71.87097,16907.490647,16909.45282472895
123.91381,0.661014,-71.866407,16906.77196,16907.961078727014
123.92381,0.659659,-71.861845,16906.053318,16908.380242118637
123.93381,0.658314,-71.857286,16905.334723,16906.356002416833
123.94381,0.656981,-71.852728,16904.616173,16906.3488021549
123.95381,0.655659,-71.848172,16903.897668,16904.99887111493
123.96381,0.654348,-71.843618,16903.179209,16903.714635341767
123.97381,0.653094,-71.839065,16902.460796,16903.80318686759
123.98381,0.651954,-71.834515,16901.742428,16903.139568191138
123.99381,0.650818,-71.829966,16901.024106,16900.566668022988
124.00381,0.649686,-71.825418,16900.305829,16899.48426479128
124.01381,0.648557,-71.820872,16899.587597,16898.63601088215
124.02381,0.647433,-71.816328,16898.869411,16899.873067016488
124.03381,0.646312,-71.811786,16898.151271,16897.753007038762
124.04381,0.645195,-71.807245,16897.433175,16899.237631846452
124.05381,0.644081,-71.802706,16896.715126,16895.293499721298
124.06381,0.642972,-71.798168,16895.997121,16896.648451897207
124.07381,0.641866,-71.793632,16895.279162,16898.129484826324
124.08381,0.640764,-71.789098,16894.561249,16897.404743541687
124.09381,0.639666,-71.784565,16893.84338,16894.320983884703
124.10381,0.638571,-71.780034,16893.125557,16891.994214793212
124.11381,0.63748,-71.775504,16892.40778,16895.719786628248
124.12381,0.636393,-71.770976,16891.690047,16889.568640868587
124.13381,0.63531,-71.76645,16890.97236,16890.189827458362
124.14381,0.634231,-71.761925,16890.254718,16890.34094757945
124.15381,0.633155,-71.757402,16889.537122,16888.85338770288
124.16381,0.632083,-71.75288,16888.81957,16891.409628978578
124.17381,0.631015,-71.74836,16888.102064,16888.243252095985
124.18381,0.62995,-71.743841,16887.384603,16889.01108478908
124.19381,0.62889,-71.739324,16886.667187,16888.00602388617
124.20381,0.627833,-71.734809,16885.949817,16884.16688968488
124.21381,0.62678,-71.730295,16885.232491,16885.625604095007
124.22381,0.62573,-71.725782,16884.515211,16885.63998426744
124.23381,0.624685,-71.721272,16883.797975,16884.297761850714
124.24381,0.623643,-71.716762,16883.080785,16884.031349681252
124.25381,0.622605,-71.712254,16882.36364,16881.27819114869
124.26381,0.62157,-71.707748,16881.64654,16883.075121094684
124.27381,0.62054,-71.703244,16880.929485,16882.180267742067
124.28381,0.619513,-71.69874,16880.212475,16880.851002577874
124.29381,0.61849,-71.694239,16879.49551,16878.458155873177
124.30381,0.617471,-71.689738,16878.77859,16881.990302691564
124.31381,0.616455,-71.68524,16878.061716,16878.05815606068
124.32381,0.615443,-71.680742,16877.344886,16877.451933090768
124.33381,0.614435,-71.676247,16876.628101,16878.385516228187
124.34381,0.613431,-71.671753,16875.911361,16879.51589932011
124.35381,0.61243,-71.66726,16875.194666,16878.12849303065
124.36381,0.611434,-71.662769,16874.478016,16874.85041227609
124.37381,0.610441,-71.658279,16873.76141,16874.744422417712
124.38381,0.609451,-71.653791,16873.04485,16876.565846157566
124.39381,0.608466,-71.649304,16872.328335,16872.829628182764
124.40381,0.607484,-71.644818,16871.611864,16873.68213370161
124.41381,0.606506,-71.640334,16870.895438,16873.429444297897
124.42381,0.605532,-71.635852,16870.179057,16869.49386192258
124.43381,0.604561,-71.631371,16869.462721,16868.84489449172
124.44381,0.603594,-71.626891,16868.74643,16872.067673029585
124.45381,0.602631,-71.622413,16868.030183,16868.272994831244
124.46381,0.601672,-71.617937,16867.313982,16868.68293644453
124.47381,0.600717,-71.613461,16866.597825,16868.908329765196
124.48381,0.599765,-71.608987,16865.881712,16868.613588805423
124.49381,0.598817,-71.604515,16865.165645,16864.708414535286
124.50381,0.597872,-71.600044,16864.449622,16868.86260130577
124.51381,0.59696,-71.595574,16863.733644,16864.116710773065
124.52381,0.596098,-71.591105,16863.01771,16863.293119354355
124.53381,0.595239,-71.586637,16862.301822,16861.798735868
124.54381,0.594385,-71.582169,16861.585978,16862.12486390239
124.55381,0.593534,-71.577701,16860.870178,16862.873765105916
124.56381,0.592686,-71.573234,16860.154424,16859.521764917852
124.57381,0.591843,-71.568767,16859.438714,16862.399609055654
124.58381,0.591003,-71.564301,16858.723048,16861.043068175644
124.59381,0.590166,-71.559835,16858.007428,16861.27757498715
124.60381,0.589207,-71.55537,16857.291852,16858.5782644548
124.61381,0.588249,-71.550908,16856.57632,16860.169111601816
124.62381,0.587296,-71.546447,16855.860834,16851.577060640684
124.63381,0.586347,-71.541989,16855.145391,16854.916759435513
124.64381,0.585401,-71.537532,16854.429994,16858.209382190034
124.65381,0.584459,-71.533078,16853.714641,16853.121222510737
124.66381,0.583521,-71.528626,16852.999332,16854.277828986178
124.67381,0.582586,-71.524175,16852.284068,16854.20164468044
124.68381,0.581655,-71.519727,16851.568849,16851.343028769898
124.69381,0.580729,-71.515281,16850.853674,16851.656216979172
124.70381,0.579806,-71.510837,16850.138543,16852.842872089914
124.71381,0.578886,-71.506395,16849.423457,16851.71853334772
124.72381,0.577971,-71.501955,16848.708415,16848.58448547
124.73381,0.577059,-71.497516,16847.993418,16847.208117834492
124.74381,0.576151,-71.49308,16847.278465,16848.810886168994
124.75381,0.575247,-71.488646,16846.563556,16847.4066841429
124.76381,0.574346,-71.484214,16845.848692,16847.142724697103
124.77381,0.57345,-71.479784,16845.133872,16844.910977756655
124.78381,0.572557,-71.475356,16844.419096,16848.541069448158
124.79381,0.571668,-71.47093,16843.704365,16841.74773209828
124.80381,0.570783,-71.466505,16842.989678,16844.77535261118
124.81381,0.569901,-71.462083,16842.275035,16842.436693875552
124.82381,0.569023,-71.457663,16841.560436,16843.39645055791
124.83381,0.568149,-71.453244,16840.845881,16843.175712184515
124.84381,0.567279,-71.448828,16840.131371,16841.340627035905
124.85381,0.566413,-71.444413,16839.416905,16840.754509252714
124.86381,0.56555,-71.440001,16838.702483,16837.64509293062
124.87381,0.564691,-71.43559,16837.988105,16839.89405433741
124.88381,0.563836,-71.431182,16837.273771,16839.60689198402
124.89381,0.562984,-71.426775,16836.559481,16836.40770349122
124.90381,0.562137,-71.42237,16835.845235,16836.29344431184
124.91381,0.561293,-71.417967,16835.131034,16835.657183052004
124.92381,0.560452,-71.413566,16834.416876,16837.059028843865
124.93381,0.559616,-71.409167,16833.702762,16834.798856459176
124.94381,0.558783,-71.404769,16832.988693,16833.191839508614
124.95381,0.557954,-71.400374,16832.274667,16832.655944822094
124.96381,0.557129,-71.39598,16831.560685,16833.177301384603
124.97381,0.556308,-71.391589,16830.846747,16831.774755985367
124.98381,0.55549,-71.387199,16830.132853,16832.213260663866
124.99381,0.554676,-71.382811,16829.419003,16830.226114997393
125.00381,0.553866,-71.378425,16828.705197,16831.15728527957
125.01381,0.55306,-71.374041,16827.991435,16827.17926196958
125.02381,0.552257,-71.369658,16827.277716,16831.004787091104
125.03381,0.551458,-71.365278,16826.564042,16826.686702841103
125.04381,0.550663,-71.360899,16825.850411,16826.79227462469
125.05381,0.549871,-71.356523,16825.136824,16826.999690210258
125.06381,0.549084,-71.352148,16824.42328,16823.688636403644
125.07381,0.5483,-71.347774,16823.709781,16825.6813566102
125.08381,0.547519,-71.343403,16822.996325,16825.13707420608
125.09381,0.546743,-71.339033,16822.282913,16820.991293969764
125.10381,0.54597,-71.334666,16821.569544,16826.24166023292
125.11381,0.545201,-71.3303,16820.856219,16820.232741849944
125.12381,0.544435,-71.325936,16820.142938,16821.29097478693
125.13381,0.543674,-71.321573,16819.429701,16821.405667304585
125.14381,0.542916,-71.317213,16818.716507,16821.336155531157
125.15381,0.542162,-71.312854,16818.003356,16819.050367205535
125.16381,0.541411,-71.308497,16817.29025,16820.15812020605
125.17381,0.540664,-71.304142,16816.577186,16814.015567005546
125.18381,0.539921,-71.299788,16815.864167,16814.99852215571
125.19381,0.539182,-71.295437,16815.151191,16819.502575874816
125.20381,0.538446,-71.291087,16814.438258,16815.20990146508
125.21381,0.537714,-71.286739,16813.725369,16817.120450805774
125.22381,0.536986,-71.282392,16813.012523,16814.575093704898
125.23381,0.536261,-71.278048,16812.299721,16813.20446299012
125.24381,0.53554,-71.273705,16811.586962,16811.338008645704
125.25381,0.534823,-71.269364,16810.874247,16812.224396567366
125.26381,0.534109,-71.265024,16810.161575,16812.27902248895
125.27381,0.5334,-71.260687,16809.448947,16810.1659185938
125.28381,0.532693,-71.256351,16808.736361,16809.62386386626
125.29381,0.531991,-71.252016,16808.023819,16808.093070342566
125.30381,0.531292,-71.247684,16807.311321,16811.851323751085
125.31381,0.530597,-71.243353,16806.598866,16808.091958228564
125.32381,0.529906,-71.239024,16805.886454,16807.6785634136
125.33381,0.529218,-71.234697,16805.174085,16807.427039525086
125.34381,0.528534,-71.230371,16804.46176,16808.57571007525
125.35381,0.527853,-71.226047,16803.749478,16805.682024203576
125.36381,0.527177,-71.221724,16803.037239,16804.593506702255
125.37381,0.526503,-71.217404,16802.325043,16804.056333574677
125.38381,0.525834,-71.213085,16801.612891,16801.74394782631
125.39381,0.525168,-71.208768,16800.900782,16802.853208283657
125.40381,0.524506,-71.204452,16800.188716,16801.11449123001
125.41381,0.523848,-71.200138,16799.476693,16801.97278511448
125.42381,0.523193,-71.195826,16798.764713,16799.765026664893
125.43381,0.522542,-71.191515,16798.052776,16797.92084019753
125.44381,0.521894,-71.187206,16797.340883,16797.372224054794
125.45381,0.52125,-71.182899,16796.629032,16796.659634584263
125.46381,0.52061,-71.178593,16795.917225,16796.746058380537
125.47381,0.519973,-71.174289,16795.20546,16797.089290914042
125.48381,0.51934,-71.169987,16794.493739,16795.112968733723
125.49381,0.518711,-71.165686,16793.78206,16794.919535290446
125.50381,0.518085,-71.161387,16793.070425,16794.195843806552
125.51381,0.517463,-71.157089,16792.358833,16793.408367446402
125.52381,0.516844,-71.152793,16791.647283,16793.56847267366
125.53381,0.516229,-71.148499,16790.935777,16793.14119842828
125.54381,0.515618,-71.144207,16790.224313,16790.72567545641
125.55381,0.51501,-71.139916,16789.512893,16792.266346302982
125.56381,0.514406,-71.135626,16788.801515,16789.37575957237
125.57381,0.513806,-71.131338,16788.09018,16787.083032776638
125.58381,0.513209,-71.127052,16787.378888,16788.945889023747
125.59381,0.512616,-71.122767,16786.667639,16787.655677057537
125.60381,0.512026,-71.118484,16785.956433,16786.338084218856
125.61381,0.51144,-71.114203,16785.245269,16786.233990047316
125.62381,0.510857,-71.109923,16784.534149,16785.08058788573
125.63381,0.510278,-71.105645,16783.823071,16787.411801456696
125.64381,0.509703,-71.101368,16783.112036,16783.171368948722
125.65381,0.509131,-71.097093,16782.401044,16782.849238443578
125.66381,0.508563,-71.092819,16781.690094,16782.26723805157
125.67381,0.507998,-71.088547,16780.979187,16782.90130959139
125.68381,0.507437,-71.084277,16780.268323,16781.268383831997
125.69381,0.506879,-71.080008,16779.557502,16780.267991075376
125.70381,0.506325,-71.07574,16778.846723,16779.724843474258
125.71381,0.505775,-71.071475,16778.135987,16778.417861766684
125.72381,0.505228,-71.06721,16777.425293,16779.30790718346
125.73381,0.504684,-71.062947,16776.714643,16775.005291884343
125.74381,0.504144,-71.058686,16776.004034,16776.309498627612
125.75381,0.503608,-71.054427,16775.293469,16778.419540491715
125.76381,0.503075,-71.050168,16774.582946,16773.748488612233
125.77381,0.502546,-71.045912,16773.872466,16774.01998394849
125.78381,0.50202,-71.041657,16773.162028,16777.040259391353
125.79381,0.501498,-71.037403,16772.451632,16774.948473223263
125.80381,0.500979,-71.033151,16771.74128,16775.667208247978
125.81381,0.500464,-71.028901,16771.030969,16771.76884836719
125.82381,0.499952,-71.024651,16770.320702,16769.574147117968
125.83381,0.499443,-71.020404,16769.610476,16771.49246508238
125.84381,0.498939,-71.016158,16768.900293,16769.587250764125
125.85381,0.498437,-71.011913,16768.190153,16769.384710672824
125.86381,0.497939,-71.00767,16767.480055,16764.348529407675
125.87381,0.497445,-71.003429,16766.77,16771.078076385103
125.88381,0.496954,-70.999189,16766.059987,16765.02092647686
125.89381,0.496467,-70.99495,16765.350016,16766.40953812898
125.90381,0.495983,-70.990713,16764.640088,16767.838326523135
125.91381,0.495502,-70.986477,16763.930202,16766.51805663933
125.92381,0.495025,-70.982243,16763.220358,16762.06046403505
125.93381,0.494552,-70.97801,16762.510557,16765.563904011917
125.94381,0.494081,-70.973779,16761.800798,16761.392785078147
125.95381,0.493615,-70.969549,16761.091081,16762.944599649767
125.96381,0.493151,-70.965321,16760.381407,16760.7544562764
125.97381,0.492691,-70.961094,16759.671775,16761.72710563244
125.98381,0.492235,-70.956868,16758.962185,16763.095884475326
125.99381,0.491782,-70.952645,16758.252637,16759.3336303705
126.00381,0.491332,-70.948422,16757.543132,16757.93635966395
126.01381,0.490886,-70.944201,16756.833669,16759.077654317818
126.02381,0.490443,-70.939981,16756.124248,16757.561126742115
126.03381,0.490003,-70.935763,16755.414869,16755.271599711294
126.04381,0.489567,-70.931546,16754.705533,16753.550344777843
126.05381,0.489135,-70.927331,16753.996238,16754.347483205664
126.06381,0.488705,-70.923117,16753.286986,16753.40218846013
126.07381,0.488279,-70.918904,16752.577776,16753.272057437123
126.08381,0.487857,-70.914693,16751.868608,16752.15912682689
126.09381,0.487438,-70.910483,16751.159482,16752.75479768485
126.10381,0.487022,-70.906275,16750.450398,16753.668521038715
126.11381,0.486609,-70.902068,16749.741357,16752.144151851953
126.12381,0.4862,-70.897863,16749.032357,16749.73239061313
126.13381,0.485794,-70.893659,16748.323399,16751.590449145646
126.14381,0.485392,-70.889456,16747.614484,16748.34941046837
126.15381,0.484992,-70.885255,16746.90561,16749.89097344132
126.16381,0.484596,-70.881055,16746.196779,16748.37877628348
126.17381,0.484204,-70.876856,16745.487989,16747.481747131438
126.18381,0.483815,-70.872659,16744.779242,16748.255065588695
126.19381,0.483429,-70.868464,16744.070536,16745.328505580135
126.20381,0.483046,-70.864269,16743.361872,16744.601160619295
126.21381,0.482667,-70.860076,16742.653251,16746.126268495038
126.22381,0.48229,-70.855885,16741.944671,16743.69923435943
126.23381,0.481918,-70.851695,16741.236133,16742.367999948947
126.24381,0.481548,-70.847506,16740.527637,16740.827536479967
126.25381,0.481182,-70.843318,16739.819183,16745.194574922254
126.26381,0.480819,-70.839132,16739.110771,16741.015067447526
126.27381,0.480459,-70.834947,16738.4024,16739.27277896898
126.28381,0.480102,-70.830764,16737.694072,16734.934727883403
126.29381,0.479749,-70.826582,16736.985785,16737.12005735549
126.30381,0.479399,-70.822401,16736.27754,16736.275997590412
126.31381,0.479052,-70.818222,16735.569337,16735.842643646363
126.32381,0.478708,-70.814044,16734.861176,16734.45770416792
126.33381,0.478368,-70.809867,16734.153056,16737.160119474454
126.34381,0.478031,-70.805692,16733.444978,16735.289370463342
126.35381,0.477697,-70.801518,16732.736942,16733.69606227484
126.36381,0.477366,-70.797345,16732.028948,16731.15583516395
126.37381,0.477038,-70.793174,16731.320995,16731.511549452447
126.38381,0.476714,-70.789004,16730.613084,16733.31829616924
126.39381,0.476392,-70.784835,16729.905215,16732.814835904563
126.40381,0.476074,-70.780668,16729.197388,16733.68616384521
126.41381,0.475759,-70.776502,16728.489602,16731.061580559526
126.42381,0.475447,-70.772337,16727.781858,16726.583351463574
126.43381,0.475139,-70.768173,16727.074155,16731.536555484847
126.44381,0.474833,-70.764011,16726.366494,16726.750962213348
126.45381,0.474531,-70.759851,16725.658875,16728.69198286404
126.46381,0.474231,-70.755691,16724.951297,16725.85361167068
126.47381,0.473935,-70.751533,16724.243761,16725.253341750686
126.48381,0.473642,-70.747376,16723.536266,16725.155196905263
126.49381,0.473352,-70.74322,16722.828814,16723.686295197385
126.50381,0.473065,-70.739066,16722.121402,16722.25889648081
126.51381,0.472781,-70.734913,16721.414032,16720.31798509781
126.52381,0.4725,-70.730761,16720.706704,16722.46287401687
126.53381,0.472223,-70.726611,16719.999417,16722.161629655682
126.54381,0.471948,-70.722462,16719.292172,16720.25199743979
126.55381,0.471676,-70.718314,16718.584968,16720.56355109533
126.56381,0.471408,-70.714167,16717.877805,16719.315659435386
126.57381,0.471509,-70.710022,16717.170684,16720.606729169747
126.58381,0.471733,-70.705878,16716.463605,16720.030386930033
126.59381,0.471963,-70.701734,16715.756567,16717.99965956538
126.60381,0.472197,-70.697592,16715.04957,16714.73601693276
126.61381,0.472436,-70.693451,16714.342615,16717.565613154806
126.62381,0.47268,-70.689311,16713.635701,16715.243499628854
126.63381,0.472929,-70.685172,16712.928829,16712.684254952335
126.64381,0.473182,-70.681034,16712.221998,16714.23464138666
126.65381,0.47344,-70.676897,16711.515208,16713.968224200362
126.66381,0.473703,-70.672761,16710.80846,16711.860201198953
126.67381,0.47397,-70.668626,16710.101753,16710.910354431137
126.68381,0.474242,-70.664492,16709.395087,16709.705695049037
126.69381,0.474518,-70.660359,16708.688463,16706.433271242993
126.70381,0.474799,-70.656227,16707.98188,16707.04025309784
126.71381,0.475084,-70.652096,16707.275338,16711.04851657041
126.72381,0.475374,-70.647966,16706.568838,16708.036103502844
126.73381,0.475668,-70.643837,16705.862379,16708.276829935123
126.74381,0.475966,-70.63971,16705.155961,16704.53732885181
126.75381,0.476269,-70.635583,16704.449585,16706.751573211754
126.76381,0.476577,-70.631457,16703.74325,16705.652823500837
126.77381,0.476888,-70.627332,16703.036956,16701.728690768592
126.78381,0.477204,-70.623208,16702.330703,16703.904439332535
126.79381,0.477524,-70.619086,16701.624492,16704.388307252877
126.80381,0.477848,-70.614964,16700.918321,16703.600901489262
126.81381,0.478177,-70.610843,16700.212192,16704.04407654807
126.82381,0.47851,-70.606723,16699.506105,16702.970493143675
126.83381,0.478846,-70.602604,16698.800058,16700.431476748472
126.84381,0.479187,-70.598486,16698.094052,16701.493948097144
126.85381,0.479532,-70.594369,16697.388088,16697.59638154197
126.86381,0.479881,-70.590253,16696.682165,16697.87566311682
126.87381,0.480234,-70.586139,16695.976283,16698.413815874905
126.88381,0.480591,-70.582025,16695.270442,16696.447427426418
126.89381,0.480952,-70.577912,16694.564643,16696.55961776041
126.90381,0.481317,-70.5738,16693.858884,16697.0881596928
126.91381,0.481686,-70.569689,16693.153167,16693.346180317392
126.92381,0.482059,-70.565579,16692.44749,16693.19705819379
126.93381,0.482435,-70.561469,16691.741855,16692.25170163092
126.94381,0.482816,-70.557361,16691.036261,16692.055357789563
126.95381,0.4832,-70.553254,16690.330708,16692.627041586427
126.96381,0.483588,-70.549148,16689.625196,16689.377088085454
126.97381,0.483979,-70.545043,16688.919725,16690.423442439966
126.98381,0.484375,-70.540938,16688.214295,16689.027045600804
126.99381,0.484774,-70.536835,16687.508906,16686.14927230739
127.00381,0.485177,-70.532733,16686.803558,16687.15429534333
127.01381,0.485583,-70.528631,16686.098251,16691.517485251796
127.02381,0.485993,-70.524531,16685.392986,16686.54999327596
127.03381,0.486406,-70.520431,16684.687761,16689.96388013627
127.04381,0.486823,-70.516332,16683.982577,16686.794329541477
127.05381,0.487244,-70.512235,16683.277434,16683.214407014377
127.06381,0.487668,-70.508138,16682.572332,16683.968137852902
127.07381,0.488095,-70.504042,16681.867271,16681.73688779741
127.08381,0.488526,-70.499947,16681.162251,16682.28371087775
127.09381,0.48896,-70.495853,16680.457272,16681.534714072262
127.10381,0.489398,-70.49176,16679.752334,16677.89645939178
127.11381,0.489839,-70.487668,16679.047437,16681.971621227593
127.12381,0.490283,-70.483577,16678.342581,16676.910758773935
127.13381,0.490731,-70.479487,16677.637766,16678.384782860678
127.14381,0.491182,-70.475397,16676.932991,16677.88681453408
127.15381,0.491636,-70.471309,16676.228258,16679.229792334143
127.16381,0.492093,-70.467221,16675.523565,16678.047540001175
127.17381,0.492553,-70.463135,16674.818913,16677.218007714295
127.18381,0.493017,-70.459049,16674.114302,16674.366044862676
127.19381,0.493507,-70.454964,16673.409732,16674.724736466233
127.20381,0.494004,-70.45088,16672.705203,16675.46400064931
127.21381,0.494504,-70.446796,16672.000715,16675.024691362
127.22381,0.495006,-70.442713,16671.296267,16669.954742071543
127.23381,0.495512,-70.43863,16670.59186,16671.971024098613
127.24381,0.496021,-70.434548,16669.887495,16673.597079198713
127.25381,0.496532,-70.430467,16669.18317,16667.03920396806
127.26381,0.497046,-70.426386,16668.478885,16671.77317505008
127.27381,0.497564,-70.422306,16667.774642,16669.188660950622
127.28381,0.498083,-70.418226,16667.070439,16671.181793382493
127.29381,0.498606,-70.414147,16666.366277,16666.97717183754
127.30381,0.499131,-70.410069,16665.662156,16665.977206431606
127.31381,0.499659,-70.405991,16664.958076,16664.995267056678
127.32381,0.50019,-70.401914,16664.254036,16665.76038984768
127.33381,0.500723,-70.397837,16663.550038,16664.65929956185
127.34381,0.501259,-70.393761,16662.84608,16662.93755933786
127.35381,0.501797,-70.389685,16662.142162,16660.916771482433
127.36381,0.502338,-70.38561,16661.438286,16663.655975136535
127.37381,0.502881,-70.381535,16660.73445,16660.31914197677
127.38381,0.503427,-70.377462,16660.030655,16663.605936029937
127.39381,0.503976,-70.373388,16659.326901,16659.24438003188
127.40381,0.504527,-70.369315,16658.623187,16659.028360661476
127.41381,0.50508,-70.365243,16657.919515,16657.156469864625
127.42381,0.505636,-70.361172,16657.215883,16657.218472300636
127.43381,0.506194,-70.357101,16656.512291,16657.78311549093
127.44381,0.506755,-70.35303,16655.808741,16658.937162803966
127.45381,0.507318,-70.34896,16655.105231,16656.674708602197
127.46381,0.507883,-70.344891,16654.401761,16657.146077618174
127.47381,0.508451,-70.340822,16653.698333,16654.83259552541
127.48381,0.509021,-70.336754,16652.994945,16656.151907045256
127.49381,0.509593,-70.332686,16652.291598,16652.31777352113
127.50381,0.510167,-70.328619,16651.588291,16651.033341940714
127.51381,0.510744,-70.324552,16650.885025,16653.246990070096
127.52381,0.511323,-70.320487,16650.1818,16649.488781284617
127.53381,0.511904,-70.316421,16649.478616,16650.890541746357
127.54381,0.512487,-70.312356,16648.775472,16652.873580331994
127.55381,0.513072,-70.308292,16648.072368,16648.12894088191
127.56381,0.513659,-70.304228,16647.369306,16647.487171374843
127.57381,0.514248,-70.300165,16646.666284,16649.6715622283
127.58381,0.51484,-70.296102,16645.963303,16647.44420118794
127.59381,0.515433,-70.29204,16645.260362,16644.783886887202
127.60381,0.516029,-70.287979,16644.557462,16646.32833612212
127.61381,0.516626,-70.283918,16643.854602,16646.617708981088
127.62381,0.517226,-70.279857,16643.151783,16646.28812764798
127.63381,0.517827,-70.275798,16642.449005,16643.274191768618
127.64381,0.518431,-70.271738,16641.746267,16641.208191661124
127.65381,0.519036,-70.26768,16641.04357,16645.375787515914
127.66381,0.519643,-70.263621,16640.340914,16640.23684880116
127.67381,0.520252,-70.259564,16639.638298,16639.527780315737
127.68381,0.520863,-70.255507,16638.935723,16641.116948552375
127.69381,0.521476,-70.25145,16638.233188,16638.26012397933
127.70381,0.52209,-70.247394,16637.530694,16636.99954708023
127.71381,0.522706,-70.243339,16636.82824,16638.532858495324
127.72381,0.523324,-70.239284,16636.125827,16637.419005150725
127.73381,0.523944,-70.23523,16635.423454,16637.83881645823
127.74381,0.524566,-70.231176,16634.721122,16634.78446785141
127.75381,0.525189,-70.227123,16634.018831,16633.512771988855
127.76381,0.525814,-70.22307,16633.31658,16633.301727420258
127.77381,0.526441,-70.219018,16632.614369,16636.55100019134
127.78381,0.527069,-70.214966,16631.912199,16632.30845699694
127.79381,0.527699,-70.210915,16631.21007,16633.031339396694
127.80381,0.52833,-70.206865,16630.507981,16632.722151834623
127.81381,0.528963,-70.202815,16629.805933,16627.643759878356
127.82381,0.529598,-70.198766,16629.103925,16629.822463380602
127.83381,0.530234,-70.194717,16628.401957,16629.73913371479
127.84381,0.530872,-70.190668,16627.70003,16630.1477508519
127.85381,0.531512,-70.186621,16626.998144,16626.46375640443
127.86381,0.532152,-70.182574,16626.296298,16628.866550316925
127.87381,0.532795,-70.178527,16625.594493,16624.42890946853
127.88381,0.533438,-70.174481,16624.892727,16627.611885236987
127.89381,0.534084,-70.170435,16624.191003,16625.63813959074
127.90381,0.53473,-70.16639,16623.489319,16625.613861946746
127.91381,0.535378,-70.162346,16622.787675,16623.613994188505
127.92381,0.536028,-70.158302,16622.086072,16623.344280917565
127.93381,0.536679,-70.154258,16621.384509,16619.121013916854
127.94381,0.537331,-70.150216,16620.682987,16621.95813036593
127.95381,0.537984,-70.146173,16619.981505,16621.619997935908
127.96381,0.538639,-70.142132,16619.280063,16620.50503857772
127.97381,0.539295,-70.13809,16618.578662,16619.21730993348
127.98381,0.539953,-70.13405,16617.877301,16619.64981118435
127.99381,0.540612,-70.13001,16617.175981,16620.8574347622
128.00381,0.541272,-70.12597,16616.474701,16616.612706122018
128.01381,0.541933,-70.121931,16615.773462,16617.63234492761
128.02381,0.542595,-70.117892,16615.072263,16617.932255762888
128.03381,0.543259,-70.113854,16614.371104,16611.85562073835
128.04381,0.543924,-70.109817,16613.669985,16614.69944278283
128.05381,0.54459,-70.10578,16612.968908,16613.851957821546
128.06381,0.545257,-70.101744,16612.26787,16615.18234179428
128.07381,0.545926,-70.097708,16611.566873,16610.950963110165
128.08381,0.546595,-70.093673,16610.865916,16611.602318698344
128.09381,0.547266,-70.089638,16610.164999,16609.900547750185
128.10381,0.547938,-70.085604,16609.464123,16611.702938948747
128.11381,0.548611,-70.08157,16608.763287,16608.56155415367
128.12381,0.549284,-70.077537,16608.062492,16608.25084243867
128.13381,0.549959,-70.073504,16607.361736,16609.735325302503
128.14381,0.550635,-70.069472,16606.661021,16605.372309272232
128.15381,0.551312,-70.065441,16605.960347,16608.584389740823
128.16381,0.55199,-70.06141,16605.259713,16608.781181215083
128.17381,0.552669,-70.05738,16604.559119,16603.176562335862
128.18381,0.553349,-70.05335,16603.858565,16603.64074629901
128.19381,0.55403,-70.04932,16603.158052,16606.095262176874
128.20381,0.554712,-70.045292,16602.457579,16604.592975996606
128.21381,0.555395,-70.041263,16601.757146,16603.23834626254
128.22381,0.556079,-70.037236,16601.056753,16602.63543114851
128.23381,0.556764,-70.033208,16600.356401,16602.899563143772
128.24381,0.557449,-70.029182,16599.656089,16600.96770586919
128.25381,0.558136,-70.025156,16598.955818,16598.32301753251
128.26381,0.558823,-70.02113,16598.255586,16597.90553929237
128.27381,0.559511,-70.017105,16597.555395,16597.096667638343
128.28381,0.5602,-70.01308,16596.855244,16600.971140269194
128.29381,0.56089,-70.009056,16596.155133,16597.555128178792
128.30381,0.561581,-70.005033,16595.455063,16596.672678450315
128.31381,0.562272,-70.00101,16594.755033,16599.27476039419
128.32381,0.562965,-69.996988,16594.055043,16596.461405837672
128.33381,0.563658,-69.992966,16593.355093,16596.493234726968
128.34381,0.564355,-69.988945,16592.655183,16592.652055655104
128.35381,0.565056,-69.984924,16591.955314,16594.04596025502
128.36381,0.565757,-69.980904,16591.255485,16595.551343117764
128.37381,0.566458,-69.976884,16590.555696,16592.00915840563
128.38381,0.56716,-69.972865,16589.855947,16590.38966931926
128.39381,0.567863,-69.968846,16589.156239,16588.841151682038
128.40381,0.568566,-69.964828,16588.45657,16586.789859572593
128.41381,0.569269,-69.960811,16587.756942,16588.313917877327
128.42381,0.569973,-69.956794,16587.057354,16588.67193881657
128.43381,0.570677,-69.952777,16586.357806,16588.741464524235
128.44381,0.571382,-69.948761,16585.658298,16586.179959672005
128.45381,0.572087,-69.944746,16584.958831,16588.431794746266
128.46381,0.572792,-69.940731,16584.259404,16588.889531965197
128.47381,0.573498,-69.936717,16583.560016,16585.946732414122
128.48381,0.574204,-69.932703,16582.860669,16584.753321451644
128.49381,0.57491,-69.92869,16582.161362,16585.80073894753
128.50381,0.575617,-69.924678,16581.462095,16581.935940370044
128.51381,0.576324,-69.920665,16580.762869,16581.866910869103
128.52381,0.577031,-69.916654,16580.063682,16581.779349571385
128.53381,0.577739,-69.912643,16579.364536,16582.550573293047
128.54381,0.578447,-69.908632,16578.665429,16580.886117542155
128.55381,0.579155,-69.904623,16577.966363,16579.744831229244
128.56381,0.579864,-69.900613,16577.267337,16580.986727775977
128.57381,0.580573,-69.896604,16576.568351,16579.833454752876
128.58381,0.581282,-69.892596,16575.869405,16575.506777082544
128.59381,0.581991,-69.888588,16575.170499,16578.098958421644
128.60381,0.582701,-69.884581,16574.471633,16573.180432945966
128.61381,0.58341,-69.880574,16573.772807,16574.395112402766
128.62381,0.58412,-69.876568,16573.074021,16575.790402971423
128.63381,0.584831,-69.872563,16572.375276,16573.039221125346
128.64381,0.585541,-69.868558,16571.67657,16575.652175098578
128.65381,0.586252,-69.864553,16570.977905,16571.764820277578
128.66381,0.586963,-69.860549,16570.279279,16573.6305215431
128.67381,0.587674,-69.856546,16569.580694,16572.448831730348
128.68381,0.588385,-69.852543,16568.882148,16570.052912465784
128.69381,0.589096,-69.848541,16568.183643,16569.78815766917
128.70381,0.589808,-69.844539,16567.485177,16566.207238823983
128.71381,0.59052,-69.840538,16566.786752,16567.711209228128
128.72381,0.591231,-69.836537,16566.088367,16566.11336931054
128.73381,0.591943,-69.832537,16565.390021,16567.160067172455
128.74381,0.592655,-69.828538,16564.691716,16565.129190266707
128.75381,0.593368,-69.824539,16563.99345,16566.2291280813
128.76381,0.59408,-69.82054,16563.295225,16563.951484884106
128.77381,0.594792,-69.816542,16562.59704,16563.73627326438
128.78381,0.595505,-69.812545,16561.898894,16563.222947186325
128.79381,0.596217,-69.808548,16561.200789,16560.392207175497
128.80381,0.59693,-69.804552,16560.502723,16563.653589425263
128.81381,0.597643,-69.800556,16559.804698,16563.899580416506
128.82381,0.598356,-69.796561,16559.106712,16558.340353986267
128.83381,0.599068,-69.792566,16558.408767,16557.329537683545
128.84381,0.599781,-69.788572,16557.710861,16557.608785718945
128.85381,0.600494,-69.784578,16557.012995,16555.85023995282
128.86381,0.601207,-69.780585,16556.315169,16555.25481652101
128.87381,0.60192,-69.776593,16555.617383,16554.425264896876
128.88381,0.602633,-69.772601,16554.919637,16558.28359119248
128.89381,0.603346,-69.76861,16554.221931,16556.839766907575
128.90381,0.604059,-69.764619,16553.524265,16555.123553934885
128.91381,0.604772,-69.760628,16552.826639,16554.13980545269
128.92381,0.605485,-69.756639,16552.129053,16552.479319990114
128.93381,0.606198,-69.75265,16551.431506,16555.34134942889
128.94381,0.606911,-69.748661,16550.734,16551.407794896688
128.95381,0.607624,-69.744673,16550.036533,16554.207290044364
128.96381,0.608293,-69.740686,16549.339106,16548.05690724518
128.97381,0.60896,-69.7367,16548.641719,16551.769993931517
128.98381,0.609626,-69.732715,16547.944372,16546.071012135373
128.99381,0.610294,-69.728731,16547.247065,16548.854503764782
129.00381,0.610961,-69.724749,16546.549798,16548.205559333433
129.01381,0.611628,-69.720768,16545.85257,16547.1489959932
129.02381,0.612296,-69.716788,16545.155382,16545.97525860875
129.03381,0.612964,-69.712809,16544.458234,16545.758395599012
129.04381,0.613632,-69.708832,16543.761126,16544.763840816675
129.05381,0.6143,-69.704855,16543.064058,16545.09005620276
129.06381,0.614968,-69.70088,16542.367029,16546.096584284063
129.07381,0.615636,-69.696906,16541.67004,16542.20612187935
129.08381,0.616305,-69.692934,16540.973091,16541.34474430795
129.09381,0.616973,-69.688962,16540.276181,16541.514687697294
129.10381,0.617642,-69.684992,16539.579312,16541.780303617423
129.11381,0.618311,-69.681023,16538.882481,16542.818705548565
129.12381,0.618979,-69.677055,16538.185691,16539.11106002412
129.13381,0.619648,-69.673088,16537.48894,16538.183734031925
129.14381,0.620317,-69.669123,16536.792229,16538.027340558252
129.15381,0.620987,-69.665159,16536.095558,16540.075502541044
129.16381,0.621656,-69.661195,16535.398926,16536.287934419255
129.17381,0.622325,-69.657234,16534.702334,16536.177042962336
129.18381,0.622994,-69.653273,16534.005781,16534.062280244492
129.19381,0.623663,-69.649313,16533.309269,16535.16282022202
129.20381,0.624333,-69.645355,16532.612795,16537.41006788306
129.21381,0.625002,-69.641398,16531.916361,16534.843478867122
129.22381,0.625099,-69.637442,16531.219967,16536.3342881125
129.23381,0.625001,-69.633487,16530.523613,16535.122607043715
129.24381,0.624904,-69.629535,16529.827297,16530.521294434253
129.25381,0.624808,-69.625584,16529.131022,16532.32811637589
129.26381,0.624712,-69.621634,16528.434786,16530.135973851888
129.27381,0.624618,-69.617687,16527.738589,16528.39806242707
129.28381,0.624525,-69.61374,16527.042432,16529.959356473435
129.29381,0.624433,-69.609796,16526.346314,16525.68999209232
129.30381,0.624342,-69.605853,16525.650236,16526.7462650087
129.31381,0.624251,-69.601912,16524.954197,16526.70133134444
129.32381,0.624162,-69.597972,16524.258198,16526.318651325746
129.33381,0.624074,-69.594034,16523.562238,16523.33531437036
129.34381,0.623987,-69.590097,16522.866317,16522.75407382491
129.35381,0.623901,-69.586162,16522.170436,16523.183851309805
129.36381,0.623815,-69.582229,16521.474594,16523.518255135663
129.37381,0.623731,-69.578297,16520.778791,16523.491707513524
129.38381,0.623648,-69.574367,16520.083028,16521.617937569215
129.39381,0.623566,-69.570439,16519.387304,16520.915472139608
129.40381,0.623484,-69.566512,16518.691619,16519.996603118645
129.41381,0.623404,-69.562586,16517.995974,16520.899865618085
129.42381,0.623325,-69.558663,16517.300367,16520.891551086028
129.43381,0.623246,-69.55474,16516.6048,16517.49925585782
129.44381,0.623169,-69.55082,16515.909273,16516.98596671026
129.45381,0.623092,-69.546901,16515.213784,16519.433053427758
129.46381,0.623017,-69.542983,16514.518335,16517.307738752363
129.47381,0.622942,-69.539067,16513.822924,16515.528856274454
129.48381,0.622869,-69.535153,16513.127553,16515.666242980267
129.49381,0.622796,-69.53124,16512.432221,16515.582491098256
129.50381,0.622724,-69.527329,16511.736929,16513.026910367375
129.51381,0.622653,-69.523419,16511.041675,16515.358571714223
129.52381,0.622583,-69.519511,16510.34646,16513.685204130586
129.53381,0.622514,-69.515604,16509.651285,16508.92949373368
129.54381,0.622446,-69.511699,16508.956148,16510.844754076952
129.55381,0.622379,-69.507795,16508.261051,16512.1806079197
129.56381,0.622313,-69.503893,16507.565992,16509.4447781539
129.57381,0.622247,-69.499993,16506.870973,16506.728586805788
129.58381,0.622183,-69.496094,16506.175992,16509.808417485685
129.59381,0.622119,-69.492197,16505.481051,16508.51633036806
129.60381,0.622057,-69.488301,16504.786148,16507.554989665987
129.61381,0.621995,-69.484406,16504.091285,16505.90005567396
129.62381,0.621934,-69.480513,16503.39646,16505.656839359686
129.63381,0.621874,-69.476622,16502.701675,16502.880590070847
129.64381,0.621815,-69.472732,16502.006928,16505.403203669746
129.65381,0.621756,-69.468844,16501.31222,16502.751193347933
129.66381,0.621699,-69.464957,16500.617551,16504.375817212418
129.67381,0.621643,-69.461072,16499.922921,16500.66921148521
129.68381,0.621587,-69.457188,16499.228329,16502.54560977815
129.69381,0.621532,-69.453306,16498.533777,16501.87710809296
129.70381,0.621478,-69.449425,16497.839263,16499.20039422545
129.71381,0.621425,-69.445546,16497.144788,16501.923241972097
129.72381,0.621373,-69.441668,16496.450352,16496.247170700208
129.73381,0.621322,-69.437792,16495.755955,16498.192108434843
129.74381,0.621271,-69.433917,16495.061597,16494.72899135148
129.75381,0.621222,-69.430043,16494.367277,16493.611593566904
129.76381,0.621173,-69.426172,16493.672996,16496.052618781705
129.77381,0.621125,-69.422301,16492.978753,16497.044997164867
129.78381,0.621078,-69.418432,16492.28455,16493.223376750633
129.79381,0.621031,-69.414565,16491.590385,16494.189387608
129.80381,0.620986,-69.410699,16490.896258,16493.608208708476
129.81381,0.620941,-69.406835,16490.202171,16491.65278686242
129.82381,0.620897,-69.402972,16489.508122,16491.591875474875
129.83381,0.620858,-69.39911,16488.814111,16487.828762628662
129.84381,0.620832,-69.39525,16488.120139,16490.120679279047
129.85381,0.620806,-69.391391,16487.426206,16487.925309393846
129.86381,0.620781,-69.387533,16486.732312,16489.54220502537
129.87381,0.620756,-69.383676,16486.038456,16489.040609919175
129.88381,0.620732,-69.379821,16485.344638,16486.384494313563
129.89381,0.620709,-69.375967,16484.650859,16488.796052663278
129.90381,0.620687,-69.372114,16483.957119,16485.81375458675
129.91381,0.620666,-69.368262,16483.263417,16484.20016882619
129.92381,0.620645,-69.364412,16482.569753,16481.87102013508
129.93381,0.620625,-69.360562,16481.876129,16482.413979739187
129.94381,0.620606,-69.356714,16481.182542,16482.94631042977
129.95381,0.620587,-69.352867,16480.488994,16482.966700613786
129.96381,0.620569,-69.349022,16479.795485,16481.703941929554
129.97381,0.620552,-69.345177,16479.102014,16481.379948826503
129.98381,0.620535,-69.341334,16478.408581,16480.04270333431
129.99381,0.62052,-69.337492,16477.715187,16480.1301392831
130.00381,0.620505,-69.333651,16477.021831,16481.570610209637
130.01381,0.62049,-69.329812,16476.328514,16477.82019932665
130.02381,0.620477,-69.325973,16475.635235,16476.81720944149
130.03381,0.620464,-69.322136,16474.941995,16478.403074169342
130.04381,0.620451,-69.3183,16474.248793,16475.921356999148
130.05381,0.62044,-69.314465,16473.555629,16474.19110539283
130.06381,0.620429,-69.310631,16472.862503,16471.3666548192
130.07381,0.620419,-69.306799,16472.169416,16474.71936356387
130.08381,0.620409,-69.302967,16471.476367,16471.374381885267
130.09381,0.6204,-69.299137,16470.783357,16474.740625446902
130.10381,0.620392,-69.295308,16470.090385,16470.98398755124
130.11381,0.620384,-69.29148,16469.397451,16470.714741405816
130.12381,0.620377,-69.287654,16468.704555,16472.121126404447
130.13381,0.620371,-69.283828,16468.011698,16469.23252471647
130.14381,0.620366,-69.280004,16467.318878,16470.048652705347
130.15381,0.620361,-69.276181,16466.626097,16468.029478763176
130.16381,0.620357,-69.272359,16465.933355,16468.4232543578
130.17381,0.620353,-69.268538,16465.24065,16465.3314472778
130.18381,0.62035,-69.264719,16464.547984,16463.25687079264
130.19381,0.620348,-69.2609,16463.855356,16467.055840732624
130.20381,0.620346,-69.257083,16463.162766,16463.617175947646
130.21381,0.620345,-69.253267,16462.470214,16463.69465253856
130.22381,0.620345,-69.249452,16461.777701,16463.0029099044
130.23381,0.620345,-69.245638,16461.085225,16463.131997030883
130.24381,0.620346,-69.241826,16460.392788,16463.53793448235
130.25381,0.620347,-69.238014,16459.700389,16461.246815104038
130.26381,0.620349,-69.234204,16459.008028,16458.55216338882
130.27381,0.620352,-69.230395,16458.315705,16460.87911487821
130.28381,0.620355,-69.226587,16457.62342,16458.358395886225
130.29381,0.620359,-69.22278,16456.931173,16456.158042073726
130.30381,0.620364,-69.218974,16456.238964,16456.80089947121
130.31381,0.620369,-69.21517,16455.546793,16456.93205231289
130.32381,0.620375,-69.211366,16454.854661,16455.60332660933
130.33381,0.620381,-69.207564,16454.162566,16455.003984806455
130.34381,0.620388,-69.203763,16453.470509,16457.565171836904
130.35381,0.620396,-69.199963,16452.778491,16452.923987274884
130.36381,0.620404,-69.196164,16452.08651,16453.368371083376
130.37381,0.620413,-69.192367,16451.394567,16454.24404883548
130.38381,0.620422,-69.18857,16450.702663,16451.081748377866
130.39381,0.620432,-69.184775,16450.010796,16452.821439575862
130.40381,0.620443,-69.18098,16449.318967,16451.404744128107
130.41381,0.620454,-69.177187,16448.627176,16450.908304623747
130.42381,0.620466,-69.173395,16447.935423,16446.49065740527
130.43381,0.620478,-69.169604,16447.243708,16448.845209021936
130.44381,0.620491,-69.165815,16446.552031,16445.623103320104
130.45381,0.620504,-69.162026,16445.860392,16446.494448662907
130.46381,0.620518,-69.158239,16445.168791,16447.383139700098
130.47381,0.620533,-69.154452,16444.477227,16447.44069403434
130.48381,0.620548,-69.150667,16443.785702,16445.619861309355
130.49381,0.620563,-69.146883,16443.094214,16442.93278178784
130.50381,0.62058,-69.1431,16442.402764,16444.377984129813
130.51381,0.620596,-69.139318,16441.711352,16443.91770484768
130.52381,0.620614,-69.135537,16441.019978,16443.444685271133
130.53381,0.620632,-69.131758,16440.328641,16442.952538409376
130.54381,0.62065,-69.127979,16439.637343,16441.236165337134
130.55381,0.620669,-69.124202,16438.946082,16437.638306911882
130.56381,0.620688,-69.120425,16438.254859,16441.38772166073
130.57381,0.620708,-69.11665,16437.563673,16438.586729560277
130.58381,0.620729,-69.112876,16436.872526,16439.03290205418
130.59381,0.62075,-69.109103,16436.181416,16440.971596965926
130.60381,0.620772,-69.105331,16435.490344,16436.27917552555
130.61381,0.620794,-69.10156,16434.799309,16437.563662139117
130.62381,0.620817,-69.097791,16434.108312,16437.079413831172
130.63381,0.62084,-69.094022,16433.417353,16431.94790224925
130.64381,0.620863,-69.090255,16432.726432,16432.4806345252
130.65381,0.620888,-69.086488,16432.035548,16434.348396462305
130.66381,0.620912,-69.082723,16431.344702,16433.575530004437
130.67381,0.620938,-69.078959,16430.653894,16433.013790358207
130.68381,0.620963,-69.075196,16429.963123,16433.60815213266
130.69381,0.62099,-69.071434,16429.27239,16429.706740005127
130.70381,0.621016,-69.067673,16428.581694,16431.295360069897
130.71381,0.621044,-69.063913,16427.891036,16431.839817421813
130.72381,0.621071,-69.060154,16427.200416,16430.517933696465
130.73381,0.621099,-69.056397,16426.509833,16430.14910351763
130.74381,0.621128,-69.05264,16425.819288,16428.533087966916
130.75381,0.621157,-69.048885,16425.12878,16425.813991714247
130.76381,0.621187,-69.04513,16424.43831,16426.41120041584
130.77381,0.621217,-69.041377,16423.747878,16424.629370612784
130.78381,0.621248,-69.037625,16423.057483,16423.798507047748
130.79381,0.621279,-69.033874,16422.367125,16420.88791418256
130.80381,0.621311,-69.030124,16421.676805,16424.242694759996
130.81381,0.621343,-69.026375,16420.986523,16422.150477418436
130.82381,0.621375,-69.022627,16420.296278,16422.408072252438
130.83381,0.621408,-69.01888,16419.60607,16419.978923035684
130.84381,0.621442,-69.015134,16418.9159,16420.91750956564
130.85381,0.621476,-69.01139,16418.225768,16418.166783476037
130.86381,0.62151,-69.007646,16417.535672,16417.287932065818
130.87381,0.621545,-69.003903,16416.845615,16417.900746874144
130.88381,0.62158,-69.000162,16416.155594,16416.349896933847
130.89381,0.621616,-68.996422,16415.465611,16417.30780819921
130.90381,0.621652,-68.992682,16414.775666,16415.324574518578
130.91381,0.621689,-68.988944,16414.085758,16419.84184373956
130.92381,0.621726,-68.985207,16413.395887,16416.633128536247
130.93381,0.621764,-68.981471,16412.706054,16415.303353690066
130.94381,0.621802,-68.977735,16412.016258,16415.27013496494
130.95381,0.62184,-68.974001,16411.326499,16412.04562951848
130.96381,0.621879,-68.970268,16410.636778,16412.151773882804
130.97381,0.621919,-68.966537,16409.947094,16409.92881653112
130.98381,0.621958,-68.962806,16409.257447,16410.39702931274
130.99381,0.621999,-68.959076,16408.567837,16410.063021967304
131.00381,0.622039,-68.955347,16407.878265,16407.27945495273
131.01381,0.62208,-68.951619,16407.18873,16408.634265545836
131.02381,0.622122,-68.947893,16406.499233,16408.985896828217
131.03381,0.622164,-68.944167,16405.809773,16408.04353757055
131.04381,0.622206,-68.940443,16405.12035,16407.11195696409
131.05381,0.622249,-68.936719,16404.430964,16403.99162396061
131.06381,0.622292,-68.932997,16403.741615,16403.27940110122
131.07381,0.622335,-68.929275,16403.052304,16403.66218550605
131.08381,0.622379,-68.925555,16402.36303,16406.51464546988
131.09381,0.622424,-68.921835,16401.673793,16402.614355362795
131.10381,0.622468,-68.918117,16400.984593,16403.80179017739
131.11381,0.622513,-68.9144,16400.29543,16401.592332513846
131.12381,0.622559,-68.910684,16399.606305,16402.49588246975
131.13381,0.622605,-68.906968,16398.917217,16399.557914936286
131.14381,0.622651,-68.903254,16398.228166,16400.314939371838
131.15381,0.622698,-68.899541,16397.539152,16400.51312307729
131.16381,0.622745,-68.895829,16396.850175,16401.189420705952
131.17381,0.622793,-68.892118,16396.161235,16396.57445182336
131.18381,0.622841,-68.888408,16395.472332,16399.329547695463
131.19381,0.622889,-68.884699,16394.783467,16395.465651894763
131.20381,0.622938,-68.880991,16394.094638,16392.795282143452
131.21381,0.622987,-68.877284,16393.405847,16393.20632610148
131.22381,0.623036,-68.873578,16392.717093,16391.386086344388
131.23381,0.623086,-68.869873,16392.028375,16391.824395762465
131.24381,0.623136,-68.86617,16391.339695,16394.525331045665
131.25381,0.623187,-68.862467,16390.651052,16390.74397613457
131.26381,0.623238,-68.858765,16389.962446,16392.295503756555
131.27381,0.623289,-68.855064,16389.273877,16390.906858504106
131.28381,0.623341,-68.851364,16388.585345,16388.954202209756
131.29381,0.623393,-68.847666,16387.896849,16390.951989455567
131.30381,0.623445,-68.843968,16387.208391,16386.070001093936
131.31381,0.623498,-68.840271,16386.51997,16386.53098097314
131.32381,0.623551,-68.836576,16385.831586,16389.147415426294
131.33381,0.623604,-68.832881,16385.143239,16387.172900460642
131.34381,0.623658,-68.829187,16384.454928,16386.27483943323
131.35381,0.623712,-68.825495,16383.766655,16385.98480689702
131.36381,0.623767,-68.821803,16383.078418,16383.905980707344
131.37381,0.623822,-68.818112,16382.390219,16384.3905710637
131.38381,0.623877,-68.814423,16381.702056,16383.08581257599
131.39381,0.623932,-68.810734,16381.01393,16382.692527489811
131.40381,0.623988,-68.807046,16380.325841,16385.35393241665
131.41381,0.624044,-68.80336,16379.637789,16382.359508406122
131.42381,0.624101,-68.799674,16378.949774,16377.94654759627
131.43381,0.624158,-68.79599,16378.261796,16380.13611399393
131.44381,0.624215,-68.792306,16377.573854,16378.117192547617
131.45381,0.624272,-68.788623,16376.88595,16378.261477665972
131.46381,0.62433,-68.784942,16376.198082,16378.017849102007
131.47381,0.624388,-68.781261,16375.510251,16378.489366250878
131.48381,0.624447,-68.777582,16374.822457,16377.226746690569
131.49381,0.624506,-68.773903,16374.134699,16374.671162775827
131.50381,0.624565,-68.770225,16373.446979,16374.784589833494
131.51381,0.624624,-68.766549,16372.759295,16375.644339994698
131.52381,0.624684,-68.762873,16372.071648,16373.373244627459
131.53381,0.624744,-68.759199,16371.384037,16375.52728807258
131.54381,0.624805,-68.755525,16370.696464,16373.372447356402
131.55381,0.624865,-68.751852,16370.008927,16370.581592162234
131.56381,0.624926,-68.748181,16369.321427,16370.982235130823
131.57381,0.624988,-68.74451,16368.633963,16370.851353301832
131.58381,0.625049,-68.74084,16367.946536,16369.294560204235
131.59381,0.625111,-68.737172,16367.259146,16371.933186186181
131.60381,0.625174,-68.733504,16366.571793,16367.605022563988
131.61381,0.625236,-68.729837,16365.884476,16368.85232029998
131.62381,0.625299,-68.726171,16365.197196,16364.489092519294
131.63381,0.625362,-68.722507,16364.509953,16366.762650282102
131.64381,0.625425,-68.718843,16363.822746,16364.57134229614
131.65381,0.625489,-68.71518,16363.135576,16362.51374948596
131.66381,0.625553,-68.711518,16362.448443,16364.32090727931
131.67381,0.625617,-68.707857,16361.761346,16362.534241041478
131.68381,0.625682,-68.704198,16361.074285,16362.663753688274
131.69381,0.625747,-68.700539,16360.387262,16362.059492513163
131.70381,0.625812,-68.696881,16359.700275,16362.903505652494
131.71381,0.625877,-68.693224,16359.013324,16361.39910441837
131.72381,0.625943,-68.689568,16358.32641,16360.781147451456
131.73381,0.626009,-68.685913,16357.639533,16357.216674446467
131.74381,0.626075,-68.682259,16356.952692,16358.604114763728
131.75381,0.626142,-68.678606,16356.265888,16359.771221868186
131.76381,0.626208,-68.674954,16355.57912,16356.367667647834
131.77381,0.626275,-68.671303,16354.892389,16356.237133246706
131.78381,0.626343,-68.667653,16354.205694,16356.595122180746
131.79381,0.62641,-68.664003,16353.519035,16357.166943409977
131.80381,0.626478,-68.660355,16352.832414,16354.120094706755
131.81381,0.626546,-68.656708,16352.145828,16354.097195549977
131.82381,0.626615,-68.653062,16351.459279,16353.195621570687
131.83381,0.626683,-68.649416,16350.772767,16353.23508715648
131.84381,0.626752,-68.645772,16350.086291,16353.472078101902
131.85381,0.626276,-68.642129,16349.399852,16353.067480490567
131.86381,0.625421,-68.638487,16348.713449,16348.71994870713
131.87381,0.624569,-68.634846,16348.027082,16350.341424406772
131.88381,0.623719,-68.631208,16347.340752,16350.017266565646
131.89381,0.622872,-68.62757,16346.654458,16349.761558883887
131.90381,0.622027,-68.623934,16345.9682,16350.329083094954
131.91381,0.621184,-68.6203,16345.281979,16345.44886712341
131.92381,0.620343,-68.616667,16344.595794,16350.521831190961
131.93381,0.619505,-68.613036,16343.909646,16347.803895557445
131.94381,0.618669,-68.609406,16343.223534,16343.8481143213
131.95381,0.617836,-68.605778,16342.537458,16346.076493040333
131.96381,0.617005,-68.602151,16341.851418,16344.851123327571
131.97381,0.616176,-68.598525,16341.165415,16342.769498811493
131.98381,0.615349,-68.594901,16340.479447,16343.061999096039
131.99381,0.614525,-68.591279,16339.793517,16341.669109552413
132.00381,0.613703,-68.587657,16339.107622,16341.9530136086
132.01381,0.612883,-68.584038,16338.421763,16338.133316841146
132.02381,0.612066,-68.580419,16337.735941,16337.588655178377
132.03381,0.611251,-68.576803,16337.050155,16339.403170107542
132.04381,0.610438,-68.573187,16336.364405,16340.48980624817
132.05381,0.609628,-68.569573,16335.678691,16336.86839494912
132.06381,0.60882,-68.565961,16334.993014,16338.448933847652
132.07381,0.608014,-68.56235,16334.307372,16334.361138198561
132.08381,0.607211,-68.55874,16333.621767,16334.096126389963
132.09381,0.606409,-68.555132,16332.936197,16334.908376391671
132.10381,0.60561,-68.551525,16332.250664,16334.105926252005
132.11381,0.604814,-68.54792,16331.565167,16331.899962092859
132.12381,0.604019,-68.544316,16330.879706,16330.028817630142
132.13381,0.603227,-68.540713,16330.19428,16329.282557642375
132.14381,0.602438,-68.537112,16329.508891,16330.094954718086
132.15381,0.60165,-68.533512,16328.823538,16329.762502583177
132.16381,0.600865,-68.529913,16328.138221,16330.160841412038
132.17381,0.600082,-68.526316,16327.45294,16327.826123258319
132.18381,0.599301,-68.522721,16326.767695,16329.69519900772
132.19381,0.598523,-68.519126,16326.082485,16325.482045490518
132.20381,0.597747,-68.515533,16325.397312,16322.920704397631
132.21381,0.596973,-68.511942,16324.712175,16327.016306692003
132.22381,0.596201,-68.508351,16324.027073,16324.219709250092
132.23381,0.595432,-68.504763,16323.342008,16325.289308820295
132.24381,0.594665,-68.501175,16322.656978,16324.28139629125
132.25381,0.5939,-68.497589,16321.971984,16323.868560478884
132.26381,0.593137,-68.494004,16321.287026,16324.119041125063
132.27381,0.592377,-68.490421,16320.602104,16322.036614548446
132.28381,0.591619,-68.486839,16319.917218,16322.917470901024
132.29381,0.590863,-68.483258,16319.232367,16322.339477394644
132.30381,0.590109,-68.479678,16318.547553,16320.973006533306
132.31381,0.589358,-68.4761,16317.862774,16317.159931689886
132.32381,0.588609,-68.472524,16317.178031,16318.108906057128
132.33381,0.587862,-68.468948,16316.493323,16318.424366330035
132.34381,0.587117,-68.465374,16315.808652,16315.545601075215
132.35381,0.586375,-68.461801,16315.124016,16313.934761521106
132.36381,0.585634,-68.45823,16314.439416,16313.879117908089
132.37381,0.584896,-68.454659,16313.754851,16315.880034660973
132.38381,0.584161,-68.45109,16313.070323,16316.021869432338
132.39381,0.583427,-68.447523,16312.385829,16314.623550926803
132.40381,0.582696,-68.443957,16311.701372,16314.612205529917
132.41381,0.581967,-68.440392,16311.01695,16311.242074884713
132.42381,0.58124,-68.436828,16310.332564,16314.832743073308
132.43381,0.580515,-68.433265,16309.648214,16310.233683893453
132.44381,0.579793,-68.429704,16308.963899,16310.7236623516
132.45381,0.579072,-68.426144,16308.27962,16311.098483079406
132.46381,0.578363,-68.422586,16307.595376,16309.699364894084
132.47381,0.577663,-68.419028,16306.911168,16306.375755275034
132.48381,0.576964,-68.415472,16306.226995,16310.575003426673
132.49381,0.576268,-68.411916,16305.542859,16305.099322455342
132.50381,0.575574,-68.408362,16304.858757,16310.281026901492
132.51381,0.574883,-68.404808,16304.174691,16303.706540224646
132.52381,0.574193,-68.401256,16303.490661,16304.216844022338
132.53381,0.573505,-68.397705,16302.806666,16303.501249998282
132.54381,0.57282,-68.394154,16302.122707,16304.085003879258
132.55381,0.572137,-68.390605,16301.438783,16302.000521681972
132.56381,0.571456,-68.387056,16300.754895,16303.85025752677
132.57381,0.570777,-68.383509,16300.071042,16301.653893773548
132.58381,0.5701,-68.379963,16299.387225,16301.837139239162
132.59381,0.569426,-68.376418,16298.703443,16298.691548028057
132.60381,0.568753,-68.372873,16298.019696,16299.046379082998
132.61381,0.568083,-68.36933,16297.335985,16300.143545959436
132.62381,0.567415,-68.365788,16296.65231,16297.945745596418
132.63381,0.566749,-68.362246,16295.968669,16297.669884189392
132.64381,0.566085,-68.358706,16295.285065,16297.77763523569
132.65381,0.565423,-68.355167,16294.601495,16296.357283382498
132.66381,0.564763,-68.351628,16293.917961,16297.050141124077
132.67381,0.564106,-68.348091,16293.234463,16297.151524944793
132.68381,0.56345,-68.344555,16292.551,16293.608557428477
132.69381,0.562797,-68.341019,16291.867572,16292.838217317987
132.70381,0.562146,-68.337485,16291.184179,16292.66725744407
132.71381,0.561497,-68.333951,16290.500822,16291.109261183221
132.72381,0.56085,-68.330419,16289.8175,16288.725234670204
132.73381,0.560205,-68.326887,16289.134214,16289.531109434489
132.74381,0.559562,-68.323357,16288.450962,16289.077085156812
132.75381,0.558922,-68.319827,16287.767746,16286.354502565895
132.76381,0.558283,-68.316299,16287.084566,16287.781814501546
132.77381,0.557647,-68.312771,16286.40142,16286.697161146234
132.78381,0.557012,-68.309245,16285.71831,16288.231328562926
132.79381,0.55638,-68.305719,16285.035236,16286.904241482101
132.80381,0.55575,-68.302194,16284.352196,16286.824631631738
132.81381,0.555122,-68.29867,16283.669192,16283.612541964909
132.82381,0.554496,-68.295147,16282.986223,16283.748842671424
132.83381,0.553872,-68.291626,16282.303289,16284.44806735399
132.84381,0.55325,-68.288105,16281.62039,16281.548586534971
132.85381,0.55263,-68.284585,16280.937527,16284.062779394722
132.86381,0.552013,-68.281066,16280.254698,16280.606135636579
132.87381,0.551397,-68.277547,16279.571905,16280.86409781646
132.88381,0.550784,-68.27403,16278.889147,16281.115919406451
132.89381,0.550172,-68.270514,16278.206425,16278.488018074808
132.90381,0.549563,-68.266999,16277.523737,16276.459709091087
132.91381,0.548955,-68.263484,16276.841085,16275.371689093834
132.92381,0.54835,-68.259971,16276.158467,16277.418907424286
132.93381,0.547747,-68.256458,16275.475885,16276.281973236866
132.94381,0.547146,-68.252947,16274.793338,16279.009003758032
132.95381,0.546547,-68.249436,16274.110826,16274.043016796191
132.96381,0.54595,-68.245926,16273.42835,16274.158913227746
132.97381,0.545355,-68.242418,16272.745908,16272.704206627826
132.98381,0.544762,-68.23891,16272.063501,16275.484114933544
132.99381,0.544171,-68.235403,16271.38113,16273.105432482425
133.00381,0.543582,-68.231897,16270.698793,16271.914605739297
133.01381,0.542995,-68.228391,16270.016492,16270.39042343347
133.02381,0.54241,-68.224887,16269.334225,16270.89824543862
133.03381,0.541827,-68.221384,16268.651994,16269.205465186797
133.04381,0.541247,-68.217881,16267.969798,16269.602252533525
133.05381,0.540668,-68.21438,16267.287636,16265.76049939511
133.06381,0.540091,-68.210879,16266.60551,16268.681148905092
133.07381,0.539517,-68.207379,16265.923419,16266.921341793823
133.08381,0.538944,-68.203881,16265.241362,16265.293302190905
133.09381,0.538373,-68.200383,16264.559341,16265.596554453317
133.10381,0.537805,-68.196886,16263.877355,16264.503253094092
133.11381,0.537238,-68.193389,16263.195403,16265.94702895483
133.12381,0.536673,-68.189894,16262.513487,16264.061321176576
133.13381,0.536111,-68.1864,16261.831606,16265.221335166727
133.14381,0.53555,-68.182906,16261.149759,16261.389168606545
133.15381,0.534991,-68.179414,16260.467947,16260.15947212802
133.16381,0.534435,-68.175922,16259.786171,16263.54675561121
133.17381,0.53388,-68.172431,16259.104429,16258.212655440024
133.18381,0.533328,-68.168941,16258.422722,16258.912230247395
133.19381,0.532777,-68.165452,16257.74105,16257.789892329994
133.20381,0.532228,-68.161963,16257.059413,16259.113360135905
133.21381,0.531682,-68.158476,16256.377811,16258.347822453652
133.22381,0.531137,-68.15499,16255.696244,16256.952541699187
133.23381,0.530594,-68.151504,16255.014711,16255.805176950616
133.24381,0.530053,-68.148019,16254.333213,16254.417283555129
133.25381,0.529514,-68.144535,16253.651751,16254.718512587315
133.26381,0.528978,-68.141052,16252.970323,16253.775870968071
133.27381,0.528443,-68.13757,16252.28893,16250.160670750814
133.28381,0.52791,-68.134089,16251.607571,16251.637326148293
133.29381,0.527379,-68.130608,16250.926248,16250.270608056457
133.30381,0.52685,-68.127129,16250.244959,16251.621264171183
133.31381,0.526323,-68.12365,16249.563705,16254.420102336002
133.32381,0.525798,-68.120172,16248.882486,16249.18612273187
133.33381,0.525275,-68.116695,16248.201302,16249.593239978665
133.34381,0.524753,-68.113219,16247.520152,16248.646119843776
133.35381,0.524234,-68.109743,16246.839037,16248.861013970214
133.36381,0.523717,-68.106269,16246.157957,16244.994342452657
133.37381,0.523201,-68.102795,16245.476912,16247.218813503894
133.38381,0.522688,-68.099322,16244.795902,16246.626859380383
133.39381,0.522177,-68.09585,16244.114926,16247.641994468895
133.40381,0.521667,-68.092379,16243.433985,16244.089778414027
133.41381,0.521159,-68.088908,16242.753078,16246.060039359167
133.42381,0.520653,-68.085439,16242.072206,16240.93426580395
133.43381,0.52015,-68.08197,16241.391369,16242.329080021182
133.44381,0.519648,-68.078502,16240.710567,16240.425336687145
133.45381,0.519148,-68.075035,16240.029799,16241.662404354847
133.46381,0.51865,-68.071569,16239.349066,16239.506974712254
133.47381,0.518153,-68.068104,16238.668368,16239.536614461409
133.48381,0.517659,-68.064639,16237.987704,16241.058998724311
133.49381,0.517167,-68.061176,16237.307075,16238.873184830496
133.50381,0.516676,-68.057713,16236.626481,16236.663152426698
133.51381,0.516188,-68.054251,16235.945921,16233.00837932062
133.52381,0.515701,-68.050789,16235.265396,16235.112964574613
133.53381,0.515216,-68.047329,16234.584905,16238.677331532332
133.54381,0.514733,-68.043869,16233.904449,16233.68466576864
133.55381,0.514252,-68.04041,16233.224028,16233.765374794304
133.56381,0.513773,-68.036952,16232.543641,16233.472206478342
133.57381,0.513296,-68.033495,16231.863289,16233.571965980642
133.58381,0.51282,-68.030039,16231.182971,16234.270331969185
133.59381,0.512347,-68.026583,16230.502688,16232.302956603702
133.60381,0.511875,-68.023128,16229.822439,16234.011963329936
133.61381,0.511405,-68.019674,16229.142225,16227.872584276409
133.62381,0.510937,-68.016221,16228.462046,16229.09361290057
133.63381,0.510471,-68.012769,16227.781901,16228.70240976549
133.64381,0.510007,-68.009317,16227.10179,16229.790966644829
133.65381,0.509545,-68.005866,16226.421714,16227.687598418745
133.66381,0.509084,-68.002416,16225.741673,16224.522992301994
133.67381,0.508626,-67.998967,16225.061666,16229.083103525632
133.68381,0.508169,-67.995519,16224.381694,16225.91067719387
133.69381,0.507714,-67.992071,16223.701756,16226.870920321184
133.70381,0.507261,-67.988624,16223.021852,16224.46648445623
133.71381,0.506809,-67.985178,16222.341983,16224.922919936616
133.72381,0.50636,-67.981733,16221.662149,16224.070556121556
133.73381,0.505912,-67.978288,16220.982349,16221.976397487908
133.74381,0.505466,-67.974845,16220.302583,16223.73575552989
133.75381,0.505022,-67.971402,16219.622852,16220.827339202602
133.76381,0.50458,-67.96796,16218.943155,16221.624256942969
133.77381,0.50414,-67.964518,16218.263493,16222.520453065947
133.78381,0.503701,-67.961078,16217.583865,16219.53851981322
133.79381,0.503264,-67.957638,16216.904271,16218.978148388476
133.80381,0.50283,-67.954199,16216.224712,16216.479656955598
133.81381,0.502396,-67.950761,16215.545187,16217.47407854773
133.82381,0.501965,-67.947323,16214.865697,16216.12081556996
133.83381,0.501535,-67.943886,16214.186241,16217.738270201538
133.84381,0.501108,-67.94045,16213.506819,16215.568072693397
133.85381,0.500682,-67.937015,16212.827432,16213.098325502853
133.86381,0.500258,-67.933581,16212.148079,16212.490895642775
133.87381,0.499835,-67.930147,16211.46876,16214.831139568198
133.88381,0.499415,-67.926714,16210.789476,16211.375484034585
133.89381,0.498996,-67.923282,16210.110226,16211.21383282353
133.90381,0.498579,-67.919851,16209.43101,16207.84411903999
133.91381,0.498163,-67.91642,16208.751829,16207.387150827559
133.92381,0.49775,-67.91299,16208.072682,16209.278652247252
133.93381,0.497338,-67.909561,16207.393569,16210.299953567306
133.94381,0.496928,-67.906133,16206.71449,16209.808601321112
133.95381,0.49652,-67.902705,16206.035446,16206.820977459076
133.96381,0.496114,-67.899279,16205.356436,16206.916504842133
133.97381,0.495709,-67.895852,16204.677461,16205.937065932252
133.98381,0.495306,-67.892427,16203.998519,16206.999632763316
133.99381,0.494905,-67.889003,16203.319612,16206.546956088794
134.00381,0.494505,-67.885579,16202.640739,16204.35093342717
134.01381,0.494108,-67.882156,16201.9619,16202.852262775752
134.02381,0.493712,-67.878733,16201.283096,16203.223783376023
134.03381,0.493317,-67.875312,16200.604326,16198.724620795752
134.04381,0.492925,-67.871891,16199.92559,16201.521393904255
134.05381,0.492534,-67.868471,16199.246888,16199.445638660323
134.06381,0.492145,-67.865051,16198.56822,16199.587419336201
134.07381,0.491758,-67.861633,16197.889587,16199.485017537121
134.08381,0.491372,-67.858215,16197.210988,16199.896533246849
134.09381,0.490988,-67.854798,16196.532423,16199.669345625181
134.10381,0.490606,-67.851381,16195.853892,16194.730316586705
134.11381,0.490225,-67.847966,16195.175395,16196.641096619469
134.12381,0.489846,-67.844551,16194.496932,16194.729563214307
134.13381,0.489469,-67.841136,16193.818504,16194.9019540068
134.14381,0.489094,-67.837723,16193.14011,16194.682146669113
134.15381,0.48872,-67.83431,16192.46175,16193.926003068538
134.16381,0.488348,-67.830898,16191.783423,16191.894937329713
134.17381,0.487978,-67.827487,16191.105132,16194.564143237127
134.18381,0.487609,-67.824076,16190.426874,16192.041495171507
134.19381,0.487242,-67.820666,16189.74865,16191.437891717946
134.20381,0.486877,-67.817257,16189.07046,16190.321206795055
134.21381,0.486513,-67.813849,16188.392305,16187.326605772043
134.22381,0.486151,-67.810441,16187.714183,16188.578986785253
134.23381,0.485791,-67.807034,16187.036096,16188.454080557121
134.24381,0.485433,-67.803628,16186.358043,16187.247554080966
134.25381,0.485076,-67.800222,16185.680024,16184.457812310678
134.26381,0.48472,-67.796817,16185.002038,16186.164508554464
134.27381,0.484367,-67.793413,16184.324087,16186.328175627605
134.28381,0.484015,-67.79001,16183.64617,16184.311284012925
134.29381,0.483664,-67.786607,16182.968287,16184.6388539707
134.30381,0.483316,-67.783205,16182.290438,16181.501920870396
134.31381,0.482969,-67.779804,16181.612623,16185.236443653583
134.32381,0.482623,-67.776403,16180.934842,16180.490711705801
134.33381,0.48228,-67.773004,16180.257095,16183.670616483954
134.34381,0.481937,-67.769604,16179.579382,16181.532336919843
134.35381,0.481597,-67.766206,16178.901703,16181.4447937008
134.36381,0.481258,-67.762808,16178.224058,16179.317238712241
134.37381,0.480921,-67.759411,16177.546447,16178.355847590396
134.38381,0.480585,-67.756015,16176.868869,16177.159435446501
134.39381,0.480251,-67.752619,16176.191326,16174.378796580255
134.40381,0.479919,-67.749224,16175.513817,16179.091303963773
134.41381,0.479588,-67.74583,16174.836342,16177.071854228825
134.42381,0.479259,-67.742437,16174.1589,16176.886770514038
134.43381,0.478931,-67.739044,16173.481493,16176.22119019797
134.44381,0.478605,-67.735652,16172.80412,16172.990397953134
134.45381,0.47828,-67.73226,16172.12678,16172.648975380087
134.46381,0.477958,-67.72887,16171.449474,16173.819574766134
134.47381,0.477636,-67.72548,16170.772203,16170.615974041628
134.48381,0.477317,-67.72209,16170.094965,16175.682156592711
134.49381,0.476999,-67.718702,16169.417761,16169.55764801679
134.50381,0.476682,-67.715314,16168.740591,16170.647165337954
134.51381,0.476367,-67.711926,16168.063454,16171.532322658786
134.52381,0.476054,-67.70854,16167.386352,16167.813582264078
134.53381,0.475742,-67.705154,16166.709284,16169.887608243398
134.54381,0.475432,-67.701769,16166.032249,16167.458861620915
134.55381,0.475123,-67.698384,16165.355248,16165.120867558062
134.56381,0.474816,-67.695,16164.678281,16166.343251899409
134.57381,0.47451,-67.691617,16164.001348,16164.899175376548
134.58381,0.474206,-67.688235,16163.324449,16164.432278369155
134.59381,0.473904,-67.684853,16162.647584,16166.27486755558
134.60381,0.473603,-67.681472,16161.970752,16163.286873006722
134.61381,0.473303,-67.678092,16161.293954,16160.599616037673
134.62381,0.473006,-67.674712,16160.61719,16161.64921394349
134.63381,0.472709,-67.671333,16159.94046,16160.296828407312
134.64381,0.472414,-67.667954,16159.263763,16163.409339936641
134.65381,0.472121,-67.664577,16158.587101,16160.20174467584
134.66381,0.471829,-67.6612,16157.910472,16158.969559203904
134.67381,0.471539,-67.657823,16157.233877,16157.312134118067
134.68381,0.47125,-67.654448,16156.557315,16159.034426675289
134.69381,0.470963,-67.651073,16155.880788,16157.358686082895
134.70381,0.470677,-67.647698,16155.204294,16154.93303960205
134.71381,0.470393,-67.644325,16154.527834,16155.354699395515
134.72381,0.470111,-67.640952,16153.851408,16155.357787012825
134.73381,0.469829,-67.637579,16153.175015,16154.52819556242
134.74381,0.46955,-67.634208,16152.498656,16157.851635036412
134.75381,0.469271,-67.630837,16151.822331,16151.340002891147
134.76381,0.468995,-67.627466,16151.146039,16154.399507075259
134.77381,0.468719,-67.624097,16150.469781,16152.776907257534
134.78381,0.468446,-67.620728,16149.793557,16152.932347549418
134.79381,0.468173,-67.617359,16149.117367,16148.490463182019
134.80381,0.467902,-67.613992,16148.44121,16149.997088382841
134.81381,0.467633,-67.610625,16147.765087,16149.45764129235
134.82381,0.467365,-67.607258,16147.088998,16149.155508759124
134.83381,0.467099,-67.603893,16146.412942,16147.139056715332
134.84381,0.466834,-67.600528,16145.73692,16148.249366204167
134.85381,0.46657,-67.597163,16145.060931,16145.483154020982
134.86381,0.466308,-67.5938,16144.384976,16147.291087902197
134.87381,0.466047,-67.590437,16143.709055,16146.011403464976
134.88381,0.465788,-67.587074,16143.033168,16143.436044875529
134.89381,0.46553,-67.583713,16142.357314,16145.472947724304
134.90381,0.465274,-67.580352,16141.681493,16143.367420830957
134.91381,0.465019,-67.576991,16141.005707,16140.52955532693
134.92381,0.464766,-67.573631,16140.329954,16141.369371311355
134.93381,0.464514,-67.570272,16139.654234,16140.391734455314
134.94381,0.464263,-67.566914,16138.978548,16143.339483462738
134.95381,0.464014,-67.563556,16138.302896,16140.406302174035
134.96381,0.463766,-67.560199,16137.627277,16139.147726221403
134.97381,0.46352,-67.556842,16136.951692,16137.496177081344
134.98381,0.463275,-67.553487,16136.27614,16137.842297578445
134.99381,0.463031,-67.550131,16135.600622,16136.29113731298
135.00381,0.462789,-67.546777,16134.925138,16138.88822229221
135.01381,0.462548,-67.543423,16134.249687,16136.744268840706
135.02381,0.462309,-67.54007,16133.574269,16132.805343846761
135.03381,0.462071,-67.536717,16132.898885,16134.508183196514
135.04381,0.461834,-67.533365,16132.223535,16134.377226898863
135.05381,0.461599,-67.530014,16131.548218,16130.49363806108
135.06381,0.461365,-67.526663,16130.872934,16131.372911551776
135.07381,0.461132,-67.523313,16130.197685,16130.471393621596
135.08381,0.460901,-67.519964,16129.522468,16129.284934265053
135.09381,0.460672,-67.516615,16128.847285,16130.13421386167
135.10381,0.460443,-67.513267,16128.172136,16128.69524888562
135.11381,0.460216,-67.509919,16127.49702,16131.621061464646
135.12381,0.459991,-67.506573,16126.821938,16127.934952632135
135.13381,0.459766,-67.503226,16126.146889,16126.713586600212
135.14381,0.459543,-67.499881,16125.471873,16127.889143628601
135.15381,0.459322,-67.496536,16124.796891,16126.042229846775
135.16381,0.459101,-67.493192,16124.121942,16124.65724284543
135.17381,0.458882,-67.489848,16123.447027,16124.571830885081
135.18381,0.458665,-67.486505,16122.772145,16123.679441569946
135.19381,0.458449,-67.483163,16122.097297,16122.819671022035
135.20381,0.458234,-67.479821,16121.422482,16124.165967389914
135.21381,0.45802,-67.47648,16120.747701,16119.988713348639
135.22381,0.457808,-67.473139,16120.072952,16120.921847327189
135.23381,0.457597,-67.469799,16119.398238,16120.62087892074
135.24381,0.457387,-67.46646,16118.723556,16122.641974077535
135.25381,0.457179,-67.463122,16118.048909,16120.223976650479
135.26381,0.456972,-67.459784,16117.374294,16119.168830489178
135.27381,0.456766,-67.456446,16116.699713,16115.650069829639
135.28381,0.456561,-67.45311,16116.025165,16116.552919016309
135.29381,0.456358,-67.449774,16115.350651,16116.504651218933
135.30381,0.456156,-67.446438,16114.67617,16114.842478691115
135.31381,0.455956,-67.443103,16114.001722,16115.123105578212
135.32381,0.455756,-67.439769,16113.327308,16116.937479125862
135.33381,0.455558,-67.436436,16112.652927,16116.358383632063
135.34381,0.455362,-67.433103,16111.978579,16115.021121442216
135.35381,0.455166,-67.42977,16111.304265,16109.211310984929
135.36381,0.454972,-67.426439,16110.629983,16113.949711871004
135.37381,0.454779,-67.423107,16109.955736,16110.322602626464
135.38381,0.454587,-67.419777,16109.281521,16110.825069429011
135.39381,0.454397,-67.416447,16108.60734,16108.454219592306
135.40381,0.454208,-67.413118,16107.933192,16109.216126713694
135.41381,0.45402,-67.409789,16107.259078,16108.082627447104
135.42381,0.453833,-67.406461,16106.584997,16106.929703702632
135.43381,0.453648,-67.403134,16105.910949,16108.219098645186
135.44381,0.453464,-67.399807,16105.236934,16105.663552750908
135.45381,0.453281,-67.396481,16104.562952,16105.143493415628
135.46381,0.453099,-67.393156,16103.889004,16106.053587602602
135.47381,0.452919,-67.389831,16103.215089,16105.892873357057
135.48381,0.452739,-67.386507,16102.541208,16102.40920879805
135.49381,0.452561,-67.383183,16101.867359,16101.342705505154
135.50381,0.452385,-67.37986,16101.193544,16102.222454906043
135.51381,0.452209,-67.376537,16100.519762,16102.312133810137
135.52381,0.452035,-67.373216,16099.846013,16100.826025302033
135.53381,0.451861,-67.369894,16099.172298,16101.769514505568
135.54381,0.45169,-67.366574,16098.498615,16100.421497295622
135.55381,0.451519,-67.363254,16097.824966,16098.55374354014
135.56381,0.451349,-67.359935,16097.15135,16098.90589309061
135.57381,0.451181,-67.356616,16096.477768,16098.795335299275
135.58381,0.451014,-67.353298,16095.804218,16095.535431411507
135.59381,0.450848,-67.34998,16095.130702,16097.857015166137
135.60381,0.450683,-67.346663,16094.457218,16097.591195751522
135.61381,0.450519,-67.343347,16093.783768,16093.75389936358
135.62381,0.450357,-67.340031,16093.110351,16095.49116465142
135.63381,0.450195,-67.336716,16092.436968,16093.004135314646
135.64381,0.450035,-67.333402,16091.763617,16093.158472873858
135.65381,0.449876,-67.330088,16091.0903,16092.870441049985
135.66381,0.449719,-67.326774,16090.417015,16091.994004841945
135.67381,0.449562,-67.323462,16089.743764,16090.668800502797
135.68381,0.449406,-67.32015,16089.070546,16092.32095535459
135.69381,0.449252,-67.316838,16088.397361,16090.854029146398
135.70381,0.449099,-67.313527,16087.724209,16088.895855477876
135.71381,0.448947,-67.310217,16087.051091,16089.858828513476
135.72381,0.448796,-67.306907,16086.378005,16089.2053787877
135.73381,0.448646,-67.303598,16085.704952,16088.688843446589
135.74381,0.448498,-67.30029,16085.031933,16087.714081834845
135.75381,0.44835,-67.296982,16084.358947,16085.679347563304
135.76381,0.448204,-67.293675,16083.685993,16082.223450920186
135.77381,0.448059,-67.290368,16083.013073,16086.83949553852
135.78381,0.447914,-67.287062,16082.340186,16084.277191907453
135.79381,0.447771,-67.283757,16081.667332,16082.692138548053
135.80381,0.447629,-67.280452,16080.994511,16082.578049623446
135.81381,0.447489,-67.277148,16080.321723,16080.410022521963
135.82381,0.447349,-67.273844,16079.648968,16080.70558176155
135.83381,0.44721,-67.270541,16078.976246,16079.66123309774
135.84381,0.447073,-67.267239,16078.303557,16078.912929961847
135.85381,0.446936,-67.263937,16077.630901,16079.820031092868
135.86381,0.446801,-67.260635,16076.958278,16076.617727475274
135.87381,0.446667,-67.257335,16076.285688,16079.639083075792
135.88381,0.446534,-67.254035,16075.613132,16076.864243989772
135.89381,0.446402,-67.250735,16074.940608,16077.473298607192
135.90381,0.446271,-67.247436,16074.268117,16076.975972277136
135.91381,0.446141,-67.244138,16073.595659,16074.71648954487
135.92381,0.446012,-67.24084,16072.923234,16074.218213386508
135.93381,0.445884,-67.237543,16072.250842,16072.973677839354
135.94381,0.445757,-67.234247,16071.578483,16070.041471217553
135.95381,0.445632,-67.230951,16070.906157,16071.383452329464
135.96381,0.445507,-67.227656,16070.233864,16071.241417915033
135.97381,0.445384,-67.224361,16069.561604,16072.583195362902
135.98381,0.445261,-67.221067,16068.889377,16064.083278300794
135.99381,0.44514,-67.217773,16068.217183,16069.480660665651
136.00381,0.445019,-67.21448,16067.545022,16068.13767009003
136.01381,0.4449,-67.211188,16066.872893,16067.002784244332
136.02381,0.444781,-67.207896,16066.200798,16068.830104867859
136.03381,0.444664,-67.204605,16065.528735,16066.462345672639
136.04381,0.444548,-67.201314,16064.856706,16067.915870178247
136.05381,0.444432,-67.198024,16064.184709,16062.714770269637
136.06381,0.444318,-67.194735,16063.512745,16065.774298337003
136.07381,0.444205,-67.191446,16062.840814,16063.190832323126
136.08381,0.444093,-67.188158,16062.168916,16062.085816159704
136.09381,0.443981,-67.18487,16061.497051,16064.022442584
136.10381,0.443871,-67.181583,16060.825219,16061.861877409014
136.11381,0.443762,-67.178296,16060.15342,16063.075476842836
136.12381,0.443654,-67.17501,16059.481653,16061.835738881096
136.13381,0.441878,-67.171725,16058.809919,16058.863949112358
136.14381,0.43965,-67.168442,16058.138219,16058.927718155617
136.15381,0.437442,-67.16516,16057.466551,16060.261196947904
136.16381,0.435256,-67.161879,16056.794915,16058.791724686978
136.17381,0.43309,-67.1586,16056.123313,16057.439762971571
136.18381,0.430946,-67.155322,16055.451743,16056.786981853498
136.19381,0.428823,-67.152045,16054.780206,16054.958968137249
136.20381,0.426722,-67.14877,16054.108702,16054.895722832585
136.21381,0.424642,-67.145497,16053.437231,16057.001119298655
136.22381,0.422585,-67.142224,16052.765792,16056.933859347846
136.23381,0.420549,-67.138953,16052.094387,16055.924131475178
136.24381,0.418536,-67.135684,16051.423013,16049.626646724588
136.25381,0.416545,-67.132415,16050.751673,16051.670134839584
136.26381,0.414578,-67.129148,16050.080365,16049.905538008847
136.27381,0.412633,-67.125882,16049.40909,16050.776921147273
136.28381,0.410711,-67.122618,16048.737847,16050.723466483185
136.29381,0.408812,-67.119354,16048.066638,16048.28573510803
136.30381,0.406937,-67.116092,16047.39546,16049.786392790786
136.31381,0.405085,-67.112831,16046.724316,16046.314530557458
136.32381,0.403258,-67.109572,16046.053204,16046.082985909776
136.33381,0.401454,-67.106313,16045.382124,16046.238049370526
136.34381,0.399675,-67.103056,16044.711077,16041.012212409736
136.35381,0.39792,-67.0998,16044.040063,16045.800148466587
136.36381,0.396189,-67.096545,16043.369081,16044.247751972614
136.37381,0.394483,-67.093291,16042.698132,16043.964846115148
136.38381,0.392803,-67.090038,16042.027216,16041.040660039898
136.39381,0.391147,-67.086787,16041.356331,16043.104115968288
136.40381,0.389517,-67.083536,16040.68548,16041.6040077529
136.41381,0.387912,-67.080287,16040.014661,16043.726920978364
136.42381,0.386333,-67.077038,16039.343874,16041.114302170525
136.43381,0.384779,-67.073791,16038.67312,16041.902260744457
136.44381,0.383252,-67.070545,16038.002398,16039.602287128007
136.45381,0.381751,-67.067299,16037.331709,16038.90045670578
136.46381,0.380276,-67.064055,16036.661052,16036.23212609176
136.47381,0.378828,-67.060812,16035.990428,16037.461173501682
136.48381,0.377407,-67.05757,16035.319836,16035.986954593565
136.49381,0.376012,-67.054328,16034.649277,16037.381687739553
136.50381,0.374645,-67.051088,16033.978749,16035.21494827506
136.51381,0.373304,-67.047849,16033.308255,16035.77916859971
136.52381,0.371991,-67.04461,16032.637793,16033.005885521952
136.53381,0.370706,-67.041373,16031.967363,16035.87923716148
136.54381,0.369448,-67.038136,16031.296965,16036.425457815114
136.55381,0.368218,-67.0349,16030.6266,16033.449861883166
136.56381,0.367016,-67.031665,16029.956267,16031.202741423265
136.57381,0.365842,-67.028431,16029.285967,16032.16461305979
136.58381,0.364696,-67.025198,16028.615698,16030.380893148622
136.59381,0.363578,-67.021966,16027.945463,16028.286325752575
136.60381,0.362489,-67.018734,16027.275259,16028.214400331704
136.61381,0.361429,-67.015504,16026.605088,16026.343400482088
136.62381,0.360397,-67.012274,16025.934949,16026.396199320141
136.63381,0.359394,-67.009045,16025.264842,16027.169694939821
136.64381,0.35842,-67.005817,16024.594768,16025.789537917024
136.65381,0.357475,-67.002589,16023.924726,16022.992951815024
136.66381,0.356559,-66.999363,16023.254716,16025.611097778075
136.67381,0.355672,-66.996137,16022.584739,16024.707839586896
136.68381,0.354814,-66.992911,16021.914794,16022.777511466302
136.69381,0.353986,-66.989687,16021.244881,16023.049647627478
136.70381,0.353187,-66.986463,16020.575,16019.448368611134
136.71381,0.352418,-66.98324,16019.905151,16023.32750773025
136.72381,0.351678,-66.980018,16019.235335,16020.647564558334
136.73381,0.350991,-66.976796,16018.565551,16018.418024181365
136.74381,0.350344,-66.973575,16017.895799,16020.422869354208
136.75381,0.349728,-66.970354,16017.226079,16016.952334432672
136.76381,0.349141,-66.967133,16016.556392,16018.01365517092
136.77381,0.348584,-66.963912,16015.886737,16018.056657875659
136.78381,0.348057,-66.960692,16015.217114,16016.395900560185
136.79381,0.347559,-66.957472,16014.547523,16015.94760583197
136.80381,0.347091,-66.954252,16013.877964,16015.626630576538
136.81381,0.346653,-66.951033,16013.208438,16015.009363640404
136.82381,0.346245,-66.947813,16012.538944,16015.440286669897
136.83381,0.345866,-66.944594,16011.869482,16014.63512369495
136.84381,0.345516,-66.941375,16011.200052,16011.377013369125
136.85381,0.345197,-66.938157,16010.530654,16011.455524406429
136.86381,0.344907,-66.934938,16009.861289,16012.682535793856
136.87381,0.344646,-66.93172,16009.191955,16010.863902518759
136.88381,0.344415,-66.928502,16008.522654,16010.052548433885
136.89381,0.344213,-66.925284,16007.853385,16009.118235786262
136.90381,0.34404,-66.922066,16007.184149,16009.372108164805
136.91381,0.343896,-66.918848,16006.514944,16008.193135967102
136.92381,0.343782,-66.915631,16005.845772,16009.7707166987
136.93381,0.343697,-66.912414,16005.176631,16005.81934653818
136.94381,0.34364,-66.909196,16004.507523,16007.541646778243
136.95381,0.343612,-66.905979,16003.838447,16003.806135179446
136.96381,0.343613,-66.902762,16003.169404,16003.551101840461
136.97381,0.343642,-66.899545,16002.500392,16000.987376755684
136.98381,0.3437,-66.896328,16001.831413,16002.654971160586
136.99381,0.343786,-66.893112,16001.162466,16000.55090824864
137.00381,0.3439,-66.889895,16000.493551,16003.249401354904
137.01381,0.344042,-66.886678,15999.824668,16002.119523462403
137.02381,0.344212,-66.883462,15999.155817,16000.363196732447
137.03381,0.34441,-66.880245,15998.486999,16001.856112053258
137.04381,0.344635,-66.877029,15997.818212,15997.422946933017
137.05381,0.344887,-66.873812,15997.149458,16000.096963645792
137.06381,0.345166,-66.870596,15996.480736,16000.285453871931
137.07381,0.345473,-66.86738,15995.812046,15996.311721396716
137.08381,0.345806,-66.864163,15995.143388,15995.650825761273
137.09381,0.346165,-66.860947,15994.474763,15995.302466547317
137.10381,0.346551,-66.857731,15993.806169,15996.106363852943
137.11381,0.346963,-66.854514,15993.137608,15994.684624378426
137.12381,0.347401,-66.851298,15992.469079,15992.294996260704
137.13381,0.347864,-66.848081,15991.800582,15993.510556286266
137.14381,0.348353,-66.844865,15991.132117,15993.624092742308
137.15381,0.348868,-66.841649,15990.463685,15992.833601480545
137.16381,0.349407,-66.838432,15989.795285,15993.23952614562
137.17381,0.349971,-66.835215,15989.126916,15993.51404149466
137.18381,0.35056,-66.831999,15988.45858,15990.26032473892
137.19381,0.351173,-66.828782,15987.790276,15989.355342204173
137.20381,0.35181,-66.825565,15987.122005,15990.013991778453
137.21381,0.352471,-66.822349,15986.453765,15985.310433089282
137.22381,0.353155,-66.819132,15985.785558,15987.027300191134
137.23381,0.353863,-66.815915,15985.117382,15989.19127615524
137.24381,0.354594,-66.812698,15984.449239,15985.549018425649
137.25381,0.355348,-66.80948,15983.781128,15984.431634590248
137.26381,0.356124,-66.806263,15983.11305,15981.919338919703
137.27381,0.356923,-66.803046,15982.445003,15981.792067257278
137.28381,0.357743,-66.799828,15981.776989,15984.668593271657
137.29381,0.358586,-66.796611,15981.109007,15985.603217326037
137.30381,0.35945,-66.793393,15980.441057,15981.533735058816
137.31381,0.360335,-66.790175,15979.773139,15980.02619829113
137.32381,0.361242,-66.786957,15979.105253,15983.008472398333
137.33381,0.362169,-66.783739,15978.4374,15978.597627271518
137.34381,0.363117,-66.78052,15977.769578,15977.267464209343
137.35381,0.364085,-66.777302,15977.101789,15980.40888691366
137.36381,0.365073,-66.774083,15976.434032,15979.896417867853
137.37381,0.36608,-66.770864,15975.766308,15977.164839922409
137.38381,0.367107,-66.767645,15975.098615,15976.945719047277
137.39381,0.368153,-66.764426,15974.430955,15976.801619275317
137.40381,0.369218,-66.761206,15973.763326,15975.708062179485
137.41381,0.370302,-66.757987,15973.095731,15976.921337057674
137.42381,0.371404,-66.754767,15972.428167,15974.044759664428
137.43381,0.372525,-66.751547,15971.760635,15973.176404995957
137.44381,0.373663,-66.748326,15971.093136,15971.868462757362
137.45381,0.374819,-66.745106,15970.425669,15972.455400336847
137.46381,0.375992,-66.741885,15969.758234,15975.639989811065
137.47381,0.377182,-66.738664,15969.090831,15968.073003205174
137.48381,0.378389,-66.735443,15968.42346,15972.140589331531
137.49381,0.379613,-66.732222,15967.756122,15971.030152785183
137.50381,0.380852,-66.729,15967.088816,15970.037119203704
137.51381,0.382108,-66.725778,15966.421542,15966.77139833105
137.52381,0.38338,-66.722556,15965.7543,15969.827788426139
137.53381,0.384668,-66.719333,15965.087091,15966.551561472657
137.54381,0.38597,-66.716111,15964.419914,15966.311973034912
137.55381,0.387288,-66.712888,15963.752769,15963.290177561756
137.56381,0.388621,-66.709665,15963.085656,15965.233253199915
137.57381,0.389968,-66.706441,15962.418575,15962.132880985177
137.58381,0.391329,-66.703217,15961.751527,15963.826546764682
137.59381,0.392705,-66.699993,15961.084511,15962.435303947866
137.60381,0.394095,-66.696769,15960.417527,15960.997233580847
137.61381,0.395498,-66.693544,15959.750576,15962.351676724025
137.62381,0.396914,-66.690319,15959.083656,15960.47006445754
137.63381,0.398344,-66.687094,15958.416769,15959.33616067376
137.64381,0.399787,-66.683868,15957.749915,15959.853416778411
137.65381,0.401242,-66.680642,15957.083092,15962.253295772449
137.66381,0.40271,-66.677416,15956.416302,15958.353154019731
137.67381,0.40419,-66.67419,15955.749544,15960.578050288243
137.68381,0.405683,-66.670963,15955.082818,15957.569085461526
137.69381,0.407187,-66.667736,15954.416124,15957.543764070315
137.70381,0.408703,-66.664508,15953.749463,15954.070263730897
137.71381,0.41023,-66.66128,15953.082834,15953.502793059006
137.72381,0.411768,-66.658052,15952.416238,15951.264067052636
137.73381,0.413318,-66.654823,15951.749673,15951.172290771081
137.74381,0.414878,-66.651594,15951.083141,15953.615779473655
137.75381,0.416449,-66.648365,15950.416641,15951.361527866344
137.76381,0.41803,-66.645135,15949.750174,15950.237146225247
137.77381,0.419622,-66.641905,15949.083739,15952.53031383269
137.78381,0.421223,-66.638675,15948.417336,15951.247957204321
137.79381,0.422834,-66.635444,15947.750965,15950.05897075751
137.80381,0.424456,-66.632213,15947.084627,15947.624594676787
137.81381,0.425916,-66.628982,15946.418321,15949.684686722703
137.82381,0.427232,-66.62575,15945.752047,15948.489979532711
137.83381,0.428553,-66.622518,15945.085806,15946.588568350893
137.84381,0.429878,-66.619286,15944.419597,15948.677416573382
137.85381,0.431209,-66.616053,15943.75342,15944.625511830467
137.86381,0.432544,-66.612821,15943.087276,15943.47103203817
137.87381,0.433883,-66.609588,15942.421164,15943.912738488092
137.88381,0.435228,-66.606354,15941.755084,15944.068083087095
137.89381,0.436576,-66.603121,15941.089037,15944.958642732889
137.90381,0.437929,-66.599887,15940.423022,15941.600671490374
137.91381,0.439286,-66.596653,15939.757039,15943.334662634832
137.92381,0.440647,-66.593419,15939.091089,15939.958022749466
137.93381,0.442012,-66.590185,15938.425171,15939.772505018222
137.94381,0.443382,-66.58695,15937.759285,15938.395870481216
137.95381,0.444755,-66.583715,15937.093432,15939.132972857695
137.96381,0.446132,-66.58048,15936.427611,15939.992831594895
137.97381,0.447513,-66.577244,15935.761822,15936.221851236092
137.98381,0.448897,-66.574008,15935.096066,15938.471487304327
137.99381,0.450286,-66.570772,15934.430342,15937.678422274012
138.00381,0.451677,-66.567536,15933.76465,15935.434847868222
138.01381,0.453072,-66.564299,15933.098991,15933.965381321776
138.02381,0.454471,-66.561063,15932.433364,15935.320196725597
138.03381,0.455873,-66.557825,15931.76777,15932.507197578005
138.04381,0.457278,-66.554588,15931.102208,15931.136485039558
138.05381,0.458686,-66.55135,15930.436678,15930.56724878617
138.06381,0.460097,-66.548113,15929.771181,15933.626381075774
138.07381,0.461512,-66.544874,15929.105716,15932.150434274512
138.08381,0.462929,-66.541636,15928.440283,15932.802129134883
138.09381,0.464349,-66.538397,15927.774883,15928.768491672086
138.10381,0.465773,-66.535158,15927.109515,15931.575370344013
138.11381,0.467198,-66.531919,15926.44418,15927.630805505636
138.12381,0.468627,-66.52868,15925.778877,15924.583409334316
138.13381,0.470058,-66.52544,15925.113606,15927.035544145774
138.14381,0.471492,-66.5222,15924.448368,15924.916831266046
138.15381,0.472929,-66.518959,15923.783162,15924.645127143296
138.16381,0.474368,-66.515719,15923.117989,15922.738458693095
138.17381,0.475809,-66.512478,15922.452848,15924.462611021272
138.18381,0.477253,-66.509237,15921.787739,15922.852566671409
138.19381,0.478699,-66.505995,15921.122663,15922.899657488846
138.20381,0.480147,-66.502754,15920.457619,15921.28175136385
138.21381,0.481597,-66.499512,15919.792608,15921.421942686835
138.22381,0.48305,-66.496269,15919.127629,15921.22838343193
138.23381,0.484504,-66.493027,15918.462683,15919.313428051892
138.24381,0.485961,-66.489784,15917.797769,15917.627188886423
138.25381,0.48742,-66.486541,15917.132887,15919.553313674072
138.26381,0.48888,-66.483298,15916.468038,15917.25951341376
138.27381,0.490343,-66.480054,15915.803221,15916.184243960934
138.28381,0.491807,-66.47681,15915.138437,15915.285170034373
138.29381,0.493273,-66.473566,15914.473685,15915.957906033389
138.30381,0.494741,-66.470321,15913.808965,15915.720046426868
138.31381,0.49621,-66.467076,15913.144279,15912.500858012776
138.32381,0.497681,-66.463831,15912.479624,15916.997743344478
138.33381,0.499154,-66.460586,15911.815002,15912.276052946585
138.34381,0.500628,-66.45734,15911.150412,15912.998131539729
138.35381,0.502103,-66.454094,15910.485855,15911.085461924058
138.36381,0.50358,-66.450848,15909.82133,15910.643047730251
138.37381,0.505059,-66.447602,15909.156838,15912.042072361271
138.38381,0.506538,-66.444355,15908.492378,15909.281263215089
138.39381,0.508019,-66.441108,15907.827951,15906.150874358576
138.40381,0.509502,-66.437861,15907.163556,15907.150610890089
138.41381,0.511053,-66.434613,15906.499194,15907.417688929494
138.42381,0.512628,-66.431363,15905.834864,15908.242291680168
138.43381,0.514203,-66.428112,15905.170567,15908.604471827333
138.44381,0.515778,-66.424859,15904.506302,15903.800215114137
138.45381,0.517354,-66.421605,15903.842069,15903.6675558486
138.46381,0.51893,-66.418348,15903.17787,15903.843056001228
138.47381,0.520506,-66.415091,15902.513702,15902.963467259946
138.48381,0.522082,-66.411831,15901.849568,15902.557442358806
138.49381,0.523659,-66.408571,15901.185466,15905.475861363064
138.50381,0.525236,-66.405308,15900.521396,15902.195414395776
138.51381,0.526814,-66.402044,15899.85736,15904.236125549478
138.52381,0.528391,-66.398778,15899.193356,15897.344030454859
138.53381,0.529968,-66.395511,15898.529384,15902.347627039368
138.54381,0.531546,-66.392242,15897.865445,15899.14744422585
138.55381,0.533124,-66.388971,15897.201539,15898.37248660054
138.56381,0.534701,-66.385699,15896.537666,15900.262222420646
138.57381,0.536279,-66.382426,15895.873825,15896.695113468144
138.58381,0.537857,-66.37915,15895.210017,15896.407438172742
138.59381,0.539434,-66.375874,15894.546242,15896.228407387503
138.60381,0.541012,-66.372595,15893.8825,15894.78309289814
138.61381,0.542589,-66.369315,15893.21879,15896.634822181004
138.62381,0.544166,-66.366034,15892.555114,15897.859651245253
138.63381,0.545744,-66.362751,15891.89147,15893.717072348
138.64381,0.547321,-66.359466,15891.227859,15892.278990870122
138.65381,0.548897,-66.35618,15890.56428,15891.166166598761
138.66381,0.550393,-66.352893,15889.900735,15891.136526609906
138.67381,0.551883,-66.349604,15889.237223,15889.782865729465
138.68381,0.553378,-66.346313,15888.573743,15888.920634152628
138.69381,0.554878,-66.343021,15887.910296,15889.887908150526
138.70381,0.556383,-66.339727,15887.246883,15890.817769254954
138.71381,0.557893,-66.336432,15886.583502,15885.837423955993
138.72381,0.559408,-66.333136,15885.920154,15886.084235619575
138.73381,0.560927,-66.329838,15885.256839,15886.082299143178
138.74381,0.562451,-66.326538,15884.593557,15886.76560338675
138.75381,0.563979,-66.323237,15883.930308,15884.836856761805
138.76381,0.565512,-66.319935,15883.267092,15883.71084142305
138.77381,0.567049,-66.316631,15882.60391,15885.906985537085
138.78381,0.56859,-66.313325,15881.94076,15885.505712767812
138.79381,0.570135,-66.310018,15881.277643,15884.053064499962
138.80381,0.571685,-66.30671,15880.614559,15882.290753184618
138.81381,0.573238,-66.3034,15879.951509,15882.268734712428
138.82381,0.574796,-66.300089,15879.288491,15881.130413363644
138.83381,0.576357,-66.296776,15878.625507,15881.032851395048
138.84381,0.577922,-66.293462,15877.962556,15879.254532260482
138.85381,0.579491,-66.290146,15877.299638,15879.95798080303
138.86381,0.581064,-66.286829,15876.636753,15877.665888573933
138.87381,0.58264,-66.283511,15875.973901,15876.84461562525
138.88381,0.584219,-66.28019,15875.311083,15878.423054481327
138.89381,0.585802,-66.276869,15874.648297,15874.039604989983
138.90381,0.587389,-66.273546,15873.985545,15874.221058974748
138.91381,0.588978,-66.270222,15873.322827,15876.289227888567
138.92381,0.590571,-66.266896,15872.660141,15876.220699638065
138.93381,0.592167,-66.263568,15871.997489,15875.340876113069
138.94381,0.593766,-66.26024,15871.33487,15873.321036552685
138.95381,0.595369,-66.256909,15870.672284,15868.822899282755
138.96381,0.596974,-66.253578,15870.009731,15872.4063516857
138.97381,0.598582,-66.250245,15869.347212,15871.021174566946
138.98381,0.600193,-66.24691,15868.684727,15869.585399311904
138.99381,0.601807,-66.243574,15868.022274,15871.719302515256
139.00381,0.603423,-66.240237,15867.359855,15869.070167009819
139.01381,0.605042,-66.236898,15866.697469,15869.587540815644
139.02381,0.606664,-66.233558,15866.035117,15866.632056634355
139.03381,0.608288,-66.230216,15865.372798,15864.997264797657
139.04381,0.609915,-66.226873,15864.710513,15866.299432543316
139.05381,0.611544,-66.223529,15864.048261,15867.653325059846
139.06381,0.613176,-66.220183,15863.386042,15864.98331273067
139.07381,0.614809,-66.216835,15862.723857,15864.37013146603
139.08381,0.616446,-66.213487,15862.061706,15864.417052570028
139.09381,0.618084,-66.210136,15861.399587,15861.432137428292
139.10381,0.619724,-66.206785,15860.737503,15863.297891296677
139.11381,0.621367,-66.203432,15860.075452,15856.912616724512
139.12381,0.623012,-66.200077,15859.413434,15861.504000394634
139.13381,0.624658,-66.196722,15858.75145,15860.526580053584
139.14381,0.626307,-66.193364,15858.0895,15862.13945705115
139.15381,0.627957,-66.190006,15857.427583,15860.993392116241
139.16381,0.62961,-66.186646,15856.7657,15856.560488022666
139.17381,0.631264,-66.183285,15856.10385,15858.456606014373
139.18381,0.63292,-66.179922,15855.442034,15858.804318872946
139.19381,0.634577,-66.176558,15854.780252,15858.159521592495
139.20381,0.636237,-66.173192,15854.118503,15856.136072346217
139.21381,0.637898,-66.169825,15853.456788,15854.878726838824
139.22381,0.63956,-66.166457,15852.795106,15853.363006740043
139.23381,0.641224,-66.163087,15852.133459,15853.294835828403
139.24381,0.642889,-66.159716,15851.471845,15853.769091453245
139.25381,0.644578,-66.156344,15850.810264,15852.236994245497
139.26381,0.646321,-66.152969,15850.148718,15852.97962903294
139.27381,0.648065,-66.149592,15849.487205,15850.087380549412
139.28381,0.64981,-66.146211,15848.825726,15851.130691955132
139.29381,0.651556,-66.142829,15848.164281,15849.259434262009
139.30381,0.653302,-66.139443,15847.502869,15848.535440406358
139.31381,0.655049,-66.136055,15846.841492,15850.658484501339
139.32381,0.656797,-66.132664,15846.180148,15848.88600014111
139.33381,0.658545,-66.129271,15845.518839,15849.515413231018
139.34381,0.660294,-66.125875,15844.857563,15846.285407387622
139.35381,0.662044,-66.122476,15844.196321,15845.1940481009
139.36381,0.663794,-66.119075,15843.535113,15844.760094096986
139.37381,0.665545,-66.115671,15842.87394,15844.966318234992
139.38381,0.667296,-66.112264,15842.2128,15843.895590691987
139.39381,0.669048,-66.108855,15841.551694,15844.101163342128
139.40381,0.670799,-66.105443,15840.890623,15843.024315450313
139.41381,0.672552,-66.102029,15840.229585,15840.858533733674
139.42381,0.674304,-66.098612,15839.568582,15839.998449229426
139.43381,0.676057,-66.095193,15838.907613,15842.000900034765
139.44381,0.67781,-66.091771,15838.246678,15843.508523487308
139.45381,0.679564,-66.088346,15837.585778,15839.607320411169
139.46381,0.681317,-66.084919,15836.924911,15837.021775546862
139.47381,0.683071,-66.081489,15836.264079,15839.58023801055
139.48381,0.684825,-66.078057,15835.603282,15839.676024415508
139.49381,0.684707,-66.074623,15834.942518,15835.122185684068
139.50381,0.681964,-66.071188,15834.281789,15834.462345982725
139.51381,0.679232,-66.067754,15833.621094,15836.589791990928
139.52381,0.67651,-66.064321,15832.960434,15833.41960831218
139.53381,0.673798,-66.060888,15832.299808,15835.072725638835
139.54381,0.671097,-66.057455,15831.639216,15833.055821697608
139.55381,0.668407,-66.054023,15830.978659,15833.743873052113
139.56381,0.665727,-66.050591,15830.318136,15830.615661844522
139.57381,0.663057,-66.04716,15829.657647,15833.07618059785
139.58381,0.660399,-66.043729,15828.997193,15829.514122819535
139.59381,0.65775,-66.040299,15828.336773,15828.207592934801
139.60381,0.655113,-66.036869,15827.676387,15830.62486558207
139.61381,0.652486,-66.033439,15827.016035,15832.077919064079
139.62381,0.64987,-66.03001,15826.355718,15827.96936877828
139.63381,0.647265,-66.026581,15825.695435,15827.480856543514
139.64381,0.644671,-66.023152,15825.035186,15830.648953868644
139.65381,0.642087,-66.019724,15824.374972,15826.123235978579
139.66381,0.639515,-66.016296,15823.714792,15826.859725972106
139.67381,0.636954,-66.012868,15823.054646,15827.10098288869
139.68381,0.634403,-66.009441,15822.394534,15825.888187608123
139.69381,0.631864,-66.006014,15821.734457,15822.752380870306
139.70381,0.629336,-66.002587,15821.074414,15824.59401511957
139.71381,0.626819,-65.99916,15820.414405,15822.73394352037
139.72381,0.624314,-65.995734,15819.754431,15819.215224183372
139.73381,0.62182,-65.992308,15819.094491,15821.74448434732
139.74381,0.619337,-65.988882,15818.434585,15821.990719479358
139.75381,0.616865,-65.985457,15817.774713,15822.995962287829
139.76381,0.614405,-65.982031,15817.114876,15819.57166277707
139.77381,0.611957,-65.978606,15816.455072,15817.852986914497
139.78381,0.60952,-65.975181,15815.795304,15820.87374027553
139.79381,0.607094,-65.971756,15815.135569,15817.962027595926
139.80381,0.604681,-65.968331,15814.475868,15816.870545743182
139.81381,0.602279,-65.964906,15813.816202,15813.654962241359
139.82381,0.599889,-65.961482,15813.15657,15813.370378762182
139.83381,0.597511,-65.958058,15812.496973,15817.121778448585
139.84381,0.595144,-65.954633,15811.837409,15814.3465848934
139.85381,0.59279,-65.951209,15811.17788,15812.783492096103
139.86381,0.590447,-65.947785,15810.518385,15811.270349835368
139.87381,0.588117,-65.944361,15809.858924,15812.60464309242
139.88381,0.585799,-65.940937,15809.199498,15808.269858172083
139.89381,0.583492,-65.937514,15808.540105,15809.61026743144
139.90381,0.581199,-65.93409,15807.880747,15810.246867521339
139.91381,0.578917,-65.930666,15807.221424,15806.53172764527
139.92381,0.576648,-65.927243,15806.562134,15809.207594496826
139.93381,0.574391,-65.923819,15805.902879,15808.675523665934
139.94381,0.572147,-65.920395,15805.243658,15806.334834728445
139.95381,0.569915,-65.916972,15804.584471,15808.644913716698
139.96381,0.567696,-65.913548,15803.925318,15806.837451278418
139.97381,0.565489,-65.910124,15803.2662,15804.325456746701
139.98381,0.563296,-65.906701,15802.607116,15801.545920259705
139.99381,0.561115,-65.903277,15801.948066,15805.110265923731
140.00381,0.558946,-65.899853,15801.28905,15802.82544673537
140.01381,0.556791,-65.89643,15800.630069,15801.48485475506
140.02381,0.554649,-65.893006,15799.971122,15799.581677907054
140.03381,0.55252,-65.889582,15799.312209,15800.417982921377
140.04381,0.550404,-65.886158,15798.65333,15802.017309854333
140.05381,0.548301,-65.882734,15797.994486,15799.129569526956
140.06381,0.546211,-65.87931,15797.335675,15798.457790095783
140.07381,0.544135,-65.875885,15796.676899,15797.838721726157
140.08381,0.542072,-65.872461,15796.018158,15799.073403001501
140.09381,0.540039,-65.869037,15795.35945,15798.084337560598
140.10381,0.53802,-65.865612,15794.700777,15796.297258595654
140.11381,0.536015,-65.862186,15794.042138,15796.155822811677
140.12381,0.534023,-65.85876,15793.383533,15796.28433431106
140.13381,0.532046,-65.855334,15792.724963,15794.410564291053
140.14381,0.530082,-65.851908,15792.066427,15791.73326062362
140.15381,0.528132,-65.848481,15791.407925,15793.941032763467
140.16381,0.526196,-65.845053,15790.749457,15793.981707547366
140.17381,0.524274,-65.841625,15790.091024,15792.534532595077
140.18381,0.522366,-65.838197,15789.432624,15790.961109606838
140.19381,0.520472,-65.834768,15788.77426,15791.141848977177
140.20381,0.518593,-65.831339,15788.115929,15788.87972588561
140.21381,0.516727,-65.827909,15787.457633,15789.790361159165
140.22381,0.514877,-65.824479,15786.799371,15789.250980268724
140.23381,0.51304,-65.821048,15786.141143,15787.585227805366
140.24381,0.511218,-65.817617,15785.48295,15787.315384674393
140.25381,0.509411,-65.814186,15784.824791,15786.28459791979
140.26381,0.507619,-65.810754,15784.166666,15785.233023272052
140.27381,0.505841,-65.807321,15783.508576,15785.2779729946
140.28381,0.504078,-65.803888,15782.85052,15781.604863409524
140.29381,0.502329,-65.800454,15782.192498,15782.999919218642
140.30381,0.500596,-65.79702,15781.534511,15783.354011102268
140.31381,0.498878,-65.793585,15780.876558,15781.318084694172
140.32381,0.497175,-65.79015,15780.218639,15781.5674342208
140.33381,0.495486,-65.786714,15779.560755,15783.148872644044
140.34381,0.493814,-65.783278,15778.902905,15780.411725722019
140.35381,0.492156,-65.779841,15778.245089,15778.61702593505
140.36381,0.490514,-65.776403,15777.587308,15779.266695888373
140.37381,0.488887,-65.772965,15776.929561,15778.732703000334
140.38381,0.487276,-65.769527,15776.271849,15776.54151944929
140.39381,0.48568,-65.766088,15775.614171,15776.230077096277
140.40381,0.4841,-65.762648,15774.956527,15777.912177414808
140.41381,0.482535,-65.759208,15774.298918,15775.811328387947
140.42381,0.480986,-65.755767,15773.641343,15775.20250534675
140.43381,0.479454,-65.752325,15772.983802,15775.956986104935
140.44381,0.477937,-65.748883,15772.326296,15774.490431410664
140.45381,0.476435,-65.74544,15771.668825,15774.124011314632
140.46381,0.47495,-65.741997,15771.011387,15773.091265398341
140.47381,0.473482,-65.738553,15770.353985,15772.774822991336
140.48381,0.472029,-65.735108,15769.696616,15769.773115028052
140.49381,0.470592,-65.731663,15769.039283,15767.64481814994
140.50381,0.469172,-65.728217,15768.381983,15769.578949732235
140.51381,0.467768,-65.72477,15767.724718,15768.410541353383
140.52381,0.46638,-65.721323,15767.067488,15766.436522099344
140.53381,0.465009,-65.717875,15766.410292,15769.543703696296
140.54381,0.463655,-65.714427,15765.75313,15767.88145727351
140.55381,0.462317,-65.710977,15765.096003,15767.571152505134
140.56381,0.460995,-65.707528,15764.438911,15766.852150798302
140.57381,0.459691,-65.704077,15763.781853,15764.250597161174
140.58381,0.458403,-65.700626,15763.124829,15763.711668682297
140.59381,0.457132,-65.697174,15762.46784,15762.352255869146
140.60381,0.455877,-65.693721,15761.810886,15763.800628643163
140.61381,0.45464,-65.690268,15761.153966,15763.458848661117
140.62381,0.45342,-65.686814,15760.49708,15764.493364448017
140.63381,0.452216,-65.683359,15759.840229,15759.096551774906
140.64381,0.45103,-65.679904,15759.183413,15758.82974867173
140.65381,0.449861,-65.676448,15758.526631,15758.591364865235
140.66381,0.448709,-65.672991,15757.869884,15759.079444386914
140.67381,0.447575,-65.669534,15757.213172,15761.438406735986
140.68381,0.446457,-65.666075,15756.556493,15760.956731482996
140.69381,0.445357,-65.662616,15755.89985,15756.34654217891
140.70381,0.444274,-65.659157,15755.243241,15757.922175947333
140.71381,0.443209,-65.655696,15754.586667,15756.305936805538
140.72381,0.442161,-65.652235,15753.930127,15754.551408757581
140.73381,0.441131,-65.648773,15753.273622,15756.465145667535
140.74381,0.440118,-65.64531,15752.617152,15755.58286968712
140.75381,0.439123,-65.641847,15751.960716,15752.536535899904
140.76381,0.438145,-65.638383,15751.304315,15752.837138692084
140.77381,0.437185,-65.634918,15750.647948,15750.593410502246
140.78381,0.436243,-65.631452,15749.991616,15751.596107142186
140.79381,0.435318,-65.627985,15749.335319,15747.86956134305
140.80381,0.434411,-65.624518,15748.679057,15749.608162034849
140.81381,0.433522,-65.62105,15748.022829,15750.214109911562
140.82381,0.43265,-65.617581,15747.366636,15749.37225119119
140.83381,0.431797,-65.614112,15746.710477,15748.700950345428
140.84381,0.430961,-65.610641,15746.054354,15748.340932661422
140.85381,0.430143,-65.60717,15745.398265,15747.577986969876
140.86381,0.429343,-65.603698,15744.74221,15744.598549027449
140.87381,0.428561,-65.600225,15744.086191,15744.484961670278
140.88381,0.427797,-65.596752,15743.430206,15744.105389679602
140.89381,0.42705,-65.593277,15742.774256,15744.182204844865
140.90381,0.426322,-65.589802,15742.11834,15743.965074513362
140.91381,0.425611,-65.586326,15741.462459,15743.011468676348
140.92381,0.424919,-65.582849,15740.806614,15742.2070006352
140.93381,0.424244,-65.579372,15740.150802,15742.323359018012
140.94381,0.423588,-65.575893,15739.495026,15740.882352812103
140.95381,0.422949,-65.572414,15738.839285,15741.19811685862
140.96381,0.422328,-65.568934,15738.183578,15741.774921382777
140.97381,0.421725,-65.565453,15737.527906,15736.81221945267
140.98381,0.421141,-65.561971,15736.872269,15740.12644777675
140.99381,0.420574,-65.558489,15736.216667,15738.684311123217
141.00381,0.420025,-65.555005,15735.561099,15737.073291783989
141.01381,0.419494,-65.551521,15734.905566,15736.54379078853
141.02381,0.418981,-65.548036,15734.250069,15737.283895742943
141.03381,0.418485,-65.54455,15733.594606,15736.672670861277
141.04381,0.418008,-65.541063,15732.939178,15733.998257191037
141.05381,0.417549,-65.537575,15732.283784,15734.201598078582
141.06381,0.417107,-65.534087,15731.628426,15732.623262077717
141.07381,0.416683,-65.530597,15730.973103,15731.478908383568
141.08381,0.416277,-65.527107,15730.317814,15731.192653489055
141.09381,0.415889,-65.523616,15729.662561,15729.694304297582
141.10381,0.415519,-65.520124,15729.007342,15731.455996245577
141.11381,0.415166,-65.516631,15728.352158,15729.891739773833
141.12381,0.414831,-65.513138,15727.697009,15731.71823568086
141.13381,0.414514,-65.509643,15727.041895,15729.967374912409
141.14381,0.414214,-65.506148,15726.386816,15728.117793765463
141.15381,0.413931,-65.502651,15725.731772,15726.970828337999
141.16381,0.413667,-65.499154,15725.076763,15726.302946705247
141.17381,0.413419,-65.495656,15724.421789,15726.60698643816
141.18381,0.41319,-65.492157,15723.76685,15727.731512484657
141.19381,0.412977,-65.488657,15723.111946,15724.975475335024
141.20381,0.412782,-65.485157,15722.457077,15723.695762148864
141.21381,0.412604,-65.481655,15721.802243,15721.47395429373
141.22381,0.412444,-65.478153,15721.147444,15724.958589698874
141.23381,0.4123,-65.474649,15720.49268,15721.183186597087
141.24381,0.412174,-65.471145,15719.837951,15723.064529981777
141.25381,0.412065,-65.46764,15719.183257,15721.150795143538
141.26381,0.411973,-65.464134,15718.528598,15722.15067500703
141.27381,0.411897,-65.460627,15717.873974,15721.702522065189
141.28381,0.411839,-65.457119,15717.219386,15719.345881927058
141.29381,0.411797,-65.45361,15716.564832,15718.368696083966
141.30381,0.411772,-65.4501,15715.910314,15720.49470109245
141.31381,0.411764,-65.44659,15715.25583,15719.11715423146
141.32381,0.411772,-65.443078,15714.601382,15714.540502191347
141.33381,0.411797,-65.439566,15713.946969,15713.5742985583
141.34381,0.411839,-65.436053,15713.29259,15716.976584090839
141.35381,0.411896,-65.432538,15712.638247,15713.586669457965
141.36381,0.41197,-65.429023,15711.98394,15714.00707603348
141.37381,0.41206,-65.425507,15711.329667,15712.777065222237
141.38381,0.412166,-65.42199,15710.67543,15711.699591253164
141.39381,0.412289,-65.418472,15710.021227,15713.511997215259
141.40381,0.412427,-65.414954,15709.36706,15709.634581880018
141.41381,0.412581,-65.411434,15708.712928,15711.996706167683
141.42381,0.412751,-65.407913,15708.058831,15707.797735831049
141.43381,0.412936,-65.404392,15707.40477,15709.929661588847
141.44381,0.413137,-65.400869,15706.750744,15706.406038867157
141.45381,0.413354,-65.397346,15706.096752,15707.972760054312
141.46381,0.413586,-65.393821,15705.442797,15708.877987771351
141.47381,0.413833,-65.390296,15704.788876,15705.781965000715
141.48381,0.414095,-65.38677,15704.134991,15703.870777673497
141.49381,0.414373,-65.383243,15703.481141,15703.989197054292
141.50381,0.414665,-65.379715,15702.827326,15704.406918848901
141.51381,0.414973,-65.376186,15702.173546,15702.792173807966
141.52381,0.415295,-65.372656,15701.519802,15703.752165835589
141.53381,0.415632,-65.369125,15700.866093,15704.957462921273
141.54381,0.415983,-65.365593,15700.21242,15703.484310225123
141.55381,0.416349,-65.36206,15699.558781,15702.558464828224
141.56381,0.41673,-65.358527,15698.905178,15699.951387856405
141.57381,0.417124,-65.354992,15698.251611,15701.305414359116
141.58381,0.417533,-65.351457,15697.598079,15702.735173853911
141.59381,0.417956,-65.34792,15696.944582,15698.363499482432
141.60381,0.418393,-65.344383,15696.29112,15696.70366064225
141.61381,0.418844,-65.340844,15695.637694,15696.069347132103
141.62381,0.419308,-65.337305,15694.984303,15697.157140105819
141.63381,0.419786,-65.333765,15694.330948,15694.927028616621
141.64381,0.420278,-65.330224,15693.677628,15695.945182068937
141.65381,0.420783,-65.326681,15693.024344,15695.018880270376
141.66381,0.421301,-65.323138,15692.371094,15692.414445772854
141.67381,0.421833,-65.319594,15691.717881,15693.327092720847
141.68381,0.422377,-65.316049,15691.064703,15690.846843175723
141.69381,0.422934,-65.312504,15690.41156,15691.854364228973
141.70381,0.423505,-65.308957,15689.758452,15692.56556929214
141.71381,0.424088,-65.305409,15689.105381,15690.640526673931
141.72381,0.424683,-65.30186,15688.452344,15688.201459960394
141.73381,0.425291,-65.29831,15687.799343,15691.628378040246
141.74381,0.425912,-65.29476,15687.146378,15690.265756558001
141.75381,0.426544,-65.291208,15686.493448,15686.512300761537
141.76381,0.427189,-65.287656,15685.840554,15685.758287514198
141.77381,0.427846,-65.284102,15685.187695,15687.554965068512
141.78381,0.428515,-65.280548,15684.534872,15687.799066398638
141.79381,0.429195,-65.276992,15683.882084,15685.083489638982
141.80381,0.429888,-65.273436,15683.229332,15685.51342026489
141.81381,0.430591,-65.269879,15682.576615,15684.879278577268
141.82381,0.431307,-65.266321,15681.923934,15683.481167101241
141.83381,0.432033,-65.262762,15681.271289,15682.43627394643
141.84381,0.432771,-65.259201,15680.618679,15683.442037204308
141.85381,0.43352,-65.25564,15679.966105,15679.304955858912
141.86381,0.434279,-65.252078,15679.313566,15681.314861737786
141.87381,0.43505,-65.248515,15678.661063,15678.865302530898
141.88381,0.435832,-65.244952,15678.008596,15681.201852512333
141.89381,0.436624,-65.241387,15677.356164,15679.764495919768
141.90381,0.437426,-65.237821,15676.703768,15676.695849570879
141.91381,0.438239,-65.234254,15676.051408,15677.124775227061
141.92381,0.439062,-65.230686,15675.399083,15676.136837881464
141.93381,0.439896,-65.227118,15674.746794,15674.646863725015
141.94381,0.440739,-65.223548,15674.094541,15675.562516293958
141.95381,0.441593,-65.219978,15673.442323,15675.639381198089
141.96381,0.442456,-65.216406,15672.790141,15674.437471595698
141.97381,0.443376,-65.212834,15672.137995,15670.60860535355
141.98381,0.444362,-65.20926,15671.485885,15672.16933769046
141.99381,0.445349,-65.205686,15670.83381,15673.814509804999
142.00381,0.446338,-65.20211,15670.181771,15672.30122776
142.01381,0.447329,-65.198534,15669.529768,15672.787403144628
142.02381,0.44832,-65.194957,15668.8778,15671.815909802435
142.03381,0.449314,-65.191378,15668.225869,15670.954168782662
142.04381,0.450308,-65.187799,15667.573973,15670.033938663471
142.05381,0.451304,-65.184219,15666.922113,15669.28670901794
142.06381,0.452301,-65.180637,15666.270288,15665.91569778926
142.07381,0.453299,-65.177055,15665.6185,15670.022389924463
142.08381,0.454298,-65.173472,15664.966747,15667.167048000761
142.09381,0.455299,-65.169888,15664.315031,15663.479180555509
142.10381,0.456301,-65.166302,15663.66335,15662.950733477617
142.11381,0.457303,-65.162716,15663.011704,15661.92290301055
142.12381,0.458307,-65.159129,15662.360095,15666.361835932707
142.13381,0.459312,-65.155541,15661.708522,15663.60414179311
142.14381,0.460318,-65.151952,15661.056984,15660.707571420484
142.15381,0.461325,-65.148362,15660.405483,15659.848349743768
142.16381,0.462333,-65.144771,15659.754017,15662.403291568731
142.17381,0.463342,-65.14118,15659.102587,15663.931221870844
142.18381,0.464352,-65.137587,15658.451194,15659.625980811994
142.19381,0.465362,-65.133993,15657.799836,15658.50803571517
142.20381,0.466374,-65.130399,15657.148514,15660.47133411528
142.21381,0.467386,-65.126803,15656.497228,15659.001344807697
142.22381,0.4684,-65.123207,15655.845978,15657.044395424451
142.23381,0.469414,-65.11961,15655.194764,15655.715039392458
142.24381,0.470429,-65.116012,15654.543585,15656.715593945682
142.25381,0.471444,-65.112413,15653.892443,15654.468304429813
142.26381,0.472461,-65.108813,15653.241337,15652.50954642634
142.27381,0.473478,-65.105212,15652.590267,15655.73442511146
142.28381,0.474495,-65.10161,15651.939233,15653.83680688115
142.29381,0.475514,-65.098007,15651.288235,15649.40751382692
142.30381,0.476533,-65.094404,15650.637273,15653.867415638768
142.31381,0.477552,-65.0908,15649.986347,15651.542031755434
142.32381,0.478573,-65.087194,15649.335457,15651.403454803554
142.33381,0.479593,-65.083588,15648.684603,15654.385793357409
142.34381,0.480615,-65.079981,15648.033785,15648.589547860787
142.35381,0.481637,-65.076373,15647.383003,15650.22547867153
142.36381,0.482659,-65.072765,15646.732258,15650.272686274653
142.37381,0.483682,-65.069155,15646.081548,15648.219933362874
142.38381,0.484705,-65.065544,15645.430875,15647.084182684986
142.39381,0.485729,-65.061933,15644.780237,15646.948425550821
142.40381,0.486753,-65.058321,15644.129636,15645.684332180224
142.41381,0.487778,-65.054708,15643.479071,15647.311782747378
142.42381,0.488803,-65.051094,15642.828542,15646.03012288163
142.43381,0.489828,-65.04748,15642.178049,15646.150482135505
142.44381,0.490854,-65.043864,15641.527592,15644.874979892502
142.45381,0.49188,-65.040248,15640.877172,15645.53667372124
142.46381,0.492906,-65.036631,15640.226787,15643.34307423233
142.47381,0.493933,-65.033013,15639.576439,15643.908004290979
142.48381,0.49496,-65.029394,15638.926127,15639.527744927775
142.49381,0.495987,-65.025775,15638.275851,15639.343830357073
142.50381,0.497015,-65.022154,15637.625611,15640.32741788165
142.51381,0.498042,-65.018533,15636.975408,15640.780248395908
142.52381,0.49907,-65.014911,15636.325241,15637.139998147077
142.53381,0.500098,-65.011288,15635.67511,15634.731011685102
142.54381,0.501127,-65.007665,15635.025015,15634.820528435337
142.55381,0.502155,-65.00404,15634.374956,15637.113004054629
142.56381,0.503155,-65.000415,15633.724934,15632.480108008149
142.57381,0.504117,-64.99679,15633.074948,15634.84700294349
142.58381,0.50508,-64.993165,15632.424998,15634.666698833842
142.59381,0.506043,-64.98954,15631.775085,15634.365791072838
142.60381,0.507006,-64.985916,15631.125208,15631.862049969253
142.61381,0.507971,-64.982291,15630.475367,15630.058313918289
142.62381,0.508935,-64.978666,15629.825562,15631.129765516403
142.63381,0.5099,-64.975042,15629.175793,15630.155794785233
142.64381,0.510866,-64.971418,15628.526061,15633.824400102596
142.65381,0.511831,-64.967794,15627.876365,15628.380272312577
142.66381,0.512798,-64.96417,15627.226705,15629.188456777565
142.67381,0.513764,-64.960546,15626.577081,15627.042613237063
142.68381,0.514731,-64.956922,15625.927494,15629.147646943058
142.69381,0.515699,-64.953298,15625.277943,15628.039057777132
142.70381,0.516666,-64.949675,15624.628428,15624.657633435188
142.71381,0.517634,-64.946052,15623.97895,15625.125880420499
142.72381,0.518603,-64.942428,15623.329507,15624.72503695701
142.73381,0.519571,-64.938805,15622.680101,15624.06456523295
142.74381,0.52054,-64.935182,15622.030731,15624.216476708101
142.75381,0.521509,-64.931559,15621.381397,15621.349918769176
142.76381,0.522478,-64.927937,15620.7321,15619.868301038074
142.77381,0.523448,-64.924314,15620.082839,15621.664582167183
142.78381,0.524418,-64.920692,15619.433614,15622.381675416871
142.79381,0.524977,-64.917069,15618.784425,15620.820903621714
142.80381,0.525228,-64.913448,15618.135272,15621.789372993326
142.81381,0.525479,-64.909826,15617.486156,15617.831913582513
142.82381,0.52573,-64.906205,15616.837076,15618.494237306402
142.83381,0.52598,-64.902585,15616.188032,15619.117530314472
142.84381,0.52623,-64.898965,15615.539024,15617.691567250999
142.85381,0.52648,-64.895346,15614.890052,15619.372352465942
142.86381,0.526729,-64.891727,15614.241117,15613.574605394691
142.87381,0.526978,-64.888109,15613.592218,15614.76340616039
142.88381,0.527227,-64.884491,15612.943355,15615.565844853043
142.89381,0.527475,-64.880874,15612.294528,15614.587393948845
142.90381,0.527723,-64.877257,15611.645737,15612.699326259904
142.91381,0.527971,-64.87364,15610.996983,15613.921266325982
142.92381,0.528219,-64.870025,15610.348265,15612.069691824527
142.93381,0.528466,-64.866409,15609.699582,15612.183573516457
142.94381,0.528713,-64.862795,15609.050936,15610.303329926435
142.95381,0.528959,-64.85918,15608.402327,15609.302635579554
142.96381,0.529205,-64.855566,15607.753753,15610.095872316699
142.97381,0.529451,-64.851953,15607.105215,15610.402172385946
142.98381,0.529696,-64.84834,15606.456714,15612.4269135112
142.99381,0.529941,-64.844728,15605.808248,15607.28649712848
143.00381,0.530186,-64.841116,15605.159819,15604.971516613135
143.01381,0.530431,-64.837505,15604.511426,15604.509816214044
143.02381,0.530675,-64.833894,15603.863069,15606.109072453988
143.03381,0.530919,-64.830284,15603.214748,15604.650377472224
143.04381,0.531162,-64.826674,15602.566463,15607.583213657806
143.05381,0.531405,-64.823065,15601.918215,15602.888524089461
143.06381,0.531648,-64.819456,15601.270002,15601.976203093913
143.07381,0.531891,-64.815848,15600.621826,15603.075326297783
143.08381,0.532133,-64.812241,15599.973685,15603.588279155503
143.09381,0.532375,-64.808634,15599.325581,15599.159200818814
143.10381,0.532616,-64.805027,15598.677512,15601.060213420264
143.11381,0.532857,-64.801421,15598.02948,15600.34480823215
143.12381,0.533098,-64.797815,15597.381484,15603.323538566743
143.13381,0.533339,-64.79421,15596.733524,15602.365246837884
143.14381,0.533579,-64.790606,15596.0856,15597.18464389404
143.15381,0.533819,-64.787002,15595.437712,15595.630573877525
143.16381,0.534058,-64.783398,15594.78986,15595.476741365934
143.17381,0.534297,-64.779795,15594.142044,15594.782648499171
143.18381,0.534536,-64.776193,15593.494264,15595.87120539277
143.19381,0.534775,-64.772591,15592.84652,15594.756531245755
143.20381,0.535013,-64.768989,15592.198812,15592.449040992275
143.21381,0.535251,-64.765388,15591.55114,15591.410421817778
143.22381,0.535489,-64.761788,15590.903504,15592.175039862921
143.23381,0.535726,-64.758188,15590.255904,15592.321663441182
143.24381,0.535963,-64.754589,15589.60834,15590.196467730038
143.25381,0.536199,-64.75099,15588.960813,15591.817373238122
143.26381,0.536435,-64.747392,15588.313321,15589.455566035416
143.27381,0.536671,-64.743794,15587.665865,15588.04860761293
143.28381,0.536907,-64.740197,15587.018445,15588.367480943622
143.29381,0.537142,-64.736601,15586.371061,15586.316750224396
143.30381,0.537377,-64.733004,15585.723713,15586.570900358027
143.31381,0.537612,-64.729409,15585.076401,15587.86202858432
143.32381,0.537846,-64.725814,15584.429125,15586.317562498854
143.33381,0.53808,-64.722219,15583.781884,15585.288591813394
143.34381,0.538314,-64.718625,15583.13468,15583.917325824352
143.35381,0.538547,-64.715032,15582.487512,15584.353444082017
143.36381,0.53878,-64.711439,15581.84038,15581.88319676443
143.37381,0.539013,-64.707847,15581.193283,15582.165934024655
143.38381,0.539245,-64.704255,15580.546223,15583.12105727648
143.39381,0.539477,-64.700664,15579.899198,15580.857188001182
143.40381,0.539709,-64.697073,15579.252209,15577.807347860751
143.41381,0.53994,-64.693483,15578.605257,15580.84282049828
143.42381,0.540171,-64.689893,15577.95834,15580.133386605825
143.43381,0.540402,-64.686304,15577.311459,15578.090769005004
143.44381,0.540632,-64.682715,15576.664614,15577.488002515016
143.45381,0.540862,-64.679127,15576.017804,15577.039471732165
143.46381,0.541092,-64.67554,15575.371031,15577.996796328449
143.47381,0.541321,-64.671953,15574.724294,15578.459260319449
143.48381,0.54155,-64.668366,15574.077592,15573.33474809163
143.49381,0.541779,-64.664781,15573.430926,15575.757350514607
143.50381,0.542007,-64.661195,15572.784296,15574.421063754206
143.51381,0.542235,-64.65761,15572.137702,15574.30930519702
143.52381,0.542463,-64.654026,15571.491144,15572.94887288903
143.53381,0.54269,-64.650443,15570.844622,15570.143585616766
143.54381,0.542917,-64.646859,15570.198135,15573.159925630063
143.55381,0.543144,-64.643277,15569.551685,15572.016257880903
143.56381,0.54337,-64.639695,15568.90527,15571.795644297566
143.57381,0.543597,-64.636113,15568.258891,15570.251545862771
143.58381,0.543822,-64.632533,15567.612548,15566.215613599556
143.59381,0.544048,-64.628952,15566.96624,15567.548036988106
143.60381,0.544273,-64.625372,15566.319968,15567.546338425258
143.61381,0.544139,-64.621793,15565.673733,15567.726071851675
143.62381,0.543322,-64.618215,15565.027533,15564.586479109683
143.63381,0.542508,-64.614638,15564.381368,15564.294165469204
143.64381,0.541697,-64.611062,15563.73524,15563.365774737742
143.65381,0.540888,-64.607487,15563.089147,15565.653281960309
143.66381,0.540083,-64.603913,15562.44309,15566.065332976572
143.67381,0.53928,-64.60034,15561.797069,15562.90659349368
143.68381,0.53848,-64.596768,15561.151083,15562.938030067273
143.69381,0.537683,-64.593198,15560.505134,15560.511445505574
143.70381,0.536888,-64.589628,15559.859219,15561.601928566903
143.71381,0.536097,-64.586059,15559.213341,15560.836840341664
143.72381,0.535308,-64.582492,15558.567498,15559.702689444923
143.73381,0.534522,-64.578925,15557.921691,15559.388158393334
143.74381,0.533739,-64.57536,15557.27592,15558.856524056906
143.75381,0.532958,-64.571796,15556.630184,15560.457669178235
143.76381,0.532181,-64.568232,15555.984484,15557.083757594672
143.77381,0.531406,-64.56467,15555.338819,15555.17615686915
143.78381,0.530634,-64.561109,15554.69319,15554.454520550333
143.79381,0.529864,-64.557549,15554.047597,15551.769007063667
143.80381,0.529098,-64.55399,15553.402039,15552.257775671096
143.81381,0.528334,-64.550432,15552.756517,15553.456428388723
143.82381,0.527573,-64.546875,15552.111031,15554.159646269365
143.83381,0.526815,-64.543319,15551.46558,15551.041422280809
143.84381,0.526059,-64.539764,15550.820164,15553.759128897585
143.85381,0.525306,-64.53621,15550.174784,15549.87817114155
143.86381,0.524556,-64.532657,15549.52944,15551.357578221905
143.87381,0.523809,-64.529105,15548.884131,15550.033967290648
143.88381,0.523065,-64.525554,15548.238858,15552.508161872527
143.89381,0.522323,-64.522004,15547.59362,15548.369788818736
143.90381,0.521584,-64.518455,15546.948418,15548.28127800262
143.91381,0.520848,-64.514907,15546.303251,15547.292299084978
143.92381,0.520114,-64.51136,15545.65812,15549.901350235195
143.93381,0.519383,-64.507814,15545.013024,15546.286923575795
143.94381,0.518655,-64.504269,15544.367964,15542.716089345682
143.95381,0.51793,-64.500726,15543.722939,15545.350975243451
143.96381,0.517207,-64.497183,15543.077949,15544.040945237275
143.97381,0.516488,-64.493641,15542.432995,15543.795245262616
143.98381,0.51577,-64.4901,15541.788076,15541.037049609948
143.99381,0.515056,-64.48656,15541.143193,15541.271114287245
144.00381,0.514344,-64.483021,15540.498345,15544.421528918308
144.01381,0.513635,-64.479483,15539.853532,15540.593534380778
144.02381,0.512929,-64.475946,15539.208755,15541.820840032051
144.03381,0.512226,-64.47241,15538.564014,15540.543948405957
144.04381,0.511525,-64.468875,15537.919307,15539.869847536958
144.05381,0.510827,-64.465341,15537.274636,15538.531297401787
144.06381,0.510131,-64.461808,15536.63,15536.69307785678
144.07381,0.509439,-64.458276,15535.9854,15539.353052827855
144.08381,0.508749,-64.454744,15535.340835,15536.864329818149
144.09381,0.508061,-64.451214,15534.696305,15533.911552132076
144.10381,0.507377,-64.447685,15534.051811,15533.24897493896
144.11381,0.506695,-64.444157,15533.407351,15535.07288017434
144.12381,0.506015,-64.440629,15532.762927,15534.674936961244
144.13381,0.505339,-64.437103,15532.118539,15532.944424927091
144.14381,0.504665,-64.433577,15531.474185,15531.591983864799
144.15381,0.503994,-64.430053,15530.829867,15528.79015883365
144.16381,0.503325,-64.426529,15530.185584,15532.35348412882
144.17381,0.50266,-64.423007,15529.541337,15527.948493919717
144.18381,0.501996,-64.419485,15528.897124,15530.70447123399
144.19381,0.501336,-64.415964,15528.252947,15530.472758838136
144.20381,0.500681,-64.412444,15527.608805,15529.844566141497
144.21381,0.50003,-64.408926,15526.964698,15528.907868745617
144.22381,0.499382,-64.405407,15526.320626,15527.067992718983
144.23381,0.498737,-64.40189,15525.67659,15524.289916947939
144.24381,0.498095,-64.398374,15525.032589,15526.415009813374
144.25381,0.497455,-64.394858,15524.388622,15524.462705921746
144.26381,0.496817,-64.391344,15523.744691,15526.774015254805
144.27381,0.496183,-64.38783,15523.100795,15525.91575381636
144.28381,0.495551,-64.384317,15522.456935,15523.4892638282
144.29381,0.494921,-64.380805,15521.813109,15523.967046238842
144.30381,0.494295,-64.377294,15521.169319,15522.53660759034
144.31381,0.493671,-64.373783,15520.525563,15519.440946338258
144.32381,0.493049,-64.370274,15519.881843,15520.275340158083
144.33381,0.49243,-64.366765,15519.238158,15520.024774954196
144.34381,0.491814,-64.363257,15518.594508,15521.295655192305
144.35381,0.4912,-64.35975,15517.950893,15518.380069228095
144.36381,0.490589,-64.356244,15517.307313,15518.92560799914
144.37381,0.489981,-64.352739,15516.663768,15518.935659888612
144.38381,0.489375,-64.349234,15516.020258,15516.806168729714
144.39381,0.488772,-64.34573,15515.376783,15516.0551165434
144.40381,0.488171,-64.342228,15514.733343,15517.17904560382
144.41381,0.487573,-64.338726,15514.089939,15514.764308847483
144.42381,0.486978,-64.335224,15513.446569,15515.81021645016
144.43381,0.486385,-64.331724,15512.803234,15516.553452127373
144.44381,0.485795,-64.328224,15512.159934,15515.339905724693
144.45381,0.485207,-64.324726,15511.51667,15512.826746396948
144.46381,0.484622,-64.321228,15510.87344,15514.517893760632
144.47381,0.48404,-64.317731,15510.230245,15510.309257894032
144.48381,0.48346,-64.314234,15509.587085,15508.712956480766
144.49381,0.482882,-64.310739,15508.94396,15510.850983937018
144.50381,0.482308,-64.307244,15508.30087,15508.803732857552
144.51381,0.481735,-64.30375,15507.657815,15508.270061377767
144.52381,0.481166,-64.300257,15507.014795,15509.365305943269
144.53381,0.480599,-64.296765,15506.37181,15507.640265582351
144.54381,0.480034,-64.293274,15505.72886,15509.846385296116
144.55381,0.479472,-64.289783,15505.085945,15505.614211393571
144.56381,0.478913,-64.286293,15504.443064,15505.69856374665
144.57381,0.478356,-64.282804,15503.800219,15505.520308237337
144.58381,0.477802,-64.279316,15503.157408,15506.326708795532
144.59381,0.47725,-64.275829,15502.514633,15505.072683482204
144.60381,0.476701,-64.272342,15501.871892,15504.413690423586
144.61381,0.476154,-64.268856,15501.229186,15502.166725471876
144.62381,0.47561,-64.265371,15500.586515,15503.05914790957
144.63381,0.475068,-64.261887,15499.943878,15499.426509490451
144.64381,0.474529,-64.258403,15499.301277,15499.670218243873
144.65381,0.473992,-64.254921,15498.65871,15499.651049989947
144.66381,0.473458,-64.251439,15498.016178,15503.549268028193
144.67381,0.472927,-64.247958,15497.373681,15496.697753950571
144.68381,0.472397,-64.244477,15496.731219,15494.946287835846
144.69381,0.471871,-64.240998,15496.088792,15498.506487757199
144.70381,0.471347,-64.237519,15495.446399,15495.917886934927
144.71381,0.470825,-64.234041,15494.804042,15495.943925734111
144.72381,0.470306,-64.230564,15494.161719,15495.485854461507
144.73381,0.469789,-64.227087,15493.51943,15492.754360575946
144.74381,0.469275,-64.223611,15492.877177,15492.964346556608
144.75381,0.468764,-64.220136,15492.234958,15496.064026888247
144.76381,0.468255,-64.216662,15491.592774,15493.006157936405
144.77381,0.467748,-64.213189,15490.950625,15490.730434376424
144.78381,0.467244,-64.209716,15490.30851,15493.129677400097
144.79381,0.466742,-64.206244,15489.66643,15490.185040675275
144.80381,0.466243,-64.202773,15489.024385,15490.845321269015
144.81381,0.465746,-64.199303,15488.382375,15491.649682692565
144.82381,0.465252,-64.195833,15487.740399,15488.320405555502
144.83381,0.46476,-64.192365,15487.098458,15488.767889595192
144.84381,0.46427,-64.188897,15486.456552,15485.206680983356
144.85381,0.463783,-64.185429,15485.81468,15487.339078612034
144.86381,0.463299,-64.181963,15485.172843,15487.7008565713
144.87381,0.462816,-64.178497,15484.531041,15483.84586036381
144.88381,0.462337,-64.175032,15483.889274,15483.105170208202
144.89381,0.46186,-64.171567,15483.247541,15484.676683766893
144.90381,0.461385,-64.168104,15482.605842,15483.854275583595
144.91381,0.460912,-64.164641,15481.964178,15483.728807039442
144.92381,0.460442,-64.161179,15481.322549,15483.948417567788
144.93381,0.459975,-64.157718,15480.680955,15482.177682295076
144.94381,0.45951,-64.154257,15480.039395,15480.811086396972
144.95381,0.459047,-64.150797,15479.39787,15480.338660536143
144.96381,0.458587,-64.147338,15478.756379,15481.325057153854
144.97381,0.458129,-64.14388,15478.114923,15478.314421693745
144.98381,0.457673,-64.140422,15477.473501,15477.406185258238
144.99381,0.45722,-64.136965,15476.832114,15481.816068384896
145.00381,0.456769,-64.133509,15476.190762,15476.09327077989
145.01381,0.456321,-64.130054,15475.549444,15478.408849504342
145.02381,0.455875,-64.126599,15474.908161,15474.27200318198
145.03381,0.455431,-64.123145,15474.266912,15477.498358518596
145.04381,0.45499,-64.119692,15473.625698,15473.638858488923
145.05381,0.454551,-64.116239,15472.984518,15472.162465485404
145.06381,0.454114,-64.112788,15472.343373,15473.411580135604
145.07381,0.45368,-64.109336,15471.702263,15471.164749036296
145.08381,0.453249,-64.105886,15471.061187,15473.555049510554
145.09381,0.452819,-64.102437,15470.420145,15469.723122329773
145.10381,0.452392,-64.098988,15469.779138,15471.122939085866
145.11381,0.451967,-64.095539,15469.138165,15469.610671560891
145.12381,0.451545,-64.092092,15468.497227,15470.24035605975
145.13381,0.451125,-64.088645,15467.856323,15468.4209137975
145.14381,0.450707,-64.085199,15467.215454,15466.962936855105
145.15381,0.450292,-64.081754,15466.574619,15466.481996484228
145.16381,0.449878,-64.078309,15465.933819,15468.408526627738
145.17381,0.449468,-64.074865,15465.293053,15464.422135085595
145.18381,0.449059,-64.071422,15464.652322,15466.818001946289
145.19381,0.448653,-64.06798,15464.011625,15466.047955377131
145.20381,0.448249,-64.064538,15463.370962,15464.74550787203
145.21381,0.447848,-64.061097,15462.730334,15464.734289532062
145.22381,0.447448,-64.057657,15462.08974,15464.84228729396
145.23381,0.447051,-64.054217,15461.449181,15462.269420089402
145.24381,0.446657,-64.050778,15460.808656,15465.105416308495
145.25381,0.446264,-64.04734,15460.168165,15461.57776463108
145.26381,0.445874,-64.043902,15459.527709,15459.884248373892
145.27381,0.445486,-64.040465,15458.887287,15459.700765909942
145.28381,0.445101,-64.037029,15458.2469,15461.150691260338
145.29381,0.444717,-64.033594,15457.606547,15460.821498002588
145.30381,0.444336,-64.030159,15456.966228,15458.990194917153
145.31381,0.443958,-64.026725,15456.325943,15458.243865736373
145.32381,0.443581,-64.023292,15455.685693,15456.678795139542
145.33381,0.443207,-64.019859,15455.045478,15456.819372137687
145.34381,0.442835,-64.016427,15454.405296,15454.192086100426
145.35381,0.442465,-64.012996,15453.765149,15455.988125497019
145.36381,0.442097,-64.009565,15453.125036,15454.67518634052
145.37381,0.441732,-64.006136,15452.484958,15452.254669142003
145.38381,0.441369,-64.002706,15451.844914,15453.392320780564
145.39381,0.441008,-63.999278,15451.204904,15453.05390566544
145.40381,0.440649,-63.99585,15450.564928,15452.930533525157
145.41381,0.440293,-63.992423,15449.924987,15450.609318383438
145.42381,0.439938,-63.988996,15449.28508,15450.583448308313
145.43381,0.439586,-63.985571,15448.645207,15447.688404776907
145.44381,0.439236,-63.982146,15448.005368,15448.971092850814
145.45381,0.438889,-63.978721,15447.365564,15447.695252449048
145.46381,0.438543,-63.975297,15446.725794,15447.877785181987
145.47381,0.4382,-63.971874,15446.086058,15444.27882620756
145.48381,0.437859,-63.968452,15445.446356,15444.99373951276
145.49381,0.43752,-63.96503,15444.806689,15445.556427704387
145.50381,0.437183,-63.961609,15444.167056,15445.630643185032
145.51381,0.436848,-63.958189,15443.527457,15446.61141997653
145.52381,0.436516,-63.954769,15442.887892,15444.734182669925
145.53381,0.436186,-63.95135,15442.248361,15442.34084500126
145.54381,0.435857,-63.947932,15441.608865,15444.860145244083
145.55381,0.435531,-63.944514,15440.969403,15444.412897699785
145.56381,0.435208,-63.941097,15440.329975,15441.520634134578
145.57381,0.434886,-63.937681,15439.690581,15439.902145467167
145.58381,0.434566,-63.934265,15439.051221,15440.968508195494
145.59381,0.434249,-63.93085,15438.411895,15441.155072885429
145.60381,0.433933,-63.927436,15437.772604,15439.967342247683
145.61381,0.43362,-63.924023,15437.133347,15437.403437275509
145.62381,0.433309,-63.92061,15436.494123,15437.626867214796
145.63381,0.433,-63.917197,15435.854934,15437.56091689641
145.64381,0.432693,-63.913786,15435.21578,15434.362566432288
145.65381,0.432388,-63.910375,15434.576659,15433.531037640698
145.66381,0.432085,-63.906964,15433.937572,15434.325183840843
145.67381,0.431785,-63.903555,15433.298519,15434.637854852228
145.68381,0.431486,-63.900146,15432.659501,15435.196835966166
145.69381,0.43119,-63.896737,15432.020517,15432.762597265379
145.70381,0.430895,-63.89333,15431.381566,15431.069011917676
145.71381,0.430603,-63.889923,15430.74265,15432.561904547525
145.72381,0.430312,-63.886516,15430.103768,15429.026257932193
145.73381,0.430024,-63.88311,15429.46492,15431.133328001615
145.74381,0.429738,-63.879705,15428.826106,15431.35824673378
145.75381,0.429454,-63.876301,15428.187325,15431.148001136138
145.76381,0.429172,-63.872897,15427.54858,15430.202064843217
145.77381,0.428892,-63.869494,15426.909868,15426.887716561483
145.78381,0.428613,-63.866092,15426.27119,15428.602508275904
145.79381,0.428337,-63.86269,15425.632546,15429.14932293731
145.80381,0.428063,-63.859289,15424.993936,15424.581097697723
145.81381,0.427791,-63.855888,15424.35536,15425.469159357572
145.82381,0.427521,-63.852488,15423.716818,15423.755543278245
145.83381,0.427253,-63.849089,15423.07831,15424.67352447614
145.84381,0.426987,-63.845691,15422.439836,15423.257742711166
145.85381,0.426723,-63.842293,15421.801396,15423.936344954176
145.86381,0.426461,-63.838895,15421.16299,15418.334597428491
145.87381,0.426201,-63.835499,15420.524618,15422.153578644165
145.88381,0.425943,-63.832103,15419.88628,15420.473339910364
145.89381,0.425687,-63.828707,15419.247976,15419.358357348163
145.90381,0.425433,-63.825313,15418.609706,15424.037239528061
145.91381,0.425181,-63.821919,15417.97147,15419.595017721802
145.92381,0.424931,-63.818525,15417.333268,15417.343465060667
145.93381,0.424683,-63.815132,15416.6951,15417.714430818283
145.94381,0.424436,-63.81174,15416.056965,15417.767273722151
145.95381,0.424192,-63.808349,15415.418865,15418.442319487365
145.96381,0.42395,-63.804958,15414.780798,15415.448046273701
145.97381,0.423709,-63.801568,15414.142766,15414.845601015248
145.98381,0.423471,-63.798178,15413.504767,15416.575390259326
145.99381,0.423234,-63.794789,15412.866802,15413.087643302315
146.00381,0.422999,-63.791401,15412.228871,15413.05216953356
146.01381,0.422767,-63.788013,15411.590974,15412.791237273252
146.02381,0.422536,-63.784626,15410.953111,15412.224322046744
146.03381,0.422307,-63.78124,15410.315282,15414.644091603463
146.04381,0.422709,-63.777854,15409.677486,15412.051200413975
146.05381,0.423349,-63.774468,15409.039724,15409.561639534122
146.06381,0.42399,-63.771083,15408.401997,15410.41855990277
146.07381,0.424634,-63.767698,15407.764303,15409.169781002542
146.08381,0.42528,-63.764313,15407.126643,15408.324402027672
146.09381,0.425929,-63.760929,15406.489017,15408.355477163848
146.10381,0.426579,-63.757545,15405.851424,15406.026904651631
146.11381,0.427232,-63.754161,15405.213866,15407.597821645672
146.12381,0.427887,-63.750777,15404.576341,15406.745707122509
146.13381,0.428544,-63.747394,15403.93885,15407.047132593589
146.14381,0.429203,-63.744011,15403.301393,15405.122592551043
146.15381,0.429864,-63.740628,15402.66397,15403.534218898321
146.16381,0.430528,-63.737246,15402.026581,15407.26352288913
146.17381,0.431193,-63.733864,15401.389225,15404.21732878811
146.18381,0.43186,-63.730482,15400.751903,15402.590492653902
146.19381,0.43253,-63.727101,15400.114615,15401.190744205722
146.20381,0.433201,-63.723719,15399.477361,15399.549397659259
146.21381,0.433874,-63.720339,15398.840141,15402.294325488132
146.22381,0.434549,-63.716958,15398.202954,15401.536794760985
146.23381,0.435226,-63.713578,15397.565802,15401.092052209715
146.24381,0.435905,-63.710197,15396.928683,15399.814997502328
146.25381,0.436585,-63.706818,15396.291598,15399.223069911457
146.26381,0.437267,-63.703438,15395.654547,15398.356468741644
146.27381,0.437951,-63.700059,15395.017529,15398.415081759656
146.28381,0.438637,-63.69668,15394.380545,15394.617744108566
146.29381,0.439325,-63.693301,15393.743595,15397.992548238279
146.30381,0.440014,-63.689923,15393.106679,15393.92557705616
146.31381,0.440705,-63.686545,15392.469797,15390.472754930925
146.32381,0.441397,-63.683167,15391.832948,15389.766496863504
146.33381,0.442092,-63.67979,15391.196134,15392.526732765216
146.34381,0.442787,-63.676413,15390.559353,15393.737106796789
146.35381,0.443485,-63.673036,15389.922605,15392.997254328437
146.36381,0.444183,-63.669659,15389.285892,15390.574735052673
146.37381,0.444884,-63.666283,15388.649212,15387.773737127456
146.38381,0.445586,-63.662907,15388.012566,15390.819471071665
146.39381,0.446289,-63.659531,15387.375954,15389.833792665497
146.40381,0.446994,-63.656156,15386.739376,15387.681651756377
146.41381,0.4477,-63.65278,15386.102831,15384.471649071611
146.42381,0.448407,-63.649406,15385.46632,15386.978176867058
146.43381,0.449116,-63.646031,15384.829843,15386.481662523587
146.44381,0.449827,-63.642657,15384.193399,15386.899993297427
146.45381,0.450538,-63.639283,15383.55699,15385.117394739798
146.46381,0.451251,-63.635909,15382.920614,15383.439668729256
146.47381,0.451966,-63.632536,15382.284272,15382.1519900927
146.48381,0.452681,-63.629162,15381.647963,15380.827442424967
146.49381,0.453398,-63.62579,15381.011688,15383.612144665998
146.50381,0.454116,-63.622417,15380.375447,15380.457206761459
146.51381,0.454836,-63.619045,15379.73924,15380.47239574102
146.52381,0.455556,-63.615673,15379.103066,15382.26944100209
146.53381,0.456278,-63.612301,15378.466926,15378.262016579247
146.54381,0.457,-63.608929,15377.83082,15379.786976027954
146.55381,0.457724,-63.605558,15377.194748,15378.497786670261
146.56381,0.458449,-63.602188,15376.558709,15380.252594334941
146.57381,0.459176,-63.598817,15375.922704,15375.01610895464
146.58381,0.459903,-63.595447,15375.286733,15375.952951886873
146.59381,0.460631,-63.592077,15374.650795,15376.856942950553
146.60381,0.46136,-63.588707,15374.014891,15374.009783864809
146.61381,0.462091,-63.585338,15373.379021,15377.277999754711
146.62381,0.46283,-63.581968,15372.743185,15372.828556273398
146.63381,0.463581,-63.578599,15372.107382,15371.854351980586
146.64381,0.464332,-63.57523,15371.471613,15371.559568645105
146.65381,0.465085,-63.571861,15370.835877,15375.433364787697
146.66381,0.465839,-63.568492,15370.200175,15371.189236583416
146.67381,0.466593,-63.565124,15369.564507,15369.27714711472
146.68381,0.467348,-63.561755,15368.928873,15371.17388596347
146.69381,0.468104,-63.558386,15368.293272,15370.564188790262
146.70381,0.468861,-63.555017,15367.657705,15368.887390135898
146.71381,0.469618,-63.551648,15367.022172,15370.37711375595
146.72381,0.470376,-63.54828,15366.386672,15365.346030331668
146.73381,0.471135,-63.544911,15365.751206,15370.599527851176
146.74381,0.471894,-63.541543,15365.115774,15368.020750183761
146.75381,0.472654,-63.538174,15364.480375,15361.765620758602
146.76381,0.473415,-63.534806,15363.84501,15364.530519638225
146.77381,0.474176,-63.531437,15363.209679,15365.249496349657
146.78381,0.474938,-63.528069,15362.574382,15363.685290714437
146.79381,0.4757,-63.5247,15361.939118,15361.339995320986
146.80381,0.476463,-63.521332,15361.303888,15364.29379102478
146.81381,0.477227,-63.517964,15360.668691,15362.095498721628
146.82381,0.477991,-63.514596,15360.033528,15360.507911062663
146.83381,0.478756,-63.511228,15359.398399,15360.469954563849
146.84381,0.479521,-63.50786,15358.763304,15360.48582888341
146.85381,0.480287,-63.504492,15358.128242,15359.961009396962
146.86381,0.481053,-63.501124,15357.493214,15360.241425201755
146.87381,0.48182,-63.497756,15356.85822,15356.490568287476
146.88381,0.482587,-63.494388,15356.223259,15359.78110088966
146.89381,0.483355,-63.49102,15355.588332,15357.008853286587
146.90381,0.484123,-63.487653,15354.953438,15357.062092684711
146.91381,0.484891,-63.484285,15354.318579,15355.713799113988
146.92381,0.48566,-63.480918,15353.683753,15354.97877532552
146.93381,0.486429,-63.47755,15353.04896,15353.883536957934
146.94381,0.487199,-63.474183,15352.414202,15353.019483116963
146.95381,0.487969,-63.470815,15351.779477,15353.086638493178
146.96381,0.488739,-63.467448,15351.144785,15352.941981206332
146.97381,0.48951,-63.464081,15350.510128,15351.26772932195
146.98381,0.490281,-63.460714,15349.875504,15350.684194242427
146.99381,0.491052,-63.457347,15349.240914,15350.826771481941
147.00381,0.491824,-63.45398,15348.606357,15348.312152629094
147.01381,0.492596,-63.450613,15347.971834,15350.372119177946
147.02381,0.493368,-63.447246,15347.337345,15351.249408558857
147.03381,0.49414,-63.44388,15346.702889,15348.971500594454
147.04381,0.494913,-63.440513,15346.068467,15348.078196450168
147.05381,0.495686,-63.437146,15345.434079,15348.774472336781
147.06381,0.496459,-63.43378,15344.799724,15346.195092231415
147.07381,0.497232,-63.430414,15344.165403,15344.089628604706
147.08381,0.498006,-63.427047,15343.531116,15345.75744514732
147.09381,0.49878,-63.423681,15342.896862,15344.978240234308
147.10381,0.499554,-63.420315,15342.262642,15340.750703066386
147.11381,0.500328,-63.416949,15341.628456,15342.77991478376
147.12381,0.501102,-63.413583,15340.994303,15344.255045125628
147.13381,0.501876,-63.410217,15340.360184,15339.803527656288
147.14381,0.502651,-63.406851,15339.726099,15343.407248924561
147.15381,0.503425,-63.403485,15339.092047,15341.566580924558
147.16381,0.5042,-63.40012,15338.458029,15340.473928308704
147.17381,0.504975,-63.396754,15337.824045,15340.745835181477
147.18381,0.50575,-63.393389,15337.190094,15339.30163780532
147.19381,0.506525,-63.390024,15336.556177,15338.072159614909
147.20381,0.5073,-63.386658,15335.922294,15338.291006459118
147.21381,0.508075,-63.383293,15335.288444,15336.962824558354
147.22381,0.50885,-63.379928,15334.654628,15334.784654144376
147.23381,0.509626,-63.376563,15334.020845,15334.00745107035
147.24381,0.510401,-63.373199,15333.387097,15336.172557008176
147.25381,0.511176,-63.369834,15332.753381,15333.836623595693
147.26381,0.511951,-63.366469,15332.1197,15335.583999205322
147.27381,0.512727,-63.363105,15331.486052,15330.002181549266
147.28381,0.513502,-63.35974,15330.852438,15334.625745953204
147.29381,0.514277,-63.356376,15330.218857,15332.20768671788
147.30381,0.515053,-63.353012,15329.58531,15332.815180774049
147.31381,0.515828,-63.349648,15328.951797,15330.34225645523
147.32381,0.516603,-63.346284,15328.318317,15328.386925514556
147.33381,0.517378,-63.34292,15327.684871,15331.21606712998
147.34381,0.518153,-63.339556,15327.051459,15330.268196154331
147.35381,0.518928,-63.336193,15326.41808,15328.25294139925
147.36381,0.519703,-63.332829,15325.784735,15328.328474645097
147.37381,0.520477,-63.329466,15325.151424,15327.835543064954
147.38381,0.521252,-63.326102,15324.518146,15328.05161586786
147.39381,0.522027,-63.322739,15323.884902,15326.365519608275
147.40381,0.522801,-63.319376,15323.251691,15327.064951169796
147.41381,0.523575,-63.316013,15322.618514,15322.398948009331
147.42381,0.524349,-63.31265,15321.985371,15324.225508275522
147.43381,0.525123,-63.309288,15321.352261,15323.462376015617
147.44381,0.525897,-63.305925,15320.719185,15321.429236858206
147.45381,0.526671,-63.302563,15320.086142,15319.948889564608
147.46381,0.527444,-63.2992,15319.453134,15321.588752707185
147.47381,0.528218,-63.295838,15318.820158,15318.403150927954
147.48381,0.528991,-63.292476,15318.187217,15316.389333794445
147.49381,0.529764,-63.289114,15317.554309,15320.681874578206
147.50381,0.530537,-63.285753,15316.921435,15319.795154740468
147.51381,0.531309,-63.282391,15316.288594,15317.837192114775
147.52381,0.532081,-63.279029,15315.655787,15316.083385557891
147.53381,0.532853,-63.275668,15315.023013,15315.297209389892
147.54381,0.533625,-63.272307,15314.390273,15316.052971754905
147.55381,0.534397,-63.268946,15313.757567,15315.041441520483
147.56381,0.535168,-63.265585,15313.124895,15311.30942958593
147.57381,0.535939,-63.262224,15312.492255,15311.92605379672
147.58381,0.53671,-63.258863,15311.85965,15310.68706193482
147.59381,0.537481,-63.255502,15311.227078,15309.286837999154
147.60381,0.538251,-63.252142,15310.59454,15313.77028775056
147.61381,0.539021,-63.248782,15309.962035,15313.850118463555
147.62381,0.539791,-63.245422,15309.329564,15311.098424339418
147.63381,0.54056,-63.242062,15308.697127,15309.672212246824
147.64381,0.541329,-63.238702,15308.064723,15309.30004028014
147.65381,0.542098,-63.235342,15307.432353,15308.497649555984
147.66381,0.542867,-63.231982,15306.800016,15309.689556349664
147.67381,0.543635,-63.228623,15306.167713,15308.932470668069
147.68381,0.544403,-63.225264,15305.535444,15307.855453357166
147.69381,0.54517,-63.221905,15304.903208,15304.176640253609
147.70381,0.545938,-63.218546,15304.271006,15303.447253499622
147.71381,0.546704,-63.215187,15303.638837,15305.053463764849
147.72381,0.547471,-63.211828,15303.006702,15305.105914141323
147.73381,0.548237,-63.20847,15302.3746,15305.297988860486
147.74381,0.549003,-63.205112,15301.742533,15302.42247429571
147.75381,0.549768,-63.201753,15301.110498,15303.098082477185
147.76381,0.550533,-63.198395,15300.478498,15302.750004105328
147.77381,0.551298,-63.195038,15299.84653,15302.869981927699
147.78381,0.552062,-63.19168,15299.214597,15302.826813304502
147.79381,0.552826,-63.188322,15298.582697,15301.999001359709
147.80381,0.553589,-63.184965,15297.95083,15297.557788858687
147.81381,0.554352,-63.181608,15297.318997,15300.5978131183
147.82381,0.555115,-63.178251,15296.687198,15296.475104038536
147.83381,0.555877,-63.174894,15296.055432,15299.678051894596
147.84381,0.556639,-63.171537,15295.4237,15299.683241604667
147.85381,0.5574,-63.168181,15294.792002,15297.601578656058
147.86381,0.558161,-63.164824,15294.160337,15293.467983118026
147.87381,0.558922,-63.161468,15293.528705,15294.05112333804
147.88381,0.559682,-63.158112,15292.897107,15293.83567201446
147.89381,0.560441,-63.154756,15292.265543,15292.094970001657
147.90381,0.5612,-63.151401,15291.634012,15293.319767924226
147.91381,0.561959,-63.148045,15291.002515,15292.980549987084
147.92381,0.562717,-63.14469,15290.371051,15293.04251071329
147.93381,0.563475,-63.141335,15289.739621,15292.207499418315
147.94381,0.564232,-63.13798,15289.108225,15292.547483881062
147.95381,0.564989,-63.134625,15288.476862,15290.276845215263
147.96381,0.565745,-63.131271,15287.845532,15290.215724721025
147.97381,0.566501,-63.127916,15287.214236,15286.552960771076
147.98381,0.567256,-63.124562,15286.582974,15288.22190582808
147.99381,0.568011,-63.121208,15285.951745,15289.628180616715
148.00381,0.568765,-63.117854,15285.32055,15287.637617049282
148.01381,0.569519,-63.1145,15284.689388,15284.792896921716
148.02381,0.570272,-63.111147,15284.05826,15284.827942912705
148.03381,0.571025,-63.107794,15283.427165,15285.27492305287
148.04381,0.571777,-63.104441,15282.796104,15284.441183758392
148.05381,0.572529,-63.101088,15282.165076,15283.445633626941
148.06381,0.57328,-63.097735,15281.534082,15281.944991864022
148.07381,0.574031,-63.094383,15280.903121,15283.408217235032
148.08381,0.574781,-63.09103,15280.272194,15280.872141319414
148.09381,0.57553,-63.087678,15279.641301,15281.399403178037
148.10381,0.576279,-63.084326,15279.010441,15278.978665762726
148.11381,0.577028,-63.080975,15278.379614,15276.412315223159
148.12381,0.577776,-63.077623,15277.748821,15277.637832776954
148.13381,0.578523,-63.074272,15277.118062,15274.613724636924
148.14381,0.57927,-63.070921,15276.487336,15275.267947630231
148.15381,0.580016,-63.06757,15275.856643,15277.835185077258
148.16381,0.580762,-63.064219,15275.225984,15278.268695413171
148.17381,0.581507,-63.060869,15274.595359,15272.230529410284
148.18381,0.582251,-63.057518,15273.964767,15274.728686037244
148.19381,0.582995,-63.054168,15273.334209,15273.244815917462
148.20381,0.583739,-63.050818,15272.703684,15273.907192367065
148.21381,0.584481,-63.047469,15272.073192,15272.202311404048
148.22381,0.585224,-63.044119,15271.442734,15273.452624957405
148.23381,0.585965,-63.04077,15270.81231,15268.881808234555
148.24381,0.586706,-63.037421,15270.181919,15273.46948713155
148.25381,0.587446,-63.034072,15269.551561,15271.480804682385
148.26381,0.588186,-63.030724,15268.921237,15272.113611734072
148.27381,0.588925,-63.027375,15268.290947,15267.04155208229
148.28381,0.589664,-63.024027,15267.66069,15267.563253670958
148.29381,0.590402,-63.020679,15267.030466,15265.227594842177
148.30381,0.591139,-63.017332,15266.400276,15268.375446047305
148.31381,0.591876,-63.013984,15265.77012,15266.782151072373
148.32381,0.592612,-63.010637,15265.139997,15268.40899723925
148.33381,0.593347,-63.00729,15264.509907,15266.80472392227
148.34381,0.594082,-63.003943,15263.879851,15264.844436847023
148.35381,0.594816,-63.000597,15263.249828,15266.616587398872
148.36381,0.59555,-62.99725,15262.619839,15264.96379116264
148.37381,0.596282,-62.993904,15261.989883,15263.445932114208
148.38381,0.597015,-62.990558,15261.359961,15261.38798130088
148.39381,0.597746,-62.987213,15260.730072,15258.979814973378
148.40381,0.598477,-62.983867,15260.100217,15260.214335755742
148.41381,0.599207,-62.980522,15259.470395,15262.450784017125
148.42381,0.599937,-62.977177,15258.840606,15261.866567607049
148.43381,0.600762,-62.973832,15258.210851,15261.128132536789
148.44381,0.601786,-62.970488,15257.58113,15259.687322633785
148.45381,0.602809,-62.967143,15256.951441,15258.04169593219
148.46381,0.603831,-62.963799,15256.321787,15258.341491051044
148.47381,0.604853,-62.960454,15255.692165,15254.780435119414
148.48381,0.605874,-62.95711,15255.062578,15255.589716423898
148.49381,0.606895,-62.953766,15254.433023,15255.14529792019
148.50381,0.607914,-62.950421,15253.803502,15253.090510918126
148.51381,0.608933,-62.947077,15253.174015,15256.892125104434
148.52381,0.609951,-62.943733,15252.544561,15254.971992858642
148.53381,0.610969,-62.940389,15251.91514,15251.015870205827
148.54381,0.611985,-62.937045,15251.285753,15254.773566698983
148.55381,0.613001,-62.933701,15250.656399,15250.976215088338
148.56381,0.614017,-62.930358,15250.027079,15248.764227044665
148.57381,0.615031,-62.927014,15249.397792,15253.336637926597
148.58381,0.616045,-62.92367,15248.768539,15251.969778518536
148.59381,0.617057,-62.920327,15248.139319,15251.116661726051
148.60381,0.618069,-62.916983,15247.510132,15248.252410094308
148.61381,0.619081,-62.91364,15246.880979,15249.448249082752
148.62381,0.620091,-62.910297,15246.251859,15249.072960364301
148.63381,0.621101,-62.906954,15245.622773,15246.841696320807
148.64381,0.62211,-62.903611,15244.99372,15247.261713717218
148.65381,0.623118,-62.900268,15244.364701,15245.928114688686
148.66381,0.624125,-62.896925,15243.735715,15243.7313082784
148.67381,0.625131,-62.893582,15243.106762,15246.23454862819
148.68381,0.626137,-62.890239,15242.477843,15242.339000967528
148.69381,0.627142,-62.886897,15241.848958,15243.682701775013
148.70381,0.628146,-62.883554,15241.220105,15242.288562090696
148.71381,0.629149,-62.880212,15240.591286,15243.094744171924
148.72381,0.630151,-62.876869,15239.962501,15240.369714552191
148.73381,0.631152,-62.873527,15239.333749,15238.354544724392
148.74381,0.632153,-62.870185,15238.70503,15239.053302790942
148.75381,0.633153,-62.866843,15238.076345,15238.460614618303
148.76381,0.634151,-62.863501,15237.447694,15238.377336297499
148.77381,0.635149,-62.860159,15236.819075,15235.663583906342
148.78381,0.636146,-62.856818,15236.19049,15236.61097532602
148.79381,0.637143,-62.853476,15235.561939,15233.41202678739
148.80381,0.638138,-62.850135,15234.933421,15236.492400734543
148.81381,0.639132,-62.846793,15234.304936,15236.237361164349
148.82381,0.640126,-62.843452,15233.676485,15236.35739339471
148.83381,0.641118,-62.840111,15233.048067,15232.06668728583
148.84381,0.64211,-62.83677,15232.419683,15231.305317399641
148.85381,0.643101,-62.833429,15231.791332,15231.788218303307
148.86381,0.644091,-62.830088,15231.163014,15232.898335082715
148.87381,0.645079,-62.826747,15230.53473,15232.507327019652
148.88381,0.646067,-62.823407,15229.906479,15231.85714491124
148.89381,0.647055,-62.820066,15229.278262,15234.4332304303
148.90381,0.648041,-62.816726,15228.650078,15230.920492857837
148.91381,0.649026,-62.813386,15228.021927,15228.436338027152
148.92381,0.65001,-62.810046,15227.39381,15227.663002248053
148.93381,0.650994,-62.806706,15226.765727,15229.184492689034
148.94381,0.651976,-62.803366,15226.137676,15228.32821373631
148.95381,0.652957,-62.800026,15225.509659,15228.929987886288
148.96381,0.653938,-62.796687,15224.881676,15225.506149487734
148.97381,0.654917,-62.793347,15224.253725,15224.991814572617
148.98381,0.655896,-62.790008,15223.625809,15226.913259205396
148.99381,0.656874,-62.786669,15222.997925,15223.647381283066
149.00381,0.65785,-62.783329,15222.370075,15222.629258124049
149.01381,0.658818,-62.779991,15221.742259,15224.428892185544
149.02381,0.659775,-62.776652,15221.114475,15221.965737659904
149.03381,0.66073,-62.773314,15220.486726,15222.49748361388
149.04381,0.661685,-62.769977,15219.859009,15220.103489427944
149.05381,0.662638,-62.766639,15219.231326,15221.688141493638
149.06381,0.663591,-62.763303,15218.603676,15222.456578874671
149.07381,0.664543,-62.759967,15217.97606,15220.333734200258
149.08381,0.665494,-62.756631,15217.348477,15217.667075736548
149.09381,0.666444,-62.753296,15216.720927,15216.524467107558
149.10381,0.667393,-62.749961,15216.093411,15219.827929165644
149.11381,0.668341,-62.746627,15215.465928,15217.526172921609
149.12381,0.669289,-62.743293,15214.838479,15217.284480322545
149.13381,0.670235,-62.73996,15214.211062,15216.930287171495
149.14381,0.671181,-62.736627,15213.583679,15213.078139141506
149.15381,0.672126,-62.733294,15212.95633,15214.0327542265
149.16381,0.673069,-62.729962,15212.329014,15212.790156767907
149.17381,0.674012,-62.726631,15211.701731,15214.69908787785
149.18381,0.674954,-62.7233,15211.074481,15210.76865105024
149.19381,0.675895,-62.719969,15210.447265,15211.821754138322
149.20381,0.676835,-62.716639,15209.820082,15213.516557385492
149.21381,0.677774,-62.71331,15209.192932,15210.356828944745
149.22381,0.678712,-62.709981,15208.565815,15210.019689705838
149.23381,0.678378,-62.706652,15207.938732,15208.273412872491
149.24381,0.675965,-62.703326,15207.311682,15209.693958187692
149.25381,0.673557,-62.700002,15206.684666,15207.243513928213
149.26381,0.671156,-62.696681,15206.057682,15207.923281706673
149.27381,0.668761,-62.693363,15205.430732,15208.287058588436
149.28381,0.666372,-62.690047,15204.803815,15210.09295343331
149.29381,0.663989,-62.686734,15204.176931,15203.776018425857
149.30381,0.661612,-62.683424,15203.55008,15205.419129120897
149.31381,0.659242,-62.680116,15202.923263,15202.85517172341
149.32381,0.656877,-62.67681,15202.296478,15203.218124225828
149.33381,0.654519,-62.673507,15201.669726,15201.696443851415
149.34381,0.652167,-62.670207,15201.043008,15202.686185574014
149.35381,0.649821,-62.666909,15200.416322,15203.540714407554
149.36381,0.647481,-62.663613,15199.78967,15202.177046966546
149.37381,0.645148,-62.66032,15199.16305,15201.769615697203
149.38381,0.64282,-62.657029,15198.536463,15199.824772771479
149.39381,0.640499,-62.653741,15197.909909,15201.645847756938
149.40381,0.638184,-62.650455,15197.283388,15202.629214510018
149.41381,0.635875,-62.647172,15196.6569,15197.78907772815
149.42381,0.633572,-62.643891,15196.030445,15198.994908094928
149.43381,0.631275,-62.640613,15195.404022,15200.401117925207
149.44381,0.628985,-62.637336,15194.777633,15192.82582444912
149.45381,0.626701,-62.634063,15194.151276,15196.465154765756
149.46381,0.624423,-62.630791,15193.524951,15196.049829474967
149.47381,0.622152,-62.627522,15192.89866,15191.498800700614
149.48381,0.619886,-62.624255,15192.272401,15194.571481420322
149.49381,0.617627,-62.62099,15191.646175,15191.814868220807
149.50381,0.615374,-62.617728,15191.019981,15192.562782891966
149.51381,0.613128,-62.614468,15190.39382,15192.441538682728
149.52381,0.610887,-62.61121,15189.767692,15190.996535806142
149.53381,0.608653,-62.607955,15189.141596,15188.366735752219
149.54381,0.606426,-62.604701,15188.515533,15188.673524752967
149.55381,0.604204,-62.60145,15187.889502,15186.682989045748
149.56381,0.601989,-62.598201,15187.263504,15188.561469793587
149.57381,0.59978,-62.594954,15186.637538,15189.080316887255
149.58381,0.597578,-62.59171,15186.011605,15186.059328671987
149.59381,0.595382,-62.588467,15185.385704,15183.567990104371
149.60381,0.593192,-62.585227,15184.759835,15184.77258630471
149.61381,0.591009,-62.581989,15184.133999,15184.968444794453
149.62381,0.588832,-62.578753,15183.508195,15185.296606905684
149.63381,0.586661,-62.575519,15182.882424,15185.493916411659
149.64381,0.584497,-62.572287,15182.256685,15183.273447665419
149.65381,0.582339,-62.569058,15181.630978,15185.280833957475
149.66381,0.580188,-62.56583,15181.005304,15184.307449989761
149.67381,0.578043,-62.562604,15180.379662,15181.196748955608
149.68381,0.575904,-62.559381,15179.754052,15182.957186901016
149.69381,0.573772,-62.556159,15179.128474,15180.182135332388
149.70381,0.571647,-62.55294,15178.502929,15178.399529853992
149.71381,0.569527,-62.549722,15177.877415,15175.004750717351
149.72381,0.567415,-62.546507,15177.251934,15178.635620619118
149.73381,0.565309,-62.543293,15176.626485,15176.45350394379
149.74381,0.563209,-62.540082,15176.001068,15176.538958614177
149.75381,0.561116,-62.536872,15175.375684,15176.468374028213
149.76381,0.55903,-62.533665,15174.750331,15175.173959081601
149.77381,0.55695,-62.530459,15174.12501,15173.421666366889
149.78381,0.554876,-62.527255,15173.499722,15173.031433600454
149.79381,0.552809,-62.524053,15172.874465,15175.78181283055
149.80381,0.550749,-62.520853,15172.249241,15173.287696675965
149.81381,0.548694,-62.517655,15171.624048,15173.841972548615
149.82381,0.546646,-62.514459,15170.998887,15174.50622443078
149.83381,0.544603,-62.511265,15170.373759,15171.658370742627
149.84381,0.542568,-62.508073,15169.748662,15170.147181400342
149.85381,0.540539,-62.504882,15169.123597,15170.641826470797
149.86381,0.538517,-62.501694,15168.498565,15170.826115661475
149.87381,0.536501,-62.498507,15167.873563,15168.142772945102
149.88381,0.534493,-62.495322,15167.248594,15171.106680803734
149.89381,0.532491,-62.492139,15166.623657,15167.918202514089
149.90381,0.530495,-62.488958,15165.998752,15167.098154520641
149.91381,0.528507,-62.485778,15165.373878,15167.683459120652
149.92381,0.526525,-62.4826,15164.749036,15165.191698900944
149.93381,0.52455,-62.479425,15164.124226,15165.810550337232
149.94381,0.522582,-62.476251,15163.499448,15163.509278623493
149.95381,0.520621,-62.473078,15162.874701,15166.290468370958
149.96381,0.518666,-62.469908,15162.249986,15163.079956517891
149.97381,0.516719,-62.466739,15161.625303,15162.238980447435
149.98381,0.514778,-62.463572,15161.000651,15160.349103102224
149.99381,0.512844,-62.460406,15160.376031,15163.044209701606
150.00381,0.510917,-62.457243,15159.751443,15160.502928816648
150.01381,0.508997,-62.454081,15159.126886,15163.59441735899
150.02381,0.507084,-62.45092,15158.502361,15156.92370890966
150.03381,0.505179,-62.447762,15157.877868,15160.238343501629
150.04381,0.50328,-62.444605,15157.253406,15157.18130104625
150.05381,0.501388,-62.44145,15156.628976,15157.414105056605
150.06381,0.499503,-62.438296,15156.004577,15158.348947128688
150.07381,0.497625,-62.435144,15155.38021,15157.268260147293
150.08381,0.495754,-62.431994,15154.755874,15156.627920560459
150.09381,0.49389,-62.428845,15154.13157,15154.615556614574
150.10381,0.492034,-62.425698,15153.507297,15154.595256949739
150.11381,0.490185,-62.422552,15152.883056,15155.375015678675
150.12381,0.488342,-62.419408,15152.258846,15154.51134386457
150.13381,0.486507,-62.416266,15151.634668,15149.679961378804
150.14381,0.48468,-62.413125,15151.010521,15150.96627430793
150.15381,0.482859,-62.409986,15150.386405,15154.903230595353
150.16381,0.481046,-62.406848,15149.762321,15149.321341667093
150.17381,0.47924,-62.403712,15149.138268,15150.290818781728
150.18381,0.477441,-62.400578,15148.514247,15149.536647540825
150.19381,0.475649,-62.397444,15147.890257,15150.670866752811
150.20381,0.473865,-62.394313,15147.266298,15151.077749876444
150.21381,0.472089,-62.391183,15146.642371,15147.740224933515
150.22381,0.470319,-62.388054,15146.018474,15144.449126796113
150.23381,0.468557,-62.384927,15145.39461,15144.534713906221
150.24381,0.466803,-62.381802,15144.770776,15148.196595917694
150.25381,0.465056,-62.378678,15144.146974,15144.411899923378
150.26381,0.463317,-62.375555,15143.523202,15144.538833813329
150.27381,0.461585,-62.372434,15142.899462,15142.429504621618
150.28381,0.45986,-62.369314,15142.275754,15144.211564406514
150.29381,0.458143,-62.366196,15141.652076,15143.63459882163
150.30381,0.456434,-62.363079,15141.02843,15142.445845974527
150.31381,0.454733,-62.359963,15140.404815,15140.197743355251
150.32381,0.453039,-62.356849,15139.781231,15142.21359658099
150.33381,0.451352,-62.353736,15139.157678,15140.817213259603
150.34381,0.449674,-62.350625,15138.534156,15137.657519885879
150.35381,0.448003,-62.347515,15137.910665,15139.35037788353
150.36381,0.44634,-62.344406,15137.287205,15140.756076833737
150.37381,0.444684,-62.341299,15136.663777,15138.131477389492
150.38381,0.443037,-62.338193,15136.040379,15137.193417891613
150.39381,0.441397,-62.335089,15135.417013,15135.707729701318
150.40381,0.439765,-62.331986,15134.793678,15133.271081104202
150.41381,0.438141,-62.328884,15134.170373,15137.587173273947
150.42381,0.436525,-62.325783,15133.5471,15133.252829856812
150.43381,0.434917,-62.322684,15132.923858,15134.788262922768
150.44381,0.433317,-62.319586,15132.300646,15133.860195956991
150.45381,0.431725,-62.31649,15131.677466,15133.837214386549
150.46381,0.430141,-62.313394,15131.054317,15130.543188521771
150.47381,0.428565,-62.3103,15130.431198,15131.296028967723
150.48381,0.426997,-62.307208,15129.808111,15132.278449006444
150.49381,0.425438,-62.304116,15129.185054,15132.337234086166
150.50381,0.423886,-62.301026,15128.562028,15132.275899897604
150.51381,0.422343,-62.297937,15127.939033,15128.42396071534
150.52381,0.420808,-62.294849,15127.316069,15128.72291054881
150.53381,0.419281,-62.291763,15126.693136,15125.324620074343
150.54381,0.417762,-62.288677,15126.070234,15128.607026133192
150.55381,0.416252,-62.285593,15125.447363,15127.264888894479
150.56381,0.41475,-62.28251,15124.824522,15124.5526666234
150.57381,0.413257,-62.279429,15124.201713,15127.643172891245
150.58381,0.411772,-62.276348,15123.578934,15121.636650240187
150.59381,0.410295,-62.273269,15122.956186,15123.008432108065
150.60381,0.408827,-62.270191,15122.333468,15122.521409412506
150.61381,0.407367,-62.267114,15121.710782,15122.057542245424
150.62381,0.405916,-62.264038,15121.088126,15125.116795948077
150.63381,0.404473,-62.260964,15120.465501,15122.82414668266
150.64381,0.403039,-62.25789,15119.842907,15121.43957456172
150.65381,0.401614,-62.254818,15119.220343,15120.906417641805
150.66381,0.400197,-62.251747,15118.59781,15119.969878983242
150.67381,0.398789,-62.248677,15117.975308,15123.708486391371
150.68381,0.39739,-62.245608,15117.352837,15121.034290938427
150.69381,0.396,-62.24254,15116.730396,15117.373289306035
150.70381,0.394618,-62.239473,15116.107986,15114.853227295243
150.71381,0.393245,-62.236408,15115.485607,15117.161778941618
150.72381,0.391881,-62.233343,15114.863258,15115.950189945508
150.73381,0.390526,-62.23028,15114.24094,15115.33917795674
150.74381,0.38918,-62.227218,15113.618652,15115.053099831699
150.75381,0.387843,-62.224156,15112.996395,15113.35626576595
150.76381,0.386515,-62.221096,15112.374169,15114.98499902576
150.77381,0.385196,-62.218037,15111.751974,15113.77902249315
150.78381,0.383886,-62.214979,15111.129808,15111.816230354936
150.79381,0.382585,-62.211922,15110.507674,15113.142941301312
150.80381,0.381294,-62.208866,15109.88557,15109.595198571107
150.81381,0.380011,-62.205811,15109.263497,15108.491015150868
150.82381,0.378738,-62.202757,15108.641454,15108.233217840103
150.83381,0.377474,-62.199704,15108.019441,15110.706579675152
150.84381,0.376219,-62.196653,15107.39746,15107.797630455494
150.85381,0.374974,-62.193602,15106.775508,15108.121115092958
150.86381,0.373738,-62.190552,15106.153588,15107.214267731033
150.87381,0.372511,-62.187503,15105.531697,15105.100742898017
150.88381,0.371294,-62.184455,15104.909838,15105.203059961548
150.89381,0.370086,-62.181408,15104.288008,15106.31590274612
150.90381,0.368888,-62.178362,15103.666209,15105.642781604514
150.91381,0.367699,-62.175318,15103.044441,15103.309303343996
150.92381,0.36652,-62.172274,15102.422703,15106.298888729745
150.93381,0.36535,-62.169231,15101.800996,15104.666843799861
150.94381,0.36419,-62.166189,15101.179318,15102.569506205567
150.95381,0.36304,-62.163148,15100.557672,15102.402879191506
150.96381,0.361899,-62.160107,15099.936055,15101.299451035171
150.97381,0.360768,-62.157068,15099.31447,15099.208682371549
150.98381,0.359647,-62.15403,15098.692914,15101.900430699123
150.99381,0.358535,-62.150993,15098.071389,15100.277661284206
151.00381,0.357434,-62.147956,15097.449894,15098.442005281368
151.01381,0.356342,-62.144921,15096.82843,15095.95257246842
151.02381,0.355261,-62.141886,15096.206996,15097.338979826765
151.03381,0.354189,-62.138852,15095.585592,15095.152048633461
151.04381,0.353127,-62.13582,15094.964219,15099.067346532654
151.05381,0.352075,-62.132788,15094.342876,15094.575517102057
151.06381,0.351033,-62.129757,15093.721563,15098.727922392718
151.07381,0.350001,-62.126726,15093.100281,15091.410694819246
151.08381,0.34898,-62.123697,15092.479029,15095.515127910374
151.09381,0.347968,-62.120669,15091.857807,15092.925655503253
151.10381,0.346967,-62.117641,15091.236615,15093.471559847569
151.11381,0.345975,-62.114615,15090.615454,15092.29797443791
151.12381,0.344994,-62.111589,15089.994323,15090.941566453792
151.13381,0.344023,-62.108564,15089.373222,15090.606254746332
151.14381,0.343063,-62.10554,15088.752152,15091.26364214997
151.15381,0.342113,-62.102516,15088.131111,15087.850428490203
151.16381,0.341173,-62.099494,15087.510101,15087.711365983405
151.17381,0.340243,-62.096472,15086.889121,15086.87356252836
151.18381,0.339324,-62.093451,15086.268172,15086.355458616878
151.19381,0.338415,-62.090431,15085.647252,15088.66370180254
151.20381,0.337517,-62.087412,15085.026363,15086.128040581263
151.21381,0.336629,-62.084394,15084.405504,15086.2414558661
151.22381,0.335751,-62.081376,15083.784675,15088.419087210577
151.23381,0.334884,-62.078359,15083.163877,15082.250532813505
151.24381,0.334028,-62.075343,15082.543108,15085.456646373823
151.25381,0.333182,-62.072328,15081.92237,15083.369335241574
151.26381,0.332347,-62.069314,15081.301662,15084.610384393865
151.27381,0.331522,-62.0663,15080.680983,15081.143963163653
151.28381,0.330709,-62.063287,15080.060336,15080.378713083333
151.29381,0.329905,-62.060275,15079.439718,15080.002202674785
151.30381,0.329113,-62.057264,15078.81913,15081.809730952213
151.31381,0.328331,-62.054253,15078.198572,15079.256778300358
151.32381,0.327559,-62.051243,15077.578045,15081.56816316693
151.33381,0.326799,-62.048234,15076.957548,15080.156003740318
151.34381,0.326049,-62.045226,15076.33708,15077.817627611976
151.35381,0.32531,-62.042218,15075.716643,15076.838800998623
151.36381,0.324582,-62.039211,15075.096236,15076.712280608903
151.37381,0.323865,-62.036205,15074.475859,15075.32329358725
151.38381,0.323158,-62.0332,15073.855512,15072.981170725541
151.39381,0.322462,-62.030195,15073.235195,15077.490732893879
151.40381,0.321777,-62.027191,15072.614908,15073.465478626913
151.41381,0.321103,-62.024188,15071.994651,15073.45085995742
151.42381,0.32044,-62.021185,15071.374424,15071.025865365305
151.43381,0.319788,-62.018184,15070.754227,15071.895698432914
151.44381,0.319147,-62.015182,15070.13406,15070.971096564996
151.45381,0.318516,-62.012182,15069.513924,15070.94304034903
151.46381,0.317897,-62.009182,15068.893817,15069.056765979856
151.47381,0.317288,-62.006183,15068.27374,15069.878999342629
151.48381,0.316691,-62.003185,15067.653693,15065.270653821675
151.49381,0.316104,-62.000187,15067.033676,15068.167181303152
151.50381,0.315528,-61.99719,15066.413689,15067.820964705603
151.51381,0.314963,-61.994194,15065.793732,15067.816317481173
151.52381,0.31441,-61.991198,15065.173806,15067.165829414327
151.53381,0.313867,-61.988203,15064.553909,15067.722873580233
151.54381,0.313335,-61.985208,15063.934041,15060.95394730093
151.55381,0.312814,-61.982215,15063.314204,15065.190999255754
151.56381,0.312304,-61.979222,15062.694397,15060.995223151487
151.57381,0.311805,-61.976229,15062.07462,15062.468772842967
151.58381,0.311317,-61.973237,15061.454873,15062.095568723216
151.59381,0.31084,-61.970246,15060.835155,15064.004511688025
151.60381,0.310433,-61.967256,15060.215468,15061.763425900399
151.61381,0.310126,-61.964266,15059.59581,15062.3470574132
151.62381,0.309841,-61.961277,15058.976182,15059.126778627378
151.63381,0.309577,-61.958288,15058.356585,15058.701655447441
151.64381,0.309337,-61.955299,15057.737017,15059.223914238548
151.65381,0.309118,-61.952312,15057.117479,15059.20921545524
151.66381,0.308921,-61.949325,15056.49797,15058.185097124358
151.67381,0.308746,-61.946338,15055.878492,15057.489174634034
151.68381,0.308593,-61.943352,15055.259044,15057.819644730698
151.69381,0.308462,-61.940366,15054.639625,15054.236512928705
151.70381,0.308353,-61.937381,15054.020236,15056.488210782298
151.71381,0.308265,-61.934397,15053.400877,15054.018069821252
151.72381,0.308199,-61.931413,15052.781548,15055.903396830667
151.73381,0.308155,-61.928429,15052.162249,15054.711820866278
151.74381,0.308132,-61.925446,15051.54298,15052.17530309715
151.75381,0.30813,-61.922464,15050.92374,15051.212561340775
151.76381,0.308149,-61.919481,15050.30453,15051.041319220962
151.77381,0.30819,-61.9165,15049.685351,15050.584960881657
151.78381,0.308251,-61.913519,15049.0662,15050.953110212744
151.79381,0.308334,-61.910538,15048.44708,15050.780051062362
151.80381,0.308437,-61.907558,15047.82799,15046.572878387875
151.81381,0.308561,-61.904578,15047.208929,15047.935146895763
151.82381,0.308705,-61.901599,15046.589898,15045.21765994644
151.83381,0.30887,-61.89862,15045.970897,15047.032858988267
151.84381,0.309055,-61.895641,15045.351926,15047.32909857849
151.85381,0.30926,-61.892663,15044.732984,15043.185153559954
151.86381,0.309485,-61.889685,15044.114072,15043.957810090278
151.87381,0.30973,-61.886708,15043.495191,15045.155261341346
151.88381,0.309995,-61.883731,15042.876338,15044.974968924636
151.89381,0.310279,-61.880755,15042.257516,15043.087611522187
151.90381,0.310583,-61.877779,15041.638723,15043.703435574576
151.91381,0.310906,-61.874803,15041.01996,15040.735972102504
151.92381,0.311248,-61.871828,15040.401227,15039.470213472234
151.93381,0.311609,-61.868853,15039.782524,15040.785093924256
151.94381,0.311989,-61.865879,15039.16385,15042.354503599978
151.95381,0.312387,-61.862905,15038.545206,15039.207722718322
151.96381,0.312804,-61.859931,15037.926592,15040.35358822252
151.97381,0.313239,-61.856957,15037.308008,15037.950011129877
151.98381,0.313693,-61.853984,15036.689453,15037.705465748872
151.99381,0.314164,-61.851012,15036.070928,15036.193210620968
152.00381,0.314653,-61.848039,15035.452433,15037.979144650539
152.01381,0.31516,-61.845067,15034.833967,15036.169545767085
152.02381,0.315684,-61.842095,15034.215531,15036.105217060505
152.03381,0.316225,-61.839124,15033.597125,15034.460391336293
152.04381,0.316784,-61.836153,15032.978749,15032.836904509997
152.05381,0.317359,-61.833182,15032.360402,15034.144632570362
152.06381,0.317951,-61.830212,15031.742085,15032.902205917751
152.07381,0.31856,-61.827242,15031.123798,15031.853385229933
152.08381,0.319185,-61.824272,15030.50554,15032.014882434467
152.09381,0.319826,-61.821302,15029.887312,15033.787009728507
152.10381,0.320484,-61.818333,15029.269114,15034.777580234688
152.11381,0.321157,-61.815364,15028.650946,15028.324291970313
152.12381,0.321846,-61.812396,15028.032807,15028.616792975668
152.13381,0.32255,-61.809427,15027.414698,15030.197867656574
152.14381,0.323269,-61.806459,15026.796618,15026.516087647991
152.15381,0.324004,-61.803491,15026.178569,15028.797576426643
152.16381,0.324753,-61.800524,15025.560549,15025.78240346342
152.17381,0.32552,-61.797557,15024.942558,15026.591718906804
152.18381,0.326332,-61.794589,15024.324597,15024.548122967102
152.19381,0.327158,-61.791622,15023.706666,15026.729079872164
152.20381,0.327998,-61.788655,15023.088765,15024.281400673182
152.21381,0.328851,-61.785687,15022.470893,15022.743848496255
152.22381,0.329718,-61.782719,15021.853051,15025.704257871292
152.23381,0.330599,-61.779751,15021.235239,15023.799889981869
152.24381,0.331492,-61.776784,15020.617456,15019.570763096723
152.25381,0.332399,-61.773815,15019.999703,15021.188261776933
152.26381,0.333318,-61.770847,15019.38198,15021.827784346775
152.27381,0.33425,-61.767879,15018.764286,15019.572121098838
152.28381,0.335194,-61.76491,15018.146622,15019.831472727088
152.29381,0.33615,-61.761942,15017.528988,15017.011918990109
152.30381,0.337119,-61.758973,15016.911384,15016.130973407971
152.31381,0.338099,-61.756004,15016.293809,15018.505431277088
152.32381,0.339092,-61.753035,15015.676263,15015.048116964754
152.33381,0.340095,-61.750066,15015.058748,15015.588111503204
152.34381,0.34111,-61.747097,15014.441262,15016.275069596255
152.35381,0.342136,-61.744127,15013.823806,15015.330161152775
152.36381,0.343174,-61.741158,15013.20638,15011.610972811774
152.37381,0.344222,-61.738188,15012.588983,15013.299851972133
152.38381,0.345156,-61.735218,15011.971616,15013.616112278436
152.39381,0.34595,-61.732248,15011.354278,15012.033512402375
152.40381,0.346754,-61.729278,15010.736971,15008.582459135978
152.41381,0.347567,-61.726308,15010.119693,15010.977962189132
152.42381,0.348389,-61.723337,15009.502445,15010.336096025992
152.43381,0.34922,-61.720367,15008.885226,15009.145828060451
152.44381,0.35006,-61.717397,15008.268037,15008.402546545389
152.45381,0.350909,-61.714426,15007.650878,15008.240445078225
152.46381,0.351767,-61.711456,15007.033749,15007.720679445838
152.47381,0.352632,-61.708485,15006.416649,15011.21769420206
152.48381,0.353507,-61.705514,15005.799579,15009.219899517115
152.49381,0.354389,-61.702544,15005.182539,15005.026427773884
152.50381,0.35528,-61.699573,15004.565528,15005.686995085858
152.51381,0.356179,-61.696602,15003.948547,15005.32564650668
152.52381,0.357086,-61.693631,15003.331596,15002.715981889889
152.53381,0.358001,-61.69066,15002.714675,15005.62507558862
152.54381,0.358923,-61.687689,15002.097783,15005.90886116377
152.55381,0.359853,-61.684717,15001.480921,15003.036979162904
152.56381,0.360791,-61.681746,15000.864089,15002.283100186443
152.57381,0.361736,-61.678774,15000.247286,15000.040601844586
152.58381,0.362688,-61.675803,14999.630513,15001.94867471833
152.59381,0.363647,-61.672831,14999.01377,14998.071666732527
152.60381,0.364613,-61.669859,14998.397057,15002.660146174292
152.61381,0.365587,-61.666887,14997.780373,15001.182847466118
152.62381,0.366567,-61.663915,14997.163719,14999.785315753825
152.63381,0.367554,-61.660943,14996.547095,14996.518716558427
152.64381,0.368548,-61.657971,14995.9305,14996.806284639237
152.65381,0.369548,-61.654999,14995.313935,14994.486102715298
152.66381,0.370554,-61.652026,14994.6974,14995.593175147842
152.67381,0.371567,-61.649054,14994.080895,14995.308562160939
152.68381,0.372587,-61.646081,14993.464419,14990.101930431985
152.69381,0.373612,-61.643109,14992.847973,14993.552865640253
152.70381,0.374643,-61.640136,14992.231557,14994.778286091834
152.71381,0.375681,-61.637163,14991.61517,14994.447772526222
152.72381,0.376724,-61.63419,14990.998813,14989.12662024333
152.73381,0.377773,-61.631216,14990.382486,14990.241516292152
152.74381,0.378827,-61.628243,14989.766189,14992.433343628645
152.75381,0.379887,-61.62527,14989.149922,14987.967142221605
152.76381,0.380953,-61.622296,14988.533684,14988.011068864545
152.77381,0.382024,-61.619322,14987.917476,14988.935530840126
152.78381,0.3831,-61.616349,14987.301297,14988.897113862597
152.79381,0.384182,-61.613375,14986.685149,14988.265646456912
152.80381,0.385269,-61.610401,14986.06903,14988.750618350832
152.81381,0.38636,-61.607427,14985.452941,14986.09264831702
152.82381,0.387457,-61.604452,14984.836881,14988.078592107173
152.83381,0.388558,-61.601478,14984.220852,14984.364753744723
152.84381,0.389664,-61.598503,14983.604852,14982.464226479527
152.85381,0.390775,-61.595529,14982.988882,14984.342499000208
152.86381,0.391891,-61.592554,14982.372941,14984.399011071537
152.87381,0.393011,-61.589579,14981.75703,14983.90364101518
152.88381,0.394135,-61.586604,14981.14115,14982.011295791894
152.89381,0.395264,-61.583629,14980.525298,14980.298182109995
152.90381,0.396397,-61.580653,14979.909477,14981.571815442032
152.91381,0.397535,-61.577678,14979.293685,14980.70850932868
152.92381,0.398676,-61.574702,14978.677923,14979.997857177916
152.93381,0.399822,-61.571727,14978.062191,14979.716680481602
152.94381,0.400971,-61.568751,14977.446489,14978.02050560346
152.95381,0.402137,-61.565775,14976.830816,14976.263452383788
152.96381,0.403338,-61.562798,14976.215173,14978.675518799882
152.97381,0.404543,-61.559821,14975.59956,14976.080650915586
152.98381,0.405752,-61.556843,14974.983977,14975.556999878272
152.99381,0.406963,-61.553864,14974.368423,14975.54171376506
153.00381,0.408178,-61.550885,14973.7529,14975.742851177056
153.01381,0.409396,-61.547905,14973.137406,14973.971615499546
153.02381,0.410617,-61.544924,14972.521942,14972.647269748542
153.03381,0.411841,-61.541942,14971.906507,14973.377559604553
153.04381,0.413067,-61.53896,14971.291103,14970.659523840151
153.05381,0.414297,-61.535977,14970.675728,14974.46829417296
153.06381,0.41553,-61.532993,14970.060383,14973.160566670458
153.07381,0.416765,-61.530009,14969.445068,14971.580182830046
153.08381,0.418003,-61.527024,14968.829783,14970.457160396105
153.09381,0.419243,-61.524038,14968.214528,14970.189131380299
153.10381,0.420486,-61.521051,14967.599302,14968.740540082057
153.11381,0.421731,-61.518064,14966.984107,14967.906892988824
153.12381,0.422979,-61.515076,14966.368941,14966.858812489767
153.13381,0.42423,-61.512087,14965.753805,14967.506180457476
153.14381,0.425482,-61.509098,14965.138699,14968.546625694813
153.15381,0.426737,-61.506108,14964.523623,14965.959533574794
153.16381,0.427537,-61.503117,14963.908577,14965.03318623771
153.17381,0.426401,-61.500126,14963.293561,14966.136712456673
153.18381,0.425278,-61.497136,14962.678575,14965.447377232458
153.19381,0.42417,-61.494146,14962.063618,14965.45224305565
153.20381,0.423075,-61.491156,14961.448692,14963.83806766444
153.21381,0.421994,-61.488167,14960.833795,14963.81958310043
153.22381,0.420926,-61.485178,14960.218928,14961.720832247838
153.23381,0.419873,-61.482189,14959.604091,14959.718113503335
153.24381,0.418834,-61.479201,14958.989285,14962.531797498683
153.25381,0.417809,-61.476212,14958.374507,14958.614222908314
153.26381,0.416797,-61.473224,14957.75976,14959.188077915831
153.27381,0.4158,-61.470237,14957.145043,14959.237710118801
153.28381,0.414817,-61.467249,14956.530356,14956.705248806682
153.29381,0.413848,-61.464262,14955.915698,14957.229528449736
153.30381,0.412893,-61.461276,14955.30107,14958.111940344674
153.31381,0.411952,-61.458289,14954.686472,14955.225412129532
153.32381,0.411026,-61.455303,14954.071905,14956.950022191184
153.33381,0.410113,-61.452317,14953.457366,14954.76044819971
153.34381,0.409215,-61.449331,14952.842858,14954.537533181978
153.35381,0.408331,-61.446345,14952.22838,14952.458763691357
153.36381,0.407461,-61.44336,14951.613931,14952.822740359052
153.37381,0.406606,-61.440375,14950.999513,14951.416580810732
153.38381,0.405765,-61.43739,14950.385124,14951.812571866378
153.39381,0.404938,-61.434405,14949.770765,14951.74989186077
153.40381,0.404125,-61.431421,14949.156436,14949.357676959256
153.41381,0.403327,-61.428437,14948.542136,14949.808450994982
153.42381,0.402543,-61.425453,14947.927867,14949.063938793066
153.43381,0.401774,-61.422469,14947.313627,14949.50082003035
153.44381,0.401019,-61.419485,14946.699418,14946.727509208049
153.45381,0.400278,-61.416502,14946.085238,14947.357177680246
153.46381,0.399552,-61.413518,14945.471088,14946.272200038458
153.47381,0.39884,-61.410535,14944.856967,14945.61628725263
153.48381,0.398142,-61.407552,14944.242877,14946.086165591925
153.49381,0.397459,-61.404569,14943.628816,14944.726613423107
153.50381,0.396791,-61.401587,14943.014785,14945.39605877925
153.51381,0.396136,-61.398604,14942.400784,14943.659968353242
153.52381,0.395497,-61.395622,14941.786813,14943.183523810676
153.53381,0.394871,-61.39264,14941.172872,14940.824241888744
153.54381,0.39426,-61.389658,14940.558961,14941.747541337154
153.55381,0.393663,-61.386676,14939.945079,14939.828472001194
153.56381,0.393081,-61.383694,14939.331227,14940.649958981046
153.57381,0.392513,-61.380713,14938.717405,14937.536237161157
153.58381,0.39196,-61.377731,14938.103613,14941.187869245832
153.59381,0.391421,-61.37475,14937.48985,14936.595416897992
153.60381,0.390896,-61.371768,14936.876118,14937.826683551611
153.61381,0.390386,-61.368787,14936.262415,14939.945655874042
153.62381,0.38989,-61.365806,14935.648742,14937.151598035258
153.63381,0.389408,-61.362825,14935.035099,14933.664252651786
153.64381,0.388941,-61.359844,14934.421486,14936.161968249626
153.65381,0.388487,-61.356864,14933.807902,14932.446223370407
153.66381,0.388049,-61.353883,14933.194348,14933.105987505887
153.67381,0.387624,-61.350902,14932.580824,14934.69169761568
153.68381,0.387214,-61.347922,14931.96733,14934.039019334472
153.69381,0.386818,-61.344942,14931.353866,14932.754687904215
153.70381,0.386436,-61.341961,14930.740431,14928.329090764571
153.71381,0.386068,-61.338981,14930.127027,14930.09091488933
153.72381,0.385714,-61.336001,14929.513652,14929.53956246094
153.73381,0.385381,-61.333021,14928.900307,14931.331289617148
153.74381,0.385097,-61.33004,14928.286991,14927.721303888438
153.75381,0.384826,-61.327059,14927.673706,14929.397023326166
153.76381,0.384569,-61.324078,14927.06045,14928.972643667445
153.77381,0.384326,-61.321096,14926.447224,14925.752748083463
153.78381,0.384097,-61.318114,14925.834028,14928.546578474847
153.79381,0.383882,-61.315131,14925.220862,14926.008044833345
153.80381,0.38368,-61.312148,14924.607726,14924.545956060678
153.81381,0.383493,-61.309164,14923.994619,14926.988219793016
153.82381,0.383319,-61.30618,14923.381542,14925.123406267068
153.83381,0.383158,-61.303195,14922.768495,14924.12077899685
153.84381,0.383011,-61.30021,14922.155478,14923.00446462668
153.85381,0.382878,-61.297224,14921.542491,14920.54432571419
153.86381,0.382758,-61.294238,14920.929534,14922.114972881773
153.87381,0.382652,-61.291252,14920.316607,14922.531430419387
153.88381,0.382559,-61.288265,14919.703709,14921.099842220652
153.89381,0.382479,-61.285277,14919.090841,14920.156721268804
153.90381,0.382413,-61.282289,14918.478003,14919.828777354347
153.91381,0.382359,-61.279301,14917.865195,14917.86300416434
153.92381,0.382319,-61.276312,14917.252417,14918.140960749852
153.93381,0.382293,-61.273322,14916.639669,14914.983351507519
153.94381,0.382279,-61.270332,14916.026951,14920.216412492051
153.95381,0.382278,-61.267342,14915.414263,14916.028722660189
153.96381,0.38229,-61.264351,14914.801604,14915.324745905824
153.97381,0.382315,-61.261359,14914.188976,14915.12617874543
153.98381,0.382352,-61.258367,14913.576377,14913.544320101697
153.99381,0.382403,-61.255375,14912.963808,14912.176485156222
154.00381,0.382466,-61.252382,14912.351269,14915.125053441556
154.01381,0.382542,-61.249388,14911.738761,14911.703337188852
154.02381,0.38263,-61.246394,14911.126282,14915.788266645222
154.03381,0.382731,-61.2434,14910.513833,14910.552388788745
154.04381,0.382844,-61.240405,14909.901414,14913.4080848518
154.05381,0.382969,-61.237409,14909.289025,14909.731945429086
154.06381,0.383107,-61.234413,14908.676665,14911.553397175052
154.07381,0.383257,-61.231417,14908.064336,14909.624450135914
154.08381,0.383419,-61.22842,14907.452037,14908.148510042245
154.09381,0.383593,-61.225422,14906.839768,14908.532268005802
154.10381,0.383779,-61.222424,14906.227529,14907.971812943888
154.11381,0.383977,-61.219425,14905.615319,14906.55116087867
154.12381,0.384186,-61.216426,14905.00314,14906.965691887399
154.13381,0.384408,-61.213427,14904.390991,14905.28496036384
154.14381,0.384641,-61.210426,14903.778872,14907.082039137907
154.15381,0.384886,-61.207426,14903.166782,14907.001003898891
154.16381,0.385142,-61.204425,14902.554723,14906.650947630153
154.17381,0.385409,-61.201423,14901.942694,14902.789078717728
154.18381,0.385688,-61.198421,14901.330695,14901.340670810963
154.19381,0.385978,-61.195418,14900.718726,14898.566919433611
154.20381,0.38628,-61.192415,14900.106786,14903.984883383971
154.21381,0.386592,-61.189411,14899.494877,14899.356734597253
154.22381,0.386915,-61.186406,14898.882998,14899.019902531829
154.23381,0.38725,-61.183402,14898.271149,14899.077201350978
154.24381,0.387595,-61.180396,14897.65933,14901.911102919303
154.25381,0.387951,-61.17739,14897.047541,14899.007724972855
154.26381,0.388317,-61.174384,14896.435782,14896.350934630864
154.27381,0.388695,-61.171377,14895.824054,14898.24949468427
154.28381,0.389082,-61.168369,14895.212355,14895.047613853412
154.29381,0.38948,-61.165361,14894.600686,14894.501635294428
154.30381,0.389889,-61.162353,14893.989048,14897.655257552888
154.31381,0.390308,-61.159344,14893.377439,14896.592221449499
154.32381,0.390737,-61.156334,14892.765861,14894.23306697971
154.33381,0.391176,-61.153324,14892.154312,14894.156641115094
154.34381,0.391624,-61.150313,14891.542794,14891.846688940042
154.35381,0.392083,-61.147302,14890.931306,14892.617733749219
154.36381,0.392552,-61.144291,14890.319848,14887.52399470013
154.37381,0.39303,-61.141278,14889.70842,14890.336904079695
154.38381,0.393518,-61.138266,14889.097023,14891.462646285338
154.39381,0.394016,-61.135252,14888.485655,14889.570783236588
154.40381,0.394523,-61.132238,14887.874318,14891.51784977632
154.41381,0.39504,-61.129224,14887.26301,14889.292906959492
154.42381,0.395565,-61.126209,14886.651733,14885.825312794868
154.43381,0.3961,-61.123194,14886.040486,14888.376263455177
154.44381,0.396644,-61.120178,14885.429269,14887.262295118857
154.45381,0.397198,-61.117161,14884.818083,14885.945956524074
154.46381,0.39776,-61.114144,14884.206926,14885.857474558492
154.47381,0.398331,-61.111126,14883.5958,14885.950592559831
154.48381,0.39891,-61.108108,14882.984703,14886.369279179084
154.49381,0.399499,-61.105089,14882.373637,14887.2475399231
154.50381,0.400096,-61.10207,14881.762602,14883.6936470553
154.51381,0.400701,-61.099051,14881.151596,14881.326607454812
154.52381,0.401315,-61.09603,14880.540621,14885.415723373722
154.53381,0.401937,-61.093009,14879.929675,14880.755053258596
154.54381,0.402568,-61.089988,14879.31876,14879.497770682185
154.55381,0.403207,-61.086966,14878.707876,14881.976136629486
154.56381,0.403853,-61.083944,14878.097021,14879.902351868172
154.57381,0.404508,-61.080921,14877.486197,14879.826897418416
154.58381,0.405171,-61.077897,14876.875403,14876.701393618483
154.59381,0.405841,-61.074873,14876.264639,14876.465235068881
154.60381,0.40652,-61.071849,14875.653905,14879.402264075554
154.61381,0.407205,-61.068823,14875.043202,14877.75346022779
154.62381,0.407899,-61.065798,14874.432529,14875.37606500411
154.63381,0.4086,-61.062772,14873.821886,14878.326440245699
154.64381,0.409308,-61.059745,14873.211273,14874.024192631317
154.65381,0.410024,-61.056718,14872.600691,14873.676206506183
154.66381,0.410747,-61.05369,14871.990139,14874.724965245381
154.67381,0.411477,-61.050661,14871.379617,14869.081846377505
154.68381,0.412214,-61.047633,14870.769126,14873.484030303283
154.69381,0.412958,-61.044603,14870.158665,14871.9198160639
154.70381,0.413709,-61.041573,14869.548234,14871.023888002535
154.71381,0.414467,-61.038543,14868.937833,14869.300634901865
154.72381,0.415232,-61.035512,14868.327463,14871.937553210817
154.73381,0.416003,-61.03248,14867.717123,14869.495966520282
154.74381,0.416781,-61.029448,14867.106813,14869.470769197282
154.75381,0.417565,-61.026415,14866.496534,14866.840347823103
154.76381,0.418356,-61.023382,14865.886285,14867.840840435763
154.77381,0.419153,-61.020349,14865.276066,14864.449450605027
154.78381,0.419957,-61.017314,14864.665878,14865.250021583819
154.79381,0.420767,-61.01428,14864.05572,14863.929809120953
154.80381,0.421582,-61.011244,14863.445592,14863.31162879299
154.81381,0.422404,-61.008209,14862.835495,14863.706251413485
154.82381,0.423232,-61.005172,14862.225428,14863.819049652511
154.83381,0.424066,-61.002135,14861.615392,14863.728626045664
154.84381,0.424905,-60.999098,14861.005386,14862.422270561237
154.85381,0.42575,-60.99606,14860.39541,14861.897168025273
154.86381,0.426601,-60.993021,14859.785464,14863.69808589253
154.87381,0.427458,-60.989982,14859.175549,14858.105060311844
154.88381,0.42832,-60.986943,14858.565665,14862.829232892433
154.89381,0.429187,-60.983903,14857.95581,14858.987618897461
154.90381,0.43006,-60.980862,14857.345987,14861.05449185729
154.91381,0.430939,-60.977821,14856.736193,14857.900461131303
154.92381,0.431822,-60.97478,14856.12643,14859.123251077739
154.93381,0.432711,-60.971737,14855.516698,14855.722169698029
154.94381,0.433604,-60.968695,14854.906995,14857.187436196706
154.95381,0.434503,-60.965652,14854.297324,14858.356855418358
154.96381,0.435407,-60.962608,14853.687682,14857.034594964609
154.97381,0.436315,-60.959564,14853.078072,14856.588084154972
154.98381,0.437228,-60.956519,14852.468491,14851.375947839171
154.99381,0.438147,-60.953473,14851.858941,14852.38956286116
155.00381,0.439069,-60.950428,14851.249422,14852.214086077092
155.01381,0.439997,-60.947381,14850.639933,14853.32176572388
155.02381,0.440929,-60.944334,14850.030474,14852.473696953459
155.03381,0.441865,-60.941287,14849.421046,14848.679276824821
155.04381,0.442806,-60.938239,14848.811648,14851.872709056399
155.05381,0.443751,-60.935191,14848.202281,14850.908804432003
155.06381,0.444701,-60.932142,14847.592945,14851.445361295795
155.07381,0.445655,-60.929092,14846.983638,14848.352677265437
155.08381,0.446613,-60.926042,14846.374363,14843.73410792934
155.09381,0.447575,-60.922992,14845.765118,14847.682195728505
155.10381,0.448541,-60.919941,14845.155903,14846.257993011197
155.11381,0.449511,-60.916889,14844.546719,14845.907673769816
155.12381,0.450485,-60.913837,14843.937565,14847.17228322828
155.13381,0.451463,-60.910785,14843.328442,14845.246117123239
155.14381,0.452445,-60.907732,14842.719349,14844.18553087116
155.15381,0.45343,-60.904678,14842.110287,14843.121197205639
155.16381,0.45442,-60.901624,14841.501256,14841.447856649098
155.17381,0.455412,-60.89857,14840.892255,14842.900163510021
155.18381,0.456409,-60.895515,14840.283284,14842.589550804141
155.19381,0.457409,-60.892459,14839.674345,14842.566881688796
155.20381,0.458412,-60.889403,14839.065435,14842.197077175622
155.21381,0.459419,-60.886346,14838.456556,14842.260180010398
155.22381,0.460429,-60.883289,14837.847708,14840.864470816621
155.23381,0.461443,-60.880232,14837.238891,14840.133185326253
155.24381,0.462459,-60.877174,14836.630104,14836.485199860983
155.25381,0.463479,-60.874115,14836.021347,14837.250404348282
155.26381,0.464502,-60.871056,14835.412621,14836.228445660985
155.27381,0.465529,-60.867996,14834.803926,14839.153223347876
155.28381,0.466558,-60.864936,14834.195261,14836.274445258265
155.29381,0.46759,-60.861876,14833.586627,14836.604005118175
155.30381,0.468625,-60.858815,14832.978024,14835.440240696385
155.31381,0.469663,-60.855753,14832.369451,14833.567812548985
155.32381,0.470704,-60.852691,14831.760909,14834.098312237815
155.33381,0.471748,-60.849628,14831.152397,14833.725818701463
155.34381,0.472794,-60.846565,14830.543916,14831.181146797902
155.35381,0.473843,-60.843502,14829.935466,14830.074645682442
155.36381,0.474895,-60.840438,14829.327046,14831.948649318852
155.37381,0.475949,-60.837373,14828.718657,14830.463701711677
155.38381,0.477006,-60.834308,14828.110299,14828.78387806459
155.39381,0.478065,-60.831243,14827.501971,14830.686925737247
155.40381,0.479127,-60.828177,14826.893674,14826.446728113287
155.41381,0.480192,-60.825111,14826.285408,14826.757535422146
155.42381,0.481258,-60.822044,14825.677172,14827.817202768005
155.43381,0.482327,-60.818976,14825.068967,14827.269561322422
155.44381,0.483398,-60.815908,14824.460792,14823.472475952727
155.45381,0.484472,-60.81284,14823.852648,14824.781116918815
155.46381,0.485548,-60.809771,14823.244535,14822.374181664176
155.47381,0.486625,-60.806702,14822.636453,14822.44751821901
155.48381,0.487705,-60.803632,14822.028401,14821.509185447558
155.49381,0.488787,-60.800562,14821.42038,14821.839301583399
155.50381,0.489871,-60.797491,14820.81239,14821.522347448015
155.51381,0.490957,-60.79442,14820.204431,14825.19131910778
155.52381,0.492045,-60.791348,14819.596502,14821.421462075732
155.53381,0.493135,-60.788276,14818.988604,14819.853353001085
155.54381,0.494227,-60.785204,14818.380736,14820.474660834216
155.55381,0.495321,-60.782131,14817.7729,14820.66248415628
155.56381,0.496416,-60.779057,14817.165094,14819.17149033534
155.57381,0.497513,-60.775983,14816.557318,14817.22099702617
155.58381,0.498612,-60.772909,14815.949574,14818.013383652973
155.59381,0.499712,-60.769834,14815.34186,14815.396997636215
155.60381,0.500814,-60.766758,14814.734177,14817.727570881614
155.61381,0.501918,-60.763683,14814.126525,14815.203294292793
155.62381,0.503024,-60.760606,14813.518904,14814.135023225364
155.63381,0.50413,-60.75753,14812.911313,14814.93135569728
155.64381,0.505239,-60.754452,14812.303753,14816.304565420221
155.65381,0.506349,-60.751375,14811.696224,14812.55695840327
155.66381,0.50746,-60.748297,14811.088726,14811.327015547897
155.67381,0.508572,-60.745218,14810.481258,14811.339129338548
155.68381,0.509686,-60.742139,14809.873821,14809.910242511196
155.69381,0.510802,-60.73906,14809.266415,14810.571151743312
155.70381,0.511918,-60.73598,14808.65904,14810.402343803311
155.71381,0.513036,-60.7329,14808.051696,14811.315021641269
155.72381,0.514155,-60.729819,14807.444382,14809.327545342403
155.73381,0.515276,-60.726738,14806.837099,14808.800930007574
155.74381,0.516397,-60.723656,14806.229847,14805.695914624715
155.75381,0.51752,-60.720574,14805.622626,14806.439894145164
155.76381,0.518643,-60.717492,14805.015436,14809.491522696224
155.77381,0.519768,-60.714409,14804.408276,14806.568988515854
155.78381,0.520894,-60.711325,14803.801148,14804.248471047622
155.79381,0.522021,-60.708242,14803.19405,14803.593596937666
155.80381,0.523148,-60.705157,14802.586983,14803.945113921598
155.81381,0.524277,-60.702073,14801.979947,14804.22100962341
155.82381,0.525407,-60.698988,14801.372941,14804.358600766353
155.83381,0.526537,-60.695902,14800.765967,14801.919668674958
155.84381,0.527669,-60.692816,14800.159023,14803.276836383848
155.85381,0.528801,-60.68973,14799.552111,14800.050299137953
155.86381,0.529934,-60.686643,14798.945229,14800.82692409239
155.87381,0.531068,-60.683556,14798.338378,14802.172319705003
155.88381,0.532203,-60.680468,14797.731558,14798.609627837384
155.89381,0.533338,-60.67738,14797.124768,14797.105921451799
155.90381,0.534474,-60.674292,14796.51801,14795.937529247602
155.91381,0.535611,-60.671203,14795.911282,14794.798843019415
155.92381,0.536748,-60.668114,14795.304586,14797.07200004999
155.93381,0.537886,-60.665024,14794.69792,14795.973300643205
155.94381,0.539025,-60.661934,14794.091285,14795.03847627937
155.95381,0.540164,-60.658844,14793.484681,14793.023874681758
155.96381,0.541304,-60.655753,14792.878108,14794.339611223253
155.97381,0.542444,-60.652662,14792.271566,14797.314209392895
155.98381,0.543585,-60.64957,14791.665055,14793.111528521968
155.99381,0.544726,-60.646478,14791.058575,14792.299568197444
156.00381,0.545868,-60.643386,14790.452126,14793.081372999583
156.01381,0.54701,-60.640293,14789.845707,14788.286795542566
156.02381,0.548153,-60.637199,14789.23932,14791.619648674761
156.03381,0.549296,-60.634106,14788.632963,14788.040327425433
156.04381,0.550439,-60.631012,14788.026638,14787.827476499262
156.05381,0.551583,-60.627917,14787.420343,14786.288151413279
156.06381,0.552727,-60.624823,14786.814079,14787.831726181352
156.07381,0.553871,-60.621727,14786.207847,14786.776613094271
156.08381,0.555016,-60.618632,14785.601645,14789.67790862195
156.09381,0.556161,-60.615536,14784.995474,14784.343843268387
156.10381,0.557306,-60.61244,14784.389334,14786.317051293054
156.11381,0.558451,-60.609343,14783.783225,14783.063148684474
156.12381,0.559597,-60.606246,14783.177147,14783.02725424902
156.13381,0.560743,-60.603148,14782.5711,14783.761145524459
156.14381,0.561889,-60.60005,14781.965084,14782.984275799421
156.15381,0.563035,-60.596952,14781.359099,14783.530711241185
156.16381,0.564181,-60.593854,14780.753145,14781.33251193787
156.17381,0.565327,-60.590755,14780.147222,14781.883199850707
156.18381,0.566473,-60.587655,14779.54133,14781.666254883477
156.19381,0.56762,-60.584556,14778.935469,14778.864558943324
156.20381,0.568766,-60.581456,14778.329639,14779.615894868202
156.21381,0.569913,-60.578355,14777.72384,14778.386462256987
156.22381,0.571059,-60.575254,14777.118072,14778.161524281533
156.23381,0.572205,-60.572153,14776.512335,14776.650584043446
156.24381,0.573352,-60.569052,14775.906629,14780.791338766523
156.25381,0.574498,-60.56595,14775.300954,14776.002929201384
156.26381,0.573297,-60.562848,14774.69531,14775.238515782145
156.27381,0.571312,-60.559748,14774.089697,14773.84539996042
156.28381,0.569338,-60.556649,14773.484115,14777.919161269485
156.29381,0.567374,-60.553551,14772.878564,14774.431226731398
156.30381,0.565422,-60.550455,14772.273044,14775.350741337377
156.31381,0.563481,-60.54736,14771.667555,14775.026138017785
156.32381,0.561551,-60.544267,14771.062097,14773.119024960573
156.33381,0.559632,-60.541174,14770.456669,14771.225662672294
156.34381,0.557724,-60.538083,14769.851273,14771.279659174626
156.35381,0.555827,-60.534994,14769.245908,14772.633807455963
156.36381,0.553941,-60.531905,14768.640573,14767.1226974942
156.37381,0.552067,-60.528818,14768.03527,14770.43512809489
156.38381,0.550204,-60.525732,14767.429997,14767.599412374908
156.39381,0.548352,-60.522648,14766.824755,14768.676970265364
156.40381,0.546511,-60.519564,14766.219544,14769.149506082427
156.41381,0.544682,-60.516482,14765.614364,14764.596303897819
156.42381,0.542865,-60.513401,14765.009214,14764.491215127631
156.43381,0.541059,-60.510321,14764.404096,14766.65960391937
156.44381,0.539264,-60.507243,14763.799008,14766.61225828464
156.45381,0.537481,-60.504165,14763.193951,14762.624347921084
156.46381,0.535709,-60.501089,14762.588925,14764.46917643324
156.47381,0.533949,-60.498014,14761.983929,14765.960954529735
156.48381,0.532201,-60.49494,14761.378964,14761.893032098853
156.49381,0.530465,-60.491868,14760.77403,14762.940589674636
156.50381,0.52874,-60.488796,14760.169127,14764.110049519606
156.51381,0.527027,-60.485725,14759.564254,14762.13590175264
156.52381,0.525325,-60.482656,14758.959412,14761.724339144708
156.53381,0.523636,-60.479588,14758.354601,14761.030006419931
156.54381,0.521958,-60.47652,14757.749821,14757.98356264211
156.55381,0.520293,-60.473454,14757.145071,14758.342412265129
156.56381,0.518639,-60.470389,14756.540352,14758.093665620878
156.57381,0.516997,-60.467325,14755.935663,14756.508042313155
156.58381,0.515368,-60.464262,14755.331005,14756.498318973585
156.59381,0.51375,-60.4612,14754.726378,14756.16052672612
156.60381,0.512145,-60.458139,14754.121781,14754.558351851416
156.61381,0.510551,-60.455079,14753.517215,14752.535964495197
156.62381,0.50897,-60.45202,14752.912679,14753.380406804668
156.63381,0.507401,-60.448963,14752.308175,14753.877308428193
156.64381,0.505844,-60.445906,14751.7037,14752.044336616267
156.65381,0.5043,-60.44285,14751.099256,14752.729330759455
156.66381,0.502768,-60.439795,14750.494843,14749.389343428655
156.67381,0.501248,-60.436741,14749.890461,14752.715763878086
156.68381,0.499741,-60.433688,14749.286108,14749.697978321705
156.69381,0.498246,-60.430635,14748.681787,14748.38719114204
156.70381,0.496763,-60.427584,14748.077496,14746.357946256972
156.71381,0.495293,-60.424534,14747.473235,14751.510344963037
156.72381,0.493836,-60.421484,14746.869005,14749.028226301862
156.73381,0.492391,-60.418436,14746.264805,14747.892118581633
156.74381,0.490959,-60.415388,14745.660636,14747.689543405528
156.75381,0.489539,-60.412342,14745.056498,14744.339053567002
156.76381,0.488132,-60.409296,14744.452389,14744.144193012742
156.77381,0.486738,-60.406251,14743.848312,14745.048192522368
156.78381,0.485357,-60.403207,14743.244264,14744.26932038344
156.79381,0.483988,-60.400163,14742.640248,14742.591910813931
156.80381,0.482632,-60.397121,14742.036261,14743.393475778015
156.81381,0.481289,-60.394079,14741.432305,14741.83351699388
156.82381,0.479958,-60.391039,14740.82838,14741.99619745451
156.83381,0.478635,-60.387999,14740.224484,14741.535405116263
156.84381,0.477325,-60.38496,14739.62062,14740.968134321765
156.85381,0.476028,-60.381922,14739.016785,14740.627010028766
156.86381,0.474745,-60.378884,14738.412981,14739.082956862238
156.87381,0.473474,-60.375848,14737.809208,14741.89419548212
156.88381,0.472216,-60.372812,14737.205464,14738.22707687672
156.89381,0.470972,-60.369778,14736.601751,14737.612512367446
156.90381,0.46974,-60.366744,14735.998069,14737.526092215048
156.91381,0.468522,-60.363711,14735.394416,14736.03063904537
156.92381,0.467317,-60.360679,14734.790794,14735.687821730662
156.93381,0.466125,-60.357647,14734.187203,14734.34690812134
156.94381,0.464946,-60.354617,14733.583641,14735.135231279111
156.95381,0.463781,-60.351587,14732.98011,14733.238121511984
156.96381,0.462629,-60.348558,14732.37661,14734.169328260048
156.97381,0.46149,-60.34553,14731.773139,14733.96303002269
156.98381,0.460365,-60.342502,14731.169699,14731.231928934938
156.99381,0.459253,-60.339476,14730.566289,14730.40706735788
157.00381,0.458154,-60.33645,14729.96291,14731.625602586422
157.01381,0.457069,-60.333424,14729.35956,14729.1508163554
157.02381,0.455991,-60.3304,14728.756241,14730.568725972456
157.03381,0.454912,-60.327376,14728.152952,14730.28393888878
157.04381,0.453847,-60.324353,14727.549694,14726.730185684768
157.05381,0.452796,-60.321331,14726.946465,14728.378947683801
157.06381,0.451759,-60.31831,14726.343267,14728.78377805368
157.07381,0.450736,-60.315289,14725.740099,14725.955859358466
157.08381,0.449727,-60.312269,14725.136961,14726.03504382765
157.09381,0.448732,-60.309249,14724.533854,14725.006080522455
157.10381,0.447751,-60.306231,14723.930776,14726.293036085322
157.11381,0.446784,-60.303213,14723.327729,14724.479260202013
157.12381,0.445831,-60.300195,14722.724712,14726.93450263626
157.13381,0.444892,-60.297179,14722.121725,14724.402239965944
157.14381,0.443967,-60.294163,14721.518768,14725.052412239202
157.15381,0.443057,-60.291147,14720.915842,14721.745643784858
157.16381,0.44216,-60.288133,14720.312945,14721.343073705659
157.17381,0.441278,-60.285119,14719.710079,14721.10754940835
157.18381,0.440409,-60.282105,14719.107243,14720.77883792392
157.19381,0.439555,-60.279092,14718.504437,14719.069050301277
157.20381,0.438715,-60.27608,14717.901661,14718.786143847901
157.21381,0.437889,-60.273069,14717.298915,14719.547747622406
157.22381,0.437078,-60.270058,14716.6962,14718.577712636956
157.23381,0.43628,-60.267047,14716.093514,14717.086646894759
157.24381,0.435497,-60.264037,14715.490859,14716.783462245252
157.25381,0.434728,-60.261028,14714.888234,14718.69752082752
157.26381,0.433973,-60.25802,14714.285638,14717.203478802245
157.27381,0.433232,-60.255012,14713.683073,14716.94993239545
157.28381,0.432506,-60.252004,14713.080538,14716.000374636875
157.29381,0.431793,-60.248997,14712.478033,14714.431138973008
157.30381,0.431095,-60.245991,14711.875558,14715.904464472562
157.31381,0.430411,-60.242985,14711.273113,14713.10419698435
157.32381,0.429741,-60.23998,14710.670698,14712.48499189677
157.33381,0.429086,-60.236975,14710.068314,14710.010146303359
157.34381,0.428444,-60.233971,14709.465959,14711.914132586624
157.35381,0.427817,-60.230967,14708.863634,14709.100517883779
157.36381,0.427204,-60.227964,14708.26134,14708.845718626828
157.37381,0.426605,-60.224961,14707.659075,14708.527676352018
157.38381,0.42602,-60.221959,14707.05684,14706.997752930458
157.39381,0.425449,-60.218957,14706.454636,14706.254399891319
157.40381,0.424892,-60.215956,14705.852461,14706.855421752416
157.41381,0.42435,-60.212955,14705.250317,14704.50855623132
157.42381,0.423821,-60.209955,14704.648202,14704.261621932794
157.43381,0.423307,-60.206955,14704.046118,14703.389806405654
157.44381,0.422807,-60.203956,14703.444063,14707.17723876231
157.45381,0.42232,-60.200957,14702.842038,14703.772700489575
157.46381,0.421848,-60.197959,14702.240044,14704.850706944497
157.47381,0.42139,-60.194961,14701.638079,14702.692452312574
157.48381,0.420945,-60.191964,14701.036145,14700.500053734711
157.49381,0.420515,-60.188966,14700.43424,14702.321604867104
157.50381,0.420098,-60.18597,14699.832365,14700.560553929625
157.51381,0.419696,-60.182974,14699.230521,14701.414705544377
157.52381,0.419307,-60.179978,14698.628706,14699.424954712036
157.53381,0.418932,-60.176983,14698.026921,14696.717819891504
157.54381,0.418571,-60.173988,14697.425166,14698.889178491054
157.55381,0.418223,-60.170993,14696.823441,14694.837805623694
157.56381,0.417889,-60.167999,14696.221746,14698.014438541928
157.57381,0.417569,-60.165005,14695.620081,14697.308874458166
157.58381,0.417263,-60.162012,14695.018446,14695.680418134429
157.59381,0.416916,-60.159019,14694.416841,14695.921845666453
157.60381,0.416581,-60.156028,14693.815266,14692.933454330287
157.61381,0.41626,-60.153038,14693.213721,14694.229157885575
157.62381,0.415952,-60.150049,14692.612205,14695.307165756902
157.63381,0.415658,-60.147061,14692.01072,14693.118156753333
157.64381,0.415378,-60.144074,14691.409264,14693.407109183005
157.65381,0.415111,-60.141088,14690.807838,14688.99608001989
157.66381,0.414858,-60.138103,14690.206442,14691.044265923882
157.67381,0.414618,-60.135119,14689.605076,14690.17060739317
157.68381,0.414391,-60.132137,14689.00374,14688.469274154579
157.69381,0.414178,-60.129155,14688.402433,14688.49936650098
157.70381,0.413979,-60.126175,14687.801157,14687.447248140505
157.71381,0.413792,-60.123195,14687.19991,14689.822622012514
157.72381,0.413619,-60.120217,14686.598693,14689.002296855484
157.73381,0.413459,-60.11724,14685.997505,14688.3986617771
157.74381,0.413312,-60.114263,14685.396348,14688.693174855322
157.75381,0.413179,-60.111288,14684.79522,14686.709331145643
157.76381,0.413058,-60.108314,14684.194122,14687.439464968129
157.77381,0.41295,-60.105341,14683.593054,14687.41767631986
157.78381,0.412855,-60.102369,14682.992015,14680.760888424293
157.79381,0.412773,-60.099397,14682.391006,14683.339912292175
157.80381,0.412704,-60.096427,14681.790027,14681.88927120109
157.81381,0.412648,-60.093458,14681.189078,14682.469055212092
157.82381,0.412605,-60.09049,14680.588158,14682.49457420629
157.83381,0.412574,-60.087523,14679.987268,14683.051559324105
157.84381,0.412555,-60.084556,14679.386408,14680.150227730865
157.85381,0.412549,-60.081591,14678.785577,14680.592043952967
157.86381,0.412556,-60.078627,14678.184776,14678.993779713272
157.87381,0.412575,-60.075663,14677.584004,14679.575387856823
157.88381,0.412607,-60.072701,14676.983263,14679.434230635272
157.89381,0.41265,-60.069739,14676.38255,14679.186610809571
157.90381,0.412706,-60.066779,14675.781868,14676.04463206859
157.91381,0.412774,-60.063819,14675.181215,14677.687192642283
157.92381,0.412854,-60.06086,14674.580591,14675.583122956124
157.93381,0.412946,-60.057902,14673.979998,14676.295148906758
157.94381,0.413051,-60.054945,14673.379433,14673.695182650654
157.95381,0.413167,-60.051989,14672.778899,14675.76965375661
157.96381,0.413294,-60.049034,14672.178394,14675.610932856236
157.97381,0.413434,-60.04608,14671.577918,14672.393393515604
157.98381,0.413585,-60.043127,14670.977472,14670.017932698967
157.99381,0.413748,-60.040174,14670.377056,14673.208909252915
158.00381,0.413922,-60.037222,14669.776669,14670.905791586358
158.01381,0.414108,-60.034272,14669.176311,14668.957978939598
158.02381,0.414305,-60.031322,14668.575983,14668.784628198999
158.03381,0.414513,-60.028373,14667.975685,14667.194327645855
158.04381,0.414733,-60.025424,14667.375416,14668.170429122745
158.05381,0.414964,-60.022477,14666.775176,14667.297443034513
158.06381,0.415206,-60.019531,14666.174966,14667.75504429452
158.07381,0.415459,-60.016585,14665.574786,14666.642802679205
158.08381,0.415723,-60.01364,14664.974634,14665.268807223245
158.09381,0.415997,-60.010696,14664.374513,14666.28491574533
158.10381,0.416283,-60.007753,14663.774421,14665.944245796834
158.11381,0.416579,-60.00481,14663.174358,14662.886255149531
158.12381,0.416886,-60.001869,14662.574324,14662.722807719034
158.13381,0.417203,-59.998928,14661.97432,14665.091817440914
158.14381,0.417531,-59.995988,14661.374346,14662.908352912511
158.15381,0.417869,-59.993048,14660.774401,14661.379686521517
158.16381,0.418217,-59.99011,14660.174485,14662.16260541085
158.17381,0.418576,-59.987172,14659.574598,14659.180292069803
158.18381,0.418945,-59.984235,14658.974741,14661.930291503817
158.19381,0.419324,-59.981299,14658.374914,14660.017505957396
158.20381,0.419712,-59.978364,14657.775115,14658.26649630335
158.21381,0.420111,-59.975429,14657.175346,14660.594861042824
158.22381,0.42052,-59.972495,14656.575607,14657.99190320026
158.23381,0.420938,-59.969562,14655.975896,14661.193597157015
158.24381,0.421366,-59.96663,14655.376216,14657.468890869168
158.25381,0.421803,-59.963698,14654.776564,14658.359529559413
158.26381,0.42225,-59.960767,14654.176942,14655.316749174375
158.27381,0.422707,-59.957837,14653.577349,14654.296397276408
158.28381,0.423173,-59.954907,14652.977785,14658.57073511285
158.29381,0.423648,-59.951979,14652.37825,14651.47906139132
158.30381,0.424132,-59.949051,14651.778745,14652.544797269484
158.31381,0.424625,-59.946123,14651.179269,14651.781293083108
158.32381,0.425127,-59.943197,14650.579823,14653.071917858137
158.33381,0.425638,-59.940271,14649.980405,14651.140932141547
158.34381,0.426158,-59.937345,14649.381017,14652.61754772523
158.35381,0.426687,-59.934421,14648.781659,14651.462320732882
158.36381,0.427225,-59.931497,14648.182329,14647.835583379238
158.37381,0.427771,-59.928574,14647.583029,14649.46265501746
158.38381,0.428325,-59.925651,14646.983757,14648.467228217645
158.39381,0.428888,-59.922729,14646.384516,14646.758664981411
158.40381,0.429459,-59.919808,14645.785303,14646.317059157464
158.41381,0.430039,-59.916888,14645.186119,14643.520831357093
158.42381,0.430627,-59.913968,14644.586965,14646.854689540269
158.43381,0.431222,-59.911049,14643.98784,14646.491560585295
158.44381,0.431826,-59.90813,14643.388744,14640.904994944945
158.45381,0.432438,-59.905212,14642.789677,14646.60248779891
158.46381,0.433058,-59.902295,14642.19064,14645.19460511732
158.47381,0.433685,-59.899378,14641.591632,14644.089965741963
158.48381,0.43432,-59.896462,14640.992652,14642.285467777358
158.49381,0.434963,-59.893547,14640.393702,14640.86089740906
158.50381,0.435613,-59.890632,14639.794781,14644.239497617893
158.51381,0.436271,-59.887718,14639.19589,14638.982903056298
158.52381,0.436936,-59.884805,14638.597027,14638.901748867966
158.53381,0.437609,-59.881892,14637.998194,14638.412588055377
158.54381,0.438289,-59.878979,14637.399389,14638.747579866136
158.55381,0.438975,-59.876068,14636.800614,14635.399921437323
158.56381,0.439669,-59.873157,14636.201868,14636.817349642131
158.57381,0.44037,-59.870246,14635.603151,14636.697291988665
158.58381,0.441078,-59.867336,14635.004463,14633.56946911097
158.59381,0.441793,-59.864427,14634.405804,14635.81903567006
158.60381,0.442514,-59.861518,14633.807174,14633.909994556341
158.61381,0.443242,-59.85861,14633.208574,14635.36642256668
158.62381,0.443977,-59.855703,14632.610002,14633.601375577315
158.63381,0.444718,-59.852796,14632.01146,14635.20936802399
158.64381,0.445466,-59.849889,14631.412946,14632.75703331293
158.65381,0.44622,-59.846983,14630.814462,14633.469253855481
158.66381,0.446981,-59.844078,14630.216007,14632.51240081166
158.67381,0.447747,-59.841173,14629.61758,14630.737785166248
158.68381,0.44852,-59.838269,14629.019183,14630.176183498634
158.69381,0.449299,-59.835366,14628.420815,14630.196636440887
158.70381,0.450084,-59.832463,14627.822476,14627.89665708318
158.71381,0.450875,-59.82956,14627.224166,14627.376680133872
158.72381,0.451672,-59.826658,14626.625885,14628.454689634256
158.73381,0.452474,-59.823757,14626.027633,14624.599903972397
158.74381,0.453283,-59.820856,14625.429409,14628.573998874557
158.75381,0.454097,-59.817956,14624.831215,14626.42523773049
158.76381,0.454916,-59.815056,14624.23305,14624.958921311389
158.77381,0.455741,-59.812157,14623.634914,14624.796229280062
158.78381,0.456572,-59.809258,14623.036807,14623.429357608526
158.79381,0.457408,-59.80636,14622.438729,14627.909097131123
158.80381,0.458249,-59.803462,14621.84068,14621.11771383482
158.81381,0.459096,-59.800565,14621.24266,14622.875062167252
158.82381,0.459947,-59.797668,14620.644669,14621.480378212855
158.83381,0.460804,-59.794772,14620.046706,14623.219818364569
158.84381,0.461666,-59.791876,14619.448773,14621.12999679997
158.85381,0.462533,-59.788981,14618.850869,14621.088200485538
158.86381,0.463404,-59.786086,14618.252994,14620.016983502623
158.87381,0.464281,-59.783192,14617.655147,14617.946454021116
158.88381,0.465163,-59.780299,14617.05733,14616.295485759289
158.89381,0.466049,-59.777405,14616.459541,14619.623886077261
158.90381,0.466939,-59.774513,14615.861782,14619.084974623305
158.91381,0.467835,-59.771621,14615.264051,14618.402963191933
158.92381,0.468735,-59.768729,14614.666349,14616.548992701106
158.93381,0.469639,-59.765838,14614.068676,14615.42679383234
158.94381,0.470548,-59.762947,14613.471033,14614.846953749944
158.95381,0.471461,-59.760057,14612.873417,14614.258966093259
158.96381,0.472379,-59.757167,14612.275831,14614.992050567313
158.97381,0.4733,-59.754277,14611.678274,14612.941526814437
158.98381,0.474226,-59.751389,14611.080746,14613.333715485584
158.99381,0.475156,-59.7485,14610.483246,14614.07582171906
159.00381,0.47609,-59.745612,14609.885776,14614.751326618518
159.01381,0.477028,-59.742725,14609.288334,14608.731926655644
159.02381,0.47797,-59.739838,14608.690921,14610.657646357946
159.03381,0.478916,-59.736951,14608.093537,14610.741664847357
159.04381,0.479866,-59.734065,14607.496182,14608.725676630049
159.05381,0.480819,-59.731179,14606.898856,14605.503125291163
159.06381,0.481776,-59.728294,14606.301559,14609.87523712771
159.07381,0.482737,-59.725409,14605.70429,14605.172358888032
159.08381,0.483702,-59.722525,14605.107051,14606.38232119797
159.09381,0.48467,-59.719641,14604.50984,14607.493430453282
159.10381,0.485641,-59.716757,14603.912658,14604.685767329425
159.11381,0.486616,-59.713874,14603.315505,14606.827296694006
159.12381,0.487594,-59.710992,14602.71838,14600.814079089381
159.13381,0.488576,-59.70811,14602.121285,14605.366506577524
159.14381,0.489561,-59.705228,14601.524218,14601.027463232644
159.15381,0.490549,-59.702346,14600.92718,14601.21870366268
159.16381,0.491541,-59.699466,14600.330171,14600.907983893008
159.17381,0.492535,-59.696585,14599.733191,14597.65536693694
159.18381,0.493533,-59.693705,14599.136239,14600.225504561588
159.19381,0.494533,-59.690825,14598.539317,14602.237064399676
159.20381,0.495537,-59.687946,14597.942423,14598.822614066094
159.21381,0.496544,-59.685067,14597.345558,14597.605063312121
159.22381,0.497553,-59.682189,14596.748722,14597.934159927952
159.23381,0.498565,-59.679311,14596.151914,14597.05824687694
159.24381,0.49958,-59.676433,14595.555135,14595.837812099986
159.25381,0.500598,-59.673556,14594.958385,14597.498756616917
159.26381,0.501619,-59.670679,14594.361664,14596.973569422003
159.27381,0.502642,-59.667803,14593.764972,14596.672046520514
159.28381,0.503668,-59.664927,14593.168308,14591.318300202574
159.29381,0.504696,-59.662051,14592.571673,14593.088770729588
159.30381,0.505727,-59.659176,14591.975067,14592.637845018002
159.31381,0.50676,-59.656301,14591.37849,14592.98512063742
159.32381,0.50647,-59.653427,14590.781941,14594.723907753376
159.33381,0.505996,-59.650554,14590.185421,14589.731241094309
159.34381,0.505524,-59.647682,14589.58893,14590.688039311543
159.35381,0.505055,-59.644811,14588.992468,14590.89896456907
159.36381,0.504589,-59.641942,14588.396034,14589.471197020996
159.37381,0.504125,-59.639073,14587.799629,14588.490385076615
159.38381,0.503665,-59.636206,14587.203252,14588.984408676539
159.39381,0.503207,-59.63334,14586.606905,14587.632803904107
159.40381,0.502752,-59.630475,14586.010586,14586.657148903038
159.41381,0.5023,-59.627611,14585.414295,14586.059278896744
159.42381,0.501851,-59.624748,14584.818033,14588.359294194455
159.43381,0.501404,-59.621886,14584.2218,14586.37643867134
159.44381,0.500961,-59.619026,14583.625596,14585.582942083569
159.45381,0.50052,-59.616166,14583.02942,14584.870608189836
159.46381,0.500082,-59.613308,14582.433272,14581.240235677153
159.47381,0.499647,-59.610451,14581.837153,14584.49851681912
159.48381,0.499214,-59.607595,14581.241063,14582.193126604841
159.49381,0.498784,-59.60474,14580.645002,14581.862096280176
159.50381,0.498357,-59.601886,14580.048968,14582.14904291291
159.51381,0.497933,-59.599033,14579.452964,14579.083252911638
159.52381,0.497511,-59.596181,14578.856988,14577.61714460043
159.53381,0.497093,-59.593331,14578.26104,14579.648009363224
159.54381,0.496677,-59.590481,14577.665121,14579.461877123213
159.55381,0.496263,-59.587633,14577.069231,14578.284139779069
159.56381,0.495853,-59.584785,14576.473368,14575.934541088698
159.57381,0.495445,-59.581939,14575.877535,14576.984197684304
159.58381,0.495039,-59.579094,14575.28173,14575.783852608532
159.59381,0.494637,-59.576249,14574.685953,14573.546710861678
159.60381,0.494237,-59.573406,14574.090205,14577.692653996575
159.61381,0.49384,-59.570564,14573.494485,14572.830621603256
159.62381,0.493446,-59.567723,14572.898793,14572.94448526871
159.63381,0.493054,-59.564883,14572.30313,14575.639396143179
159.64381,0.492665,-59.562044,14571.707496,14571.700277786433
159.65381,0.492278,-59.559206,14571.11189,14573.495527381936
159.66381,0.491895,-59.556369,14570.516312,14570.769543638975
159.67381,0.491513,-59.553533,14569.920762,14572.08985160489
159.68381,0.491135,-59.550699,14569.325241,14569.80914493659
159.69381,0.490759,-59.547865,14568.729748,14570.857741965772
159.70381,0.490386,-59.545032,14568.134284,14567.80273284352
159.71381,0.490015,-59.5422,14567.538848,14570.96050109065
159.72381,0.489647,-59.53937,14566.94344,14568.611092949763
159.73381,0.489282,-59.53654,14566.34806,14567.759077329567
159.74381,0.488919,-59.533711,14565.752709,14567.0398070751
159.75381,0.488559,-59.530884,14565.157386,14566.595806333438
159.76381,0.488201,-59.528057,14564.562091,14567.885984242459
159.77381,0.487846,-59.525232,14563.966825,14562.93450524297
159.78381,0.487494,-59.522407,14563.371587,14566.327045474409
159.79381,0.487144,-59.519583,14562.776377,14564.643735129517
159.80381,0.486797,-59.516761,14562.181195,14561.449913635688
159.81381,0.486452,-59.513939,14561.586041,14563.15459998446
159.82381,0.48611,-59.511118,14560.990916,14560.337795911895
159.83381,0.48577,-59.508299,14560.395819,14560.179150919088
159.84381,0.485433,-59.50548,14559.80075,14559.558950477844
159.85381,0.485098,-59.502662,14559.205709,14559.3242421601
159.86381,0.484766,-59.499846,14558.610697,14561.540610788828
159.87381,0.484436,-59.49703,14558.015712,14558.428913514856
159.88381,0.484126,-59.494215,14557.420756,14556.608081259641
159.89381,0.483819,-59.491401,14556.825828,14557.740144005973
159.90381,0.483515,-59.488587,14556.230928,14558.479609009755
159.91381,0.483212,-59.485774,14555.636056,14556.155570524832
159.92381,0.482912,-59.482962,14555.041213,14556.641755948851
159.93381,0.482615,-59.480151,14554.446397,14558.583508220301
159.94381,0.48232,-59.47734,14553.85161,14555.760042824446
159.95381,0.482028,-59.47453,14553.25685,14555.16975892709
159.96381,0.481737,-59.47172,14552.662119,14554.825080746426
159.97381,0.48145,-59.468912,14552.067416,14551.252595991435
159.98381,0.481164,-59.466104,14551.472741,14551.533979338481
159.99381,0.480881,-59.463296,14550.878094,14550.538883273928
160.00381,0.4806,-59.460489,14550.283475,14550.114366666146
160.01381,0.480322,-59.457683,14549.688884,14552.212852803514
160.02381,0.480046,-59.454878,14549.094321,14551.543071110153
160.03381,0.479773,-59.452073,14548.499787,14548.543849611877
160.04381,0.479501,-59.449269,14547.90528,14549.9521110564
160.05381,0.479232,-59.446465,14547.310801,14547.982013029992
160.06381,0.478966,-59.443662,14546.716351,14547.370429787796
160.07381,0.478702,-59.44086,14546.121928,14546.088996453442
160.08381,0.47844,-59.438059,14545.527533,14546.050295366302
160.09381,0.47818,-59.435258,14544.933167,14546.29605042812
160.10381,0.477923,-59.432458,14544.338828,14544.07284183611
160.11381,0.477668,-59.429658,14543.744518,14545.511216127245
160.12381,0.477415,-59.426859,14543.150235,14544.239231823549
160.13381,0.477164,-59.424061,14542.55598,14543.898130343381
160.14381,0.476916,-59.421263,14541.961754,14542.067717955204
160.15381,0.47667,-59.418466,14541.367555,14541.46144257812
160.16381,0.476427,-59.41567,14540.773384,14544.929424880243
160.17381,0.476185,-59.412874,14540.179242,14537.221468092404
160.18381,0.475946,-59.410079,14539.585127,14540.373836691335
160.19381,0.475709,-59.407284,14538.99104,14540.110245227801
160.20381,0.475474,-59.404491,14538.396981,14539.540710764142
160.21381,0.475242,-59.401697,14537.80295,14537.30712376619
160.22381,0.475011,-59.398905,14537.208947,14537.396485548525
160.23381,0.474783,-59.396113,14536.614972,14541.3482660177
160.24381,0.474557,-59.393322,14536.021025,14538.917220421028
160.25381,0.474334,-59.390531,14535.427106,14538.330039030092
160.26381,0.474112,-59.387741,14534.833214,14536.93541939534
160.27381,0.473893,-59.384951,14534.239351,14537.015800718917
160.28381,0.473676,-59.382163,14533.645515,14535.72513107051
160.29381,0.473461,-59.379374,14533.051708,14530.604393995456
160.30381,0.473248,-59.376587,14532.457928,14532.353331085475
160.31381,0.473037,-59.3738,14531.864176,14533.362424377432
160.32381,0.472829,-59.371013,14531.270452,14534.34835282578
160.33381,0.472622,-59.368228,14530.676756,14530.873354439145
160.34381,0.472418,-59.365443,14530.083087,14530.545226763445
160.35381,0.472216,-59.362658,14529.489447,14532.605568709158
160.36381,0.472016,-59.359874,14528.895834,14529.624327499389
160.37381,0.471818,-59.357091,14528.302249,14530.603306306477
160.38381,0.471622,-59.354308,14527.708692,14531.353476930291
160.39381,0.471428,-59.351526,14527.115163,14528.568015046658
160.40381,0.471237,-59.348744,14526.521662,14527.8500705787
160.41381,0.471047,-59.345964,14525.928188,14527.686094230443
160.42381,0.47086,-59.343183,14525.334743,14526.82481573428
160.43381,0.470674,-59.340403,14524.741325,14523.857213018726
160.44381,0.470491,-59.337624,14524.147935,14524.367963461917
160.45381,0.470309,-59.334846,14523.554572,14525.007835041853
160.46381,0.47013,-59.332068,14522.961238,14525.29610234072
160.47381,0.469953,-59.329291,14522.367931,14521.465420214794
160.48381,0.469777,-59.326514,14521.774652,14524.611761715549
160.49381,0.469604,-59.323738,14521.181401,14521.217189834542
160.50381,0.469433,-59.320962,14520.588177,14520.958181769614
160.51381,0.469264,-59.318187,14519.994981,14522.579371259908
160.52381,0.469097,-59.315413,14519.401813,14522.06922855462
160.53381,0.468931,-59.312639,14518.808673,14520.22991779441
160.54381,0.468768,-59.309866,14518.215561,14519.809743767828
160.55381,0.468607,-59.307093,14517.622476,14518.710283171771
160.56381,0.468447,-59.304321,14517.029419,14517.092358857853
160.57381,0.46829,-59.30155,14516.436389,14519.92270782163
160.58381,0.468135,-59.298779,14515.843388,14518.61890582109
160.59381,0.467981,-59.296008,14515.250414,14516.140761241051
160.60381,0.46783,-59.293239,14514.657467,14516.21452973723
160.61381,0.46768,-59.29047,14514.064549,14514.482979048287
160.62381,0.467532,-59.287701,14513.471658,14517.177780089027
160.63381,0.467387,-59.284933,14512.878795,14513.042260964443
160.64381,0.467243,-59.282166,14512.285959,14513.221378729182
160.65381,0.467101,-59.279399,14511.693152,14512.179102952887
160.66381,0.466961,-59.276632,14511.100371,14513.062400070346
160.67381,0.466823,-59.273867,14510.507619,14511.678150901764
160.68381,0.466686,-59.271101,14509.914894,14511.55650555293
160.69381,0.466552,-59.268337,14509.322197,14509.983457860615
160.70381,0.46642,-59.265573,14508.729527,14509.730137562801
160.71381,0.466289,-59.262809,14508.136885,14510.167354263907
160.72381,0.46616,-59.260046,14507.544271,14509.493767353235
160.73381,0.466033,-59.257284,14506.951685,14510.635031494314
160.74381,0.465908,-59.254522,14506.359126,14505.977025724807
160.75381,0.465785,-59.251761,14505.766594,14505.928481848434
160.76381,0.465663,-59.249,14505.17409,14505.997096312845
160.77381,0.465543,-59.24624,14504.581614,14506.505633449995
160.78381,0.465425,-59.243481,14503.989165,14506.679082685685
160.79381,0.465309,-59.240722,14503.396744,14505.863543697033
160.80381,0.465195,-59.237963,14502.804351,14503.903613667931
160.81381,0.465083,-59.235205,14502.211985,14503.47244306036
160.82381,0.464972,-59.232448,14501.619647,14501.617248678129
160.83381,0.464863,-59.229691,14501.027336,14500.609904944184
160.84381,0.464756,-59.226935,14500.435053,14502.473631166273
160.85381,0.46465,-59.224179,14499.842798,14500.37171800267
160.86381,0.464547,-59.221424,14499.25057,14501.045675506071
160.87381,0.464445,-59.218669,14498.658369,14497.315766043926
160.88381,0.464344,-59.215915,14498.066196,14499.880498212067
160.89381,0.464246,-59.213162,14497.474051,14498.792836632765
160.90381,0.464149,-59.210409,14496.881933,14497.28976385616
160.91381,0.464054,-59.207656,14496.289843,14496.924047644297
160.92381,0.463961,-59.204904,14495.69778,14496.767778815647
160.93381,0.463869,-59.202153,14495.105745,14497.37277642796
160.94381,0.463779,-59.199402,14494.513737,14496.309121953636
160.95381,0.463691,-59.196652,14493.921756,14493.38779616143
160.96381,0.463604,-59.193902,14493.329804,14492.613902100804
160.97381,0.463519,-59.191153,14492.737878,14492.909100104107
160.98381,0.463436,-59.188404,14492.145981,14493.20249239121
160.99381,0.463354,-59.185656,14491.55411,14491.894466520425
161.00381,0.463275,-59.182908,14490.962268,14493.461892207039
161.01381,0.463196,-59.180161,14490.370452,14490.60885511449
161.02381,0.46312,-59.177415,14489.778664,14489.718279912351
161.03381,0.463044,-59.174669,14489.186904,14491.945450454139
161.04381,0.462971,-59.171923,14488.595171,14489.901698522073
161.05381,0.462899,-59.169178,14488.003465,14492.21922460422
161.06381,0.462829,-59.166434,14487.411787,14488.832949166406
161.07381,0.46276,-59.16369,14486.820137,14487.960328109672
161.08381,0.462693,-59.160947,14486.228514,14487.143505564463
161.09381,0.462628,-59.158204,14485.636918,14487.024408121308
161.10381,0.462564,-59.155461,14485.045349,14483.764490525713
161.11381,0.462502,-59.15272,14484.453809,14487.082052721411
161.12381,0.462441,-59.149978,14483.862295,14485.509003717845
161.13381,0.462382,-59.147237,14483.270809,14483.659894176937
161.14381,0.462324,-59.144497,14482.67935,14485.807334773483
161.15381,0.462268,-59.141757,14482.087919,14483.031962778427
161.16381,0.462214,-59.139018,14481.496515,14482.40865130439
161.17381,0.462161,-59.13628,14480.905139,14483.665369960883
161.18381,0.462109,-59.133541,14480.31379,14482.358550632745
161.19381,0.462059,-59.130804,14479.722468,14483.54656662088
161.20381,0.462011,-59.128067,14479.131173,14480.273900661012
161.21381,0.461964,-59.12533,14478.539907,14480.581089248733
161.22381,0.461918,-59.122594,14477.948667,14478.835304857306
161.23381,0.461874,-59.119858,14477.357455,14480.141149261723
161.24381,0.461832,-59.117123,14476.76627,14478.02141664462
161.25381,0.461791,-59.114388,14476.175112,14478.892320265359
161.26381,0.461751,-59.111654,14475.583982,14474.66825921661
161.27381,0.461713,-59.108921,14474.992879,14476.588031285111
161.28381,0.461676,-59.106188,14474.401804,14475.103324959462
161.29381,0.461641,-59.103455,14473.810755,14476.044060991395
161.30381,0.461607,-59.100723,14473.219734,14470.674393077259
161.31381,0.461575,-59.097992,14472.628741,14473.433809583968
161.32381,0.461544,-59.095261,14472.037775,14473.646577943757
161.33381,0.461514,-59.09253,14471.446836,14472.080434879721
161.34381,0.461486,-59.0898,14470.855924,14470.188002511586
161.35381,0.46146,-59.08707,14470.26504,14472.495797673577
161.36381,0.461434,-59.084341,14469.674183,14469.156729313314
161.37381,0.46141,-59.081613,14469.083353,14469.405315362437
161.38381,0.461388,-59.078885,14468.49255,14471.039435704764
161.39381,0.461367,-59.076157,14467.901775,14472.885387458264
161.40381,0.461347,-59.07343,14467.311027,14468.601389815214
161.41381,0.461328,-59.070704,14466.720307,14466.212098098926
161.42381,0.461311,-59.067978,14466.129613,14468.657040778939
161.43381,0.461296,-59.065252,14465.538947,14468.578952512271
161.44381,0.461281,-59.062527,14464.948308,14464.933590187606
161.45381,0.461268,-59.059803,14464.357696,14463.466336356147
161.46381,0.461257,-59.057079,14463.767112,14462.947253697972
161.47381,0.461246,-59.054355,14463.176555,14464.912562572208
161.48381,0.461237,-59.051632,14462.586025,14463.26507991338
161.49381,0.461229,-59.048909,14461.995522,14462.355000998097
161.50381,0.461223,-59.046187,14461.405047,14464.029651153967
161.51381,0.461218,-59.043466,14460.814598,14461.366580654581
161.52381,0.461214,-59.040745,14460.224177,14463.329188533357
161.53381,0.461211,-59.038024,14459.633784,14461.344387163563
161.54381,0.46121,-59.035304,14459.043417,14460.973184591994
161.55381,0.46121,-59.032584,14458.453077,14459.24838579808
161.56381,0.461211,-59.029865,14457.862765,14458.386815712332
161.57381,0.461214,-59.027146,14457.27248,14459.40088357096
161.58381,0.461218,-59.024428,14456.682222,14459.701827133194
161.59381,0.461223,-59.021711,14456.091992,14458.370113382509
161.60381,0.461229,-59.018993,14455.501788,14457.10790561744
161.61381,0.461236,-59.016277,14454.911612,14458.000843525651
161.62381,0.461245,-59.01356,14454.321463,14455.38974684944
161.63381,0.461255,-59.010845,14453.731341,14453.928561025712
161.64381,0.461266,-59.008129,14453.141246,14452.879108353034
161.65381,0.461278,-59.005415,14452.551178,14451.245289769688
161.66381,0.461292,-59.0027,14451.961137,14454.640099855378
161.67381,0.461307,-58.999987,14451.371124,14452.247808725737
161.68381,0.461323,-58.997273,14450.781138,14453.347072878563
161.69381,0.46134,-58.99456,14450.191178,14452.291637715532
161.70381,0.461358,-58.991848,14449.601246,14449.811160324973
161.71381,0.461377,-58.989136,14449.011341,14450.369030610384
161.72381,0.461398,-58.986425,14448.421464,14448.977021697176
161.73381,0.46142,-58.983714,14447.831613,14447.834646945525
161.74381,0.461443,-58.981003,14447.241789,14448.348274618493
161.75381,0.461467,-58.978293,14446.651993,14449.573055207924
161.76381,0.461492,-58.975584,14446.062224,14445.362469568157
161.77381,0.461518,-58.972875,14445.472481,14448.407574093453
161.78381,0.461546,-58.970166,14444.882766,14446.906868862283
161.79381,0.461574,-58.967458,14444.293078,14446.524495020285
161.80381,0.461604,-58.964751,14443.703417,14443.942026654315
161.81381,0.461635,-58.962043,14443.113783,14443.121808534499
161.82381,0.461667,-58.959337,14442.524176,14442.922626875197
161.83381,0.4617,-58.95663,14441.934596,14444.44509736941
161.84381,0.461734,-58.953925,14441.345043,14443.348531013879
161.85381,0.461769,-58.95122,14440.755518,14439.749852979536
161.86381,0.461805,-58.948515,14440.166019,14442.531545694825
161.87381,0.461842,-58.94581,14439.576547,14442.303885733356
161.88381,0.461881,-58.943107,14438.987103,14439.036852109539
161.89381,0.46192,-58.940403,14438.397685,14439.20931678301
161.90381,0.461961,-58.9377,14437.808295,14440.724943717174
161.91381,0.462002,-58.934998,14437.218931,14438.509376417413
161.92381,0.462045,-58.932296,14436.629595,14437.263132172351
161.93381,0.462088,-58.929594,14436.040285,14437.882489875788
161.94381,0.462133,-58.926893,14435.451003,14437.249758168467
161.95381,0.462179,-58.924193,14434.861747,14435.944956480484
161.96381,0.462225,-58.921493,14434.272519,14437.195480479215
161.97381,0.462273,-58.918793,14433.683318,14433.900625111357
161.98381,0.462322,-58.916094,14433.094143,14432.432806496288
161.99381,0.462371,-58.913395,14432.504996,14433.472546654391
162.00381,0.462422,-58.910697,14431.915875,14433.103547486444
162.01381,0.462474,-58.907999,14431.326782,14433.038051824818
162.02381,0.462526,-58.905302,14430.737715,14428.94724562574
162.03381,0.46258,-58.902605,14430.148676,14431.661289034413
162.04381,0.462635,-58.899908,14429.559663,14430.961974928246
162.05381,0.46269,-58.897213,14428.970678,14430.098304972535
162.06381,0.462747,-58.894517,14428.381719,14431.334027898989
162.07381,0.462804,-58.891822,14427.792787,14432.046907777227
162.08381,0.462863,-58.889127,14427.203882,14425.07229352866
162.09381,0.462922,-58.886433,14426.615005,14428.179320075726
162.10381,0.462982,-58.88374,14426.026154,14429.243802260491
162.11381,0.463043,-58.881046,14425.43733,14426.338513913057
162.12381,0.463106,-58.878354,14424.848533,14428.26930943314
162.13381,0.463169,-58.875661,14424.259763,14427.966957284212
162.14381,0.463233,-58.87297,14423.67102,14427.189982059626
162.15381,0.463298,-58.870278,14423.082303,14425.107414756927
162.16381,0.463363,-58.867587,14422.493614,14424.06019582082
162.17381,0.46343,-58.864897,14421.904952,14424.750008904191
162.18381,0.463498,-58.862207,14421.316316,14423.035801337124
162.19381,0.463566,-58.859517,14420.727708,14421.399789173453
162.20381,0.463636,-58.856828,14420.139126,14421.323871804243
162.21381,0.463706,-58.85414,14419.550571,14419.827008967519
162.22381,0.463777,-58.851452,14418.962043,14417.903232810882
162.23381,0.463849,-58.848764,14418.373542,14417.706418793867
162.24381,0.463922,-58.846077,14417.785068,14419.864318966047
162.25381,0.463995,-58.84339,14417.19662,14417.985557548065
162.26381,0.46407,-58.840703,14416.6082,14417.838917337613
162.27381,0.464145,-58.838017,14416.019806,14416.04958884849
162.28381,0.464222,-58.835332,14415.43144,14416.592460596195
162.29381,0.464299,-58.832647,14414.8431,14416.298797533593
162.30381,0.464376,-58.829962,14414.254787,14415.250954253337
162.31381,0.464455,-58.827278,14413.6665,14416.09448643544
162.32381,0.463577,-58.824595,14413.078241,14413.900581077369
162.33381,0.462326,-58.821912,14412.490009,14415.64375262693
162.34381,0.461086,-58.819231,14411.901803,14412.960877822463
162.35381,0.459856,-58.816551,14411.313624,14410.294670976484
162.36381,0.458637,-58.813871,14410.725472,14411.486315595263
162.37381,0.457429,-58.811193,14410.137346,14413.52065072775
162.38381,0.456231,-58.808516,14409.549248,14411.849217368996
162.39381,0.455045,-58.805839,14408.961176,14411.053728428506
162.40381,0.453869,-58.803164,14408.373131,14409.783886764702
162.41381,0.452704,-58.80049,14407.785113,14409.452840329708
162.42381,0.45155,-58.797816,14407.197121,14408.253880558237
162.43381,0.450407,-58.795144,14406.609157,14407.002889591475
162.44381,0.449275,-58.792473,14406.021218,14406.104142411665
162.45381,0.448153,-58.789802,14405.433307,14405.738808357783
162.46381,0.447043,-58.787133,14404.845422,14407.477878195494
162.47381,0.445943,-58.784464,14404.257564,14405.040849920531
162.48381,0.444855,-58.781796,14403.669733,14404.274381734167
162.49381,0.443777,-58.77913,14403.081929,14407.687704284761
162.50381,0.442711,-58.776464,14402.494151,14403.076024364602
162.51381,0.441655,-58.773799,14401.906399,14401.030846431197
162.52381,0.440611,-58.771135,14401.318675,14401.130654483766
162.53381,0.439578,-58.768472,14400.730977,14399.593246380491
162.54381,0.438555,-58.76581,14400.143305,14399.99028458605
162.55381,0.437544,-58.763149,14399.55566,14399.671300146993
162.56381,0.436544,-58.760488,14398.968042,14400.130069378498
162.57381,0.435555,-58.757829,14398.380451,14400.774422364973
162.58381,0.434577,-58.75517,14397.792886,14398.909465517174
162.59381,0.433611,-58.752513,14397.205347,14398.942376640647
162.60381,0.432655,-58.749856,14396.617835,14396.954071123371
162.61381,0.431711,-58.747199,14396.03035,14398.150806830708
162.62381,0.430777,-58.744544,14395.442891,14396.01978959038
162.63381,0.429855,-58.74189,14394.855459,14395.680559891822
162.64381,0.428945,-58.739236,14394.268054,14396.39512963302
162.65381,0.428045,-58.736583,14393.680674,14392.559702083536
162.66381,0.427157,-58.733931,14393.093322,14394.135061997735
162.67381,0.42628,-58.73128,14392.505996,14395.883397405387
162.68381,0.425414,-58.72863,14391.918696,14393.570090299158
162.69381,0.424559,-58.72598,14391.331423,14392.019322031278
162.70381,0.423716,-58.723331,14390.744177,14391.47069770938
162.71381,0.422884,-58.720683,14390.156957,14393.578592229795
162.72381,0.422063,-58.718036,14389.569763,14392.866038603657
162.73381,0.421253,-58.71539,14388.982596,14390.360666791741
162.74381,0.420455,-58.712744,14388.395455,14393.431078627727
162.75381,0.419668,-58.710099,14387.808341,14389.45405490692
162.76381,0.418892,-58.707455,14387.221253,14386.760805195678
162.77381,0.418128,-58.704811,14386.634192,14387.377031582588
162.78381,0.417375,-58.702168,14386.047157,14387.145811188511
162.79381,0.416633,-58.699526,14385.460148,14387.689744832953
162.80381,0.415903,-58.696885,14384.873166,14387.61590371202
162.81381,0.415183,-58.694244,14384.286211,14383.69767120139
162.82381,0.414475,-58.691604,14383.699282,14385.500507149598
162.83381,0.413779,-58.688965,14383.112379,14384.987431236465
162.84381,0.413093,-58.686327,14382.525502,14382.00137932054
162.85381,0.412419,-58.683689,14381.938652,14386.720876032641
162.86381,0.411756,-58.681052,14381.351828,14380.970808950677
162.87381,0.41111,-58.678415,14380.765031,14383.267159157142
162.88381,0.410481,-58.675779,14380.17826,14381.573435971131
162.89381,0.409864,-58.673144,14379.591516,14380.998315191491
162.90381,0.409258,-58.670509,14379.004797,14379.047668301115
162.91381,0.408663,-58.667874,14378.418105,14378.40488648566
162.92381,0.40808,-58.66524,14377.83144,14380.02772612939
162.93381,0.407507,-58.662606,14377.244801,14379.123558877649
162.94381,0.406946,-58.659973,14376.658188,14378.206649510623
162.95381,0.406396,-58.657341,14376.071601,14377.08889932133
162.96381,0.405858,-58.654709,14375.485041,14378.014856173126
162.97381,0.40533,-58.652077,14374.898507,14375.461414299063
162.98381,0.404814,-58.649445,14374.311999,14376.250914354512
162.99381,0.404309,-58.646815,14373.725518,14376.782014589366
163.00381,0.403815,-58.644184,14373.139063,14375.669940527378
163.01381,0.403332,-58.641554,14372.552634,14372.24500600682
163.02381,0.40286,-58.638925,14371.966232,14375.359889256624
163.03381,0.402399,-58.636296,14371.379856,14373.618370657594
163.04381,0.401949,-58.633667,14370.793506,14371.400744411507
163.05381,0.401511,-58.631039,14370.207183,14372.29742680742
163.06381,0.401083,-58.628411,14369.620885,14369.555803323516
163.07381,0.400855,-58.625783,14369.034614,14369.10474958141
163.08381,0.400864,-58.623156,14368.44837,14367.16012719998
163.09381,0.40088,-58.620529,14367.862151,14370.516271650271
163.10381,0.400903,-58.617902,14367.275959,14370.73612998421
163.11381,0.400934,-58.615276,14366.689793,14366.450509703933
163.12381,0.400973,-58.612649,14366.103654,14364.386694224491
163.13381,0.401019,-58.610023,14365.51754,14365.573085376294
163.14381,0.401072,-58.607397,14364.931453,14366.499413579568
163.15381,0.401133,-58.604772,14364.345392,14366.422165979247
163.16381,0.401201,-58.602146,14363.759358,14366.239477397052
163.17381,0.401277,-58.599521,14363.173349,14364.00746514904
163.18381,0.401359,-58.596896,14362.587367,14365.414164917915
163.19381,0.401449,-58.594271,14362.001411,14362.122814806453
163.20381,0.401546,-58.591646,14361.415482,14361.725433659334
163.21381,0.40165,-58.589022,14360.829578,14360.609401039621
163.22381,0.401761,-58.586398,14360.243701,14363.36544218548
163.23381,0.401879,-58.583774,14359.65785,14360.797473801922
163.24381,0.402004,-58.58115,14359.072026,14359.290866544277
163.25381,0.402136,-58.578526,14358.486227,14362.088742324428
163.26381,0.402274,-58.575903,14357.900455,14359.821455377216
163.27381,0.40242,-58.57328,14357.314709,14361.441977346176
163.28381,0.402572,-58.570657,14356.72899,14358.693368282062
163.29381,0.402732,-58.568034,14356.143296,14357.94400677011
163.30381,0.402898,-58.565411,14355.557629,14356.723871901459
163.31381,0.40307,-58.562789,14354.971988,14354.211507471831
163.32381,0.403249,-58.560166,14354.386373,14355.863999505937
163.33381,0.403435,-58.557544,14353.800785,14353.812395869492
163.34381,0.403628,-58.554922,14353.215222,14351.853059142437
163.35381,0.403827,-58.5523,14352.629686,14354.7132497831
163.36381,0.404032,-58.549679,14352.044176,14353.178016970483
163.37381,0.404244,-58.547057,14351.458693,14352.09168412928
163.38381,0.404462,-58.544436,14350.873235,14352.549749549988
163.39381,0.404686,-58.541815,14350.287804,14349.353056512575
163.40381,0.404917,-58.539194,14349.702399,14350.624912346975
163.41381,0.405154,-58.536573,14349.11702,14351.318706551512
163.42381,0.405397,-58.533953,14348.531667,14350.924134882676
163.43381,0.405646,-58.531332,14347.946341,14349.096658665414
163.44381,0.405902,-58.528712,14347.361041,14346.931245640788
163.45381,0.406163,-58.526092,14346.775767,14348.665813207252
163.46381,0.406431,-58.523472,14346.190519,14344.979059450066
163.47381,0.406704,-58.520853,14345.605297,14347.737633798322
163.48381,0.406983,-58.518233,14345.020102,14342.43121718943
163.49381,0.407269,-58.515613,14344.434933,14346.615778802958
163.50381,0.40756,-58.512994,14343.84979,14344.340507574152
163.51381,0.407856,-58.510375,14343.264673,14343.093538193105
163.52381,0.408159,-58.507756,14342.679582,14342.837832786385
163.53381,0.408467,-58.505137,14342.094518,14343.026997818342
163.54381,0.408781,-58.502519,14341.509479,14343.203603703665
163.55381,0.409101,-58.4999,14340.924467,14342.824361528994
163.56381,0.409426,-58.497282,14340.339481,14341.965069874059
163.57381,0.409757,-58.494663,14339.754522,14343.067756886874
163.58381,0.410093,-58.492045,14339.169588,14340.63450470493
163.59381,0.410435,-58.489427,14338.584681,14339.419199439859
163.60381,0.410782,-58.486809,14337.9998,14341.767140941063
163.61381,0.411134,-58.484192,14337.414945,14337.60820016946
163.62381,0.411524,-58.481574,14336.830116,14336.727345436702
163.63381,0.411996,-58.478955,14336.245313,14335.035074523375
163.64381,0.412474,-58.476335,14335.660537,14333.313457065033
163.65381,0.412956,-58.473713,14335.075786,14335.51713049943
163.66381,0.413442,-58.47109,14334.491062,14333.989225139636
163.67381,0.413933,-58.468465,14333.906365,14337.176619074788
163.68381,0.414429,-58.465839,14333.321693,14331.623301270623
163.69381,0.414929,-58.463211,14332.737048,14335.220738489044
163.70381,0.415434,-58.460582,14332.152429,14331.835760470483
163.71381,0.415943,-58.457951,14331.567836,14332.07314497692
163.72381,0.416456,-58.455319,14330.98327,14332.57360064867
163.73381,0.416973,-58.452685,14330.39873,14332.272391882261
163.74381,0.417495,-58.45005,14329.814216,14331.317234718297
163.75381,0.418021,-58.447413,14329.229729,14332.163846511148
163.76381,0.418551,-58.444775,14328.645268,14327.99164431327
163.77381,0.419086,-58.442135,14328.060833,14329.001367034165
163.78381,0.419624,-58.439494,14327.476425,14326.994084826514
163.79381,0.420166,-58.436852,14326.892043,14329.151469467188
163.80381,0.420712,-58.434208,14326.307688,14327.296408118642
163.81381,0.421263,-58.431562,14325.723359,14329.65625254526
163.82381,0.421817,-58.428916,14325.139057,14327.459818456562
163.83381,0.422375,-58.426267,14324.554781,14324.066903760795
163.84381,0.422937,-58.423617,14323.970532,14324.808248004634
163.85381,0.423502,-58.420966,14323.386309,14328.054263119351
163.86381,0.424072,-58.418314,14322.802112,14324.623013879633
163.87381,0.424645,-58.41566,14322.217942,14324.522014969421
163.88381,0.425221,-58.413004,14321.633799,14322.042415346968
163.89381,0.425802,-58.410348,14321.049682,14323.678054864191
163.90381,0.426385,-58.407689,14320.465592,14322.608967250151
163.91381,0.426973,-58.40503,14319.881529,14321.583806578179
163.92381,0.427564,-58.402369,14319.297492,14321.435312946287
163.93381,0.428158,-58.399706,14318.713481,14320.617772240656
163.94381,0.428756,-58.397042,14318.129497,14320.946505412523
163.95381,0.429357,-58.394377,14317.54554,14318.69878021343
163.96381,0.429961,-58.391711,14316.96161,14316.17535955891
163.97381,0.430569,-58.389043,14316.377706,14317.637609817386
163.98381,0.43118,-58.386374,14315.793829,14313.79310609094
163.99381,0.431794,-58.383703,14315.209979,14314.036176835243
164.00381,0.432412,-58.381031,14314.626155,14314.840037602538
164.01381,0.433032,-58.378358,14314.042358,14313.875542921423
164.02381,0.433656,-58.375683,14313.458588,14316.557953775298
164.03381,0.434283,-58.373007,14312.874844,14311.047435725672
164.04381,0.434913,-58.37033,14312.291128,14312.236605037495
164.05381,0.435545,-58.367651,14311.707438,14310.657001185746
164.06381,0.436181,-58.364971,14311.123775,14312.779237046527
164.07381,0.43682,-58.362289,14310.540138,14313.276748911983
164.08381,0.437462,-58.359607,14309.956529,14308.677817482792
164.09381,0.438106,-58.356923,14309.372946,14311.117190623912
164.10381,0.438753,-58.354238,14308.78939,14308.178624557728
164.11381,0.439403,-58.351551,14308.205862,14308.129626669112
164.12381,0.440056,-58.348863,14307.622359,14310.679095422021
164.13381,0.440711,-58.346174,14307.038884,14305.966151590883
164.14381,0.44137,-58.343483,14306.455436,14308.68284210428
164.15381,0.44203,-58.340791,14305.872015,14308.302957226013
164.16381,0.442694,-58.338098,14305.28862,14304.197982759562
164.17381,0.44336,-58.335404,14304.705253,14307.353527117742
164.18381,0.444028,-58.332708,14304.121912,14305.037267198712
164.19381,0.4447,-58.330012,14303.538598,14306.661979398412
164.20381,0.445373,-58.327313,14302.955312,14302.819203234476
164.21381,0.446049,-58.324614,14302.372052,14301.982418715685
164.22381,0.446727,-58.321913,14301.78882,14303.02851032831
164.23381,0.447408,-58.319211,14301.205614,14302.594740920093
164.24381,0.448091,-58.316508,14300.622435,14302.072296131519
164.25381,0.448777,-58.313804,14300.039284,14302.027898084336
164.26381,0.449465,-58.311098,14299.456159,14302.63496467659
164.27381,0.450154,-58.308391,14298.873062,14301.293319294093
164.28381,0.450847,-58.305683,14298.289991,14299.0850446772
164.29381,0.451541,-58.302974,14297.706948,14300.636526748622
164.30381,0.452238,-58.300263,14297.123932,14298.479238668788
164.31381,0.452936,-58.297551,14296.540943,14299.456384786392
164.32381,0.453637,-58.294838,14295.957981,14295.723054816843
164.33381,0.45434,-58.292124,14295.375046,14297.926867819102
164.34381,0.455045,-58.289409,14294.792138,14296.827159056511
164.35381,0.455752,-58.286692,14294.209258,14295.116439642969
164.36381,0.456461,-58.283974,14293.626405,14293.087592256054
164.37381,0.457172,-58.281255,14293.043578,14294.205531168043
164.38381,0.457884,-58.278535,14292.46078,14293.762699565781
164.39381,0.458599,-58.275814,14291.878008,14294.511144714954
164.40381,0.459316,-58.273091,14291.295263,14293.172512615978
164.41381,0.460034,-58.270367,14290.712546,14290.176860932894
164.42381,0.460754,-58.267643,14290.129856,14294.123294387593
164.43381,0.461476,-58.264917,14289.547193,14289.979223943103
164.44381,0.4622,-58.262189,14288.964558,14289.915726585798
164.45381,0.462925,-58.259461,14288.381949,14288.519427740785
164.46381,0.463652,-58.256731,14287.799368,14286.82099735713
164.47381,0.464381,-58.254001,14287.216815,14287.969323529016
164.48381,0.465112,-58.251269,14286.634288,14288.966957897683
164.49381,0.465844,-58.248536,14286.051789,14284.65976407291
164.50381,0.466578,-58.245802,14285.469318,14287.444073997285
164.51381,0.467313,-58.243067,14284.886873,14286.469762836809
164.52381,0.46805,-58.24033,14284.304456,14285.78192652408
164.53381,0.468788,-58.237593,14283.722067,14286.854808001122
164.54381,0.469528,-58.234854,14283.139704,14283.828001303484
164.55381,0.470269,-58.232115,14282.55737,14283.66553222238
164.56381,0.471012,-58.229374,14281.975062,14283.139940096427
164.57381,0.471756,-58.226632,14281.392782,14283.660724810237
164.58381,0.472502,-58.223889,14280.81053,14282.872532936757
164.59381,0.473249,-58.221145,14280.228304,14282.809679221064
164.60381,0.473997,-58.2184,14279.646107,14279.480196002169
164.61381,0.474747,-58.215654,14279.063936,14279.331606873631
164.62381,0.475498,-58.212906,14278.481794,14278.843873225613
164.63381,0.47625,-58.210158,14277.899678,14279.8415705757
164.64381,0.477003,-58.207408,14277.31759,14278.22812659155
164.65381,0.477758,-58.204658,14276.73553,14276.949960006268
164.66381,0.478514,-58.201906,14276.153497,14275.488402988192
164.67381,0.479271,-58.199154,14275.571492,14275.716409155808
164.68381,0.480029,-58.1964,14274.989514,14277.438560968038
164.69381,0.480789,-58.193645,14274.407564,14276.408382885613
164.70381,0.481549,-58.190889,14273.825641,14272.314346002931
164.71381,0.482311,-58.188132,14273.243746,14275.182529536436
164.72381,0.483073,-58.185374,14272.661879,14273.06644727373
164.73381,0.483837,-58.182615,14272.080039,14272.522197270864
164.74381,0.484602,-58.179855,14271.498226,14273.686216338647
164.75381,0.485368,-58.177094,14270.916442,14269.068348230201
164.76381,0.486135,-58.174332,14270.334684,14272.963194652859
164.77381,0.486902,-58.171569,14269.752955,14270.908869771138
164.78381,0.487671,-58.168805,14269.171253,14270.203828868529
164.79381,0.488441,-58.16604,14268.589579,14270.754515828836
164.80381,0.489211,-58.163274,14268.007932,14266.960062324511
164.81381,0.489983,-58.160507,14267.426313,14267.62351405282
164.82381,0.490755,-58.157739,14266.844722,14266.163848340228
164.83381,0.491528,-58.15497,14266.263159,14268.96972910196
164.84381,0.492302,-58.1522,14265.681623,14267.861301659656
164.85381,0.493077,-58.149429,14265.100115,14266.6450340466
164.86381,0.493853,-58.146657,14264.518634,14263.858674885989
164.87381,0.494629,-58.143884,14263.937181,14265.074684265715
164.88381,0.495406,-58.14111,14263.355757,14264.66496354288
164.89381,0.496184,-58.138335,14262.774359,14264.698409406006
164.90381,0.496963,-58.135559,14262.19299,14264.171845374389
164.91381,0.497742,-58.132782,14261.611648,14264.212500242495
164.92381,0.498522,-58.130004,14261.030334,14264.435743461017
164.93381,0.499303,-58.127225,14260.449048,14262.116661684257
164.94381,0.500084,-58.124446,14259.86779,14260.879334780753
164.95381,0.500866,-58.121665,14259.286559,14258.009960463969
164.96381,0.501649,-58.118883,14258.705356,14260.396206239717
164.97381,0.502432,-58.116101,14258.124181,14258.473762761905
164.98381,0.503216,-58.113317,14257.543034,14260.358413626687
164.99381,0.504,-58.110533,14256.961915,14258.5144097966
165.00381,0.504785,-58.107748,14256.380824,14260.488489447569
165.01381,0.50557,-58.104961,14255.79976,14253.49107746134
165.02381,0.506356,-58.102174,14255.218724,14259.718583529997
165.03381,0.507143,-58.099386,14254.637717,14255.396211697034
165.04381,0.50793,-58.096597,14254.056737,14253.227738982576
165.05381,0.508717,-58.093807,14253.475785,14253.805959451245
165.06381,0.509505,-58.091017,14252.894861,14254.806132857198
165.07381,0.510293,-58.088225,14252.313964,14253.364403037323
165.08381,0.511082,-58.085432,14251.733096,14254.056700628726
165.09381,0.511871,-58.082639,14251.152256,14253.00673278807
165.10381,0.512661,-58.079844,14250.571443,14252.1810452354
165.11381,0.513451,-58.077049,14249.990659,14249.97913560068
165.12381,0.514241,-58.074253,14249.409902,14251.405227591069
165.13381,0.515031,-58.071456,14248.829174,14250.390537115572
165.14381,0.515822,-58.068658,14248.248473,14250.226875841732
165.15381,0.516614,-58.06586,14247.667801,14248.503220845812
165.16381,0.517405,-58.06306,14247.087156,14246.39885425617
165.17381,0.518197,-58.06026,14246.506539,14245.894328391925
165.18381,0.518989,-58.057458,14245.925951,14248.284844007376
165.19381,0.519782,-58.054656,14245.34539,14248.051854702246
165.20381,0.520574,-58.051853,14244.764858,14249.004381295937
165.21381,0.521367,-58.04905,14244.184353,14243.075244220396
165.22381,0.52216,-58.046245,14243.603877,14244.280262385757
165.23381,0.522953,-58.043439,14243.023428,14244.456788331323
165.24381,0.523747,-58.040633,14242.443008,14242.008393325996
165.25381,0.524541,-58.037826,14241.862616,14241.535125594219
165.26381,0.525334,-58.035018,14241.282251,14243.188756616935
165.27381,0.526129,-58.032209,14240.701915,14240.231972743359
165.28381,0.526923,-58.0294,14240.121607,14243.260249018886
165.29381,0.527463,-58.02659,14239.541327,14240.398532043824
165.30381,0.527435,-58.023779,14238.961075,14240.591222808693
165.31381,0.527408,-58.020967,14238.380852,14241.06997535486
165.32381,0.527383,-58.018156,14237.800656,14239.569022790927
165.33381,0.527359,-58.015344,14237.220489,14239.142836203002
165.34381,0.527337,-58.012532,14236.640349,14239.097198970556
165.35381,0.527315,-58.009719,14236.060238,14238.968703598835
165.36381,0.527295,-58.006906,14235.480155,14235.167376826766
165.37381,0.527277,-58.004093,14234.9001,14238.0679070919
165.38381,0.52726,-58.001279,14234.320073,14237.075485242854
165.39381,0.527244,-57.998465,14233.740074,14233.00129991615
165.40381,0.527229,-57.99565,14233.160104,14234.518142423698
165.41381,0.527216,-57.992836,14232.580161,14232.951730839437
165.42381,0.527204,-57.99002,14232.000247,14233.043838869882
165.43381,0.527193,-57.987205,14231.420361,14233.647629831841
165.44381,0.527184,-57.984389,14230.840503,14231.36103974717
165.45381,0.527175,-57.981573,14230.260673,14230.589469407349
165.46381,0.527168,-57.978756,14229.680871,14231.115631847042
165.47381,0.527163,-57.97594,14229.101098,14230.029325251799
165.48381,0.527158,-57.973122,14228.521353,14230.057864580403
165.49381,0.527155,-57.970305,14227.941636,14229.271804719021
165.50381,0.527153,-57.967487,14227.361947,14229.958978096076
165.51381,0.527153,-57.964669,14226.782286,14226.71062968775
165.52381,0.527153,-57.961851,14226.202653,14228.803412592271
165.53381,0.527155,-57.959032,14225.623049,14226.778743245199
165.54381,0.527158,-57.956213,14225.043473,14225.427284869067
165.55381,0.527162,-57.953393,14224.463925,14227.136230999628
165.56381,0.527167,-57.950574,14223.884405,14227.106290933076
165.57381,0.527174,-57.947754,14223.304913,14226.556498925514
165.58381,0.527182,-57.944933,14222.72545,14223.609958462841
165.59381,0.52719,-57.942112,14222.146014,14219.691015183154
165.60381,0.527201,-57.939292,14221.566607,14224.440917547152
165.61381,0.527212,-57.93647,14220.987229,14219.654700705332
165.62381,0.527224,-57.933649,14220.407878,14219.121934152696
165.63381,0.527238,-57.930827,14219.828556,14221.087670966961
165.64381,0.527253,-57.928005,14219.249261,14220.586978954874
165.65381,0.527268,-57.925182,14218.669995,14220.377140551725
165.66381,0.527285,-57.92236,14218.090758,14216.971029218976
165.67381,0.527304,-57.919536,14217.511548,14215.541247292582
165.68381,0.527323,-57.916713,14216.932367,14216.08331691806
165.69381,0.527343,-57.91389,14216.353214,14220.044293038527
165.70381,0.527365,-57.911066,14215.774089,14217.067141099446
165.71381,0.527387,-57.908242,14215.194993,14218.968454156004
165.72381,0.527411,-57.905417,14214.615924,14211.940845527124
165.73381,0.527436,-57.902592,14214.036884,14212.888650004616
165.74381,0.527462,-57.899767,14213.457873,14211.593967921383
165.75381,0.527489,-57.896942,14212.878889,14214.869181832597
165.76381,0.527517,-57.894117,14212.299934,14211.92004053274
165.77381,0.527546,-57.891291,14211.721007,14217.14693435138
165.78381,0.527576,-57.888465,14211.142108,14214.10230693065
165.79381,0.527607,-57.885639,14210.563237,14212.142192952138
165.80381,0.52764,-57.882812,14209.984395,14211.463585229585
165.81381,0.527673,-57.879985,14209.405581,14210.825353921593
165.82381,0.527707,-57.877158,14208.826795,14208.73216236008
165.83381,0.527743,-57.874331,14208.248038,14209.611451615747
165.84381,0.527795,-57.871503,14207.669309,14209.895099976411
165.85381,0.52786,-57.868675,14207.090608,14208.159517997081
165.86381,0.527927,-57.865846,14206.511935,14208.000994344762
165.87381,0.527994,-57.863016,14205.933291,14206.303989075119
165.88381,0.528062,-57.860185,14205.354675,14206.893938631178
165.89381,0.528131,-57.857354,14204.776087,14205.883261817677
165.90381,0.528201,-57.854522,14204.197528,14204.255441272679
165.91381,0.528272,-57.851689,14203.618997,14203.667329587217
165.92381,0.528343,-57.848856,14203.040494,14204.188227626653
165.93381,0.528416,-57.846022,14202.46202,14203.944111642213
165.94381,0.528489,-57.843187,14201.883574,14201.898227752688
165.95381,0.528564,-57.840351,14201.305156,14202.656183101592
165.96381,0.528639,-57.837515,14200.726767,14202.281801458448
165.97381,0.528715,-57.834678,14200.148406,14204.131983059064
165.98381,0.528792,-57.831841,14199.570073,14203.243422519445
165.99381,0.52887,-57.829003,14198.991769,14199.853860613937
166.00381,0.528948,-57.826164,14198.413493,14198.685593505572
166.01381,0.529027,-57.823324,14197.835246,14197.241463684002
166.02381,0.529108,-57.820484,14197.257027,14197.289691600647
166.03381,0.529189,-57.817643,14196.678836,14197.605922555349
166.04381,0.529271,-57.814801,14196.100674,14197.691628617185
166.05381,0.529353,-57.811959,14195.52254,14197.022741274895
166.06381,0.529437,-57.809116,14194.944435,14197.792365370899
166.07381,0.529521,-57.806272,14194.366358,14194.795522831711
166.08381,0.529606,-57.803428,14193.788309,14196.814889168465
166.09381,0.529692,-57.800583,14193.210289,14193.669964150347
166.10381,0.529779,-57.797738,14192.632297,14194.86975501268
166.11381,0.529866,-57.794892,14192.054334,14194.552261380042
166.12381,0.529954,-57.792045,14191.4764,14192.089662811908
166.13381,0.530043,-57.789198,14190.898493,14193.231006309461
166.14381,0.530133,-57.786349,14190.320616,14191.183780995083
166.15381,0.530223,-57.783501,14189.742766,14189.570469190627
166.16381,0.530315,-57.780652,14189.164946,14187.543964035633
166.17381,0.530407,-57.777802,14188.587153,14191.23719917207
166.18381,0.530499,-57.774951,14188.00939,14190.002501435274
166.19381,0.530593,-57.7721,14187.431654,14189.26748937884
166.20381,0.530687,-57.769248,14186.853948,14190.010948101146
166.21381,0.530782,-57.766396,14186.276269,14187.806980996087
166.22381,0.530878,-57.763543,14185.69862,14186.816038434503
166.23381,0.530974,-57.76069,14185.120999,14187.47183908948
166.24381,0.531071,-57.757836,14184.543406,14187.09440039337
166.25381,0.531169,-57.754981,14183.965842,14185.666928194922
166.26381,0.531268,-57.752126,14183.388306,14183.015616811357
166.27381,0.531367,-57.74927,14182.810799,14186.117081714436
166.28381,0.531467,-57.746413,14182.233321,14183.111956755174
166.29381,0.531567,-57.743556,14181.655871,14180.600450086882
166.30381,0.531669,-57.740699,14181.07845,14181.44623693512
166.31381,0.53177,-57.737841,14180.501057,14181.220504145258
166.32381,0.531873,-57.734982,14179.923693,14178.639313185926
166.33381,0.531976,-57.732123,14179.346357,14182.229406113893
166.34381,0.53208,-57.729263,14178.769051,14182.601794103128
166.35381,0.532185,-57.726403,14178.191772,14180.13558271637
166.36381,0.53229,-57.723542,14177.614522,14179.493007995323
166.37381,0.532396,-57.72068,14177.037301,14177.755697347131
166.38381,0.532503,-57.717818,14176.460109,14179.09017886333
166.39381,0.53261,-57.714956,14175.882945,14176.34536718534
166.40381,0.532718,-57.712093,14175.30581,14176.711049108631
166.41381,0.532826,-57.709229,14174.728703,14173.989026067107
166.42381,0.532935,-57.706365,14174.151625,14175.576314697282
166.43381,0.533045,-57.703501,14173.574576,14174.474848568205
166.44381,0.533155,-57.700635,14172.997555,14174.43170328518
166.45381,0.533266,-57.69777,14172.420563,14173.881057455876
166.46381,0.533378,-57.694904,14171.8436,14174.271947070474
166.47381,0.53349,-57.692037,14171.266665,14172.07010356054
166.48381,0.533603,-57.68917,14170.689759,14172.012691188791
166.49381,0.533716,-57.686302,14170.112882,14172.156758379828
166.50381,0.53383,-57.683434,14169.536033,14169.671114612453
166.51381,0.533944,-57.680565,14168.959213,14171.921938462949
166.52381,0.53406,-57.677696,14168.382422,14166.97735344989
166.53381,0.534175,-57.674826,14167.805659,14168.21672129636
166.54381,0.534291,-57.671956,14167.228925,14167.547436233977
166.55381,0.534408,-57.669085,14166.65222,14167.424136847889
166.56381,0.534526,-57.666214,14166.075543,14165.337496769107
166.57381,0.534644,-57.663343,14165.498896,14164.400162130414
166.58381,0.534762,-57.660471,14164.922277,14165.155557244796
166.59381,0.534881,-57.657598,14164.345686,14165.741714829199
166.60381,0.535001,-57.654725,14163.769125,14166.245789919272
166.61381,0.535121,-57.651851,14163.192592,14164.384679561928
166.62381,0.535241,-57.648978,14162.616088,14163.09003696258
166.63381,0.535363,-57.646103,14162.039612,14163.993307974695
166.64381,0.535484,-57.643228,14161.463166,14161.974388027405
166.65381,0.535607,-57.640353,14160.886748,14161.277692311525
166.66381,0.535729,-57.637477,14160.310359,14162.963246797868
166.67381,0.535853,-57.634601,14159.733998,14161.632882321028
166.68381,0.535976,-57.631724,14159.157667,14158.370023104404
166.69381,0.536101,-57.628847,14158.581364,14158.565193074894
166.70381,0.536225,-57.62597,14158.00509,14158.166361875179
166.71381,0.536351,-57.623092,14157.428844,14157.63249216874
166.72381,0.536476,-57.620213,14156.852628,14154.391436378437
166.73381,0.536603,-57.617335,14156.27644,14157.92993792696
166.74381,0.536729,-57.614455,14155.700281,14156.586709046867
166.75381,0.536857,-57.611576,14155.124151,14156.836159380375
166.76381,0.536984,-57.608696,14154.54805,14155.11765246157
166.77381,0.537113,-57.605815,14153.971977,14155.926729632234
166.78381,0.537241,-57.602934,14153.395933,14153.311000567397
166.79381,0.53737,-57.600053,14152.819918,14153.468857316284
166.80381,0.5375,-57.597171,14152.243932,14153.755852498407
166.81381,0.53763,-57.594289,14151.667975,14152.629112696455
166.82381,0.53776,-57.591407,14151.092046,14152.21887095352
166.83381,0.537891,-57.588524,14150.516147,14151.56593491635
166.84381,0.538023,-57.585641,14149.940276,14150.183077141508
166.85381,0.538155,-57.582757,14149.364434,14153.106263929572
166.86381,0.538287,-57.579873,14148.788621,14149.881482810857
166.87381,0.538419,-57.576988,14148.212836,14149.07934663839
166.88381,0.538553,-57.574104,14147.637081,14149.33560198105
166.89381,0.538686,-57.571218,14147.061354,14145.519871605271
166.90381,0.53882,-57.568333,14146.485657,14146.390014837896
166.91381,0.538955,-57.565447,14145.909988,14146.377699224005
166.92381,0.539089,-57.562561,14145.334348,14144.912168915116
166.93381,0.539225,-57.559674,14144.758737,14147.786895715257
166.94381,0.53936,-57.556787,14144.183154,14145.7147867201
166.95381,0.539496,-57.553899,14143.607601,14146.356846816288
166.96381,0.539633,-57.551012,14143.032076,14143.504921735434
166.97381,0.539769,-57.548124,14142.456581,14145.084236782252
166.98381,0.539907,-57.545235,14141.881114,14140.863528707068
166.99381,0.540044,-57.542346,14141.305676,14142.44104360738
167.00381,0.540182,-57.539457,14140.730267,14140.678964381314
167.01381,0.540321,-57.536568,14140.154887,14140.426353216042
167.02381,0.540459,-57.533678,14139.579535,14141.008541358713
167.03381,0.540599,-57.530788,14139.004213,14140.694767310119
167.04381,0.540738,-57.527897,14138.42892,14140.818383763064
167.05381,0.540878,-57.525006,14137.853655,14136.179946983906
167.06381,0.541018,-57.522115,14137.27842,14138.456945137892
167.07381,0.541159,-57.519224,14136.703213,14138.341215335571
167.08381,0.5413,-57.516332,14136.128035,14137.12620396162
167.09381,0.541441,-57.51344,14135.552886,14135.546750806256
167.10381,0.541583,-57.510547,14134.977766,14138.569785549575
167.11381,0.541725,-57.507655,14134.402675,14135.156050476306
167.12381,0.541867,-57.504762,14133.827613,14132.33052038352
167.13381,0.54201,-57.501868,14133.25258,14135.254943051777
167.14381,0.542153,-57.498975,14132.677576,14133.522035604201
167.15381,0.542296,-57.496081,14132.102601,14131.112100009877
167.16381,0.54244,-57.493186,14131.527654,14129.4037701773
167.17381,0.542584,-57.490292,14130.952737,14134.201399452313
167.18381,0.542728,-57.487397,14130.377848,14131.097216454118
167.19381,0.542873,-57.484502,14129.802989,14133.75102717286
167.20381,0.543018,-57.481606,14129.228158,14130.686020340707
167.21381,0.543163,-57.478711,14128.653357,14127.929595662827
167.22381,0.543309,-57.475815,14128.078584,14126.57646600565
167.23381,0.543455,-57.472918,14127.503841,14126.33350692131
167.24381,0.543601,-57.470022,14126.929126,14130.797451010694
167.25381,0.543747,-57.467125,14126.35444,14129.25947792013
167.26381,0.543894,-57.464228,14125.779783,14125.02883255754
167.27381,0.544041,-57.461331,14125.205156,14127.899115439739
167.28381,0.544189,-57.458433,14124.630557,14128.760326790865
167.29381,0.544336,-57.455535,14124.055987,14121.85307078017
167.30381,0.544484,-57.452637,14123.481446,14127.593602479079
167.31381,0.544633,-57.449739,14122.906934,14125.160366948929
167.32381,0.544781,-57.44684,14122.332451,14121.947107743454
167.33381,0.54493,-57.443941,14121.757997,14121.608240617508
167.34381,0.545079,-57.441042,14121.183572,14120.976543595725
167.35381,0.545228,-57.438142,14120.609176,14122.479933937182
167.36381,0.545378,-57.435243,14120.03481,14121.168730876743
167.37381,0.545528,-57.432343,14119.460472,14120.565135025408
167.38381,0.545678,-57.429443,14118.886163,14120.394098569963
167.39381,0.545828,-57.426542,14118.311883,14119.887392705097
167.40381,0.545979,-57.423642,14117.737632,14116.688923313322
167.41381,0.54613,-57.420741,14117.16341,14120.958711483423
167.42381,0.546281,-57.41784,14116.589217,14117.908716273487
167.43381,0.546432,-57.414938,14116.015053,14117.554419428752
167.44381,0.546584,-57.412037,14115.440918,14119.372623201565
167.45381,0.546736,-57.409135,14114.866812,14113.432447378536
167.46381,0.546888,-57.406233,14114.292736,14116.95075950036
167.47381,0.54704,-57.403331,14113.718688,14115.937244483182
167.48381,0.54713,-57.400429,14113.144669,14112.264468620711
167.49381,0.54491,-57.397527,14112.570679,14113.909118728378
167.50381,0.542702,-57.394626,14111.996718,14110.410666856864
167.51381,0.540507,-57.391726,14111.422787,14110.58544308111
167.52381,0.538324,-57.388827,14110.848884,14112.95207000586
167.53381,0.536154,-57.38593,14110.27501,14108.268759195731
167.54381,0.533997,-57.383033,14109.701165,14111.397992744969
167.55381,0.531852,-57.380137,14109.127349,14110.984320638232
167.56381,0.529721,-57.377243,14108.553563,14108.73006233279
167.57381,0.527602,-57.374349,14107.979805,14108.935360302046
167.58381,0.525496,-57.371457,14107.406076,14108.392065989305
167.59381,0.523403,-57.368565,14106.832375,14108.66129061109
167.60381,0.521323,-57.365674,14106.258704,14106.583462773115
167.61381,0.519256,-57.362784,14105.685062,14106.494356993473
167.62381,0.517202,-57.359896,14105.111449,14104.342720624827
167.63381,0.515161,-57.357008,14104.537864,14106.505431567159
167.64381,0.513134,-57.354121,14103.964308,14106.48303363434
167.65381,0.51112,-57.351234,14103.390782,14103.056480127872
167.66381,0.509119,-57.348349,14102.817284,14103.380757467676
167.67381,0.507132,-57.345465,14102.243815,14103.814808787021
167.68381,0.505158,-57.342581,14101.670374,14101.671369264934
167.69381,0.503198,-57.339699,14101.096963,14101.69364530363
167.70381,0.501251,-57.336817,14100.52358,14102.502007905216
167.71381,0.499318,-57.333936,14099.950227,14103.071466610912
167.72381,0.497399,-57.331056,14099.376902,14101.139283708635
167.73381,0.495493,-57.328176,14098.803606,14101.5982665973
167.74381,0.493602,-57.325298,14098.230338,14098.2813348591
167.75381,0.491724,-57.32242,14097.6571,14097.078980407945
167.76381,0.48986,-57.319543,14097.08389,14096.49098473351
167.77381,0.488011,-57.316667,14096.510709,14098.597088315293
167.78381,0.486175,-57.313791,14095.937556,14095.627929946744
167.79381,0.484353,-57.310916,14095.364433,14097.315756171387
167.80381,0.482546,-57.308042,14094.791338,14093.293230675348
167.81381,0.480753,-57.305169,14094.218272,14094.86857279385
167.82381,0.478974,-57.302296,14093.645235,14093.268834845456
167.83381,0.47721,-57.299424,14093.072226,14094.009502306533
167.84381,0.47546,-57.296553,14092.499246,14095.23467971409
167.85381,0.473725,-57.293682,14091.926295,14091.146582065303
167.86381,0.472004,-57.290813,14091.353373,14091.637194294739
167.87381,0.470298,-57.287943,14090.780479,14093.426692984294
167.88381,0.468607,-57.285075,14090.207614,14091.569395878878
167.89381,0.46693,-57.282207,14089.634777,14091.80755604627
167.90381,0.465269,-57.279339,14089.06197,14088.651462728038
167.91381,0.463622,-57.276473,14088.489191,14089.00493058463
167.92381,0.46199,-57.273607,14087.91644,14087.209818066827
167.93381,0.460373,-57.270741,14087.343718,14088.45587055368
167.94381,0.458771,-57.267876,14086.771025,14088.45451327604
167.95381,0.457184,-57.265012,14086.198361,14087.474517095014
167.96381,0.455613,-57.262148,14085.625725,14090.93006989539
167.97381,0.454056,-57.259285,14085.053118,14085.376853769156
167.98381,0.452515,-57.256422,14084.480539,14085.355500915783
167.99381,0.45099,-57.25356,14083.907989,14085.762231300037
168.00381,0.449479,-57.250698,14083.335468,14082.633917293791
168.01381,0.447985,-57.247837,14082.762976,14084.113079059283
168.02381,0.446506,-57.244977,14082.190511,14083.78235611974
168.03381,0.445025,-57.242117,14081.618076,14081.6718597078
168.04381,0.443551,-57.239258,14081.045669,14079.575001969468
168.05381,0.442092,-57.2364,14080.473291,14080.022712708167
168.06381,0.440649,-57.233542,14079.900941,14080.027709553939
168.07381,0.439223,-57.230686,14079.32862,14080.983659982072
168.08381,0.437812,-57.22783,14078.756327,14078.011841314823
168.09381,0.436416,-57.224975,14078.184063,14078.809919279738
168.10381,0.435037,-57.222121,14077.611828,14077.34692066355
168.11381,0.433674,-57.219268,14077.039621,14077.789164568967
168.12381,0.432327,-57.216416,14076.467443,14077.392698929749
168.13381,0.430996,-57.213564,14075.895293,14077.686498806079
168.14381,0.429681,-57.210713,14075.323171,14075.752297214765
168.15381,0.428383,-57.207863,14074.751078,14077.10606310598
168.16381,0.4271,-57.205014,14074.179014,14074.240403503602
168.17381,0.425834,-57.202166,14073.606978,14074.425215478117
168.18381,0.424585,-57.199318,14073.034971,14073.483534562027
168.19381,0.423351,-57.196471,14072.462992,14076.216427408217
168.20381,0.422135,-57.193625,14071.891041,14074.5539396593
168.21381,0.420934,-57.190779,14071.319119,14067.889732054347
168.22381,0.41986,-57.187934,14070.747226,14071.747567243818
168.23381,0.418959,-57.18509,14070.175361,14072.065122995931
168.24381,0.418062,-57.182247,14069.603524,14071.968235070704
168.25381,0.417168,-57.179404,14069.031716,14068.854627770348
168.26381,0.416278,-57.176561,14068.459936,14070.329062259641
168.27381,0.415392,-57.173719,14067.888184,14068.234315143189
168.28381,0.41451,-57.170878,14067.316461,14068.925449925544
168.29381,0.413631,-57.168037,14066.744767,14069.22770923141
168.30381,0.412756,-57.165197,14066.173101,14067.305312024559
168.31381,0.411884,-57.162358,14065.601463,14068.551807482092
168.32381,0.411016,-57.159519,14065.029853,14064.041475100335
168.33381,0.410152,-57.15668,14064.458272,14067.61812578153
168.34381,0.409291,-57.153842,14063.88672,14065.778595240165
168.35381,0.408434,-57.151005,14063.315196,14065.245354500308
168.36381,0.407581,-57.148168,14062.7437,14063.984248426072
168.37381,0.406731,-57.145332,14062.172232,14062.875145228
168.38381,0.405885,-57.142496,14061.600793,14063.88534639731
168.39381,0.405043,-57.139661,14061.029382,14065.107219017054
168.40381,0.404204,-57.136826,14060.458,14063.092416389705
168.41381,0.403369,-57.133992,14059.886646,14061.86636598344
168.42381,0.402537,-57.131159,14059.31532,14058.332202923737
168.43381,0.401709,-57.128326,14058.744023,14060.530485391233
168.44381,0.400885,-57.125494,14058.172754,14061.609239239777
168.45381,0.400065,-57.122662,14057.601513,14058.932912147973
168.46381,0.399248,-57.11983,14057.0303,14056.745920128138
168.47381,0.398435,-57.117,14056.459116,14058.553586044147
168.48381,0.397625,-57.114169,14055.88796,14056.623223053915
168.49381,0.396819,-57.111339,14055.316833,14054.351103321082
168.50381,0.396017,-57.10851,14054.745734,14052.496816734229
168.51381,0.395218,-57.105682,14054.174663,14054.61526361973
168.52381,0.394423,-57.102853,14053.60362,14053.79039604013
168.53381,0.393632,-57.100026,14053.032605,14054.003784757804
168.54381,0.392844,-57.097199,14052.461619,14053.396298959236
168.55381,0.39206,-57.094372,14051.890662,14052.364249544291
168.56381,0.39128,-57.091546,14051.319732,14051.400206070066
168.57381,0.390503,-57.08872,14050.748831,14051.543586134518
168.58381,0.38973,-57.085895,14050.177958,14051.768537146523
168.59381,0.388961,-57.08307,14049.607113,14050.372881985968
168.60381,0.388195,-57.080246,14049.036296,14051.592665309132
168.61381,0.387433,-57.077423,14048.465508,14048.381643635905
168.62381,0.386674,-57.0746,14047.894748,14048.096348719975
168.63381,0.385919,-57.071777,14047.324016,14047.819532027026
168.64381,0.385168,-57.068955,14046.753312,14048.21057713049
168.65381,0.384421,-57.066134,14046.182637,14046.485792787998
168.66381,0.383677,-57.063312,14045.611989,14043.316491767444
168.67381,0.382936,-57.060492,14045.04137,14047.55952863309
168.68381,0.3822,-57.057672,14044.47078,14044.65601238704
168.69381,0.381467,-57.054852,14043.900217,14043.962131605598
168.70381,0.380737,-57.052033,14043.329683,14044.013019420572
168.71381,0.380012,-57.049214,14042.759176,14044.231907931613
168.72381,0.379289,-57.046396,14042.188698,14044.243254119601
168.73381,0.378571,-57.043579,14041.618248,14042.909807438982
168.74381,0.377856,-57.040761,14041.047827,14041.552397426085
168.75381,0.377145,-57.037945,14040.477433,14045.118078474114
168.76381,0.376432,-57.035129,14039.907068,14040.528735861864
168.77381,0.375697,-57.032313,14039.336731,14040.25772073036
168.78381,0.374966,-57.029498,14038.766422,14041.29815781324
168.79381,0.374238,-57.026685,14038.196141,14040.941932155394
168.80381,0.373514,-57.023872,14037.625888,14040.584703811066
168.81381,0.372794,-57.02106,14037.055663,14036.604932157707
168.82381,0.372077,-57.018249,14036.485467,14040.789452797042
168.83381,0.371364,-57.015438,14035.915298,14035.87404602838
168.84381,0.370655,-57.012629,14035.345158,14037.86656251403
168.85381,0.369949,-57.009821,14034.775046,14030.45726271983
168.86381,0.369247,-57.007013,14034.204961,14036.708663391533
168.87381,0.368549,-57.004206,14033.634905,14035.24998291773
168.88381,0.367854,-57.0014,14033.064877,14034.081173198509
168.89381,0.367163,-56.998595,14032.494877,14032.452357000027
168.90381,0.366475,-56.995791,14031.924905,14035.03601181393
168.91381,0.365791,-56.992987,14031.354962,14033.499311908157
168.92381,0.365111,-56.990184,14030.785046,14031.893096204145
168.93381,0.364434,-56.987383,14030.215158,14031.332989513803
168.94381,0.363872,-56.984582,14029.645298,14031.050139190284
168.95381,0.363627,-56.981781,14029.075466,14028.487397090317
168.96381,0.363386,-56.978982,14028.505662,14031.702497017135
168.97381,0.363146,-56.976183,14027.935887,14028.67641303608
168.98381,0.36291,-56.973385,14027.366139,14028.740863071702
168.99381,0.362675,-56.970587,14026.796419,14028.347339091473
169.00381,0.362444,-56.96779,14026.226727,14027.283248153199
169.01381,0.362215,-56.964994,14025.657063,14029.907496254438
169.02381,0.361988,-56.962198,14025.087427,14028.87443551782
169.03381,0.361764,-56.959403,14024.517819,14024.03842999152
169.04381,0.361542,-56.956609,14023.948239,14026.511104661275
169.05381,0.361323,-56.953815,14023.378687,14024.23663249113
169.06381,0.361106,-56.951022,14022.809163,14025.624789496023
169.07381,0.360892,-56.94823,14022.239666,14024.852841244772
169.08381,0.36068,-56.945438,14021.670198,14021.996940156778
169.09381,0.360471,-56.942647,14021.100758,14023.573182515398
169.10381,0.360264,-56.939857,14020.531345,14023.373610842873
169.11381,0.360059,-56.937067,14019.961961,14019.623563745898
169.12381,0.359857,-56.934278,14019.392604,14020.80979906285
169.13381,0.359658,-56.93149,14018.823275,14018.97418274926
169.14381,0.359461,-56.928702,14018.253974,14019.987156853394
169.15381,0.359266,-56.925915,14017.684701,14017.038343555405
169.16381,0.359073,-56.923128,14017.115456,14016.745614295109
169.17381,0.358883,-56.920342,14016.546238,14018.268095204212
169.18381,0.358696,-56.917557,14015.977049,14014.70430409736
169.19381,0.35851,-56.914773,14015.407887,14016.58536099324
169.20381,0.358327,-56.911989,14014.838753,14016.369766125828
169.21381,0.358147,-56.909205,14014.269647,14017.24036600205
169.22381,0.357969,-56.906423,14013.700569,14012.363154496461
169.23381,0.357793,-56.903641,14013.131519,14014.456697038147
169.24381,0.357619,-56.900859,14012.562496,14013.783251754228
169.25381,0.357448,-56.898078,14011.993502,14013.924988264012
169.26381,0.357279,-56.895298,14011.424535,14012.347235991592
169.27381,0.357113,-56.892518,14010.855596,14010.962338427938
169.28381,0.356948,-56.88974,14010.286685,14011.940966978551
169.29381,0.356786,-56.886961,14009.717801,14007.952559563097
169.30381,0.356626,-56.884184,14009.148945,14008.943871538406
169.31381,0.356469,-56.881406,14008.580117,14008.590508550196
169.32381,0.356314,-56.87863,14008.011317,14010.322274795637
169.33381,0.356161,-56.875854,14007.442545,14009.581639770342
169.34381,0.35601,-56.873079,14006.8738,14006.99752937896
169.35381,0.355862,-56.870304,14006.305083,14007.874368129356
169.36381,0.355715,-56.86753,14005.736394,14005.139689342019
169.37381,0.355571,-56.864757,14005.167733,14007.539636660485
169.38381,0.355429,-56.861984,14004.599099,14007.002492914444
169.39381,0.35529,-56.859212,14004.030493,14004.126996351002
169.40381,0.355152,-56.85644,14003.461915,14002.515450081875
169.41381,0.355017,-56.85367,14002.893364,14001.661101949721
169.42381,0.354884,-56.850899,14002.324841,14003.010123144775
169.43381,0.354753,-56.848129,14001.756346,13999.91279229256
169.44381,0.354625,-56.84536,14001.187879,14001.64194372073
169.45381,0.354498,-56.842592,14000.619439,14002.908101955372
169.46381,0.354374,-56.839824,14000.051027,14000.679778168598
169.47381,0.354251,-56.837057,13999.482642,14001.659369930174
169.48381,0.354122,-56.83429,13998.914286,14000.205735440124
169.49381,0.353945,-56.831524,13998.345957,13999.594411895192
169.50381,0.35377,-56.82876,13997.777655,13999.133623548043
169.51381,0.353597,-56.825997,13997.209381,13996.2734805492
169.52381,0.353427,-56.823235,13996.641135,13997.202095391413
169.53381,0.353259,-56.820475,13996.072917,13996.87963917957
169.54381,0.353093,-56.817716,13995.504726,13995.55494490665
169.55381,0.35293,-56.814959,13994.936562,13996.745663637412
169.56381,0.352769,-56.812202,13994.368427,13995.398753980811
169.57381,0.35261,-56.809447,13993.800318,13994.86253698861
169.58381,0.352453,-56.806694,13993.232238,13995.487680453007
169.59381,0.352299,-56.803941,13992.664184,13993.810284997939
169.60381,0.352147,-56.80119,13992.096159,13990.073772867727
169.61381,0.351997,-56.79844,13991.528161,13993.304003984978
169.62381,0.351849,-56.795692,13990.96019,13991.652294770807
169.63381,0.351703,-56.792945,13990.392247,13992.248796762366
169.64381,0.35156,-56.790199,13989.824331,13988.045685393032
169.65381,0.351419,-56.787454,13989.256443,13990.730102750133
169.66381,0.35128,-56.784711,13988.688582,13987.82552068006
169.67381,0.351143,-56.781969,13988.120749,13989.834652398891
169.68381,0.351009,-56.779228,13987.552943,13987.731209883643
169.69381,0.350876,-56.776488,13986.985164,13988.230747958914
169.70381,0.350746,-56.77375,13986.417413,13986.468284900977
169.71381,0.350618,-56.771013,13985.849689,13987.955527245305
169.72381,0.350492,-56.768278,13985.281993,13981.510181343574
169.73381,0.350368,-56.765543,13984.714323,13984.341708135604
169.74381,0.350247,-56.76281,13984.146682,13985.885950596781
169.75381,0.350127,-56.760078,13983.579067,13985.321195017827
169.76381,0.35001,-56.757347,13983.01148,13986.952390106468
169.77381,0.349894,-56.754618,13982.44392,13984.56973227566
169.78381,0.349781,-56.75189,13981.876388,13985.873340793672
169.79381,0.34967,-56.749163,13981.308883,13983.08324711827
169.80381,0.34956,-56.746437,13980.741405,13983.178788936433
169.81381,0.349453,-56.743712,13980.173954,13980.422359645592
169.82381,0.349348,-56.740989,13979.60653,13980.722409875465
169.83381,0.349245,-56.738267,13979.039134,13978.964135404818
169.84381,0.349144,-56.735546,13978.471765,13980.53538727092
169.85381,0.349045,-56.732826,13977.904423,13977.389030675497
169.86381,0.348948,-56.730108,13977.337108,13980.44761318793
169.87381,0.348853,-56.727391,13976.769821,13980.169749638042
169.88381,0.348761,-56.724675,13976.202561,13974.883117958248
169.89381,0.34867,-56.72196,13975.635327,13979.574854600422
169.90381,0.348581,-56.719246,13975.068121,13976.071350648486
169.91381,0.348494,-56.716534,13974.500942,13976.104087856811
169.92381,0.348409,-56.713823,13973.933791,13976.030707422944
169.93381,0.348326,-56.711113,13973.366666,13970.805612413782
169.94381,0.348244,-56.708404,13972.799568,13974.1656895451
169.95381,0.348165,-56.705696,13972.232498,13972.368590616828
169.96381,0.348088,-56.70299,13971.665454,13970.667471421855
169.97381,0.348013,-56.700285,13971.098438,13970.01717630832
169.98381,0.347939,-56.69758,13970.531449,13971.814978907289
169.99381,0.347868,-56.694877,13969.964487,13970.43313468014
170.00381,0.347798,-56.692176,13969.397551,13971.431458496989
170.01381,0.34773,-56.689475,13968.830643,13969.40939437816
170.02381,0.347665,-56.686776,13968.263762,13969.03049917109
170.03381,0.347601,-56.684077,13967.696907,13969.402470694962
170.04381,0.347539,-56.68138,13967.13008,13968.77207844871
170.05381,0.347478,-56.678684,13966.56328,13966.648199362446
170.06381,0.34742,-56.675989,13965.996506,13968.376648311969
170.07381,0.347363,-56.673296,13965.42976,13965.13970521373
170.08381,0.347309,-56.670603,13964.863041,13963.668233326933
170.09381,0.347256,-56.667912,13964.296348,13965.550738881431
170.10381,0.347204,-56.665221,13963.729682,13965.812190472056
170.11381,0.347155,-56.662532,13963.163044,13963.221082139878
170.12381,0.347108,-56.659844,13962.596432,13964.818759222442
170.13381,0.347062,-56.657157,13962.029847,13961.811110497494
170.14381,0.347018,-56.654472,13961.463289,13960.478520007431
170.15381,0.346976,-56.651787,13960.896757,13964.254250835927
170.16381,0.346935,-56.649104,13960.330253,13961.434555497346
170.17381,0.346896,-56.646421,13959.763775,13963.179377488223
170.18381,0.346859,-56.64374,13959.197324,13961.234745623804
170.19381,0.346824,-56.64106,13958.6309,13959.90685077678
170.20381,0.346791,-56.638381,13958.064503,13959.117175261508
170.21381,0.346759,-56.635703,13957.498133,13957.217518781228
170.22381,0.346729,-56.633026,13956.931789,13957.560396570565
170.23381,0.3467,-56.63035,13956.365472,13957.853648453673
170.24381,0.346674,-56.627675,13955.799182,13955.758522031289
170.25381,0.346649,-56.625002,13955.232919,13954.493120613688
170.26381,0.346625,-56.622329,13954.666682,13955.560832321547
170.27381,0.346604,-56.619658,13954.100472,13953.915237338093
170.28381,0.346584,-56.616988,13953.534289,13952.727528544856
170.29381,0.346565,-56.614319,13952.968132,13957.63601120844
170.30381,0.346549,-56.61165,13952.402003,13951.737934953708
170.31381,0.346533,-56.608983,13951.835899,13952.551654776978
170.32381,0.34652,-56.606317,13951.269823,13951.148787317325
170.33381,0.346508,-56.603653,13950.703773,13951.667811920628
170.34381,0.346498,-56.600989,13950.13775,13949.45340670781
170.35381,0.346489,-56.598326,13949.571753,13950.736541654496
170.36381,0.346482,-56.595664,13949.005783,13948.890512655167
170.37381,0.346476,-56.593004,13948.43984,13949.964263187465
170.38381,0.346473,-56.590344,13947.873923,13948.068093566657
170.39381,0.34647,-56.587685,13947.308033,13946.226488205413
170.40381,0.346469,-56.585028,13946.742169,13946.715713363654
170.41381,0.345578,-56.582372,13946.176332,13946.065019565536
170.42381,0.343591,-56.579717,13945.610522,13946.44321507709
170.43381,0.341622,-56.577064,13945.044738,13948.296154717384
170.44381,0.339671,-56.574413,13944.478981,13945.786594570529
170.45381,0.337738,-56.571763,13943.91325,13946.041024632275
170.46381,0.335823,-56.569115,13943.347545,13943.83974317372
170.47381,0.333927,-56.566469,13942.781868,13945.445920798167
170.48381,0.33205,-56.563824,13942.216216,13945.49026693974
170.49381,0.330191,-56.561181,13941.650591,13943.574822456607
170.50381,0.328352,-56.55854,13941.084992,13941.906358501546
170.51381,0.326531,-56.555901,13940.51942,13944.329057073563
170.52381,0.32473,-56.553262,13939.953874,13941.757641347083
170.53381,0.322949,-56.550626,13939.388355,13941.645502341895
170.54381,0.321187,-56.547991,13938.822862,13939.529587870202
170.55381,0.319445,-56.545358,13938.257395,13939.653183379598
170.56381,0.317723,-56.542726,13937.691955,13936.67841571151
170.57381,0.316022,-56.540096,13937.126541,13938.332494683755
170.58381,0.314341,-56.537467,13936.561153,13939.06793565179
170.59381,0.31268,-56.53484,13935.995791,13938.386047535992
170.60381,0.311041,-56.532214,13935.430456,13937.105723988929
170.61381,0.309422,-56.52959,13934.865147,13935.288788310316
170.62381,0.307825,-56.526967,13934.299864,13932.947690459494
170.63381,0.306248,-56.524346,13933.734608,13935.81350008245
170.64381,0.304694,-56.521726,13933.169377,13937.056005325641
170.65381,0.303161,-56.519108,13932.604173,13932.190922767888
170.66381,0.30165,-56.516491,13932.038995,13931.14801994338
170.67381,0.300161,-56.513875,13931.473843,13934.191403237784
170.68381,0.298695,-56.511261,13930.908718,13934.44123127948
170.69381,0.297251,-56.508648,13930.343618,13930.124662051137
170.70381,0.295829,-56.506037,13929.778545,13931.623364178502
170.71381,0.29443,-56.503427,13929.213497,13930.54413556529
170.72381,0.293055,-56.500818,13928.648476,13928.454963185719
170.73381,0.291702,-56.498211,13928.083481,13926.109024539506
170.74381,0.290373,-56.495605,13927.518512,13930.382732468903
170.75381,0.289067,-56.493,13926.953569,13927.215262929385
170.76381,0.287785,-56.490397,13926.388652,13927.720803849612
170.77381,0.286527,-56.487795,13925.823761,13924.383279075037
170.78381,0.285293,-56.485194,13925.258896,13927.162570359187
170.79381,0.284083,-56.482594,13924.694057,13926.766425379972
170.80381,0.282897,-56.479996,13924.129244,13925.871731380726
170.81381,0.281736,-56.477399,13923.564457,13925.168922402801
170.82381,0.2806,-56.474803,13922.999696,13923.67302765505
170.83381,0.279488,-56.472209,13922.434961,13923.564072518691
170.84381,0.278402,-56.469615,13921.870252,13923.959829817419
170.85381,0.27734,-56.467023,13921.305569,13924.70944858073
170.86381,0.276304,-56.464432,13920.740912,13922.366265197246
170.87381,0.275293,-56.461842,13920.17628,13922.494745232376
170.88381,0.274307,-56.459254,13919.611675,13919.897292808857
170.89381,0.273348,-56.456666,13919.047095,13922.654042638069
170.90381,0.272414,-56.45408,13918.482541,13918.54566175973
170.91381,0.271505,-56.451495,13917.918013,13919.309388736967
170.92381,0.270623,-56.448911,13917.353511,13916.926481181776
170.93381,0.269767,-56.446328,13916.789035,13917.698643576048
170.94381,0.268937,-56.443746,13916.224585,13916.508486672534
170.95381,0.268142,-56.441165,13915.66016,13919.792235904217
170.96381,0.267379,-56.438585,13915.095762,13916.16283843355
170.97381,0.266642,-56.436007,13914.531389,13915.931128932383
170.98381,0.265931,-56.433429,13913.967041,13915.82552375518
170.99381,0.265247,-56.430852,13913.40272,13910.947412673067
171.00381,0.26459,-56.428276,13912.838424,13913.478936802341
171.01381,0.26396,-56.425701,13912.274155,13914.786570876995
171.02381,0.263356,-56.423126,13911.70991,13911.783645184407
171.03381,0.262779,-56.420553,13911.145692,13913.288563198199
171.04381,0.262229,-56.41798,13910.581499,13911.892739249855
171.05381,0.261706,-56.415409,13910.017332,13910.4701670576
171.06381,0.26121,-56.412838,13909.453191,13910.626721642855
171.07381,0.260741,-56.410268,13908.889076,13908.806947838926
171.08381,0.260299,-56.407699,13908.324986,13909.03277812042
171.09381,0.259883,-56.405131,13907.760922,13908.580560147073
171.10381,0.259495,-56.402563,13907.196883,13908.697409412915
171.11381,0.259133,-56.399997,13906.63287,13908.40952376368
171.12381,0.258799,-56.397431,13906.068883,13906.422077992653
171.13381,0.258491,-56.394866,13905.504922,13906.918193065041
171.14381,0.258209,-56.392302,13904.940986,13909.143303439343
171.15381,0.257955,-56.389738,13904.377076,13907.090724749336
171.16381,0.257727,-56.387175,13903.813191,13906.93272215554
171.17381,0.257526,-56.384613,13903.249332,13904.106011404918
171.18381,0.257351,-56.382052,13902.685499,13903.190410755107
171.19381,0.257203,-56.379492,13902.121691,13899.91967400177
171.20381,0.257081,-56.376932,13901.557909,13901.53718824561
171.21381,0.256985,-56.374373,13900.994152,13901.481203709642
171.22381,0.256916,-56.371815,13900.430422,13901.570225578342
171.23381,0.256872,-56.369258,13899.866716,13902.349567213234
171.24381,0.256855,-56.366701,13899.303036,13899.27245275736
171.25381,0.256863,-56.364145,13898.739382,13898.382922697887
171.26381,0.256896,-56.361589,13898.175754,13899.576295434856
171.27381,0.256956,-56.359035,13897.61215,13898.888960526303
171.28381,0.25704,-56.356481,13897.048573,13898.58978721812
171.29381,0.25715,-56.353927,13896.485021,13896.941264830877
171.30381,0.257285,-56.351375,13895.921494,13894.19415234896
171.31381,0.257444,-56.348823,13895.357993,13894.575877743237
171.32381,0.257628,-56.346271,13894.794518,13894.417849409188
171.33381,0.257837,-56.34372,13894.231068,13894.96070579759
171.34381,0.25807,-56.34117,13893.667643,13897.085665400371
171.35381,0.258327,-56.338621,13893.104244,13894.026651470558
171.36381,0.258608,-56.336072,13892.540871,13894.377235911657
171.37381,0.258913,-56.333524,13891.977523,13893.800902121584
171.38381,0.259241,-56.330976,13891.414201,13891.648604942866
171.39381,0.259592,-56.328429,13890.850903,13891.30032357585
171.40381,0.259967,-56.325883,13890.287632,13888.084989798444
171.41381,0.260364,-56.323337,13889.724386,13892.404574376742
171.42381,0.260784,-56.320792,13889.161165,13888.214988234875
171.43381,0.261226,-56.318247,13888.59797,13889.261546328667
171.44381,0.261691,-56.315703,13888.0348,13887.602556471287
171.45381,0.262177,-56.313159,13887.471656,13888.491884353783
171.46381,0.262685,-56.310616,13886.908537,13889.18752752308
171.47381,0.263214,-56.308074,13886.345444,13886.846630884882
171.48381,0.263764,-56.305532,13885.782376,13888.942487815082
171.49381,0.264336,-56.30299,13885.219333,13884.388885953042
171.50381,0.264928,-56.30045,13884.656316,13886.652614232711
171.51381,0.26554,-56.297909,13884.093324,13883.771144513305
171.52381,0.266173,-56.295369,13883.530358,13884.197417796157
171.53381,0.266825,-56.29283,13882.967417,13886.002692227114
171.54381,0.267497,-56.290291,13882.404501,13886.21295745565
171.55381,0.268188,-56.287753,13881.841611,13884.111843252278
171.56381,0.268899,-56.285215,13881.278746,13883.75255777644
171.57381,0.269628,-56.282678,13880.715906,13880.968948218568
171.58381,0.270376,-56.280141,13880.153092,13881.343215518313
171.59381,0.271142,-56.277605,13879.590304,13881.803330929597
171.60381,0.271926,-56.275069,13879.02754,13878.07381294953
171.61381,0.272728,-56.272533,13878.464802,13878.90688078854
171.62381,0.273548,-56.269998,13877.90209,13879.660601726133
171.63381,0.274385,-56.267464,13877.339402,13881.284168893997
171.64381,0.275238,-56.26493,13876.77674,13874.469199887368
171.65381,0.276109,-56.262396,13876.214104,13878.019228237212
171.66381,0.276995,-56.259863,13875.651492,13878.37183817572
171.67381,0.277898,-56.25733,13875.088906,13877.345069544157
171.68381,0.278817,-56.254798,13874.526346,13877.310584661414
171.69381,0.279752,-56.252266,13873.96381,13874.970181294779
171.70381,0.280702,-56.249734,13873.4013,13875.014197019229
171.71381,0.281667,-56.247203,13872.838816,13874.053240671192
171.72381,0.282647,-56.244673,13872.276356,13874.615487223464
171.73381,0.283642,-56.242142,13871.713922,13872.202605856543
171.74381,0.284651,-56.239612,13871.151514,13869.624604033148
171.75381,0.285674,-56.237083,13870.58913,13873.108642861824
171.76381,0.286711,-56.234554,13870.026772,13868.691339452156
171.77381,0.287762,-56.232025,13869.464439,13868.993279078222
171.78381,0.288826,-56.229497,13868.902131,13867.758004867968
171.79381,0.289904,-56.226969,13868.339849,13867.859700695959
171.80381,0.290994,-56.224441,13867.777592,13870.428498398553
171.81381,0.292097,-56.221914,13867.21536,13868.696377022605
171.82381,0.293212,-56.219387,13866.653154,13868.473445037524
171.83381,0.294339,-56.21686,13866.090973,13866.453425221272
171.84381,0.295479,-56.214334,13865.528817,13863.829550624016
171.85381,0.29663,-56.211808,13864.966686,13865.35096210494
171.86381,0.297793,-56.209283,13864.40458,13865.19608412932
171.87381,0.298967,-56.206757,13863.8425,13865.244756386175
171.88381,0.300152,-56.204233,13863.280445,13863.978978050776
171.89381,0.301348,-56.201708,13862.718416,13863.958775045476
171.90381,0.302554,-56.199184,13862.156411,13863.911701474402
171.91381,0.303771,-56.19666,13861.594432,13860.802847877014
171.92381,0.304999,-56.194136,13861.032478,13863.422737161354
171.93381,0.306236,-56.191613,13860.470549,13862.705388760685
171.94381,0.307483,-56.18909,13859.908646,13860.919804786197
171.95381,0.308739,-56.186567,13859.346767,13861.42017083169
171.96381,0.310005,-56.184045,13858.784914,13859.15882693293
171.97381,0.311281,-56.181523,13858.223086,13858.513402023515
171.98381,0.312565,-56.179001,13857.661284,13856.72969732301
171.99381,0.313858,-56.176479,13857.099506,13858.395568685204
172.00381,0.315159,-56.173958,13856.537754,13855.306124010858
172.01381,0.316469,-56.171437,13855.976027,13856.25469707804
172.02381,0.317788,-56.168916,13855.414325,13855.236793532888
172.03381,0.319114,-56.166396,13854.852649,13855.066199367708
172.04381,0.320448,-56.163875,13854.290998,13854.97710331975
172.05381,0.32179,-56.161356,13853.729371,13855.367973775115
172.06381,0.32314,-56.158836,13853.16777,13854.921280957486
172.07381,0.324497,-56.156316,13852.606195,13853.362243697524
172.08381,0.325861,-56.153797,13852.044644,13852.250135888467
172.09381,0.327232,-56.151278,13851.483119,13852.448918198337
172.10381,0.32861,-56.148759,13850.921619,13853.098096354983
172.11381,0.329995,-56.146241,13850.360144,13852.395350029985
172.12381,0.331386,-56.143723,13849.798694,13848.266478656236
172.13381,0.332783,-56.141205,13849.237269,13851.83807482063
172.14381,0.334187,-56.138687,13848.67587,13849.054744628176
172.15381,0.335597,-56.136169,13848.114495,13851.574034337416
172.16381,0.337013,-56.133652,13847.553146,13850.460730225139
172.17381,0.338435,-56.131135,13846.991822,13848.130295216233
172.18381,0.339863,-56.128618,13846.430524,13843.43781009626
172.19381,0.341296,-56.126101,13845.86925,13848.477055266798
172.20381,0.342734,-56.123585,13845.308002,13846.145011574508
172.21381,0.344178,-56.121068,13844.746778,13844.971435745027
172.22381,0.345627,-56.118552,13844.18558,13845.842284178316
172.23381,0.34708,-56.116036,13843.624407,13845.167806275731
172.24381,0.348539,-56.11352,13843.063259,13846.649768456255
172.25381,0.350002,-56.111005,13842.502137,13844.684992865135
172.26381,0.35147,-56.10849,13841.941039,13843.949405521269
172.27381,0.352943,-56.105974,13841.379967,13842.486786726451
172.28381,0.35442,-56.103459,13840.81892,13841.99590953273
172.29381,0.355901,-56.100945,13840.257898,13843.330383283397
172.30381,0.357386,-56.09843,13839.696901,13840.695041025265
172.31381,0.358875,-56.095915,13839.135929,13843.032324144087
172.32381,0.360369,-56.093401,13838.574983,13844.045416616713
172.33381,0.361866,-56.090887,13838.014061,13842.37278033396
172.34381,0.363366,-56.088373,13837.453165,13836.374067586796
172.35381,0.364871,-56.085859,13836.892294,13836.507767089366
172.36381,0.366378,-56.083345,13836.331448,13835.266381652791
172.37381,0.36789,-56.080832,13835.770627,13836.704733840414
172.38381,0.369404,-56.078319,13835.209831,13837.288988349108
172.39381,0.370922,-56.075805,13834.64906,13835.59340630207
172.40381,0.372442,-56.073292,13834.088315,13834.470895647388
172.41381,0.373966,-56.070779,13833.527595,13834.508923406307
172.42381,0.375493,-56.068267,13832.966899,13830.935107635663
172.43381,0.377022,-56.065754,13832.406229,13833.676248504718
172.44381,0.378554,-56.063242,13831.845584,13831.02829644966
172.45381,0.380089,-56.060729,13831.284964,13830.833354666629
172.46381,0.381626,-56.058217,13830.72437,13830.903690858288
172.47381,0.383166,-56.055705,13830.1638,13832.134861025275
172.48381,0.384708,-56.053193,13829.603256,13833.735498647915
172.49381,0.386253,-56.050681,13829.042736,13831.672878411844
172.50381,0.387799,-56.048169,13828.482242,13830.826966928105
172.51381,0.389348,-56.045658,13827.921773,13829.857072997253
172.52381,0.390899,-56.043146,13827.361329,13828.807442369354
172.53381,0.392452,-56.040635,13826.80091,13829.367687048862
172.54381,0.394006,-56.038123,13826.240516,13827.680847843414
172.55381,0.395563,-56.035612,13825.680147,13825.503880038063
172.56381,0.397121,-56.033101,13825.119804,13823.671114125522
172.57381,0.398681,-56.03059,13824.559485,13824.561538747179
172.58381,0.400243,-56.028079,13823.999192,13825.277335045796
172.59381,0.401806,-56.025569,13823.438924,13826.320255622939
172.60381,0.40337,-56.023058,13822.878681,13825.486558834262
172.61381,0.404936,-56.020548,13822.318463,13824.386217826577
172.62381,0.406504,-56.018037,13821.75827,13821.288054142327
172.63381,0.408073,-56.015527,13821.198102,13820.414822569417
172.64381,0.409642,-56.013017,13820.637959,13821.768588202849
172.65381,0.411213,-56.010506,13820.077842,13823.906182876257
172.66381,0.412786,-56.007996,13819.517749,13820.980563388368
172.67381,0.414359,-56.005486,13818.957682,13821.003041633234
172.68381,0.415933,-56.002976,13818.397639,13819.343956810733
172.69381,0.417508,-56.000467,13817.837622,13817.17481589776
172.70381,0.419084,-55.997957,13817.27763,13819.458738776037
172.71381,0.420661,-55.995447,13816.717663,13816.212561257316
172.72381,0.422239,-55.992938,13816.157721,13817.026452627948
172.73381,0.423817,-55.990428,13815.597804,13817.922669425472
172.74381,0.425396,-55.987919,13815.037913,13816.663051887956
172.75381,0.426975,-55.985409,13814.478046,13814.881366223823
172.76381,0.428555,-55.9829,13813.918204,13815.857363079336
172.77381,0.430136,-55.980391,13813.358388,13812.40571413453
172.78381,0.431717,-55.977882,13812.798597,13813.484088846339
172.79381,0.433299,-55.975373,13812.23883,13811.214686472564
172.80381,0.434881,-55.972863,13811.679089,13812.329006634893
172.81381,0.436463,-55.970355,13811.119373,13812.239221787813
172.82381,0.438045,-55.967846,13810.559682,13813.138207298569
172.83381,0.439628,-55.965337,13810.000016,13810.70206306331
172.84381,0.441211,-55.962828,13809.440375,13812.146234593873
172.85381,0.442794,-55.960319,13808.88076,13808.146145783288
172.86381,0.444377,-55.957811,13808.321169,13808.434387295722
172.87381,0.44596,-55.955302,13807.761603,13806.534140736749
172.88381,0.447543,-55.952793,13807.202063,13808.504554333478
172.89381,0.449127,-55.950285,13806.642547,13808.562753259786
172.90381,0.45071,-55.947776,13806.083057,13809.989381921543
172.91381,0.452293,-55.945268,13805.523592,13807.9412524553
172.92381,0.453876,-55.94276,13804.964152,13807.045134532687
172.93381,0.455459,-55.940251,13804.404737,13807.288770087342
172.94381,0.457041,-55.937743,13803.845347,13803.653874708752
172.95381,0.458624,-55.935235,13803.285982,13803.670584374304
172.96381,0.460206,-55.932727,13802.726642,13801.489601539457
172.97381,0.461787,-55.930219,13802.167327,13802.198888611954
172.98381,0.463369,-55.927711,13801.608038,13803.588387553815
172.99381,0.46495,-55.925202,13801.048773,13801.917686639395
173.00381,0.466531,-55.922694,13800.489534,13800.031236497698
173.01381,0.468111,-55.920186,13799.930319,13801.331764615245
173.02381,0.46969,-55.917679,13799.37113,13799.55732538574
173.03381,0.47127,-55.915171,13798.811966,13799.10899601077
173.04381,0.472848,-55.912663,13798.252827,13798.83281925355
173.05381,0.474427,-55.910155,13797.693712,13799.326304292475
173.06381,0.476004,-55.907647,13797.134623,13799.019574072408
173.07381,0.477581,-55.905139,13796.575559,13795.41526280609
173.08381,0.479158,-55.902632,13796.016521,13796.528144427393
173.09381,0.480733,-55.900124,13795.457507,13798.158899473181
173.10381,0.482308,-55.897616,13794.898518,13794.774035908602
173.11381,0.483882,-55.895108,13794.339555,13795.574547548475
173.12381,0.485456,-55.892601,13793.780616,13791.391936065667
173.13381,0.487029,-55.890093,13793.221703,13791.657088972586
173.14381,0.488601,-55.887586,13792.662814,13794.612695415357
173.15381,0.490172,-55.885078,13792.103951,13793.79162948656
173.16381,0.491742,-55.882571,13791.545113,13793.147245597276
173.17381,0.493311,-55.880063,13790.986299,13792.662955671967
173.18381,0.49488,-55.877555,13790.427511,13789.83181173973
173.19381,0.496447,-55.875048,13789.868748,13791.608413540522
173.20381,0.498014,-55.872541,13789.31001,13790.77320739517
173.21381,0.49958,-55.870033,13788.751297,13790.648372099487
173.22381,0.501145,-55.867526,13788.19261,13790.897522517456
173.23381,0.502708,-55.865018,13787.633947,13789.790711168536
173.24381,0.504271,-55.862511,13787.075309,13787.315413058755
173.25381,0.505833,-55.860004,13786.516697,13787.54111547548
173.26381,0.507393,-55.857496,13785.958109,13786.396902679624
173.27381,0.508953,-55.854989,13785.399547,13785.53216930536
173.28381,0.510511,-55.852482,13784.841009,13783.405415403311
173.29381,0.512068,-55.849974,13784.282497,13788.763218713877
173.30381,0.513624,-55.847467,13783.72401,13784.240325255189
173.31381,0.515179,-55.84496,13783.165548,13784.662049077388
173.32381,0.516733,-55.842452,13782.607111,13781.630987310176
173.33381,0.518286,-55.839945,13782.048699,13782.568909608246
173.34381,0.519837,-55.837438,13781.490312,13783.193219957688
173.35381,0.521387,-55.834931,13780.93195,13781.930447263834
173.36381,0.522936,-55.832424,13780.373613,13780.954870071515
173.37381,0.524484,-55.829916,13779.815302,13783.086216540845
173.38381,0.52603,-55.827409,13779.257015,13782.1741972143
173.39381,0.527575,-55.824902,13778.698753,13779.114040925082
173.40381,0.529119,-55.822395,13778.140517,13777.400032177222
173.41381,0.530662,-55.819888,13777.582305,13780.020059576254
173.42381,0.532203,-55.81738,13777.024119,13776.908799264987
173.43381,0.533743,-55.814873,13776.465958,13777.364715086052
173.44381,0.535281,-55.812366,13775.907822,13774.688255804442
173.45381,0.536818,-55.809859,13775.349711,13776.625990042072
173.46381,0.538354,-55.807352,13774.791625,13773.707289958526
173.47381,0.539888,-55.804845,13774.233564,13776.401142321987
173.48381,0.541421,-55.802338,13773.675528,13772.360363032845
173.49381,0.542952,-55.799831,13773.117517,13774.080900759707
173.50381,0.544482,-55.797323,13772.559531,13773.250716676039
173.51381,0.54601,-55.794816,13772.00157,13773.031046355394
173.52381,0.547537,-55.792309,13771.443635,13773.748653745308
173.53381,0.549063,-55.789802,13770.885724,13771.27946189311
173.54381,0.550587,-55.787295,13770.327839,13771.479169565839
173.55381,0.552109,-55.784788,13769.769978,13770.114165969979
173.56381,0.55363,-55.782281,13769.212143,13767.778834160874
173.57381,0.55515,-55.779774,13768.654333,13771.06089834963
173.58381,0.556668,-55.777267,13768.096547,13766.382742701278
173.59381,0.558184,-55.77476,13767.538787,13766.97364579179
173.60381,0.559699,-55.772253,13766.981052,13767.65524356107
173.61381,0.561212,-55.769746,13766.423342,13767.131149497622
173.62381,0.562724,-55.767239,13765.865657,13765.002538849498
173.63381,0.564234,-55.764732,13765.307997,13766.502146248009
173.64381,0.565742,-55.762225,13764.750363,13768.454784507576
173.65381,0.567249,-55.759718,13764.192753,13765.29817888276
173.66381,0.568754,-55.757211,13763.635168,13768.020159806096
173.67381,0.570258,-55.754704,13763.077609,13763.179196159297
173.68381,0.57176,-55.752197,13762.520074,13762.888322637675
173.69381,0.57326,-55.74969,13761.962565,13761.675458821528
173.70381,0.574759,-55.747183,13761.40508,13762.422800055003
173.71381,0.576256,-55.744676,13760.847621,13763.812728280407
173.72381,0.577751,-55.742169,13760.290187,13760.038436907174
173.73381,0.579245,-55.739662,13759.732778,13762.204476480874
173.74381,0.580737,-55.737155,13759.175394,13760.475486515155
173.75381,0.582227,-55.734648,13758.618035,13758.831852654615
173.76381,0.583715,-55.732141,13758.060701,13760.411818099097
173.77381,0.585202,-55.729634,13757.503392,13756.563700121298
173.78381,0.586687,-55.727127,13756.946108,13759.004981478127
173.79381,0.588171,-55.72462,13756.388849,13756.678923036785
173.80381,0.589652,-55.722113,13755.831616,13757.408392166682
173.81381,0.591132,-55.719606,13755.274407,13757.450165781585
173.82381,0.59261,-55.717099,13754.717224,13756.739203786821
173.83381,0.594086,-55.714592,13754.160065,13756.12574537098
173.84381,0.595561,-55.712085,13753.602932,13755.492282142257
173.85381,0.597034,-55.709578,13753.045823,13756.023934535995
173.86381,0.598505,-55.707071,13752.48874,13752.46521934633
173.87381,0.599974,-55.704564,13751.931682,13752.426530968803
173.88381,0.601442,-55.702057,13751.374649,13750.923672744344
173.89381,0.602907,-55.69955,13750.817641,13749.488770854357
173.90381,0.604371,-55.697043,13750.260658,13750.427858385507
173.91381,0.605833,-55.694537,13749.7037,13748.67903649621
173.92381,0.607294,-55.69203,13749.146767,13749.872220750261
173.93381,0.608752,-55.689523,13748.589859,13749.288820170506
173.94381,0.610209,-55.687016,13748.032977,13751.002854071761
173.95381,0.611664,-55.684509,13747.476119,13748.71701810323
173.96381,0.613117,-55.682002,13746.919287,13747.604561935424
173.97381,0.614568,-55.679495,13746.362479,13745.437603015009
173.98381,0.616017,-55.676988,13745.805697,13745.259298006966
173.99381,0.615656,-55.674482,13745.248939,13747.877537186361
174.00381,0.613863,-55.671977,13744.692207,13747.835404228634
174.01381,0.612076,-55.669474,13744.1355,13745.858924325239
174.02381,0.610295,-55.666974,13743.578817,13742.574467400855
174.03381,0.608519,-55.664475,13743.02216,13745.480259192314
174.04381,0.606749,-55.661978,13742.465528,13745.987907176821
174.05381,0.604984,-55.659483,13741.908921,13741.025881348343
174.06381,0.603225,-55.65699,13741.352338,13744.751520009631
174.07381,0.601472,-55.654499,13740.795781,13741.870989518031
174.08381,0.599724,-55.652009,13740.239248,13741.967373404705
174.09381,0.597982,-55.649522,13739.682741,13743.975036374559
174.10381,0.596245,-55.647036,13739.126258,13739.546478828728
174.11381,0.594514,-55.644553,13738.5698,13742.015656000385
174.12381,0.592788,-55.642071,13738.013367,13738.009543741942
174.13381,0.591068,-55.639591,13737.456959,13736.500549944003
174.14381,0.589354,-55.637112,13736.900575,13736.794150909896
174.15381,0.587645,-55.634636,13736.344216,13736.38927973506
174.16381,0.585942,-55.632161,13735.787882,13735.312163215018
174.17381,0.584244,-55.629689,13735.231573,13732.869929929897
174.18381,0.582552,-55.627218,13734.675288,13734.117320962554
174.19381,0.580866,-55.624748,13734.119029,13734.742000863762
174.20381,0.579185,-55.622281,13733.562794,13732.434158907205
174.21381,0.57751,-55.619815,13733.006583,13735.009993401889
174.22381,0.57584,-55.617351,13732.450397,13732.681160977807
174.23381,0.574176,-55.614889,13731.894236,13734.530056609414
174.24381,0.572518,-55.612428,13731.338099,13732.91038987306
174.25381,0.570865,-55.609969,13730.781987,13732.486928476714
174.26381,0.569218,-55.607512,13730.2259,13731.34243240066
174.27381,0.567576,-55.605056,13729.669837,13729.95546969983
174.28381,0.56594,-55.602603,13729.113799,13729.691640162247
174.29381,0.56431,-55.60015,13728.557785,13731.474792905721
174.30381,0.562685,-55.5977,13728.001796,13726.011287470046
174.31381,0.561066,-55.595251,13727.445831,13729.255397440766
174.32381,0.559452,-55.592804,13726.889891,13726.17434218433
174.33381,0.557844,-55.590358,13726.333975,13727.456806521968
174.34381,0.556242,-55.587914,13725.778084,13724.542371833817
174.35381,0.554646,-55.585472,13725.222217,13726.262582481715
174.36381,0.553055,-55.583031,13724.666374,13726.067401356977
174.37381,0.551469,-55.580591,13724.110556,13724.196111744914
174.38381,0.54989,-55.578154,13723.554762,13724.890497778008
174.39381,0.548316,-55.575718,13722.998993,13726.247588077451
174.40381,0.546748,-55.573283,13722.443248,13725.158122180359
174.41381,0.545185,-55.57085,13721.887527,13723.500998365222
174.42381,0.543628,-55.568419,13721.331831,13723.25950516653
174.43381,0.542076,-55.565989,13720.776159,13722.253037394194
174.44381,0.540531,-55.56356,13720.220511,13722.299506230374
174.45381,0.538991,-55.561133,13719.664888,13718.90636773319
174.46381,0.537456,-55.558708,13719.109289,13719.317537780878
174.47381,0.535928,-55.556284,13718.553714,13720.399929246147
174.48381,0.534405,-55.553861,13717.998163,13719.919084481979
174.49381,0.532888,-55.551441,13717.442636,13716.395660284243
174.50381,0.531376,-55.549021,13716.887134,13715.782425226233
174.51381,0.52987,-55.546603,13716.331656,13716.653350539205
174.52381,0.528373,-55.544186,13715.776202,13715.639900693512
174.53381,0.526886,-55.541771,13715.220772,13717.592232108833
174.54381,0.525405,-55.539357,13714.665367,13715.513578360711
174.55381,0.52393,-55.536944,13714.109985,13712.960322887548
174.56381,0.52246,-55.534533,13713.554628,13715.11696600597
174.57381,0.520997,-55.532122,13712.999294,13713.77659261079
174.58381,0.519538,-55.529713,13712.443985,13715.173736722534
174.59381,0.518086,-55.527306,13711.8887,13710.61984105047
174.60381,0.516639,-55.524899,13711.333439,13712.481745187346
174.61381,0.515198,-55.522494,13710.778202,13710.456368135028
174.62381,0.513763,-55.520089,13710.222989,13709.477862580214
174.63381,0.512334,-55.517686,13709.6678,13711.849564546497
174.64381,0.51091,-55.515285,13709.112636,13708.643880421265
174.65381,0.509492,-55.512884,13708.557495,13709.315903073137
174.66381,0.50808,-55.510485,13708.002378,13710.93947659126
174.67381,0.506673,-55.508087,13707.447285,13706.080937271206
174.68381,0.505273,-55.50569,13706.892216,13708.230826894824
174.69381,0.503878,-55.503294,13706.337171,13705.240798115867
174.70381,0.502489,-55.500899,13705.78215,13707.344260091055
174.71381,0.501105,-55.498505,13705.227153,13707.724618067577
174.72381,0.499728,-55.496113,13704.67218,13704.169364227242
174.73381,0.498356,-55.493721,13704.117231,13706.3441660212
174.74381,0.49699,-55.491331,13703.562306,13707.85693159854
174.75381,0.49563,-55.488942,13703.007404,13704.927780581342
174.76381,0.494276,-55.486554,13702.452527,13703.242665083755
174.77381,0.492927,-55.484167,13701.897673,13703.864658092438
174.78381,0.491585,-55.481781,13701.342844,13702.950061223057
174.79381,0.490248,-55.479397,13700.788038,13700.091851894784
174.80381,0.488917,-55.477013,13700.233256,13700.930207256932
174.81381,0.487592,-55.47463,13699.678497,13701.129262605811
174.82381,0.486273,-55.472249,13699.123763,13699.721683658914
174.83381,0.484959,-55.469868,13698.569052,13699.611658991456
174.84381,0.483651,-55.467489,13698.014366,13700.799507476904
174.85381,0.48235,-55.465111,13697.459703,13695.883113504782
174.86381,0.481054,-55.462733,13696.905063,13698.69088319359
174.87381,0.479764,-55.460357,13696.350448,13697.069224278455
174.88381,0.47848,-55.457982,13695.795856,13696.358679975203
174.89381,0.477201,-55.455607,13695.241288,13697.849623553579
174.90381,0.475929,-55.453234,13694.686744,13694.84171269843
174.91381,0.474663,-55.450862,13694.132224,13695.658415818149
174.92381,0.473402,-55.448491,13693.577727,13695.676500862606
174.93381,0.472147,-55.44612,13693.023254,13695.989898189055
174.94381,0.470898,-55.443751,13692.468804,13690.634994457041
174.95381,0.469656,-55.441383,13691.914379,13693.065202122647
174.96381,0.468419,-55.439015,13691.359977,13690.984026681319
174.97381,0.467188,-55.436649,13690.805598,13690.991218468409
174.98381,0.465963,-55.434284,13690.251244,13689.486630448837
174.99381,0.464743,-55.431919,13689.696913,13688.993720972703
175.00381,0.46353,-55.429556,13689.142605,13689.078789558405
175.01381,0.462323,-55.427193,13688.588322,13688.389121254912
175.02381,0.461122,-55.424831,13688.034062,13686.860945081771
175.03381,0.459926,-55.422471,13687.479825,13685.694185031676
175.04381,0.458737,-55.420111,13686.925612,13690.81580698536
175.05381,0.457554,-55.417752,13686.371423,13688.67310902869
175.06381,0.456376,-55.415394,13685.817257,13687.042123405983
175.07381,0.455205,-55.413037,13685.263115,13685.945793957515
175.08381,0.454039,-55.410681,13684.708996,13685.845512866914
175.09381,0.45288,-55.408326,13684.154901,13685.577342449542
175.10381,0.451726,-55.405971,13683.60083,13684.705591429332
175.11381,0.450579,-55.403618,13683.046782,13686.583867075155
175.12381,0.449437,-55.401265,13682.492757,13684.201680084288
175.13381,0.448302,-55.398913,13681.938757,13684.639241171393
175.14381,0.447172,-55.396563,13681.384779,13682.432477466085
175.15381,0.446049,-55.394212,13680.830825,13682.671577255012
175.16381,0.444931,-55.391863,13680.276895,13681.358355865426
175.17381,0.44382,-55.389515,13679.722988,13682.064061710038
175.18381,0.442715,-55.387167,13679.169105,13679.741738880957
175.19381,0.441615,-55.384821,13678.615245,13676.849045947845
175.20381,0.440522,-55.382475,13678.061408,13680.809505967878
175.21381,0.439435,-55.38013,13677.507595,13677.177825179311
175.22381,0.438354,-55.377786,13676.953806,13680.133482784859
175.23381,0.437279,-55.375442,13676.400039,13677.601191537507
175.24381,0.43621,-55.3731,13675.846297,13677.135324433953
175.25381,0.435147,-55.370758,13675.292577,13677.986173159976
175.26381,0.43409,-55.368417,13674.738882,13678.690233974969
175.27381,0.433039,-55.366077,13674.185209,13675.841804352542
175.28381,0.431994,-55.363738,13673.63156,13673.617453639728
175.29381,0.430956,-55.361399,13673.077934,13673.339266977391
175.30381,0.429923,-55.359061,13672.524332,13673.001935344644
175.31381,0.428897,-55.356724,13671.970753,13672.458681290096
175.32381,0.427877,-55.354388,13671.417198,13674.772429545135
175.33381,0.426862,-55.352053,13670.863665,13670.668845099868
175.34381,0.425854,-55.349718,13670.310157,13673.718857067615
175.35381,0.424852,-55.347384,13669.756671,13671.128156593111
175.36381,0.423857,-55.345051,13669.203209,13672.89459903201
175.37381,0.422867,-55.342718,13668.64977,13669.573476625195
175.38381,0.421883,-55.340386,13668.096354,13668.937008282306
175.39381,0.420906,-55.338055,13667.542962,13668.327018547981
175.40381,0.419935,-55.335725,13666.989593,13669.015441196598
175.41381,0.418969,-55.333396,13666.436248,13667.865737297041
175.42381,0.41801,-55.331067,13665.882925,13664.31450683876
175.43381,0.417058,-55.328739,13665.329626,13668.13499877815
175.44381,0.416111,-55.326411,13664.776351,13665.245232259607
175.45381,0.41517,-55.324085,13664.223098,13664.218680865284
175.46381,0.414236,-55.321759,13663.669869,13666.900359555262
175.47381,0.413308,-55.319433,13663.116663,13665.631048493851
175.48381,0.412386,-55.317109,13662.56348,13664.023817475412
175.49381,0.41147,-55.314785,13662.010321,13661.312074618885
175.50381,0.41056,-55.312461,13661.457185,13663.411648723997
175.51381,0.409657,-55.310139,13660.904072,13659.087238021373
175.52381,0.40876,-55.307817,13660.350982,13662.648333508361
175.53381,0.407868,-55.305496,13659.797915,13659.749852491112
175.54381,0.406983,-55.303175,13659.244872,13664.304036304648
175.55381,0.406105,-55.300855,13658.691852,13660.330425907308
175.56381,0.405232,-55.298536,13658.138855,13661.278467455566
175.57381,0.404366,-55.296218,13657.585881,13659.704185311371
175.58381,0.403506,-55.2939,13657.03293,13656.842138712182
175.59381,0.402652,-55.291582,13656.480003,13655.8359299967
175.60381,0.401804,-55.289266,13655.927099,13655.082852307925
175.61381,0.400962,-55.28695,13655.374218,13654.625180846519
175.62381,0.400127,-55.284634,13654.82136,13657.122614368951
175.63381,0.399298,-55.28232,13654.268525,13655.258214752721
175.64381,0.398475,-55.280006,13653.715713,13654.853793861037
175.65381,0.397658,-55.277692,13653.162925,13653.702179446786
175.66381,0.396848,-55.275379,13652.61016,13653.486112718901
175.67381,0.396044,-55.273067,13652.057417,13651.86068691315
175.68381,0.395246,-55.270755,13651.504698,13651.84104870622
175.69381,0.394454,-55.268444,13650.952002,13652.016609263726
175.70381,0.393668,-55.266134,13650.399329,13650.067814877875
175.71381,0.392889,-55.263824,13649.84668,13651.683321426453
175.72381,0.392115,-55.261515,13649.294053,13649.902170720814
175.73381,0.391348,-55.259206,13648.741449,13650.003547119759
175.74381,0.390588,-55.256898,13648.188869,13649.499719838912
175.75381,0.389833,-55.25459,13647.636311,13651.898590187926
175.76381,0.389085,-55.252284,13647.083777,13648.316781212849
175.77381,0.388343,-55.249977,13646.531266,13647.236268356386
175.78381,0.387607,-55.247671,13645.978777,13646.349808986408
175.79381,0.386877,-55.245366,13645.426312,13646.44142760533
175.80381,0.386154,-55.243062,13644.87387,13643.685848020239
175.81381,0.385437,-55.240758,13644.321451,13646.89317066609
175.82381,0.384726,-55.238454,13643.769055,13648.123507285236
175.83381,0.384021,-55.236151,13643.216682,13644.967796837245
175.84381,0.383322,-55.233849,13642.664332,13643.313135064682
175.85381,0.38263,-55.231547,13642.112005,13645.384510154256
175.86381,0.381944,-55.229245,13641.559701,13639.59540744954
175.87381,0.381264,-55.226945,13641.00742,13644.303540546403
175.88381,0.38059,-55.224644,13640.455162,13643.272347773163
175.89381,0.379923,-55.222345,13639.902927,13639.01339590494
175.90381,0.379261,-55.220046,13639.350715,13642.228829683285
175.91381,0.378606,-55.217747,13638.798526,13638.802663838189
175.92381,0.377957,-55.215449,13638.24636,13638.555483471355
175.93381,0.377314,-55.213151,13637.694217,13636.632818310058
175.94381,0.376678,-55.210854,13637.142097,13636.36704001978
175.95381,0.376048,-55.208557,13636.59,13641.062765250841
175.96381,0.375423,-55.206261,13636.037926,13635.559585836443
175.97381,0.374805,-55.203966,13635.485875,13637.383360878512
175.98381,0.374194,-55.201671,13634.933847,13635.862993689574
175.99381,0.373588,-55.199376,13634.381842,13637.11810973163
176.00381,0.372988,-55.197082,13633.829859,13635.667193708929
176.01381,0.372395,-55.194788,13633.2779,13633.637470420055
176.02381,0.371808,-55.192495,13632.725963,13635.386877469542
176.03381,0.371227,-55.190203,13632.17405,13632.002557837168
176.04381,0.370652,-55.187911,13631.622159,13633.479940894875
176.05381,0.370084,-55.185619,13631.070292,13630.279679389147
176.06381,0.369521,-55.183328,13630.518447,13632.637965946711
176.07381,0.368965,-55.181037,13629.966625,13631.89137477088
176.08381,0.368414,-55.178747,13629.414826,13630.225660357108
176.09381,0.36787,-55.176457,13628.86305,13630.77059949692
176.10381,0.367332,-55.174168,13628.311297,13629.49435115681
176.11381,0.3668,-55.171879,13627.759567,13629.09632537651
176.12381,0.366274,-55.169591,13627.20786,13629.013549618528
176.13381,0.365754,-55.167303,13626.656175,13629.423347889642
176.14381,0.365241,-55.165016,13626.104513,13626.8052743573
176.15381,0.364733,-55.162729,13625.552875,13627.061436461529
176.16381,0.364232,-55.160442,13625.001259,13624.522933485208
176.17381,0.363736,-55.158156,13624.449666,13624.974082008723
176.18381,0.363247,-55.15587,13623.898096,13622.946647029115
176.19381,0.362764,-55.153585,13623.346548,13624.560248096337
176.20381,0.362286,-55.1513,13622.795024,13623.892725184287
176.21381,0.361815,-55.149016,13622.243522,13623.02696422789
176.22381,0.36135,-55.146732,13621.692044,13622.951970486367
176.23381,0.360891,-55.144449,13621.140588,13620.064276374187
176.24381,0.360437,-55.142166,13620.589155,13620.419510357311
176.25381,0.35999,-55.139883,13620.037745,13617.811707543673
176.26381,0.359549,-55.137601,13619.486357,13619.423869164595
176.27381,0.359114,-55.135319,13618.934993,13620.50532188333
176.28381,0.358684,-55.133038,13618.383651,13619.71189839906
176.29381,0.358261,-55.130757,13617.832332,13618.907624767331
176.30381,0.357844,-55.128477,13617.281036,13620.164152926327
176.31381,0.357432,-55.126196,13616.729762,13617.270952397133
176.32381,0.357027,-55.123917,13616.178512,13618.028435836524
176.33381,0.356627,-55.121637,13615.627284,13618.00101849542
176.34381,0.356233,-55.119359,13615.076079,13615.239974570462
176.35381,0.355846,-55.11708,13614.524897,13617.970552937157
176.36381,0.355464,-55.114802,13613.973737,13614.66811913926
176.37381,0.355088,-55.112524,13613.422601,13615.05526519094
176.38381,0.354717,-55.110247,13612.871487,13613.466026732698
176.39381,0.354353,-55.10797,13612.320396,13614.222834517544
176.40381,0.353994,-55.105694,13611.769327,13610.990477823001
176.41381,0.353642,-55.103418,13611.218282,13609.926796804348
176.42381,0.353295,-55.101142,13610.667259,13614.51051185836
176.43381,0.352954,-55.098867,13610.116259,13609.98350083953
176.44381,0.352618,-55.096592,13609.565282,13607.509752428621
176.45381,0.352289,-55.094317,13609.014327,13610.53458175658
176.46381,0.351965,-55.092043,13608.463395,13608.445856071523
176.47381,0.351647,-55.089769,13607.912486,13610.80493518829
176.48381,0.351334,-55.087495,13607.3616,13607.63568605413
176.49381,0.351028,-55.085222,13606.810736,13605.483062051431
176.50381,0.350727,-55.08295,13606.259896,13606.860613474615
176.51381,0.350431,-55.080677,13605.709077,13604.644887139026
176.52381,0.350142,-55.078405,13605.158282,13605.525188321277
176.53381,0.349858,-55.076134,13604.607509,13604.297222600835
176.54381,0.349579,-55.073862,13604.056759,13603.984296432516
176.55381,0.349306,-55.071591,13603.506032,13607.401318611099
176.56381,0.349039,-55.069321,13602.955327,13606.49188601355
176.57381,0.348777,-55.067051,13602.404646,13602.877904896575
176.58381,0.348521,-55.064781,13601.853986,13603.717980319969
176.59381,0.348271,-55.062511,13601.30335,13602.11096290349
176.60381,0.348026,-55.060242,13600.752736,13604.181334356796
176.61381,0.347786,-55.057973,13600.202145,13599.38370545422
176.62381,0.347553,-55.055705,13599.651577,13599.112973534038
176.63381,0.347324,-55.053437,13599.101031,13600.053476163022
176.64381,0.347101,-55.051169,13598.550508,13600.412604415334
176.65381,0.346883,-55.048902,13598.000008,13599.39801029898
176.66381,0.346671,-55.046634,13597.44953,13598.010964111343
176.67381,0.346464,-55.044368,13596.899075,13596.104022053967
176.68381,0.346263,-55.042101,13596.348643,13594.626639670547
176.69381,0.346067,-55.039835,13595.798233,13596.635885583473
176.70381,0.345876,-55.037569,13595.247846,13597.84981581763
176.71381,0.345691,-55.035304,13594.697482,13593.59726968726
176.72381,0.345511,-55.033039,13594.14714,13596.106951837846
176.73381,0.345336,-55.030774,13593.596821,13597.687918857388
176.74381,0.345167,-55.028509,13593.046524,13592.877963851693
176.75381,0.345003,-55.026245,13592.496251,13593.29459891444
176.76381,0.344844,-55.023981,13591.945999,13593.86620524706
176.77381,0.34469,-55.021718,13591.395771,13591.479491428683
176.78381,0.344542,-55.019455,13590.845565,13591.435588094626
176.79381,0.344398,-55.017192,13590.295382,13591.876896929987
176.80381,0.34426,-55.014929,13589.745221,13590.766754760352
176.81381,0.344127,-55.012667,13589.195083,13591.045575742577
176.82381,0.343999,-55.010405,13588.644968,13590.784222086673
176.83381,0.343876,-55.008143,13588.094875,13589.582005638935
176.84381,0.343758,-55.005882,13587.544805,13586.573249326922
176.85381,0.343645,-55.003621,13586.994758,13584.854768035859
176.86381,0.343538,-55.00136,13586.444733,13585.058504211562
176.87381,0.343435,-54.999099,13585.89473,13587.277733449588
176.88381,0.343337,-54.996839,13585.344751,13585.583903502307
176.89381,0.343244,-54.994579,13584.794794,13585.02599501545
176.90381,0.343156,-54.99232,13584.244859,13582.376709248663
176.91381,0.343074,-54.990061,13583.694947,13583.609983933566
176.92381,0.342995,-54.987802,13583.145058,13585.46449099987
176.93381,0.342922,-54.985543,13582.595191,13581.98654248481
176.94381,0.342854,-54.983285,13582.045347,13583.196241332773
176.95381,0.342791,-54.981026,13581.495525,13580.82769087365
176.96381,0.342732,-54.978769,13580.945726,13584.057783422557
176.97381,0.342678,-54.976511,13580.39595,13581.570211848997
176.98381,0.342629,-54.974254,13579.846196,13579.654258930359
176.99381,0.342584,-54.971997,13579.296465,13580.712621903534
177.00381,0.342545,-54.96974,13578.746756,13581.359055579174
177.01381,0.34251,-54.967484,13578.19707,13579.27998824805
177.02381,0.342479,-54.965228,13577.647407,13579.829208013924
177.03381,0.342454,-54.962972,13577.097766,13576.895166664191
177.04381,0.342433,-54.960716,13576.548147,13577.676817925429
177.05381,0.342416,-54.958461,13575.998551,13577.311923384512
177.06381,0.342404,-54.956206,13575.448978,13579.97900166851
177.07381,0.342397,-54.953951,13574.899427,13574.873297886605
177.08381,0.342394,-54.951697,13574.349899,13578.553683225578
177.09381,0.342396,-54.949442,13573.800393,13576.512381906412
177.10381,0.342402,-54.947189,13573.25091,13575.086389586928
177.11381,0.342413,-54.944935,13572.70145,13573.7110953804
177.12381,0.342428,-54.942681,13572.152011,13573.51153913585
177.13381,0.342447,-54.940428,13571.602596,13572.967401854721
177.14381,0.342471,-54.938175,13571.053203,13569.010030369642
177.15381,0.342499,-54.935923,13570.503832,13570.66192225152
177.16381,0.342532,-54.93367,13569.954484,13571.035588357347
177.17381,0.342569,-54.931418,13569.405159,13570.346443488188
177.18381,0.34261,-54.929166,13568.855856,13570.106044897535
177.19381,0.342655,-54.926915,13568.306576,13567.810182532225
177.20381,0.342705,-54.924664,13567.757318,13568.769179744519
177.21381,0.342758,-54.922413,13567.208082,13567.862122502422
177.22381,0.342816,-54.920162,13566.658869,13567.586637065642
177.23381,0.342879,-54.917911,13566.109679,13566.937791641443
177.24381,0.342945,-54.915661,13565.560511,13567.047140871096
177.25381,0.343015,-54.913411,13565.011366,13566.034738784638
177.26381,0.34309,-54.911161,13564.462243,13562.745231673049
177.27381,0.343168,-54.908911,13563.913143,13565.859684745576
177.28381,0.343251,-54.906662,13563.364065,13563.033246167714
177.29381,0.343337,-54.904413,13562.815009,13563.008099074177
177.30381,0.343428,-54.902164,13562.265977,13563.299101807163
177.31381,0.343523,-54.899916,13561.716966,13562.107645077198
177.32381,0.343621,-54.897667,13561.167978,13561.22498953004
177.33381,0.343723,-54.895419,13560.619013,13561.859965976559
177.34381,0.34383,-54.893171,13560.07007,13561.515599434408
177.35381,0.34394,-54.890924,13559.521149,13560.063052503541
177.36381,0.344054,-54.888677,13558.972251,13559.994680655456
177.37381,0.344172,-54.886429,13558.423376,13557.067131048296
177.38381,0.344293,-54.884183,13557.874523,13555.948228703326
177.39381,0.344418,-54.881936,13557.325692,13556.94868694131
177.40381,0.344547,-54.879689,13556.776884,13558.548954913163
177.41381,0.34468,-54.877443,13556.228098,13555.632872886878
177.42381,0.344817,-54.875197,13555.679335,13557.466796143926
177.43381,0.344957,-54.872952,13555.130594,13556.873460028588
177.44381,0.3451,-54.870706,13554.581876,13555.717291118106
177.45381,0.345248,-54.868461,13554.03318,13555.849147781197
177.46381,0.345399,-54.866216,13553.484507,13556.919857185558
177.47381,0.345553,-54.863971,13552.935856,13554.025169328592
177.48381,0.345711,-54.861727,13552.387228,13553.00793566646
177.49381,0.345873,-54.859482,13551.838621,13553.944474170496
177.50381,0.346038,-54.857238,13551.290038,13552.150864383282
177.51381,0.346206,-54.854994,13550.741477,13549.389494436804
177.52381,0.346378,-54.852751,13550.192938,13551.308472636218
177.53381,0.346532,-54.850507,13549.644422,13552.102701703743
177.54381,0.346568,-54.848264,13549.095928,13550.023597242669
177.55381,0.34661,-54.846021,13548.547456,13549.207759189558
177.56381,0.346657,-54.843779,13547.999007,13552.251401214695
177.57381,0.34671,-54.841536,13547.450581,13548.976428752861
177.58381,0.346769,-54.839294,13546.902177,13546.418572691598
177.59381,0.346834,-54.837053,13546.353795,13545.775570226699
177.60381,0.346905,-54.834811,13545.805436,13546.015777243296
177.61381,0.346981,-54.83257,13545.257099,13545.761835158473
177.62381,0.347064,-54.830329,13544.708784,13547.062740622961
177.63381,0.347151,-54.828088,13544.160492,13541.111260371765
177.64381,0.347245,-54.825847,13543.612222,13541.478914984127
177.65381,0.347344,-54.823607,13543.063975,13543.035957911483
177.66381,0.347448,-54.821367,13542.51575,13541.343739482527
177.67381,0.347558,-54.819127,13541.967548,13545.69095628244
177.68381,0.347673,-54.816888,13541.419368,13539.576519301203
177.69381,0.347794,-54.814649,13540.87121,13539.047218957428
177.70381,0.347921,-54.81241,13540.323075,13544.306849075121
177.71381,0.348052,-54.810171,13539.774962,13542.168439956482
177.72381,0.348189,-54.807932,13539.226871,13541.365838366877
177.73381,0.348332,-54.805694,13538.678803,13538.6179621055
177.74381,0.348479,-54.803456,13538.130757,13539.648319908665
177.75381,0.348632,-54.801218,13537.582734,13535.87099383694
177.76381,0.34879,-54.798981,13537.034733,13538.67878213628
177.77381,0.348953,-54.796743,13536.486755,13536.313249213457
177.78381,0.349121,-54.794506,13535.938798,13535.805349196278
177.79381,0.349294,-54.792269,13535.390864,13536.764729881197
177.80381,0.349473,-54.790033,13534.842953,13533.889311151335
177.81381,0.349656,-54.787796,13534.295064,13533.524359124242
177.82381,0.349844,-54.78556,13533.747197,13534.11314011108
177.83381,0.350038,-54.783324,13533.199353,13530.690017369332
177.84381,0.350236,-54.781089,13532.65153,13532.984664911612
177.85381,0.350439,-54.778853,13532.103731,13533.161597209928
177.86381,0.350647,-54.776618,13531.555953,13537.784700811304
177.87381,0.350859,-54.774383,13531.008198,13533.648281711106
177.88381,0.351077,-54.772148,13530.460466,13532.831651803635
177.89381,0.351299,-54.769913,13529.912755,13530.533364000858
177.90381,0.351525,-54.767679,13529.365067,13530.629243192147
177.91381,0.351757,-54.765445,13528.817402,13529.07710371108
177.92381,0.351993,-54.763211,13528.269759,13529.112625862963
177.93381,0.352233,-54.760977,13527.722138,13528.686057094164
177.94381,0.352478,-54.758744,13527.174539,13528.804723632478
177.95381,0.352728,-54.75651,13526.626963,13527.302503903617
177.96381,0.352982,-54.754277,13526.079409,13526.507315489764
177.97381,0.353241,-54.752044,13525.531877,13527.086120389746
177.98381,0.353504,-54.749812,13524.984368,13527.686307444606
177.99381,0.353771,-54.747579,13524.436881,13525.328446379926
178.00381,0.354042,-54.745347,13523.889416,13524.294669972809
178.01381,0.354318,-54.743115,13523.341974,13523.170319275476
178.02381,0.354598,-54.740883,13522.794554,13522.850668834064
178.03381,0.354883,-54.738651,13522.247156,13523.952443677417
178.04381,0.355171,-54.73642,13521.699781,13523.008329030976
178.05381,0.355464,-54.734189,13521.152428,13523.654278342345
178.06381,0.355724,-54.731958,13520.605097,13521.84100922528
178.07381,0.355975,-54.729728,13520.057789,13520.574227756508
178.08381,0.35623,-54.727499,13519.510503,13522.005064930177
178.09381,0.356489,-54.725271,13518.963239,13518.519541909533
178.10381,0.356752,-54.723044,13518.415997,13519.681376332399
178.11381,0.35702,-54.720818,13517.868778,13518.7195091915
178.12381,0.357292,-54.718593,13517.321581,13517.36121208505
178.13381,0.357568,-54.716369,13516.774406,13520.27955668061
178.14381,0.357848,-54.714146,13516.227254,13517.663131685067
178.15381,0.358132,-54.711923,13515.680123,13520.077814996566
178.16381,0.358421,-54.709702,13515.133015,13517.423867846703
178.17381,0.358713,-54.707482,13514.585929,13516.117620954816
178.18381,0.359009,-54.705262,13514.038865,13516.00201684394
178.19381,0.359309,-54.703044,13513.491824,13513.36151740047
178.20381,0.359613,-54.700826,13512.944805,13514.728330347449
178.21381,0.359921,-54.69861,13512.397807,13513.809480970609
178.22381,0.360233,-54.696394,13511.850832,13509.388727488218
178.23381,0.360548,-54.694179,13511.303879,13510.705895352245
178.24381,0.360868,-54.691965,13510.756949,13512.620269469557
178.25381,0.361191,-54.689752,13510.21004,13512.109404795376
178.26381,0.361518,-54.68754,13509.663154,13509.960134912168
178.27381,0.361848,-54.685329,13509.116289,13510.99859274694
178.28381,0.362182,-54.683119,13508.569447,13506.559325955042
178.29381,0.36252,-54.680909,13508.022627,13507.407366971045
178.30381,0.362861,-54.678701,13507.475829,13508.44492942578
178.31381,0.363205,-54.676493,13506.929053,13507.124931974084
178.32381,0.363554,-54.674287,13506.382299,13507.563502894223
178.33381,0.363905,-54.672081,13505.835567,13507.068997270264
178.34381,0.36426,-54.669876,13505.288857,13507.82568679267
178.35381,0.364619,-54.667672,13504.74217,13504.148623301204
178.36381,0.364981,-54.665469,13504.195504,13503.319490911925
178.37381,0.365346,-54.663266,13503.64886,13506.883342161242
178.38381,0.365714,-54.661065,13503.102239,13503.082069041457
178.39381,0.366086,-54.658864,13502.555639,13502.870207329232
178.40381,0.366461,-54.656664,13502.009061,13505.020272144171
178.41381,0.366839,-54.654465,13501.462506,13502.51973645507
178.42381,0.367221,-54.652267,13500.915972,13502.986760697628
178.43381,0.367605,-54.65007,13500.36946,13502.59401646804
178.44381,0.367993,-54.647874,13499.822971,13503.374826775984
178.45381,0.368383,-54.645678,13499.276503,13499.60930525321
178.46381,0.368777,-54.643484,13498.730057,13497.184656698144
178.47381,0.369174,-54.64129,13498.183633,13499.107262779356
178.48381,0.369574,-54.639097,13497.637231,13498.935022638096
178.49381,0.369976,-54.636904,13497.090851,13499.411513438392
178.50381,0.370382,-54.634713,13496.544493,13498.267251592606
178.51381,0.37079,-54.632523,13495.998157,13497.358903259683
178.52381,0.371202,-54.630333,13495.451843,13496.458615143712
178.53381,0.371616,-54.628144,13494.90555,13496.146498127688
178.54381,0.372033,-54.625956,13494.35928,13495.746905268956
178.55381,0.372453,-54.623769,13493.813031,13495.692771253043
178.56381,0.372875,-54.621582,13493.266804,13495.268108818243
178.57381,0.3733,-54.619396,13492.7206,13493.199388320234
178.58381,0.373728,-54.617211,13492.174417,13493.051488146668
178.59381,0.374159,-54.615027,13491.628255,13488.834568084843
178.60381,0.374592,-54.612844,13491.082116,13489.024606399136
178.61381,0.375028,-54.610662,13490.535998,13492.709994602388
178.62381,0.375466,-54.60848,13489.989903,13487.72337835283
178.63381,0.375907,-54.606299,13489.443829,13490.485891593606
178.64381,0.37635,-54.604119,13488.897777,13488.549922847045
178.65381,0.376796,-54.60194,13488.351746,13485.650890396251
178.66381,0.377245,-54.599761,13487.805738,13488.528487655894
178.67381,0.377695,-54.597583,13487.259751,13489.134705562461
178.68381,0.378148,-54.595406,13486.713786,13488.01425274901
178.69381,0.378604,-54.59323,13486.167843,13486.171125541254
178.70381,0.379062,-54.591055,13485.621922,13486.306508043308
178.71381,0.379522,-54.58888,13485.076022,13483.514488064307
178.72381,0.379985,-54.586706,13484.530144,13484.16211190387
178.73381,0.380449,-54.584533,13483.984288,13484.232912513971
178.74381,0.380916,-54.58236,13483.438453,13483.969980861633
178.75381,0.381385,-54.580189,13482.892641,13484.853392657624
178.76381,0.381857,-54.578018,13482.34685,13484.689790649772
178.77381,0.38233,-54.575847,13481.80108,13482.212267903604
178.78381,0.382806,-54.573678,13481.255333,13480.056384950272
178.79381,0.383284,-54.571509,13480.709607,13480.097059597503
178.80381,0.383764,-54.569341,13480.163903,13483.195724388486
178.81381,0.384246,-54.567174,13479.61822,13479.490446221218
178.82381,0.38473,-54.565008,13479.072559,13482.279340471774
178.83381,0.385216,-54.562842,13478.52692,13478.978854164374
178.84381,0.385704,-54.560677,13477.981302,13478.71759361491
178.85381,0.386193,-54.558513,13477.435706,13478.662206423822
178.86381,0.386685,-54.556349,13476.890132,13476.841033128248
178.87381,0.387179,-54.554186,13476.344579,13478.227789995604
178.88381,0.387675,-54.552024,13475.799048,13477.314992441356
178.89381,0.388172,-54.549863,13475.253539,13476.15090981925
178.90381,0.388671,-54.547702,13474.708051,13473.000605723588
178.91381,0.389173,-54.545542,13474.162585,13474.765926747079
178.92381,0.389675,-54.543383,13473.61714,13473.021755962405
178.93381,0.39018,-54.541224,13473.071717,13474.49111663456
178.94381,0.390687,-54.539067,13472.526316,13474.648790818028
178.95381,0.38963,-54.53691,13471.980936,13471.91368630871
178.96381,0.388094,-54.534754,13471.435577,13471.880885325892
178.97381,0.386565,-54.5326,13470.890241,13471.821276691344
178.98381,0.385043,-54.530448,13470.344925,13471.124108965752
178.99381,0.383526,-54.528297,13469.799632,13469.563133320129
179.00381,0.382016,-54.526147,13469.254359,13470.217948508953
179.01381,0.380512,-54.523999,13468.709109,13471.109488779475
179.02381,0.379014,-54.521853,13468.163879,13470.047009709266
179.03381,0.377523,-54.519708,13467.618672,13467.50014552225
179.04381,0.376038,-54.517564,13467.073485,13468.765810178318
179.05381,0.37456,-54.515422,13466.52832,13466.735719541419
179.06381,0.373088,-54.513281,13465.983177,13465.036495193643
179.07381,0.371622,-54.511141,13465.438055,13467.836515166437
179.08381,0.370163,-54.509003,13464.892954,13463.605976966068
179.09381,0.36871,-54.506867,13464.347875,13467.1749733121
179.10381,0.367264,-54.504731,13463.802817,13466.156105807415
179.11381,0.365824,-54.502598,13463.25778,13463.040621369966
179.12381,0.36439,-54.500465,13462.712765,13464.625727837592
179.13381,0.362963,-54.498334,13462.167771,13462.481696693609
179.14381,0.361543,-54.496204,13461.622798,13459.736799155706
179.15381,0.36013,-54.494076,13461.077847,13461.202522090749
179.16381,0.358722,-54.491948,13460.532917,13462.243672678118
179.17381,0.357322,-54.489823,13459.988008,13461.610299205788
179.18381,0.355928,-54.487698,13459.44312,13461.042138409292
179.19381,0.354541,-54.485575,13458.898254,13460.042805399757
179.20381,0.35316,-54.483453,13458.353409,13459.132773594762
179.21381,0.351786,-54.481333,13457.808585,13456.748038806607
179.22381,0.350419,-54.479213,13457.263782,13459.406280268087
179.23381,0.349059,-54.477095,13456.719,13458.765509326886
179.24381,0.347705,-54.474978,13456.17424,13457.197624446695
179.25381,0.346358,-54.472863,13455.629501,13456.206183988397
179.26381,0.345018,-54.470749,13455.084783,13455.9990201807
179.27381,0.343685,-54.468636,13454.540086,13454.102319025169
179.28381,0.342358,-54.466524,13453.99541,13454.639820706654
179.29381,0.341039,-54.464414,13453.450755,13455.462146038688
179.30381,0.339726,-54.462304,13452.906122,13452.602254402504
179.31381,0.33842,-54.460196,13452.361509,13454.475919713814
179.32381,0.337122,-54.458089,13451.816918,13450.238555360816
179.33381,0.33583,-54.455984,13451.272347,13448.089278555979
179.34381,0.334545,-54.453879,13450.727798,13453.605293494855
179.35381,0.333267,-54.451776,13450.18327,13450.635657293085
179.36381,0.331996,-54.449674,13449.638763,13448.47637317464
179.37381,0.330732,-54.447573,13449.094276,13449.085967546936
179.38381,0.329476,-54.445473,13448.549811,13448.767388977905
179.39381,0.328226,-54.443375,13448.005367,13450.183782103077
179.40381,0.326984,-54.441278,13447.460944,13448.89594667353
179.41381,0.325748,-54.439181,13446.916541,13449.427674233457
179.42381,0.32452,-54.437086,13446.37216,13450.247267594576
179.43381,0.323299,-54.434992,13445.8278,13444.541741774736
179.44381,0.322086,-54.432899,13445.28346,13445.670343811607
179.45381,0.320879,-54.430808,13444.739142,13446.305996611345
179.46381,0.31968,-54.428717,13444.194844,13446.990953143837
179.47381,0.318505,-54.426627,13443.650567,13446.243139623159
179.48381,0.317347,-54.424539,13443.106311,13443.672946004868
179.49381,0.316196,-54.422451,13442.562077,13443.831047739675
179.50381,0.315052,-54.420363,13442.017862,13440.239483975918
179.51381,0.313916,-54.418276,13441.473669,13440.291759926513
179.52381,0.312788,-54.41619,13440.929497,13444.529599562933
179.53381,0.311667,-54.414105,13440.385345,13442.773419539279
179.54381,0.310553,-54.41202,13439.841215,13438.99458372723
179.55381,0.309447,-54.409936,13439.297105,13439.286904702116
179.56381,0.308349,-54.407853,13438.753016,13441.367888361297
179.57381,0.307258,-54.40577,13438.208948,13438.244077255145
179.58381,0.306175,-54.403688,13437.664901,13438.332588059637
179.59381,0.3051,-54.401607,13437.120874,13436.315711200512
179.60381,0.304032,-54.399526,13436.576869,13438.044232414139
179.61381,0.302973,-54.397446,13436.032884,13436.0632042737
179.62381,0.30192,-54.395367,13435.48892,13435.078804491042
179.63381,0.300876,-54.393288,13434.944976,13435.713878714761
179.64381,0.299839,-54.39121,13434.401054,13434.422657960778
179.65381,0.298811,-54.389133,13433.857152,13433.850916871144
179.66381,0.29779,-54.387056,13433.313271,13431.772134487686
179.67381,0.296777,-54.38498,13432.769411,13433.824591969347
179.68381,0.295772,-54.382904,13432.225572,13432.038154066837
179.69381,0.294774,-54.380829,13431.681753,13433.41692770546
179.70381,0.293785,-54.378755,13431.137955,13433.23922110859
179.71381,0.292804,-54.376681,13430.594178,13431.139461597597
179.72381,0.291831,-54.374608,13430.050421,13430.370754400094
179.73381,0.290865,-54.372535,13429.506686,13428.403098703
179.74381,0.289908,-54.370463,13428.962971,13429.571023729455
179.75381,0.288959,-54.368392,13428.419276,13429.068686408698
179.76381,0.288018,-54.366321,13427.875603,13428.896627255092
179.77381,0.287086,-54.364251,13427.33195,13426.75668096096
179.78381,0.286161,-54.362181,13426.788318,13429.490082483928
179.79381,0.285245,-54.360112,13426.244706,13427.97053324198
179.80381,0.284336,-54.358044,13425.701116,13426.194948330214
179.81381,0.283436,-54.355976,13425.157545,13425.474095344229
179.82381,0.282545,-54.353908,13424.613996,13426.631352391154
179.83381,0.281661,-54.351842,13424.070467,13425.516355045771
179.84381,0.280786,-54.349775,13423.526959,13425.649057860102
179.85381,0.279919,-54.34771,13422.983472,13425.384962628239
179.86381,0.279061,-54.345644,13422.440005,13422.783110616872
179.87381,0.278211,-54.34358,13421.896559,13423.601246113947
179.88381,0.277369,-54.341516,13421.353133,13424.43124144741
179.89381,0.276536,-54.339452,13420.809729,13420.725638908081
179.90381,0.275711,-54.337389,13420.266344,13420.16664813719
179.91381,0.274895,-54.335326,13419.722981,13422.76083338174
179.92381,0.274087,-54.333264,13419.179638,13419.118368759051
179.93381,0.273288,-54.331203,13418.636316,13417.866812512157
179.94381,0.272497,-54.329142,13418.093014,13419.426099520411
179.95381,0.271715,-54.327081,13417.549733,13417.775202691446
179.96381,0.270941,-54.325021,13417.006472,13421.02725834231
179.97381,0.270176,-54.322962,13416.463232,13416.666391655672
179.98381,0.26942,-54.320903,13415.920013,13414.701585973566
179.99381,0.268672,-54.318844,13415.376814,13417.680574478067
180.00381,0.267933,-54.316786,13414.833636,13413.143062015466
180.01381,0.267203,-54.314729,13414.290478,13415.074112683058
180.02381,0.266481,-54.312672,13413.747341,13413.697614539367
180.03381,0.265768,-54.310615,13413.204225,13414.851901031505
180.04381,0.265064,-54.308559,13412.661129,13409.677336293238
180.05381,0.264368,-54.306503,13412.118054,13410.845775799451
180.06381,0.263682,-54.304448,13411.574999,13410.848229347468
180.07381,0.263004,-54.302393,13411.031965,13412.219408579971
180.08381,0.262335,-54.300339,13410.488951,13410.136353489937
180.09381,0.261674,-54.298285,13409.945958,13412.53910970455
180.10381,0.261023,-54.296232,13409.402986,13411.206785442431
180.11381,0.26038,-54.294179,13408.860033,13408.561422973264
180.12381,0.259746,-54.292127,13408.317102,13407.005168603282
180.13381,0.259121,-54.290075,13407.774191,13410.113972234869
180.14381,0.258505,-54.288023,13407.2313,13408.625040459292
180.15381,0.257898,-54.285972,13406.68843,13410.465714902966
180.16381,0.2573,-54.283922,13406.145581,13406.318855111605
180.17381,0.25671,-54.281871,13405.602752,13405.131396621597
180.18381,0.25613,-54.279822,13405.059944,13408.558405732654
180.19381,0.255559,-54.277772,13404.517156,13405.559207832834
180.20381,0.254996,-54.275723,13403.974388,13405.526976788362
180.21381,0.254442,-54.273675,13403.431641,13404.137551772139
180.22381,0.253898,-54.271627,13402.888915,13404.450630508045
180.23381,0.253362,-54.269579,13402.346209,13404.027314966013
180.24381,0.252835,-54.267532,13401.803523,13403.59963676575
180.25381,0.252318,-54.265485,13401.260858,13400.373169818628
180.26381,0.251809,-54.263438,13400.718213,13402.473731109549
180.27381,0.251309,-54.261392,13400.175589,13399.321618631115
180.28381,0.250818,-54.259347,13399.632986,13402.437485795703
180.29381,0.250336,-54.257301,13399.090402,13400.310268659685
180.30381,0.249864,-54.255256,13398.547839,13401.000804014648
180.31381,0.2494,-54.253212,13398.005297,13399.459066357362
180.32381,0.248945,-54.251168,13397.462775,13396.685914107855
180.33381,0.248499,-54.249124,13396.920274,13399.470558800458
180.34381,0.248062,-54.247081,13396.377793,13397.799908999083
180.35381,0.247634,-54.245038,13395.835332,13393.048037583254
180.36381,0.247215,-54.242995,13395.292892,13399.11543976575
180.37381,0.246806,-54.240953,13394.750472,13393.930348098003
180.38381,0.246405,-54.238911,13394.208073,13393.07845635247
180.39381,0.246013,-54.23687,13393.665694,13395.078840480062
180.40381,0.24563,-54.234829,13393.123336,13393.930740814336
180.41381,0.245256,-54.232788,13392.580997,13395.703269583377
180.42381,0.244891,-54.230747,13392.03868,13390.922053212353
180.43381,0.244534,-54.228707,13391.496383,13391.021623659968
180.44381,0.244187,-54.226668,13390.954106,13392.479468460037
180.45381,0.243849,-54.224628,13390.411849,13392.181008980326
180.46381,0.24352,-54.22259,13389.869613,13389.253520399527
180.47381,0.243199,-54.220551,13389.327397,13390.386108432336
180.48381,0.242887,-54.218513,13388.785202,13390.997875881014
180.49381,0.242585,-54.216475,13388.243027,13388.127525868718
180.50381,0.242291,-54.214437,13387.700873,13386.45495941808
180.51381,0.242006,-54.2124,13387.158738,13390.530652032812
180.52381,0.24173,-54.210363,13386.616625,13387.515885976747
180.53381,0.241462,-54.208326,13386.074531,13385.880456492407
180.54381,0.241204,-54.20629,13385.532458,13387.776916084504
180.55381,0.240954,-54.204254,13384.990405,13388.136228890029
180.56381,0.240713,-54.202219,13384.448373,13382.999667218028
180.57381,0.24048,-54.200183,13383.906361,13385.821501288272
180.58381,0.240257,-54.198148,13383.364369,13384.239248179307
180.59381,0.240042,-54.196114,13382.822398,13384.621005640014
180.60381,0.239835,-54.19408,13382.280447,13385.2923973078
180.61381,0.239638,-54.192046,13381.738516,13382.217786215573
180.62381,0.239449,-54.190012,13381.196606,13380.927775590095
180.63381,0.239268,-54.187979,13380.654716,13381.687582727373
180.64381,0.239096,-54.185945,13380.112847,13380.155501130132
180.65381,0.238933,-54.183913,13379.570997,13382.528738196217
180.66381,0.238778,-54.18188,13379.029168,13377.785606045492
180.67381,0.238632,-54.179848,13378.48736,13378.552388559352
180.68381,0.238494,-54.177816,13377.945571,13375.32534197928
180.69381,0.238364,-54.175785,13377.403803,13378.022260832462
180.70381,0.238243,-54.173754,13376.862056,13378.617185085588
180.71381,0.23813,-54.171723,13376.320328,13374.736550011403
180.72381,0.238026,-54.169692,13375.778621,13376.643404930594
180.73381,0.23793,-54.167662,13375.236934,13377.061788475474
180.74381,0.237842,-54.165631,13374.695268,13374.26947723546
180.75381,0.237762,-54.163602,13374.153622,13375.380556958753
180.76381,0.237691,-54.161572,13373.611996,13375.254083473634
180.77381,0.237628,-54.159543,13373.07039,13375.61799041313
180.78381,0.237572,-54.157514,13372.528805,13374.496748623318
180.79381,0.237525,-54.155485,13371.98724,13374.38894474228
180.80381,0.237486,-54.153457,13371.445695,13373.772834526704
180.81381,0.237455,-54.151429,13370.904171,13370.243413364506
180.82381,0.237432,-54.149401,13370.362667,13369.726728449219
180.83381,0.237417,-54.147373,13369.821183,13369.990210865602
180.84381,0.23741,-54.145346,13369.279719,13370.525999376889
180.85381,0.23741,-54.143319,13368.738276,13366.812144724057
180.86381,0.237418,-54.141292,13368.196853,13368.35721166906
180.87381,0.237434,-54.139266,13367.65545,13366.541486193262
180.88381,0.237458,-54.13724,13367.114068,13368.969774662515
180.89381,0.23749,-54.135214,13366.572705,13367.017531273543
180.90381,0.237529,-54.133188,13366.031363,13369.738043784473
180.91381,0.237575,-54.131162,13365.490042,13364.823123007722
180.92381,0.237629,-54.129137,13364.94874,13368.67762086089
180.93381,0.237691,-54.127112,13364.407459,13366.895491010499
180.94381,0.23776,-54.125087,13363.866198,13368.399245668634
180.95381,0.237837,-54.123063,13363.324957,13366.88553568503
180.96381,0.23792,-54.121039,13362.783737,13367.511978107832
180.97381,0.238012,-54.119015,13362.242536,13365.219225869207
180.98381,0.23811,-54.116991,13361.701356,13361.989697866085
180.99381,0.238216,-54.114968,13361.160196,13364.886420580015
181.00381,0.238328,-54.112944,13360.619057,13362.019133303509
181.01381,0.238448,-54.110921,13360.077938,13360.724427623041
181.02381,0.238575,-54.108899,13359.536838,13359.177543123154
181.03381,0.238709,-54.106876,13358.99576,13359.85156541738
181.04381,0.23885,-54.104854,13358.454701,13355.866663064491
181.05381,0.238997,-54.102832,13357.913663,13358.269073380776
181.06381,0.239152,-54.10081,13357.372644,13358.032218811406
181.07381,0.239313,-54.098788,13356.831646,13359.595670211778
181.08381,0.239481,-54.096767,13356.290669,13357.986801764877
181.09381,0.239656,-54.094746,13355.749711,13355.285693072054
181.10381,0.239837,-54.092725,13355.208774,13355.425995434816
181.11381,0.240025,-54.090704,13354.667856,13356.144309612324
181.12381,0.24022,-54.088684,13354.12696,13355.163208252128
181.13381,0.240421,-54.086664,13353.586083,13354.683962883684
181.14381,0.240628,-54.084644,13353.045226,13350.357813940736
181.15381,0.240842,-54.082624,13352.50439,13353.467694254896
181.16381,0.241062,-54.080604,13351.963574,13351.63963947819
181.17381,0.241289,-54.078585,13351.422778,13351.628047286693
181.18381,0.241522,-54.076566,13350.882002,13352.794208645602
181.19381,0.24176,-54.074547,13350.341247,13352.210073753424
181.20381,0.242005,-54.072528,13349.800511,13350.047044352947
181.21381,0.242256,-54.07051,13349.259796,13348.286913794123
181.22381,0.242513,-54.068492,13348.719101,13348.846539354683
181.23381,0.242776,-54.066473,13348.178426,13349.31114510945
181.24381,0.243045,-54.064456,13347.637771,13348.416071639625
181.25381,0.243319,-54.062438,13347.097137,13348.319473100037
181.26381,0.2436,-54.060421,13346.556523,13346.139794818168
181.27381,0.243886,-54.058403,13346.015929,13346.029882260367
181.28381,0.244178,-54.056386,13345.475355,13348.071865948903
181.29381,0.244475,-54.054369,13344.934801,13348.75939313083
181.30381,0.244778,-54.052353,13344.394267,13346.748896815721
181.31381,0.245086,-54.050336,13343.853754,13345.294214427086
181.32381,0.2454,-54.04832,13343.313261,13344.185607795836
181.33381,0.24572,-54.046304,13342.772787,13342.505103525022
181.34381,0.246044,-54.044288,13342.232334,13340.448276207271
181.35381,0.246374,-54.042273,13341.691902,13341.71514981493
181.36381,0.24671,-54.040257,13341.151489,13343.217807086174
181.37381,0.24705,-54.038242,13340.611097,13342.594482049519
181.38381,0.247395,-54.036227,13340.070724,13339.889769348347
181.39381,0.247746,-54.034212,13339.530372,13344.121400424776
181.40381,0.248102,-54.032197,13338.99004,13338.965587502535
181.41381,0.248462,-54.030183,13338.449728,13339.672272059548
181.42381,0.248828,-54.028169,13337.909436,13341.613337484621
181.43381,0.249198,-54.026154,13337.369165,13338.804168316676
181.44381,0.249573,-54.024141,13336.828913,13339.209447746096
181.45381,0.249953,-54.022127,13336.288682,13337.69378581834
181.46381,0.250338,-54.020113,13335.748471,13335.601404370875
181.47381,0.250727,-54.0181,13335.20828,13336.05343917371
181.48381,0.251121,-54.016087,13334.668109,13335.469952676758
181.49381,0.251519,-54.014074,13334.127958,13335.504627415623
181.50381,0.251922,-54.012061,13333.587827,13333.202947766178
181.51381,0.252329,-54.010048,13333.047717,13336.63826787329
181.52381,0.252741,-54.008036,13332.507626,13331.433915993108
181.53381,0.253157,-54.006023,13331.967556,13333.828140356449
181.54381,0.253577,-54.004011,13331.427506,13330.606064837375
181.55381,0.254002,-54.001999,13330.887476,13334.52946471631
181.56381,0.254431,-53.999988,13330.347466,13331.151375624595
181.57381,0.254864,-53.997976,13329.807476,13332.22568332996
181.58381,0.255301,-53.995965,13329.267506,13331.25578798737
181.59381,0.255742,-53.993953,13328.727557,13327.734936125687
181.60381,0.256187,-53.991942,13328.187627,13327.967500860168
181.61381,0.256636,-53.989931,13327.647718,13327.828238440854
181.62381,0.257088,-53.987921,13327.107829,13328.35408917768
181.63381,0.257545,-53.98591,13326.567959,13326.511093076584
181.64381,0.258006,-53.9839,13326.02811,13326.379104684906
181.65381,0.25847,-53.98189,13325.488281,13327.194824860713
181.66381,0.258938,-53.979879,13324.948473,13327.887585708704
181.67381,0.259409,-53.97787,13324.408684,13323.675730010264
181.68381,0.259884,-53.97586,13323.868915,13322.937116197872
181.69381,0.260363,-53.97385,13323.329167,13324.310048862346
181.70381,0.260845,-53.971841,13322.789438,13323.977126571403
181.71381,0.261331,-53.969832,13322.24973,13322.626883996769
181.72381,0.26182,-53.967823,13321.710042,13323.252330765237
181.73381,0.262313,-53.965814,13321.170373,13320.755640367506
181.74381,0.262808,-53.963805,13320.630725,13320.784288965413
181.75381,0.263308,-53.961796,13320.091097,13319.488907033436
181.76381,0.26381,-53.959788,13319.551489,13320.403213794332
181.77381,0.264315,-53.95778,13319.011901,13317.609285731181
181.78381,0.264824,-53.955772,13318.472334,13318.735513444106
181.79381,0.265336,-53.953764,13317.932786,13316.966763230248
181.80381,0.265851,-53.951756,13317.393258,13320.688727080584
181.81381,0.266368,-53.949748,13316.853751,13318.825609301695
181.82381,0.266889,-53.947741,13316.314263,13316.741273860676
181.83381,0.267413,-53.945733,13315.774796,13316.074510811675
181.84381,0.26794,-53.943726,13315.235349,13317.1619189115
181.85381,0.268469,-53.941719,13314.695922,13316.339433022713
181.86381,0.269001,-53.939712,13314.156514,13314.626404649802
181.87381,0.269536,-53.937706,13313.617127,13312.377365313232
181.88381,0.270074,-53.935699,13313.07776,13315.137680279133
181.89381,0.270615,-53.933693,13312.538413,13313.195911447621
181.90381,0.271158,-53.931686,13311.999086,13313.41550787519
181.91381,0.271703,-53.92968,13311.45978,13313.74445594637
181.92381,0.272252,-53.927674,13310.920493,13310.578093630622
181.93381,0.272803,-53.925669,13310.381226,13311.982186329713
181.94381,0.273356,-53.923663,13309.841979,13308.215905284613
181.95381,0.273912,-53.921657,13309.302753,13310.07653141541
181.96381,0.27447,-53.919652,13308.763546,13308.27460570916
181.97381,0.27503,-53.917647,13308.22436,13307.993128685199
181.98381,0.275593,-53.915642,13307.685193,13310.027514323378
181.99381,0.276158,-53.913637,13307.146047,13311.370814762413
182.00381,0.276726,-53.911632,13306.606921,13305.807037468963
182.01381,0.277296,-53.909627,13306.067814,13306.55055912719
182.02381,0.277868,-53.907623,13305.528728,13306.813469947767
182.03381,0.278442,-53.905619,13304.989662,13306.696459820323
182.04381,0.279018,-53.903614,13304.450616,13304.82995068161
182.05381,0.279596,-53.90161,13303.91159,13303.91169716473
182.06381,0.280176,-53.899606,13303.372584,13306.827266483193
182.07381,0.280759,-53.897603,13302.833597,13302.809982919429
182.08381,0.281343,-53.895599,13302.294631,13301.958390999898
182.09381,0.281929,-53.893596,13301.755686,13306.406136648839
182.10381,0.282517,-53.891592,13301.21676,13303.131187748593
182.11381,0.283108,-53.889589,13300.677854,13300.15205431056
182.12381,0.283699,-53.887586,13300.138968,13299.940890878024
182.13381,0.284293,-53.885583,13299.600102,13301.676655494075
182.14381,0.284889,-53.88358,13299.061256,13301.257619523867
182.15381,0.285486,-53.881578,13298.52243,13298.770773203672
182.16381,0.286085,-53.879575,13297.983625,13301.28319677608
182.17381,0.286686,-53.877573,13297.444839,13298.074060321553
182.18381,0.287288,-53.875571,13296.906073,13298.040869938974
182.19381,0.287892,-53.873569,13296.367327,13296.449265903624
182.20381,0.288498,-53.871567,13295.828602,13295.437459272765
182.21381,0.289105,-53.869565,13295.289896,13296.379890774337
182.22381,0.289714,-53.867563,13294.75121,13297.128832563796
182.23381,0.290324,-53.865562,13294.212545,13293.982024250054
182.24381,0.290936,-53.86356,13293.673899,13295.243956231901
182.25381,0.291549,-53.861559,13293.135274,13292.942613786077
182.26381,0.292164,-53.859558,13292.596668,13294.224361525707
182.27381,0.29278,-53.857557,13292.058082,13292.406390229497
182.28381,0.293398,-53.855556,13291.519517,13290.309071037438
182.29381,0.294016,-53.853555,13290.980971,13293.729523585927
182.30381,0.294636,-53.851555,13290.442446,13292.423364463337
182.31381,0.295258,-53.849554,13289.90394,13290.239720539874
182.32381,0.295881,-53.847554,13289.365455,13292.513953205378
182.33381,0.296505,-53.845554,13288.826989,13289.638146486104
182.34381,0.29713,-53.843554,13288.288544,13289.590268852853
182.35381,0.297756,-53.841554,13287.750118,13287.409369258019
182.36381,0.298384,-53.839554,13287.211713,13286.319349968244
182.37381,0.299012,-53.837555,13286.673327,13286.247972225685
182.38381,0.299642,-53.835555,13286.134961,13287.192988738636
182.39381,0.300273,-53.833556,13285.596616,13289.413413236363
182.40381,0.300905,-53.831556,13285.05829,13286.173097548297
182.41381,0.301538,-53.829557,13284.519985,13286.990245531824
182.42381,0.302172,-53.827558,13283.981699,13288.552409387437
182.43381,0.302807,-53.825559,13283.443434,13283.508785406813
182.44381,0.303443,-53.823561,13282.905188,13282.618762408563
182.45381,0.30408,-53.821562,13282.366962,13282.626525339729
182.46381,0.304718,-53.819564,13281.828757,13283.721131838476
182.47381,0.305357,-53.817565,13281.290571,13284.104572222717
182.48381,0.305996,-53.815567,13280.752405,13281.355403108844
182.49381,0.306637,-53.813569,13280.21426,13281.84999701828
182.50381,0.307278,-53.811571,13279.676134,13279.986547248292
182.51381,0.30792,-53.809574,13279.138028,13277.476557205699
182.52381,0.308563,-53.807576,13278.599943,13276.676028972426
182.53381,0.309207,-53.805578,13278.061877,13279.806741136008
182.54381,0.309852,-53.803581,13277.523831,13279.617438721618
182.55381,0.310497,-53.801584,13276.985805,13278.563786237728
182.56381,0.311143,-53.799587,13276.447799,13277.716885519501
182.57381,0.31179,-53.79759,13275.909813,13273.90555541186
182.58381,0.312437,-53.795593,13275.371848,13274.87570314057
182.59381,0.313085,-53.793596,13274.833902,13275.982477992662
182.60381,0.313734,-53.791599,13274.295976,13273.491581909446
182.61381,0.314383,-53.789603,13273.75807,13276.730420731694
182.62381,0.315033,-53.787606,13273.220184,13276.517820749175
182.63381,0.315683,-53.78561,13272.682317,13272.701090964318
182.64381,0.316335,-53.783614,13272.144471,13275.825421849184
182.65381,0.316986,-53.781618,13271.606645,13274.195060707547
182.66381,0.317638,-53.779622,13271.068839,13270.887665713737
182.67381,0.318291,-53.777627,13270.531053,13271.016340326261
182.68381,0.318944,-53.775631,13269.993286,13270.556940364044
182.69381,0.319598,-53.773636,13269.45554,13272.72201770965
182.70381,0.320252,-53.77164,13268.917814,13268.657883009098
182.71381,0.320906,-53.769645,13268.380107,13270.128706442814
182.72381,0.321561,-53.76765,13267.842421,13265.900769372633
182.73381,0.322216,-53.765655,13267.304754,13268.63723629938
182.74381,0.322872,-53.76366,13266.767108,13266.898837491994
182.75381,0.323528,-53.761666,13266.229481,13268.410434398118
182.76381,0.324185,-53.759671,13265.691874,13268.805807501403
182.77381,0.324842,-53.757677,13265.154288,13265.079825005027
182.78381,0.325499,-53.755682,13264.616721,13265.218695513875
182.79381,0.326156,-53.753688,13264.079174,13263.526925948156
182.80381,0.326814,-53.751694,13263.541647,13266.176417564244
182.81381,0.327472,-53.7497,13263.00414,13264.983235852133
182.82381,0.32813,-53.747707,13262.466653,13263.157221630361
182.83381,0.328789,-53.745713,13261.929186,13263.725066498127
182.84381,0.329448,-53.743719,13261.391739,13261.541381909537
182.85381,0.330107,-53.741726,13260.854312,13258.789391680211
182.86381,0.330766,-53.739733,13260.316904,13262.301219514675
182.87381,0.331425,-53.73774,13259.779517,13261.326915364678
182.88381,0.332085,-53.735747,13259.24215,13262.558001148109
182.89381,0.332745,-53.733754,13258.704802,13260.560609045951
182.90381,0.333404,-53.731761,13258.167474,13261.172215482591
182.91381,0.334065,-53.729768,13257.630167,13257.708682478391
182.92381,0.334725,-53.727776,13257.092879,13257.807895807075
182.93381,0.335385,-53.725784,13256.555611,13260.970492377257
182.94381,0.336046,-53.723791,13256.018363,13256.77176924015
182.95381,0.336706,-53.721799,13255.481135,13254.794037014717
182.96381,0.337367,-53.719807,13254.943927,13257.722180663019
182.97381,0.338027,-53.717815,13254.406739,13255.044604295868
182.98381,0.338688,-53.715824,13253.869571,13251.12109185684
182.99381,0.339349,-53.713832,13253.332423,13252.992967525775
183.00381,0.34001,-53.711841,13252.795295,13256.560026818324
183.01381,0.34067,-53.709849,13252.258186,13256.041501367106
183.02381,0.341331,-53.707858,13251.721098,13250.066794880428
183.03381,0.341992,-53.705867,13251.184029,13251.936286700811
183.04381,0.342653,-53.703876,13250.64698,13251.698231396873
183.05381,0.343313,-53.701885,13250.109951,13252.475106138641
183.06381,0.343974,-53.699895,13249.572942,13252.145643279713
183.07381,0.344635,-53.697904,13249.035953,13248.646519788144
183.08381,0.345295,-53.695914,13248.498984,13249.266583247407
183.09381,0.345956,-53.693923,13247.962035,13249.46428502392
183.10381,0.346616,-53.691933,13247.425106,13247.792772259882
183.11381,0.347277,-53.689943,13246.888197,13248.527416526296
183.12381,0.347937,-53.687953,13246.351307,13248.444902801799
183.13381,0.348597,-53.685964,13245.814437,13245.17887740657
183.14381,0.349257,-53.683974,13245.277588,13243.286575683085
183.15381,0.349917,-53.681985,13244.740758,13247.623675785731
183.16381,0.350577,-53.679995,13244.203948,13245.764079377586
183.17381,0.351236,-53.678006,13243.667158,13245.971459110675
183.18381,0.351896,-53.676017,13243.130388,13243.606785231765
183.19381,0.352555,-53.674028,13242.593638,13242.340663530607
183.20381,0.353214,-53.672039,13242.056907,13243.42872506793
183.21381,0.353873,-53.67005,13241.520197,13241.862537770903
183.22381,0.354532,-53.668062,13240.983506,13240.32156301056
183.23381,0.35519,-53.666073,13240.446836,13240.114066580616
183.24381,0.355848,-53.664085,13239.910185,13242.953714291049
183.25381,0.356506,-53.662097,13239.373554,13242.158236522031
183.26381,0.357164,-53.660109,13238.836943,13236.985395612302
183.27381,0.357822,-53.658121,13238.300352,13238.649835960152
183.28381,0.358479,-53.656133,13237.763781,13239.728715872265
183.29381,0.359136,-53.654145,13237.227229,13240.936693979636
183.30381,0.359793,-53.652158,13236.690698,13238.538645441511
183.31381,0.360449,-53.650171,13236.154186,13237.79265604409
183.32381,0.361106,-53.648183,13235.617694,13237.105978810136
183.33381,0.361761,-53.646196,13235.081222,13235.88967214034
183.34381,0.362417,-53.644209,13234.54477,13238.503145063698
183.35381,0.363072,-53.642222,13234.008338,13233.044984876004
183.36381,0.363727,-53.640236,13233.471926,13232.274693917096
183.37381,0.364382,-53.638249,13232.935533,13232.86754962717
183.38381,0.365036,-53.636263,13232.399161,13232.758539743738
183.39381,0.36569,-53.634276,13231.862808,13233.791010854027
183.40381,0.366344,-53.63229,13231.326475,13232.10008773743
183.41381,0.366997,-53.630304,13230.790162,13228.821732126968
183.42381,0.36765,-53.628318,13230.253869,13230.49271876928
183.43381,0.368303,-53.626333,13229.717596,13229.894679488543
183.44381,0.368955,-53.624347,13229.181343,13229.279967823157
183.45381,0.369607,-53.622361,13228.645109,13228.612254293193
183.46381,0.370258,-53.620376,13228.108895,13230.546594800091
183.47381,0.370909,-53.618391,13227.572702,13229.161391565618
183.48381,0.37156,-53.616406,13227.036528,13228.06817226298
183.49381,0.37221,-53.614421,13226.500373,13227.165200291047
183.50381,0.37286,-53.612436,13225.964239,13226.030157835728
183.51381,0.37351,-53.610451,13225.428125,13227.46221984812
183.52381,0.374159,-53.608467,13224.89203,13224.325059205961
183.53381,0.374807,-53.606482,13224.355955,13226.130240845532
183.54381,0.375455,-53.604498,13223.819901,13226.414968406973
183.55381,0.376103,-53.602514,13223.283865,13222.520229533235
183.56381,0.37675,-53.60053,13222.74785,13225.428196069684
183.57381,0.377397,-53.598546,13222.211855,13221.567357346361
183.58381,0.378043,-53.596562,13221.675879,13224.7169248475
183.59381,0.378689,-53.594579,13221.139924,13224.107616156281
183.60381,0.379334,-53.592595,13220.603988,13224.241529407103
183.61381,0.379979,-53.590612,13220.068072,13221.73345998548
183.62381,0.380624,-53.588629,13219.532175,13220.767332419571
183.63381,0.381268,-53.586646,13218.996299,13219.190396946904
183.64381,0.381911,-53.584663,13218.460443,13218.934400162683
183.65381,0.382554,-53.58268,13217.924606,13220.768504779324
183.66381,0.383196,-53.580698,13217.388789,13216.89496724885
183.67381,0.383838,-53.578715,13216.852992,13217.658455749728
183.68381,0.38448,-53.576733,13216.317215,13219.882941942718
183.69381,0.385121,-53.574751,13215.781457,13216.94937612141
183.70381,0.385761,-53.572769,13215.24572,13216.785250681436
183.71381,0.386401,-53.570787,13214.710002,13217.056841547483
183.72381,0.38704,-53.568805,13214.174304,13213.689913114275
183.73381,0.387679,-53.566824,13213.638626,13212.652978319595
183.74381,0.388317,-53.564842,13213.102967,13212.153530848464
183.75381,0.388955,-53.562861,13212.567329,13215.209412511227
183.76381,0.389592,-53.56088,13212.03171,13214.541770441916
183.77381,0.390229,-53.558899,13211.496111,13210.984022566998
183.78381,0.390865,-53.556918,13210.960532,13211.638300459397
183.79381,0.3915,-53.554937,13210.424973,13208.826070622961
183.80381,0.39223,-53.552957,13209.889433,13211.449564205066
183.81381,0.392987,-53.550976,13209.353914,13210.964801016724
183.82381,0.393743,-53.548996,13208.818414,13209.362103573296
183.83381,0.394499,-53.547015,13208.282934,13206.666811438623
183.84381,0.395254,-53.545035,13207.747474,13208.614847371618
183.85381,0.396008,-53.543055,13207.212033,13210.567138008575
183.86381,0.396762,-53.541075,13206.676613,13208.47393914672
183.87381,0.397514,-53.539095,13206.141212,13207.31065967206
183.88381,0.398266,-53.537115,13205.605831,13207.651014334382
183.89381,0.399018,-53.535136,13205.070469,13207.567563732426
183.90381,0.399768,-53.533156,13204.535128,13206.881621897559
183.91381,0.400518,-53.531176,13203.999806,13204.87628232984
183.92381,0.401267,-53.529197,13203.464504,13205.574186878057
183.93381,0.402016,-53.527218,13202.929222,13206.063951176033
183.94381,0.402763,-53.525239,13202.39396,13204.370447951153
183.95381,0.40351,-53.523259,13201.858718,13202.23495743357
183.96381,0.404257,-53.52128,13201.323495,13205.78315094932
183.97381,0.405002,-53.519301,13200.788292,13202.523103864374
183.98381,0.405747,-53.517323,13200.253109,13200.315982691378
183.99381,0.40649,-53.515344,13199.717945,13199.711433804183
184.00381,0.407233,-53.513365,13199.182802,13198.786005398415
184.01381,0.407976,-53.511387,13198.647678,13200.251606996128
184.02381,0.408717,-53.509408,13198.112574,13201.201530386825
184.03381,0.409458,-53.50743,13197.57749,13198.737822603433
184.04381,0.410198,-53.505452,13197.042426,13199.624915251348
184.05381,0.410937,-53.503474,13196.507381,13196.820901731684
184.06381,0.411675,-53.501496,13195.972356,13198.633534907578
184.07381,0.412413,-53.499518,13195.437351,13198.064969515934
184.08381,0.41315,-53.49754,13194.902366,13196.973826609557
184.09381,0.413886,-53.495563,13194.3674,13197.107570227352
184.10381,0.414621,-53.493585,13193.832454,13193.97819804292
184.11381,0.415355,-53.491608,13193.297529,13196.7155393656
184.12381,0.416089,-53.48963,13192.762622,13193.57980184392
184.13381,0.416821,-53.487653,13192.227736,13192.360388038769
184.14381,0.417553,-53.485676,13191.692869,13192.584989154582
184.15381,0.418284,-53.483699,13191.158022,13196.12312088566
184.16381,0.419014,-53.481722,13190.623195,13192.746708760964
184.17381,0.419744,-53.479745,13190.088388,13190.896739043466
184.18381,0.420472,-53.477769,13189.5536,13192.53952694958
184.19381,0.4212,-53.475792,13189.018833,13192.569612352943
184.20381,0.421927,-53.473816,13188.484085,13189.140288482517
184.21381,0.422653,-53.471839,13187.949356,13190.351558089831
184.22381,0.423378,-53.469863,13187.414648,13191.10611919275
184.23381,0.424102,-53.467887,13186.879959,13188.201153636344
184.24381,0.424826,-53.465911,13186.34529,13186.483399545235
184.25381,0.425548,-53.463935,13185.810641,13189.902241729493
184.26381,0.42627,-53.461959,13185.276011,13188.928566609817
184.27381,0.426991,-53.459983,13184.741402,13182.085630902138
184.28381,0.427711,-53.458008,13184.206812,13186.032225582234
184.29381,0.42843,-53.456032,13183.672241,13185.023102540896
184.30381,0.429148,-53.454057,13183.137691,13185.900808265957
184.31381,0.42994,-53.452081,13182.60316,13182.721611881645
184.32381,0.430757,-53.450104,13182.068649,13183.840257916647
184.33381,0.431572,-53.448124,13181.534158,13181.080792437879
184.34381,0.432386,-53.446143,13180.999687,13182.877104145484
184.35381,0.433199,-53.444159,13180.465235,13181.614251363368
184.36381,0.43401,-53.442174,13179.930804,13181.391293839306
184.37381,0.434819,-53.440187,13179.396392,13181.344240043625
184.38381,0.435627,-53.438198,13178.862,13178.25445516222
184.39381,0.436434,-53.436207,13178.327628,13180.342511181207
184.40381,0.437239,-53.434214,13177.793276,13178.356120107304
184.41381,0.438042,-53.43222,13177.258944,13176.406429651806
184.42381,0.438844,-53.430223,13176.724632,13177.970014406961
184.43381,0.439645,-53.428225,13176.190339,13176.205667365333
184.44381,0.440444,-53.426225,13175.656067,13177.340557723033
184.45381,0.441242,-53.424223,13175.121815,13177.18474522005
184.46381,0.442038,-53.422219,13174.587583,13174.46033866635
184.47381,0.442833,-53.420214,13174.05337,13175.560609517575
184.48381,0.443627,-53.418206,13173.519178,13173.94475147793
184.49381,0.44384,-53.416197,13172.985006,13176.39050373257
184.50381,0.442775,-53.414187,13172.450854,13172.410202033741
184.51381,0.441718,-53.412176,13171.916723,13173.7838778032
184.52381,0.440667,-53.410164,13171.382611,13174.250948399917
184.53381,0.439624,-53.408151,13170.848519,13172.569343179613
184.54381,0.438588,-53.406136,13170.314448,13171.62306369949
184.55381,0.437559,-53.404121,13169.780397,13172.738023470654
184.56381,0.436538,-53.402105,13169.246365,13170.767045877597
184.57381,0.435523,-53.400088,13168.712354,13172.55655425214
184.58381,0.434516,-53.398071,13168.178364,13169.094585488256
184.59381,0.433516,-53.396052,13167.644393,13167.184954972498
184.60381,0.432523,-53.394032,13167.110443,13170.205266091643
184.61381,0.431537,-53.392011,13166.576512,13164.711238199972
184.62381,0.430559,-53.389989,13166.042602,13168.464750419984
184.63381,0.429588,-53.387967,13165.508713,13169.378277856773
184.64381,0.428623,-53.385943,13164.974843,13166.33192142737
184.65381,0.427667,-53.383918,13164.440994,13167.681426916875
184.66381,0.426717,-53.381893,13163.907165,13164.658229846835
184.67381,0.425775,-53.379866,13163.373356,13164.77929818631
184.68381,0.424839,-53.377839,13162.839567,13163.722844562773
184.69381,0.423911,-53.375811,13162.305799,13166.511582045767
184.70381,0.422991,-53.373781,13161.772051,13159.328566339991
184.71381,0.422077,-53.371751,13161.238323,13162.904384862755
184.72381,0.421171,-53.36972,13160.704616,13163.07236728197
184.73381,0.420272,-53.367688,13160.170929,13162.342891844757
184.74381,0.41938,-53.365655,13159.637262,13163.431310381646
184.75381,0.418496,-53.36362,13159.103616,13158.823985082789
184.76381,0.417619,-53.361585,13158.56999,13156.426012878419
184.77381,0.416749,-53.359549,13158.036384,13159.174380085582
184.78381,0.415886,-53.357513,13157.502799,13157.12072598464
184.79381,0.415031,-53.355475,13156.969234,13156.088919729797
184.80381,0.414182,-53.353436,13156.43569,13157.451497790278
184.81381,0.413342,-53.351396,13155.902165,13156.631083152995
184.82381,0.412508,-53.349356,13155.368662,13158.790034645284
184.83381,0.411682,-53.347314,13154.835178,13157.01818937576
184.84381,0.410862,-53.345272,13154.301715,13155.502568046386
184.85381,0.410051,-53.343228,13153.768273,13153.250408454833
184.86381,0.409246,-53.341184,13153.234851,13152.615209969908
184.87381,0.408449,-53.339138,13152.701449,13152.720791802903
184.88381,0.407659,-53.337092,13152.168068,13155.017655117272
184.89381,0.406876,-53.335045,13151.634707,13154.35446589967
184.90381,0.406101,-53.332997,13151.101367,13152.326526086428
184.91381,0.405333,-53.330948,13150.568047,13149.474784566093
184.92381,0.404572,-53.328898,13150.034748,13151.734618661727
184.93381,0.403818,-53.326847,13149.501469,13150.454760872624
184.94381,0.403072,-53.324795,13148.968211,13148.764821615096
184.95381,0.402333,-53.322742,13148.434973,13147.262237887879
184.96381,0.401601,-53.320689,13147.901756,13147.971690299435
184.97381,0.400877,-53.318634,13147.36856,13150.212260781458
184.98381,0.400159,-53.316579,13146.835384,13148.349770111481
184.99381,0.399449,-53.314522,13146.302228,13148.277266187164
185.00381,0.398758,-53.312465,13145.769093,13146.892144218373
185.01381,0.398089,-53.310406,13145.235979,13146.33080419507
185.02381,0.397427,-53.308346,13144.702885,13145.72337743627
185.03381,0.396773,-53.306285,13144.169812,13144.995500446983
185.04381,0.396126,-53.304222,13143.636759,13142.106725442483
185.05381,0.395485,-53.302158,13143.103728,13146.135103588798
185.06381,0.394853,-53.300092,13142.570716,13141.026674672805
185.07381,0.394227,-53.298025,13142.037726,13144.623125933475
185.08381,0.393609,-53.295956,13141.504756,13142.921246709382
185.09381,0.392998,-53.293887,13140.971807,13143.516063923558
185.10381,0.392394,-53.291816,13140.438878,13141.857583635943
185.11381,0.391797,-53.289743,13139.90597,13143.14538203972
185.12381,0.391208,-53.287669,13139.373083,13138.858360213964
185.13381,0.390625,-53.285594,13138.840217,13140.019885397296
185.14381,0.39005,-53.283517,13138.307371,13139.676144838691
185.15381,0.389482,-53.281439,13137.774547,13138.128255217758
185.16381,0.388922,-53.27936,13137.241743,13138.456395422436
185.17381,0.388368,-53.277279,13136.708959,13137.58498675923
185.18381,0.387822,-53.275197,13136.176197,13138.30265821501
185.19381,0.387282,-53.273114,13135.643455,13137.802260610793
185.20381,0.38675,-53.271029,13135.110735,13139.259510031876
185.21381,0.386225,-53.268943,13134.578035,13134.711466693823
185.22381,0.385707,-53.266856,13134.045356,13135.918975768598
185.23381,0.385197,-53.264767,13133.512698,13132.945210320646
185.24381,0.384693,-53.262677,13132.98006,13135.804361678309
185.25381,0.384196,-53.260586,13132.447444,13134.736566224652
185.26381,0.383707,-53.258493,13131.914849,13135.642839595808
185.27381,0.383224,-53.256399,13131.382274,13129.175201332562
185.28381,0.382749,-53.254304,13130.849721,13129.01156821377
185.29381,0.382281,-53.252207,13130.317188,13132.365330736444
185.30381,0.381819,-53.25011,13129.784677,13133.46499475734
185.31381,0.381365,-53.24801,13129.252186,13129.76323265095
185.32381,0.380918,-53.24591,13128.719716,13132.687821728827
185.33381,0.380477,-53.243808,13128.187268,13131.92388467878
185.34381,0.380044,-53.241705,13127.65484,13128.218291037081
185.35381,0.379618,-53.239601,13127.122434,13127.69171951077
185.36381,0.379198,-53.237495,13126.590048,13125.85688241502
185.37381,0.378786,-53.235388,13126.057684,13126.653904814328
185.38381,0.37838,-53.23328,13125.525341,13124.080515517566
185.39381,0.377982,-53.23117,13124.993018,13127.307984032605
185.40381,0.37759,-53.229059,13124.460717,13123.087031847068
185.41381,0.377205,-53.226947,13123.928437,13123.894259075667
185.42381,0.376827,-53.224834,13123.396178,13121.492606599908
185.43381,0.376456,-53.222719,13122.86394,13125.49023189265
185.44381,0.376092,-53.220603,13122.331724,13120.513055033498
185.45381,0.375734,-53.218486,13121.799528,13122.712509879062
185.46381,0.375384,-53.216368,13121.267354,13124.457913156093
185.47381,0.37504,-53.214248,13120.735201,13123.024908341707
185.48381,0.374703,-53.212127,13120.203069,13121.068185956017
185.49381,0.374372,-53.210005,13119.670958,13120.550944878887
185.50381,0.374049,-53.207882,13119.138869,13120.052327455056
185.51381,0.373732,-53.205757,13118.606801,13121.558339898942
185.52381,0.373421,-53.203632,13118.074754,13118.6605429374
185.53381,0.373118,-53.201504,13117.542728,13117.288208286622
185.54381,0.372821,-53.199376,13117.010724,13115.710174157368
185.55381,0.37253,-53.197247,13116.478741,13116.164809004622
185.56381,0.372247,-53.195116,13115.946779,13117.20113892572
185.57381,0.37197,-53.192984,13115.414838,13118.975592090623
185.58381,0.371699,-53.190851,13114.882919,13115.013615343318
185.59381,0.371435,-53.188716,13114.351021,13115.177622713794
185.60381,0.371178,-53.186581,13113.819145,13113.564458204497
185.61381,0.370927,-53.184444,13113.28729,13114.342647635012
185.62381,0.370682,-53.182306,13112.755456,13114.801958227843
185.63381,0.370444,-53.180167,13112.223644,13115.498696902749
185.64381,0.370213,-53.178026,13111.691853,13111.897982297594
185.65381,0.369988,-53.175885,13111.160083,13108.57993182364
185.66381,0.369769,-53.173742,13110.628335,13111.48895921455
185.67381,0.369557,-53.171598,13110.096608,13112.44518441257
185.68381,0.369351,-53.169453,13109.564903,13112.907064029672
185.69381,0.369151,-53.167307,13109.033219,13109.421988766757
185.70381,0.368958,-53.165159,13108.501557,13109.501856636994
185.71381,0.368771,-53.163011,13107.969916,13108.188312593229
185.72381,0.36859,-53.160861,13107.438297,13109.222522121576
185.73381,0.368416,-53.15871,13106.906699,13109.775342514698
185.74381,0.368247,-53.156558,13106.375122,13107.229026507921
185.75381,0.368085,-53.154404,13105.843568,13105.459761163997
185.76381,0.367929,-53.15225,13105.312034,13104.810813042628
185.77381,0.36778,-53.150094,13104.780523,13106.023383276199
185.78381,0.367636,-53.147937,13104.249032,13106.858567207886
185.79381,0.367498,-53.14578,13103.717564,13102.974822796377
185.80381,0.367367,-53.14362,13103.186117,13102.092065695871
185.81381,0.367241,-53.14146,13102.654691,13103.553674764453
185.82381,0.367122,-53.139299,13102.123288,13102.629049842104
185.83381,0.367008,-53.137136,13101.591906,13102.232819570787
185.84381,0.366901,-53.134973,13101.060545,13098.115784063406
185.85381,0.366799,-53.132808,13100.529206,13102.610795148317
185.86381,0.366704,-53.130642,13099.997889,13100.611702513263
185.87381,0.366614,-53.128475,13099.466593,13097.886521512952
185.88381,0.36653,-53.126307,13098.935319,13100.5840447901
185.89381,0.366452,-53.124138,13098.404067,13100.145537179498
185.90381,0.36638,-53.121968,13097.872837,13098.971425103424
185.91381,0.366313,-53.119797,13097.341628,13099.399741652402
185.92381,0.366252,-53.117624,13096.810441,13100.561808203256
185.93381,0.366197,-53.11545,13096.279275,13097.427683200427
185.94381,0.366148,-53.113276,13095.748132,13097.111526454712
185.95381,0.366104,-53.1111,13095.21701,13095.49392203165
185.96381,0.366066,-53.108923,13094.68591,13096.768699265642
185.97381,0.366034,-53.106745,13094.154831,13092.816274362907
185.98381,0.366007,-53.104566,13093.623775,13094.686030574054
185.99381,0.365985,-53.102386,13093.09274,13094.749719122672
186.00381,0.365969,-53.100205,13092.561727,13093.349473196604
186.01381,0.365959,-53.098023,13092.030736,13094.492097686722
186.02381,0.365954,-53.095839,13091.499767,13093.970911531364
186.03381,0.365955,-53.093655,13090.968819,13091.767159070514
186.04381,0.365961,-53.09147,13090.437893,13090.40866481118
186.05381,0.365972,-53.089283,13089.90699,13093.504771825375
186.06381,0.365989,-53.087095,13089.376108,13087.896666520182
186.07381,0.36601,-53.084907,13088.845248,13089.935282634498
186.08381,0.366038,-53.082717,13088.31441,13090.40550399236
186.09381,0.36607,-53.080527,13087.783593,13089.082204996595
186.10381,0.366108,-53.078335,13087.252799,13089.707208173635
186.11381,0.366151,-53.076142,13086.722027,13084.080188690996
186.12381,0.366199,-53.073948,13086.191276,13088.866834111524
186.13381,0.366252,-53.071753,13085.660548,13086.833197149743
186.14381,0.36631,-53.069558,13085.129841,13084.89350304601
186.15381,0.366373,-53.067361,13084.599157,13083.542942037704
186.16381,0.366442,-53.065163,13084.068494,13085.313794229734
186.17381,0.366515,-53.062964,13083.537853,13082.908175195611
186.18381,0.366594,-53.060764,13083.007235,13082.478947849211
186.19381,0.366677,-53.058563,13082.476638,13084.364432880417
186.20381,0.366765,-53.056361,13081.946063,13081.222800463403
186.21381,0.366858,-53.054158,13081.415511,13078.931229448473
186.22381,0.366956,-53.051954,13080.88498,13080.995627433242
186.23381,0.367059,-53.049749,13080.354472,13083.635213619944
186.24381,0.367166,-53.047543,13079.823985,13078.093829475536
186.25381,0.367279,-53.045336,13079.293521,13079.743483532442
186.26381,0.367396,-53.043128,13078.763079,13079.77752623905
186.27381,0.367517,-53.040919,13078.232658,13079.01080388542
186.28381,0.367644,-53.038709,13077.70226,13078.766137793828
186.29381,0.367775,-53.036499,13077.171884,13080.307678753275
186.30381,0.36791,-53.034287,13076.64153,13078.987072511989
186.31381,0.368051,-53.032074,13076.111198,13077.538811142247
186.32381,0.368195,-53.02986,13075.580889,13079.734268671664
186.33381,0.368345,-53.027645,13075.050601,13076.18950114957
186.34381,0.368498,-53.02543,13074.520336,13073.424850230118
186.35381,0.368656,-53.023213,13073.990093,13077.628713681546
186.36381,0.368819,-53.020995,13073.459872,13076.410778584943
186.37381,0.368986,-53.018777,13072.929673,13075.585722919464
186.38381,0.369157,-53.016557,13072.399496,13073.078058658737
186.39381,0.369333,-53.014337,13071.869342,13072.478357170748
186.40381,0.369513,-53.012115,13071.339209,13070.456650688797
186.41381,0.369697,-53.009893,13070.809099,13072.964383835622
186.42381,0.369885,-53.00767,13070.279012,13070.257962234342
186.43381,0.370078,-53.005446,13069.748946,13070.071738828894
186.44381,0.370274,-53.00322,13069.218903,13073.334728183474
186.45381,0.370475,-53.000994,13068.688882,13067.79428870897
186.46381,0.37068,-52.998767,13068.158883,13071.86376801202
186.47381,0.370889,-52.996539,13067.628906,13068.366407352183
186.48381,0.371102,-52.994311,13067.098952,13067.154800388904
186.49381,0.371319,-52.992081,13066.56902,13068.96031555434
186.50381,0.37154,-52.98985,13066.03911,13067.500033297658
186.51381,0.371765,-52.987619,13065.509223,13065.008012573708
186.52381,0.371994,-52.985386,13064.979358,13068.385335245528
186.53381,0.370831,-52.983153,13064.449515,13067.785912909218
186.54381,0.368197,-52.98092,13063.919695,13063.740383997721
186.55381,0.36558,-52.978687,13063.389897,13067.143901099174
186.56381,0.362979,-52.976454,13062.860121,13064.16831009071
186.57381,0.360395,-52.974222,13062.330368,13066.921214043465
186.58381,0.357827,-52.971989,13061.800637,13063.043573388391
186.59381,0.355277,-52.969757,13061.270928,13061.506429623276
186.60381,0.352744,-52.967525,13060.741242,13063.271081216695
186.61381,0.350228,-52.965293,13060.211577,13057.984040626749
186.62381,0.347729,-52.963061,13059.681936,13060.980485847125
186.63381,0.345248,-52.960829,13059.152316,13058.432174695754
186.64381,0.342786,-52.958597,13058.622719,13057.749571484805
186.65381,0.340341,-52.956365,13058.093144,13060.861663747926
186.66381,0.337915,-52.954134,13057.563592,13057.835394067966
186.67381,0.335507,-52.951902,13057.034062,13058.80129027672
186.68381,0.333118,-52.949671,13056.504554,13057.07255507426
186.69381,0.330748,-52.947439,13055.975068,13058.313382558448
186.70381,0.328398,-52.945208,13055.445605,13058.14013915921
186.71381,0.326067,-52.942976,13054.916164,13053.98765213991
186.72381,0.323755,-52.940745,13054.386746,13054.36338349148
186.73381,0.321464,-52.938513,13053.857349,13053.40514553203
186.74381,0.319192,-52.936282,13053.327975,13053.620755034615
186.75381,0.316942,-52.93405,13052.798624,13053.298625340294
186.76381,0.314711,-52.931819,13052.269294,13053.587391043944
186.77381,0.312502,-52.929587,13051.739987,13053.786597454966
186.78381,0.310314,-52.927355,13051.210703,13052.600638900616
186.79381,0.308148,-52.925123,13050.68144,13051.535170933848
186.80381,0.306003,-52.922892,13050.1522,13052.691891067769
186.81381,0.30388,-52.92066,13049.622982,13048.185639014824
186.82381,0.30178,-52.918428,13049.093787,13048.782075637531
186.83381,0.299702,-52.916195,13048.564614,13048.622192834422
186.84381,0.297647,-52.913963,13048.035463,13047.542668825346
186.85381,0.295615,-52.911731,13047.506334,13049.458760011734
186.86381,0.293606,-52.909498,13046.977228,13048.100636608642
186.87381,0.291622,-52.907266,13046.448144,13045.78715477575
186.88381,0.289661,-52.905033,13045.919083,13048.911569996868
186.89381,0.287724,-52.9028,13045.390044,13046.547017461957
186.90381,0.285812,-52.900567,13044.861027,13044.576974532707
186.91381,0.283925,-52.898333,13044.332033,13046.695943403096
186.92381,0.282064,-52.8961,13043.80306,13045.20421528472
186.93381,0.280227,-52.893866,13043.274111,13046.346075172332
186.94381,0.278417,-52.891632,13042.745183,13044.609562104759
186.95381,0.276633,-52.889398,13042.216278,13039.035213293102
186.96381,0.274875,-52.887163,13041.687395,13042.057950331442
186.97381,0.273144,-52.884929,13041.158535,13043.594635870417
186.98381,0.271439,-52.882694,13040.629696,13041.110609584823
186.99381,0.269763,-52.880459,13040.100881,13043.952059957182
187.00381,0.268114,-52.878224,13039.572087,13043.124422738807
187.01381,0.266493,-52.875988,13039.043316,13042.83012802795
187.02381,0.2649,-52.873752,13038.514568,13040.155834288496
187.03381,0.263337,-52.871516,13037.985841,13039.922762884942
187.04381,0.261825,-52.869279,13037.457137,13040.874062338778
187.05381,0.260343,-52.867042,13036.928456,13040.670374338586
187.06381,0.25889,-52.864804,13036.399796,13035.463587239128
187.07381,0.257467,-52.862566,13035.87116,13035.130525365352
187.08381,0.256075,-52.860327,13035.342545,13036.033233674505
187.09381,0.254713,-52.858088,13034.813953,13036.530733203937
187.10381,0.253382,-52.855848,13034.285383,13036.590795843662
187.11381,0.252083,-52.853607,13033.756836,13032.106364286272
187.12381,0.250815,-52.851366,13033.228311,13032.9828654346
187.13381,0.249579,-52.849124,13032.699809,13034.263783954866
187.14381,0.248375,-52.846881,13032.171329,13032.857616096142
187.15381,0.247203,-52.844638,13031.642871,13032.962805797515
187.16381,0.246064,-52.842394,13031.114436,13031.783989892383
187.17381,0.244958,-52.84015,13030.586023,13030.428483863048
187.18381,0.243885,-52.837905,13030.057633,13029.856589372872
187.19381,0.242845,-52.835659,13029.529265,13027.027387883945
187.20381,0.241839,-52.833413,13029.00092,13029.732145473248
187.21381,0.240866,-52.831166,13028.472597,13029.110663354235
187.22381,0.239928,-52.828918,13027.944296,13026.376566431674
187.23381,0.239024,-52.82667,13027.416019,13027.572663021669
187.24381,0.238154,-52.824421,13026.887763,13029.323252865493
187.25381,0.237319,-52.822171,13026.35953,13026.271493723843
187.26381,0.236519,-52.819921,13025.83132,13025.294521810514
187.27381,0.235753,-52.81767,13025.303132,13024.665706273925
187.28381,0.235023,-52.815418,13024.774966,13027.336261486791
187.29381,0.234328,-52.813166,13024.246823,13025.568312035775
187.30381,0.233668,-52.810913,13023.718703,13024.88443989297
187.31381,0.233043,-52.808659,13023.190605,13024.402383146487
187.32381,0.232454,-52.806404,13022.66253,13021.104894598368
187.33381,0.2319,-52.804149,13022.134477,13024.91895192519
187.34381,0.231382,-52.801893,13021.606447,13025.630332173881
187.35381,0.2309,-52.799636,13021.078439,13022.852267495695
187.36381,0.230454,-52.797379,13020.550454,13017.08247845218
187.37381,0.230043,-52.795121,13020.022492,13021.5238327227
187.38381,0.229667,-52.792862,13019.494552,13023.023796977403
187.39381,0.229328,-52.790602,13018.966634,13017.766884349014
187.40381,0.229024,-52.788342,13018.43874,13020.242810494816
187.41381,0.228756,-52.786081,13017.910867,13017.437841912455
187.42381,0.228523,-52.783819,13017.383018,13016.54983897163
187.43381,0.228325,-52.781556,13016.855191,13018.781897961246
187.44381,0.228163,-52.779293,13016.327387,13018.147534439724
187.45381,0.228037,-52.777029,13015.799605,13016.011325038084
187.46381,0.227945,-52.774764,13015.271846,13015.424612664136
187.47381,0.227888,-52.772498,13014.74411,13014.317819998027
187.48381,0.227866,-52.770231,13014.216396,13014.625155572872
187.49381,0.227878,-52.767964,13013.688705,13014.164755181588
187.50381,0.227925,-52.765696,13013.161037,13013.15767812872
187.51381,0.228006,-52.763427,13012.633391,13010.590602686416
187.52381,0.228122,-52.761158,13012.105769,13011.875869889316
187.53381,0.22827,-52.758887,13011.578168,13015.816453392936
187.54381,0.228453,-52.756616,13011.050591,13013.920621134304
187.55381,0.228668,-52.754344,13010.523036,13011.080714894273
187.56381,0.228917,-52.752071,13009.995504,13013.064974153593
187.57381,0.229198,-52.749797,13009.467995,13010.785361176362
187.58381,0.229511,-52.747523,13008.940508,13008.220831831051
187.59381,0.229857,-52.745248,13008.413044,13011.70337199474
187.60381,0.230234,-52.742972,13007.885603,13008.536512554854
187.61381,0.230643,-52.740695,13007.358185,13010.165127268312
187.62381,0.231082,-52.738417,13006.830789,13008.648722613943
187.63381,0.231553,-52.736138,13006.303416,13004.036109276103
187.64381,0.232053,-52.733859,13005.776066,13006.296979770163
187.65381,0.232584,-52.731579,13005.248739,13007.630777589113
187.66381,0.233144,-52.729298,13004.721435,13003.185198744564
187.67381,0.233734,-52.727016,13004.194153,13004.129136649497
187.68381,0.234352,-52.724733,13003.666894,13004.362219746721
187.69381,0.234999,-52.722449,13003.139659,13005.499400698129
187.70381,0.235674,-52.720165,13002.612445,13003.850624265056
187.71381,0.236376,-52.71788,13002.085255,13002.42891215344
187.72381,0.237106,-52.715594,13001.558088,13002.702209236224
187.73381,0.237862,-52.713307,13001.030943,13002.291477831293
187.74381,0.238645,-52.711019,13000.503822,13000.85238161674
187.75381,0.239454,-52.70873,12999.976723,13001.14825915162
187.76381,0.240288,-52.706441,12999.449647,12998.988473152516
187.77381,0.241147,-52.70415,12998.922594,13001.813364045936
187.78381,0.242031,-52.701859,12998.395564,12999.667143975677
187.79381,0.24294,-52.699567,12997.868557,12999.886987457592
187.80381,0.243872,-52.697274,12997.341573,12998.087174583186
187.81381,0.244827,-52.69498,12996.814612,12998.340052567277
187.82381,0.245806,-52.692685,12996.287673,12997.007497699758
187.83381,0.246807,-52.69039,12995.760758,12996.213475459363
187.84381,0.24783,-52.688093,12995.233865,12993.8817502096
187.85381,0.248875,-52.685796,12994.706996,12996.109904543697
187.86381,0.249942,-52.683497,12994.18015,12993.442251133707
187.87381,0.251029,-52.681198,12993.653326,12993.892726750048
187.88381,0.252018,-52.678898,12993.126526,12993.224532168993
187.89381,0.252926,-52.676598,12992.599748,12992.860677623597
187.90381,0.253848,-52.674296,12992.072994,12995.594333309533
187.91381,0.254785,-52.671993,12991.546262,12993.615732786044
187.92381,0.255736,-52.66969,12991.019554,12988.388775005697
187.93381,0.256701,-52.667386,12990.492868,12992.043754287468
187.94381,0.25768,-52.665081,12989.966206,12989.405576884174
187.95381,0.258672,-52.662775,12989.439567,12990.05672344554
187.96381,0.259677,-52.660468,12988.912951,12990.597118696342
187.97381,0.260696,-52.658161,12988.386357,12989.810909031343
187.98381,0.261727,-52.655852,12987.859787,12989.387725409071
187.99381,0.26277,-52.653543,12987.33324,12988.861289811683
188.00381,0.263825,-52.651233,12986.806716,12988.778433653644
188.01381,0.264893,-52.648922,12986.280216,12987.955409000504
188.02381,0.265972,-52.646611,12985.753738,12987.29203747914
188.03381,0.267063,-52.644298,12985.227283,12986.15389220849
188.04381,0.268165,-52.641985,12984.700852,12984.35850167659
188.05381,0.269278,-52.639671,12984.174444,12985.639327145016
188.06381,0.270401,-52.637356,12983.648059,12984.282133002976
188.07381,0.271535,-52.63504,12983.121697,12984.749092466638
188.08381,0.27268,-52.632723,12982.595358,12982.471169374801
188.09381,0.273835,-52.630406,12982.069042,12983.355846207658
188.10381,0.274999,-52.628088,12981.54275,12982.107800525439
188.11381,0.276174,-52.625768,12981.01648,12981.955847010418
188.12381,0.277357,-52.623448,12980.490234,12978.909938361247
188.13381,0.27855,-52.621128,12979.964011,12981.352153549233
188.14381,0.279752,-52.618806,12979.437812,12979.549375498293
188.15381,0.280963,-52.616484,12978.911635,12979.11046711743
188.16381,0.282183,-52.61416,12978.385482,12978.654905162706
188.17381,0.283411,-52.611836,12977.859352,12979.521690250143
188.18381,0.284647,-52.609511,12977.333245,12979.803808323784
188.19381,0.285891,-52.607185,12976.807162,12979.36259365625
188.20381,0.287144,-52.604859,12976.281102,12976.825812462142
188.21381,0.288404,-52.602531,12975.755065,12977.504074146365
188.22381,0.289671,-52.600203,12975.229051,12975.980795801313
188.23381,0.290946,-52.597874,12974.703061,12975.135438427818
188.24381,0.292228,-52.595544,12974.177094,12973.200128234155
188.25381,0.293517,-52.593214,12973.65115,12973.91204163728
188.26381,0.294813,-52.590882,12973.125229,12974.9972450742
188.27381,0.296116,-52.58855,12972.599332,12974.15144707334
188.28381,0.297425,-52.586217,12972.073458,12974.208558014989
188.29381,0.29874,-52.583883,12971.547608,12975.711527039179
188.30381,0.300062,-52.581548,12971.021781,12971.967713507003
188.31381,0.30139,-52.579212,12970.495977,12973.977488431337
188.32381,0.302723,-52.576876,12969.970196,12971.19101756264
188.33381,0.304063,-52.574539,12969.444439,12968.730750119556
188.34381,0.305407,-52.572201,12968.918706,12969.987187486267
188.35381,0.306758,-52.569862,12968.392995,12964.775342060835
188.36381,0.308113,-52.567522,12967.867308,12972.404045281854
188.37381,0.309474,-52.565182,12967.341645,12967.343091794291
188.38381,0.310801,-52.562841,12966.816005,12967.307951815379
188.39381,0.312061,-52.5605,12966.290388,12968.606383207767
188.40381,0.313327,-52.55816,12965.764795,12968.510231696526
188.41381,0.314598,-52.55582,12965.239225,12965.725798736403
188.42381,0.315876,-52.553481,12964.713678,12965.286321935206
188.43381,0.317159,-52.551143,12964.188155,12966.122280451022
188.44381,0.318448,-52.548806,12963.662656,12960.531864936944
188.45381,0.319742,-52.546469,12963.137179,12965.105701643173
188.46381,0.321041,-52.544132,12962.611726,12964.037338510963
188.47381,0.322345,-52.541796,12962.086296,12961.824867995892
188.48381,0.323655,-52.539461,12961.56089,12962.502585523987
188.49381,0.324969,-52.537127,12961.035507,12960.618949796455
188.50381,0.326288,-52.534793,12960.510148,12958.66877189002
188.51381,0.327611,-52.532459,12959.984811,12962.02933508429
188.52381,0.328939,-52.530126,12959.459498,12962.35004536228
188.53381,0.330271,-52.527794,12958.934209,12957.81693612022
188.54381,0.331607,-52.525463,12958.408943,12959.954559689817
188.55381,0.332948,-52.523132,12957.8837,12962.64466299443
188.56381,0.334292,-52.520801,12957.35848,12957.467410788508
188.57381,0.335641,-52.518471,12956.833284,12959.469164863749
188.58381,0.336993,-52.516142,12956.308111,12956.80619994864
188.59381,0.338349,-52.513813,12955.782961,12955.373383237084
188.60381,0.339708,-52.511485,12955.257834,12953.67850940612
188.61381,0.341071,-52.509157,12954.732731,12954.32826975164
188.62381,0.342437,-52.50683,12954.207651,12954.619413124326
188.63381,0.343807,-52.504504,12953.682594,12955.720468673624
188.64381,0.34518,-52.502178,12953.157561,12956.382410242853
188.65381,0.346556,-52.499852,12952.632551,12953.636524515205
188.66381,0.347934,-52.497527,12952.107564,12953.026288985704
188.67381,0.349316,-52.495203,12951.5826,12949.295532255424
188.68381,0.350701,-52.492879,12951.05766,12951.825435635512
188.69381,0.352088,-52.490556,12950.532743,12952.429156565035
188.70381,0.353478,-52.488233,12950.007849,12950.366085750244
188.71381,0.35487,-52.485911,12949.482978,12951.212976595327
188.72381,0.356265,-52.483589,12948.958131,12949.102996217804
188.73381,0.357662,-52.481268,12948.433306,12945.046839611477
188.74381,0.359062,-52.478947,12947.908505,12949.782427467895
188.75381,0.360464,-52.476627,12947.383727,12946.441566853951
188.76381,0.361868,-52.474307,12946.858973,12948.030330655738
188.77381,0.363274,-52.471988,12946.334241,12947.796665418211
188.78381,0.364682,-52.469669,12945.809533,12946.441061935484
188.79381,0.366092,-52.467351,12945.284848,12949.265945952073
188.80381,0.367504,-52.465033,12944.760186,12945.040738167005
188.81381,0.368917,-52.462716,12944.235547,12944.390892700378
188.82381,0.370332,-52.460399,12943.710932,12945.957096478285
188.83381,0.371749,-52.458083,12943.186339,12943.01050087459
188.84381,0.373168,-52.455767,12942.66177,12944.430637135827
188.85381,0.374588,-52.453452,12942.137224,12943.89610035746
188.86381,0.376009,-52.451137,12941.612701,12944.746493632745
188.87381,0.377432,-52.448822,12941.088201,12943.257050209731
188.88381,0.378856,-52.446509,12940.563724,12940.319620566788
188.89381,0.380281,-52.444195,12940.039271,12940.964651089742
188.90381,0.381708,-52.441882,12939.514841,12942.646124942774
188.91381,0.383136,-52.439569,12938.990433,12939.83562314298
188.92381,0.384564,-52.437257,12938.466049,12939.569770808079
188.93381,0.385994,-52.434946,12937.941688,12938.609976540785
188.94381,0.387425,-52.432634,12937.41735,12939.4850549044
188.95381,0.388856,-52.430324,12936.893035,12937.85652485769
188.96381,0.390289,-52.428013,12936.368744,12938.03483020824
188.97381,0.391722,-52.425704,12935.844475,12937.61370172764
188.98381,0.393156,-52.423394,12935.32023,12936.079490172528
188.99381,0.394591,-52.421085,12934.796007,12936.321439238176
189.00381,0.396026,-52.418776,12934.271808,12936.642051114886
189.01381,0.397462,-52.416468,12933.747632,12934.263758349745
189.02381,0.398898,-52.414161,12933.223479,12932.697268129843
189.03381,0.400335,-52.411853,12932.699349,12934.76759459224
189.04381,0.401773,-52.409546,12932.175242,12934.609558092548
189.05381,0.40321,-52.40724,12931.651158,12933.97896627133
189.06381,0.404649,-52.404934,12931.127097,12932.935901118093
189.07381,0.406087,-52.402628,12930.603059,12931.621881913314
189.08381,0.407526,-52.400323,12930.079044,12932.35626165151
189.09381,0.408965,-52.398018,12929.555052,12930.169884753355
189.10381,0.410404,-52.395714,12929.031084,12929.523596026878
189.11381,0.411843,-52.39341,12928.507138,12932.149744602
189.12381,0.413282,-52.391106,12927.983216,12929.524340500342
189.13381,0.414722,-52.388803,12927.459316,12927.075319211664
189.14381,0.416161,-52.3865,12926.93544,12928.013463342839
189.15381,0.417601,-52.384198,12926.411586,12928.92577492767
189.16381,0.41904,-52.381896,12925.887756,12925.745281359987
189.17381,0.42048,-52.379594,12925.363948,12927.997960869088
189.18381,0.421919,-52.377293,12924.840164,12926.85448078579
189.19381,0.423358,-52.374992,12924.316402,12926.309116292727
189.20381,0.424797,-52.372691,12923.792664,12924.100262793172
189.21381,0.426235,-52.370391,12923.268948,12925.682190003285
189.22381,0.427674,-52.368092,12922.745256,12922.109288184154
189.23381,0.429112,-52.365792,12922.221587,12922.412374169711
189.24381,0.430549,-52.363493,12921.69794,12923.780582424472
189.25381,0.431987,-52.361195,12921.174317,12923.044319002405
189.26381,0.433424,-52.358897,12920.650716,12917.799278843708
189.27381,0.43486,-52.356599,12920.127139,12919.475003797328
189.28381,0.436296,-52.354301,12919.603584,12921.552508391069
189.29381,0.437732,-52.352004,12919.080053,12921.735286589048
189.30381,0.439167,-52.349707,12918.556544,12920.42506995121
189.31381,0.440602,-52.347411,12918.033059,12918.691975682594
189.32381,0.442036,-52.345115,12917.509596,12917.584783590593
189.33381,0.443469,-52.342819,12916.986156,12917.306946835131
189.34381,0.444902,-52.340524,12916.46274,12918.885072053356
189.35381,0.446334,-52.338229,12915.939346,12919.463680628089
189.36381,0.447766,-52.335934,12915.415975,12916.90980158049
189.37381,0.449196,-52.33364,12914.892627,12917.799285205278
189.38381,0.450627,-52.331346,12914.369302,12914.14626801371
189.39381,0.452056,-52.329052,12913.846,12914.76811778305
189.40381,0.453484,-52.326759,12913.322721,12913.058269422316
189.41381,0.454912,-52.324466,12912.799465,12913.482802923942
189.42381,0.456339,-52.322174,12912.276232,12913.246202599554
189.43381,0.457765,-52.319881,12911.753022,12913.89848701431
189.44381,0.45919,-52.31759,12911.229834,12912.608633633043
189.45381,0.460615,-52.315298,12910.70667,12911.504456286613
189.46381,0.462038,-52.313007,12910.183528,12908.39615037414
189.47381,0.463461,-52.310716,12909.66041,12910.685745925
189.48381,0.464882,-52.308425,12909.137314,12906.875090552747
189.49381,0.466303,-52.306135,12908.614241,12908.710667113532
189.50381,0.467722,-52.303845,12908.091191,12907.176231180796
189.51381,0.469141,-52.301556,12907.568164,12909.26193022504
189.52381,0.470558,-52.299267,12907.04516,12907.547353424701
189.53381,0.471975,-52.296978,12906.522179,12908.907653083228
189.54381,0.47339,-52.294689,12905.999221,12905.759058477332
189.55381,0.474805,-52.292401,12905.476285,12905.6474182426
189.56381,0.476218,-52.290113,12904.953373,12903.383686210038
189.57381,0.47763,-52.287825,12904.430483,12906.697664101732
189.58381,0.479041,-52.285538,12903.907616,12905.31116036986
189.59381,0.480451,-52.283251,12903.384772,12903.566439086084
189.60381,0.48186,-52.280964,12902.861951,12901.460609679802
189.61381,0.483267,-52.278678,12902.339153,12904.658699497873
189.62381,0.484673,-52.276392,12901.816378,12901.938008658082
189.63381,0.486078,-52.274106,12901.293625,12902.744861439012
189.64381,0.487482,-52.271821,12900.770895,12899.653764338134
189.65381,0.488885,-52.269535,12900.248189,12903.550899812999
189.66381,0.490286,-52.267251,12899.725505,12898.131174285369
189.67381,0.491686,-52.264966,12899.202844,12900.524054505286
189.68381,0.493085,-52.262682,12898.680205,12900.401912218713
189.69381,0.494482,-52.260398,12898.15759,12897.416831207607
189.70381,0.495878,-52.258114,12897.634997,12897.070656584203
189.71381,0.497273,-52.255831,12897.112428,12897.180161917639
189.72381,0.498667,-52.253548,12896.589881,12896.959085719005
189.73381,0.500059,-52.251265,12896.067357,12897.458337876868
189.74381,0.501449,-52.248983,12895.544855,12897.260300490776
189.75381,0.502839,-52.246701,12895.022377,12896.123456443176
189.76381,0.504227,-52.244419,12894.499921,12893.55570432325
189.77381,0.505613,-52.242137,12893.977489,12893.67188362649
189.78381,0.506998,-52.239856,12893.455079,12896.507581704247
189.79381,0.508382,-52.237575,12892.932692,12894.069148412422
189.80381,0.509764,-52.235294,12892.410327,12891.009085551068
189.81381,0.511145,-52.233014,12891.887986,12894.147524206148
189.82381,0.512524,-52.230734,12891.365667,12892.21401843275
189.83381,0.513902,-52.228454,12890.843371,12893.227633276025
189.84381,0.515278,-52.226175,12890.321098,12891.981480649678
189.85381,0.516653,-52.223895,12889.798848,12892.62416965501
189.86381,0.518026,-52.221616,12889.27662,12890.26246695251
189.87381,0.519398,-52.219338,12888.754415,12890.9981563944
189.88381,0.520768,-52.217059,12888.232233,12889.825971495564
189.89381,0.522137,-52.214781,12887.710074,12888.708172102974
189.90381,0.523504,-52.212503,12887.187938,12890.439121885223
189.91381,0.52487,-52.210226,12886.665824,12884.8596794711
189.92381,0.526234,-52.207949,12886.143733,12888.351949250664
189.93381,0.527596,-52.205672,12885.621665,12883.640380094534
189.94381,0.528957,-52.203395,12885.09962,12884.911303095796
189.95381,0.530316,-52.201118,12884.577597,12887.572445559646
189.96381,0.531674,-52.198842,12884.055597,12887.491492896414
189.97381,0.53303,-52.196566,12883.53362,12882.709666209643
189.98381,0.534385,-52.194291,12883.011666,12884.477763524319
189.99381,0.535738,-52.192015,12882.489734,12885.030452097155
190.00381,0.537089,-52.18974,12881.967826,12882.907618823978
190.01381,0.538438,-52.187465,12881.44594,12882.367297378432
190.02381,0.539786,-52.185191,12880.924076,12881.643787020306
190.03381,0.541133,-52.182917,12880.402236,12880.874433384055
190.04381,0.542477,-52.180643,12879.880418,12883.076588797403
190.05381,0.54382,-52.178369,12879.358623,12878.681578416172
190.06381,0.545161,-52.176096,12878.836851,12878.355889959277
190.07381,0.546501,-52.173822,12878.315101,12881.104966588793
190.08381,0.547839,-52.171549,12877.793374,12881.828005576503
190.09381,0.549175,-52.169277,12877.27167,12876.019705927958
190.10381,0.55051,-52.167004,12876.749989,12878.110857609317
190.11381,0.551843,-52.164732,12876.22833,12876.308006933019
190.12381,0.553174,-52.16246,12875.706694,12877.533039607217
190.13381,0.554503,-52.160189,12875.185081,12876.170046549012
190.14381,0.555831,-52.157918,12874.66349,12873.649341422808
190.15381,0.557157,-52.155646,12874.141922,12873.852791765106
190.16381,0.558481,-52.153376,12873.620377,12876.068555388174
190.17381,0.559803,-52.151105,12873.098855,12876.44331017213
190.18381,0.561124,-52.148835,12872.577355,12874.755554832464
190.19381,0.562443,-52.146565,12872.055878,12875.143951251437
190.20381,0.56376,-52.144295,12871.534424,12872.756556481207
190.21381,0.565076,-52.142026,12871.012992,12872.724063049463
190.22381,0.56639,-52.139756,12870.491583,12870.70685714509
190.23381,0.567701,-52.137487,12869.970197,12873.01774914266
190.24381,0.569012,-52.135219,12869.448834,12870.576050975988
190.25381,0.57032,-52.13295,12868.927493,12873.025209249594
190.26381,0.571627,-52.130682,12868.406175,12867.865868322368
190.27381,0.572931,-52.128414,12867.884879,12870.895878339874
190.28381,0.574235,-52.126146,12867.363606,12866.863640629288
190.29381,0.575536,-52.123879,12866.842356,12866.761477761516
190.30381,0.576835,-52.121612,12866.321129,12867.653899505904
190.31381,0.578133,-52.119345,12865.799924,12867.647873043701
190.32381,0.579429,-52.117078,12865.278742,12866.312159087393
190.33381,0.580723,-52.114812,12864.757582,12864.884486513998
190.34381,0.582015,-52.112546,12864.236446,12863.65952737854
190.35381,0.583305,-52.11028,12863.715331,12866.418096276837
190.36381,0.584594,-52.108014,12863.19424,12864.066072811762
190.37381,0.585881,-52.105749,12862.673171,12865.041353722074
190.38381,0.587166,-52.103483,12862.152125,12864.479475070644
190.39381,0.588449,-52.101219,12861.631102,12863.929458693883
190.40381,0.58973,-52.098954,12861.110101,12860.962239029159
190.41381,0.59101,-52.09669,12860.589122,12862.576197173352
190.42381,0.592287,-52.094425,12860.068167,12860.5397663691
190.43381,0.593563,-52.092162,12859.547234,12862.193532258434
190.44381,0.594837,-52.089898,12859.026324,12861.08227583491
190.45381,0.596109,-52.087634,12858.505436,12859.791370821724
190.46381,0.597379,-52.085371,12857.984571,12856.712349005902
190.47381,0.598648,-52.083108,12857.463729,12857.197819320289
190.48381,0.599914,-52.080846,12856.942909,12856.321571719904
190.49381,0.601179,-52.078583,12856.422112,12856.822887913766
190.50381,0.602442,-52.076321,12855.901337,12857.116450777909
190.51381,0.603703,-52.074059,12855.380585,12858.971388104555
190.52381,0.604962,-52.071798,12854.859856,12853.814617639131
190.53381,0.606219,-52.069536,12854.339149,12854.436407311483
190.54381,0.607475,-52.067275,12853.818465,12855.246175322005
190.55381,0.608728,-52.065014,12853.297804,12856.053068326188
190.56381,0.60998,-52.062754,12852.777165,12851.820646353493
190.57381,0.61123,-52.060493,12852.256549,12852.531935058241
190.58381,0.612477,-52.058233,12851.735955,12851.377250848094
190.59381,0.613724,-52.055973,12851.215384,12854.538962588551
190.60381,0.614968,-52.053714,12850.694836,12853.577464356093
190.61381,0.61621,-52.051454,12850.17431,12851.090076880639
190.62381,0.61745,-52.049195,12849.653806,12853.092219545539
190.63381,0.618689,-52.046936,12849.133326,12847.196778253407
190.64381,0.619926,-52.044678,12848.612868,12850.538549040899
190.65381,0.62116,-52.042419,12848.092432,12849.602205116444
190.66381,0.622393,-52.040161,12847.572019,12850.182403255318
190.67381,0.623624,-52.037903,12847.051629,12847.669503625133
190.68381,0.624853,-52.035646,12846.531261,12848.098609741272
190.69381,0.626081,-52.033388,12846.010916,12849.097740590463
190.70381,0.627306,-52.031131,12845.490594,12843.276114631433
190.71381,0.62853,-52.028874,12844.970294,12848.692620358837
190.72381,0.629751,-52.026617,12844.450016,12847.40332845042
190.73381,0.630971,-52.024361,12843.929761,12844.137300909306
190.74381,0.632189,-52.022105,12843.409529,12842.678330413988
190.75381,0.633405,-52.019849,12842.889319,12844.06022765666
190.76381,0.634619,-52.017593,12842.369132,12841.23935112175
190.77381,0.635831,-52.015338,12841.848967,12844.360703681703
190.78381,0.637041,-52.013083,12841.328825,12841.183511049167
190.79381,0.638249,-52.010828,12840.808706,12842.076338718423
190.80381,0.639456,-52.008573,12840.288609,12843.342828171517
190.81381,0.64066,-52.006319,12839.768534,12841.566788595414
190.82381,0.641863,-52.004064,12839.248482,12838.648112384342
190.83381,0.643064,-52.00181,12838.728453,12838.534311094989
190.84381,0.644263,-51.999557,12838.208446,12841.202972007799
190.85381,0.64546,-51.997303,12837.688462,12840.345007264821
190.86381,0.646655,-51.99505,12837.1685,12836.240149583622
190.87381,0.647848,-51.992797,12836.648561,12838.978537380483
190.88381,0.649039,-51.990545,12836.128644,12836.933411550173
190.89381,0.650229,-51.988292,12835.60875,12838.155269635861
190.90381,0.651416,-51.98604,12835.088878,12837.223270653227
190.91381,0.652602,-51.983788,12834.569029,12835.29580000874
190.92381,0.653785,-51.981536,12834.049202,12834.06108443246
190.93381,0.654967,-51.979285,12833.529398,12836.317665943076
190.94381,0.656147,-51.977034,12833.009617,12834.15933542736
190.95381,0.657325,-51.974783,12832.489858,12834.195996844903
190.96381,0.658501,-51.972532,12831.970121,12832.787105116524
190.97381,0.659675,-51.970281,12831.450407,12834.384903076983
190.98381,0.660848,-51.968031,12830.930715,12831.36942316953
190.99381,0.662018,-51.965781,12830.411046,12830.334590658676
191.00381,0.663187,-51.963532,12829.8914,12832.0880896246
191.01381,0.664353,-51.961282,12829.371776,12829.57785549379
191.02381,0.665518,-51.959033,12828.852174,12828.589336183846
191.03381,0.666681,-51.956784,12828.332595,12830.853218880562
191.04381,0.667842,-51.954535,12827.813038,12829.180141037072
191.05381,0.669001,-51.952287,12827.293504,12829.667060505935
191.06381,0.670158,-51.950039,12826.773993,12826.63906412494
191.07381,0.671313,-51.947791,12826.254504,12827.339532751104
191.08381,0.672467,-51.945543,12825.735037,12824.936528865812
191.09381,0.673618,-51.943296,12825.215593,12825.49143024696
191.10381,0.674768,-51.941048,12824.696171,12824.510290217475
191.11381,0.675916,-51.938801,12824.176772,12823.01405291795
191.12381,0.677061,-51.936555,12823.657395,12825.996822305953
191.13381,0.678205,-51.934308,12823.138041,12828.72397656602
191.14381,0.679347,-51.932062,12822.618709,12823.7815291892
191.15381,0.680487,-51.929816,12822.099399,12824.28385944811
191.16381,0.681626,-51.92757,12821.580112,12822.366967027689
191.17381,0.682762,-51.925325,12821.060848,12822.653698302813
191.18381,0.683897,-51.92308,12820.541606,12822.073076904133
191.19381,0.685029,-51.920835,12820.022386,12820.151842532166
191.20381,0.68616,-51.91859,12819.503189,12819.45563597542
191.21381,0.687289,-51.916346,12818.984015,12820.145910845638
191.22381,0.688416,-51.914102,12818.464862,12822.326141995018
191.23381,0.689541,-51.911858,12817.945733,12822.071257649457
191.24381,0.690664,-51.909614,12817.426625,12818.69805332039
191.25381,0.691785,-51.907371,12816.90754,12814.964416912604
191.26381,0.692905,-51.905128,12816.388478,12816.13661886766
191.27381,0.694022,-51.902885,12815.869438,12815.187151916061
191.28381,0.695138,-51.900642,12815.35042,12817.036851773499
191.29381,0.696252,-51.8984,12814.831425,12817.146651910778
191.30381,0.697364,-51.896158,12814.312452,12819.702423035638
191.31381,0.698474,-51.893916,12813.793502,12815.87051635949
191.32381,0.699582,-51.891674,12813.274574,12815.224575186232
191.33381,0.700688,-51.889433,12812.755668,12812.234310027545
191.34381,0.701793,-51.887192,12812.236785,12812.454533292628
191.35381,0.702896,-51.884951,12811.717924,12811.503112235032
191.36381,0.703996,-51.88271,12811.199086,12810.728058427349
191.37381,0.705095,-51.88047,12810.68027,12811.937266577057
191.38381,0.706192,-51.87823,12810.161477,12813.859970303683
191.39381,0.707287,-51.87599,12809.642706,12810.873621438353
191.40381,0.70838,-51.873751,12809.123957,12809.513858077153
191.41381,0.709472,-51.871512,12808.605231,12808.271440855979
191.42381,0.710561,-51.869273,12808.086527,12809.322818031658
191.43381,0.711649,-51.867034,12807.567845,12809.657114812811
191.44381,0.712735,-51.864795,12807.049186,12809.906589839935
191.45381,0.713819,-51.862557,12806.530549,12810.489200288188
191.46381,0.714901,-51.860319,12806.011935,12806.14938928525
191.47381,0.715981,-51.858082,12805.493343,12807.17903729626
191.48381,0.71706,-51.855844,12804.974773,12805.871809999244
191.49381,0.718136,-51.853607,12804.456226,12803.37784698211
191.50381,0.719211,-51.85137,12803.937701,12805.901927847628
191.51381,0.720284,-51.849133,12803.419198,12806.11459670376
191.52381,0.721355,-51.846897,12802.900718,12803.770426575242
191.53381,0.722424,-51.844661,12802.382261,12804.899289232686
191.54381,0.723491,-51.842425,12801.863825,12804.45180931809
191.55381,0.724557,-51.84019,12801.345412,12802.884480317627
191.56381,0.725621,-51.837954,12800.827021,12800.391992917841
191.57381,0.726682,-51.835719,12800.308653,12800.971695741471
191.58381,0.727742,-51.833485,12799.790307,12802.234382584027
191.59381,0.728801,-51.83125,12799.271983,12799.049925308542
191.60381,0.729857,-51.829016,12798.753682,12801.645079639708
191.61381,0.730911,-51.826782,12798.235403,12800.49201249526
191.62381,0.731964,-51.824548,12797.717146,12796.58205273626
191.63381,0.733015,-51.822315,12797.198912,12796.528143540621
191.64381,0.734064,-51.820082,12796.6807,12798.319887673348
191.65381,0.735111,-51.817849,12796.16251,12796.692965611914
191.66381,0.736156,-51.815616,12795.644343,12798.624894667973
191.67381,0.7372,-51.813384,12795.126198,12797.159189122935
191.68381,0.738242,-51.811152,12794.608075,12795.460052874325
191.69381,0.739282,-51.80892,12794.089975,12795.041906176393
191.70381,0.74032,-51.806688,12793.571897,12793.202584157332
191.71381,0.741356,-51.804457,12793.053841,12791.259280006929
191.72381,0.74239,-51.802226,12792.535808,12795.380458395211
191.73381,0.743423,-51.799995,12792.017797,12792.237152067233
191.74381,0.744454,-51.797765,12791.499808,12791.366527182143
191.75381,0.745483,-51.795535,12790.981841,12791.993000276094
191.76381,0.74651,-51.793305,12790.463897,12792.753702376209
191.77381,0.747536,-51.791075,12789.945975,12790.599965338903
191.78381,0.748559,-51.788846,12789.428076,12788.884292698178
191.79381,0.749581,-51.786617,12788.910198,12787.781626065238
191.80381,0.750601,-51.784388,12788.392343,12787.572479411876
191.81381,0.751619,-51.78216,12787.874511,12789.09392431045
191.82381,0.752636,-51.779931,12787.3567,12787.425652082122
191.83381,0.75365,-51.777704,12786.838912,12787.877642538964
191.84381,0.754663,-51.775476,12786.321146,12786.948475171246
191.85381,0.755674,-51.773248,12785.803402,12784.675772693892
191.86381,0.756683,-51.771021,12785.285681,12785.540966256029
191.87381,0.757691,-51.768795,12784.767982,12784.790630509246
191.88381,0.758697,-51.766568,12784.250305,12786.912617005595
191.89381,0.759701,-51.764342,12783.732651,12785.75576640276
191.90381,0.760703,-51.762116,12783.215018,12782.31683781879
191.91381,0.761703,-51.75989,12782.697408,12782.889255003385
191.92381,0.761013,-51.757665,12782.179821,12782.100372880644
191.93381,0.759769,-51.755442,12781.662255,12782.89485284481
191.94381,0.758546,-51.753221,12781.144712,12781.074238442767
191.95381,0.757344,-51.751002,12780.627191,12782.186191272
191.96381,0.756161,-51.748785,12780.109692,12781.108316050735
191.97381,0.755,-51.74657,12779.592215,12780.287192940543
191.98381,0.753858,-51.744356,12779.07476,12780.470043231348
191.99381,0.752738,-51.742145,12778.557328,12777.886534778518
192.00381,0.751637,-51.739935,12778.039917,12776.70775004967
192.01381,0.750557,-51.737728,12777.522529,12775.778350407927
192.02381,0.749497,-51.735522,12777.005163,12776.708944319387
192.03381,0.748457,-51.733317,12776.487819,12777.590703910046
192.04381,0.747437,-51.731115,12775.970496,12775.820556830382
192.05381,0.746438,-51.728914,12775.453196,12772.421455248827
192.06381,0.745459,-51.726715,12774.935918,12776.148770537506
192.07381,0.7445,-51.724518,12774.418662,12776.481834184324
192.08381,0.743561,-51.722322,12773.901428,12777.242002171904
192.09381,0.742642,-51.720128,12773.384216,12774.615319895835
192.10381,0.741743,-51.717936,12772.867025,12773.394509706794
192.11381,0.740864,-51.715745,12772.349857,12771.66545819435
192.12381,0.740004,-51.713556,12771.83271,12772.300566806303
192.13381,0.739165,-51.711369,12771.315586,12772.968410256846
192.14381,0.738346,-51.709183,12770.798483,12771.908679132117
192.15381,0.737546,-51.706998,12770.281402,12773.018035707993
192.16381,0.736766,-51.704815,12769.764343,12770.172316054308
192.17381,0.736005,-51.702634,12769.247306,12772.959972711838
192.18381,0.735265,-51.700454,12768.73029,12768.249375776411
192.19381,0.734543,-51.698275,12768.213297,12766.264591986435
192.20381,0.733842,-51.696098,12767.696325,12770.158584647372
192.21381,0.733159,-51.693922,12767.179375,12770.402010768503
192.22381,0.732497,-51.691748,12766.662446,12765.086464676928
192.23381,0.731853,-51.689575,12766.14554,12768.569272852734
192.24381,0.731229,-51.687404,12765.628655,12769.219122598759
192.25381,0.730624,-51.685233,12765.111792,12764.85310856078
192.26381,0.730038,-51.683064,12764.59495,12764.078228402757
192.27381,0.729471,-51.680897,12764.07813,12764.085814208833
192.28381,0.728923,-51.67873,12763.561332,12763.988705869057
192.29381,0.728394,-51.676565,12763.044556,12764.736289808021
192.30381,0.727884,-51.674402,12762.527801,12764.584781218455
192.31381,0.727393,-51.672239,12762.011068,12763.900387467624
192.32381,0.726921,-51.670078,12761.494356,12764.585080790666
192.33381,0.726467,-51.667918,12760.977666,12761.797315561964
192.34381,0.726032,-51.665759,12760.460998,12764.809524221413
192.35381,0.725615,-51.663601,12759.944351,12761.57809236544
192.36381,0.725217,-51.661444,12759.427726,12760.029068891612
192.37381,0.724838,-51.659289,12758.911122,12759.146593981557
192.38381,0.724476,-51.657134,12758.39454,12759.461057703656
192.39381,0.724133,-51.654981,12757.877979,12757.07568962941
192.40381,0.723808,-51.652829,12757.36144,12758.533085167983
192.41381,0.723502,-51.650678,12756.844923,12757.87751990005
192.42381,0.723216,-51.648528,12756.328427,12758.961956002518
192.43381,0.722948,-51.646379,12755.811952,12754.314192530637
192.44381,0.722698,-51.64423,12755.295499,12756.997250294833
192.45381,0.722465,-51.642083,12754.779068,12755.510511505508
192.46381,0.72225,-51.639937,12754.262658,12754.694323826518
192.47381,0.722053,-51.637791,12753.746269,12755.560121242224
192.48381,0.721873,-51.635647,12753.229902,12751.06066017665
192.49381,0.721711,-51.633503,12752.713556,12754.888776326068
192.50381,0.721566,-51.63136,12752.197232,12750.803812207741
192.51381,0.721438,-51.629218,12751.680929,12751.741473178214
192.52381,0.721327,-51.627077,12751.164647,12751.823696422733
192.53381,0.721234,-51.624937,12750.648387,12750.629891655282
192.54381,0.721157,-51.622797,12750.132149,12750.281929248607
192.55381,0.721097,-51.620658,12749.615931,12749.367616471009
192.56381,0.721054,-51.61852,12749.099735,12749.184122810275
192.57381,0.721028,-51.616383,12748.583561,12747.871952786816
192.58381,0.721019,-51.614246,12748.067408,12748.747214780653
192.59381,0.721026,-51.612111,12747.551276,12749.410443952584
192.60381,0.721049,-51.609976,12747.035165,12747.501494107817
192.61381,0.721089,-51.607841,12746.519076,12747.201515666568
192.62381,0.721145,-51.605708,12746.003009,12745.009449535999
192.63381,0.721217,-51.603575,12745.486962,12744.908397300122
192.64381,0.721305,-51.601442,12744.970937,12747.283838083182
192.65381,0.721409,-51.599311,12744.454933,12745.097175192479
192.66381,0.721529,-51.59718,12743.938951,12744.514719956012
192.67381,0.721665,-51.595049,12743.42299,12745.366785925276
192.68381,0.721816,-51.592919,12742.90705,12743.684137853515
192.69381,0.721983,-51.59079,12742.391131,12743.599741628226
192.70381,0.722165,-51.588662,12741.875234,12741.022177639488
192.71381,0.722363,-51.586534,12741.359358,12743.407506093727
192.72381,0.722576,-51.584406,12740.843503,12739.878569415272
192.73381,0.722804,-51.582279,12740.32767,12743.335200604537
192.74381,0.723047,-51.580153,12739.811858,12741.041194508982
192.75381,0.723305,-51.578027,12739.296067,12740.651508624862
192.76381,0.723578,-51.575902,12738.780297,12738.340257777898
192.77381,0.723865,-51.573777,12738.264549,12737.74654009812
192.78381,0.724168,-51.571653,12737.748822,12739.512739790962
192.79381,0.724485,-51.569529,12737.233116,12738.252661859591
192.80381,0.724816,-51.567406,12736.717431,12738.672574354778
192.81381,0.725161,-51.565283,12736.201768,12736.721467875394
192.82381,0.725521,-51.56316,12735.686126,12735.123910492799
192.83381,0.725895,-51.561038,12735.170505,12740.207670584965
192.84381,0.726283,-51.558917,12734.654905,12735.923349639808
192.85381,0.726685,-51.556796,12734.139326,12735.928501165761
192.86381,0.7271,-51.554675,12733.623769,12737.681803196365
192.87381,0.727529,-51.552554,12733.108233,12733.502512660132
192.88381,0.727972,-51.550435,12732.592718,12730.896127061693
192.89381,0.728429,-51.548315,12732.077224,12730.340735009147
192.90381,0.728898,-51.546196,12731.561751,12730.492134610622
192.91381,0.729381,-51.544077,12731.0463,12730.743463867395
192.92381,0.729877,-51.541958,12730.53087,12730.203041912808
192.93381,0.730387,-51.53984,12730.015461,12731.168592317288
192.94381,0.730909,-51.537722,12729.500073,12731.341721289984
192.95381,0.731444,-51.535605,12728.984707,12732.651761167475
192.96381,0.731991,-51.533487,12728.469361,12728.783202511255
192.97381,0.732552,-51.53137,12727.954037,12727.784455837531
192.98381,0.733124,-51.529254,12727.438734,12728.072047546928
192.99381,0.73371,-51.527137,12726.923452,12727.105820008906
193.00381,0.734307,-51.525021,12726.408191,12727.636579210977
193.01381,0.734917,-51.522905,12725.892951,12728.417495083573
193.02381,0.735539,-51.52079,12725.377733,12726.400991098628
193.03381,0.736173,-51.518674,12724.862535,12724.448519719956
193.04381,0.736819,-51.516559,12724.347359,12725.232326227904
193.05381,0.737476,-51.514444,12723.832204,12725.21501572065
193.06381,0.738145,-51.51233,12723.31707,12725.8959698199
193.07381,0.738826,-51.510215,12722.801958,12724.177830301274
193.08381,0.739518,-51.508101,12722.286866,12723.575036020025
193.09381,0.740222,-51.505987,12721.771796,12721.418845764547
193.10381,0.740937,-51.503873,12721.256746,12720.309892290641
193.11381,0.741663,-51.501759,12720.741718,12721.248571373791
193.12381,0.7424,-51.499645,12720.226711,12721.475579681482
193.13381,0.743148,-51.497532,12719.711725,12718.670876821836
193.14381,0.743906,-51.495419,12719.196761,12720.464415134067
193.15381,0.744676,-51.493306,12718.681817,12719.336152802865
193.16381,0.745456,-51.491193,12718.166894,12720.288794947479
193.17381,0.746247,-51.48908,12717.651993,12719.597479423739
193.18381,0.747048,-51.486967,12717.137113,12719.02758136135
193.19381,0.747859,-51.484854,12716.622254,12715.262140978894
193.20381,0.748681,-51.482742,12716.107416,12716.238930382364
193.21381,0.749513,-51.480629,12715.592599,12716.764268664394
193.22381,0.750355,-51.478517,12715.077803,12715.146047381508
193.23381,0.751206,-51.476404,12714.563029,12716.635199773067
193.24381,0.751023,-51.474292,12714.048275,12714.67842394623
193.25381,0.749709,-51.472182,12713.533543,12716.5985359573
193.26381,0.748406,-51.470073,12713.018831,12711.729292336115
193.27381,0.747114,-51.467965,12712.504141,12712.742198368804
193.28381,0.745832,-51.46586,12711.989472,12713.71665546383
193.29381,0.744561,-51.463756,12711.474824,12714.031195031997
193.30381,0.743299,-51.461653,12710.960197,12712.702236916391
193.31381,0.742049,-51.459552,12710.445591,12712.659733128858
193.32381,0.740809,-51.457453,12709.931006,12709.843206789345
193.33381,0.739579,-51.455356,12709.416442,12709.756304462671
193.34381,0.738359,-51.453259,12708.901899,12711.191598909096
193.35381,0.73715,-51.451165,12708.387377,12708.66115308059
193.36381,0.735952,-51.449072,12707.872876,12710.148672879433
193.37381,0.734764,-51.44698,12707.358395,12707.900154308121
193.38381,0.733586,-51.44489,12706.843936,12704.867126203564
193.39381,0.732418,-51.442802,12706.329497,12708.325784407045
193.40381,0.731261,-51.440715,12705.81508,12703.410315743635
193.41381,0.730114,-51.438629,12705.300683,12702.92309732912
193.42381,0.728977,-51.436545,12704.786307,12703.666754917234
193.43381,0.727851,-51.434462,12704.271952,12702.611290785473
193.44381,0.726735,-51.432381,12703.757618,12706.89768595072
193.45381,0.725629,-51.430301,12703.243305,12703.306714053275
193.46381,0.724534,-51.428223,12702.729012,12704.340674643534
193.47381,0.723448,-51.426146,12702.21474,12703.943955160199
193.48381,0.722373,-51.42407,12701.700489,12702.27714844603
193.49381,0.721308,-51.421996,12701.186259,12700.444052317982
193.50381,0.720254,-51.419923,12700.672049,12703.099498077514
193.51381,0.719209,-51.417851,12700.15786,12702.079322773565
193.52381,0.718175,-51.415781,12699.643692,12701.527299561885
193.53381,0.71715,-51.413712,12699.129545,12700.141948201972
193.54381,0.716136,-51.411644,12698.615418,12697.084785900142
193.55381,0.715132,-51.409578,12698.101312,12699.751274742794
193.56381,0.714138,-51.407513,12697.587226,12698.208728714282
193.57381,0.713154,-51.405449,12697.073162,12700.314755729789
193.58381,0.712181,-51.403387,12696.559117,12696.566826718228
193.59381,0.711217,-51.401325,12696.045094,12697.479016534082
193.60381,0.710263,-51.399265,12695.531091,12698.911255319528
193.61381,0.709319,-51.397206,12695.017108,12696.347901124542
193.62381,0.708385,-51.395149,12694.503147,12696.0013841652
193.63381,0.707462,-51.393092,12693.989206,12695.66275782325
193.64381,0.706548,-51.391037,12693.475285,12692.087348648112
193.65381,0.705644,-51.388983,12692.961385,12693.5883763702
193.66381,0.70475,-51.38693,12692.447505,12694.43577846177
193.67381,0.703865,-51.384878,12691.933646,12691.83596007999
193.68381,0.702991,-51.382827,12691.419808,12693.493989765979
193.69381,0.702127,-51.380778,12690.90599,12691.470215080617
193.70381,0.701272,-51.378729,12690.392192,12690.672983503422
193.71381,0.700427,-51.376682,12689.878415,12691.000995548797
193.72381,0.699592,-51.374636,12689.364658,12691.245804417771
193.73381,0.69877,-51.372591,12688.850922,12689.395769817635
193.74381,0.697964,-51.370547,12688.337207,12689.823927329864
193.75381,0.697169,-51.368503,12687.823511,12690.028012848128
193.76381,0.696383,-51.36646,12687.309837,12687.424687365181
193.77381,0.695606,-51.364419,12686.796182,12689.99949264798
193.78381,0.694839,-51.362377,12686.282548,12686.096011016585
193.79381,0.694082,-51.360337,12685.768935,12686.05006374477
193.80381,0.693334,-51.358297,12685.255341,12685.083700471243
193.81381,0.692596,-51.356258,12684.741769,12686.701866708254
193.82381,0.691868,-51.35422,12684.228216,12684.962612201554
193.83381,0.691149,-51.352183,12683.714684,12684.916354496123
193.84381,0.690439,-51.350146,12683.201173,12684.317458913509
193.85381,0.689739,-51.34811,12682.687681,12683.13535186577
193.86381,0.689048,-51.346075,12682.17421,12686.039557618145
193.87381,0.688367,-51.34404,12681.66076,12680.593927506601
193.88381,0.687695,-51.342006,12681.14733,12682.718393415338
193.89381,0.687032,-51.339972,12680.63392,12680.832849777025
193.90381,0.686379,-51.33794,12680.12053,12680.10133387947
193.91381,0.685735,-51.335908,12679.607161,12682.228956361645
193.92381,0.685101,-51.333876,12679.093812,12677.947520927184
193.93381,0.684475,-51.331845,12678.580483,12681.12940777195
193.94381,0.683859,-51.329815,12678.067175,12678.832712432124
193.95381,0.683252,-51.327786,12677.553887,12678.05465027134
193.96381,0.682654,-51.325757,12677.040619,12679.932902577868
193.97381,0.682066,-51.323728,12676.527372,12677.07860536114
193.98381,0.681486,-51.321701,12676.014145,12675.478948428796
193.99381,0.680916,-51.319674,12675.500938,12676.698949689713
194.00381,0.680354,-51.317647,12674.987751,12675.102672774376
194.01381,0.679802,-51.315621,12674.474585,12675.969692336743
194.02381,0.679259,-51.313596,12673.961439,12673.84076006183
194.03381,0.678724,-51.311571,12673.448313,12673.894316927077
194.04381,0.678199,-51.309546,12672.935208,12672.858688410965
194.05381,0.677682,-51.307523,12672.422122,12670.728440842586
194.06381,0.677175,-51.305499,12671.909057,12673.757808151713
194.07381,0.676676,-51.303477,12671.396012,12672.898908572375
194.08381,0.676186,-51.301454,12670.882988,12672.831724156034
194.09381,0.675705,-51.299433,12670.369983,12668.925771710416
194.10381,0.675233,-51.297411,12669.856999,12669.048504055512
194.11381,0.674769,-51.295391,12669.344035,12671.268602147824
194.12381,0.674314,-51.293371,12668.831091,12671.527084581314
194.13381,0.673868,-51.291351,12668.318167,12668.831029477727
194.14381,0.67343,-51.289332,12667.805264,12668.151253941676
194.15381,0.673002,-51.287313,12667.292381,12668.047496474574
194.16381,0.672581,-51.285295,12666.779518,12670.684170709548
194.17381,0.672169,-51.283277,12666.266675,12666.871860304866
194.18381,0.671766,-51.281259,12665.753852,12665.310654889876
194.19381,0.671371,-51.279243,12665.24105,12665.60150022658
194.20381,0.670985,-51.277226,12664.728267,12663.85675807663
194.21381,0.670607,-51.27521,12664.215505,12664.117515895943
194.22381,0.670238,-51.273194,12663.702763,12665.415749804328
194.23381,0.669877,-51.271179,12663.190041,12663.717040818492
194.24381,0.669524,-51.269164,12662.67734,12663.209337013212
194.25381,0.66918,-51.26715,12662.164658,12661.281859054925
194.26381,0.668843,-51.265136,12661.651997,12662.393253954615
194.27381,0.668515,-51.263123,12661.139355,12662.186588557277
194.28381,0.668196,-51.261109,12660.626734,12661.703001343043
194.29381,0.667884,-51.259097,12660.114133,12659.126071696108
194.30381,0.667581,-51.257084,12659.601552,12662.442875496754
194.31381,0.667285,-51.255072,12659.088991,12656.850441335493
194.32381,0.666998,-51.25306,12658.576451,12659.945886155429
194.33381,0.666719,-51.251049,12658.06393,12659.23172123778
194.34381,0.666447,-51.249038,12657.55143,12658.793310583625
194.35381,0.666184,-51.247028,12657.038949,12658.7971454295
194.36381,0.665929,-51.245017,12656.526489,12655.008337714034
194.37381,0.665681,-51.243007,12656.014049,12659.924567482747
194.38381,0.665442,-51.240998,12655.501629,12658.475182835533
194.39381,0.66521,-51.238989,12654.989229,12656.423034779707
194.40381,0.664986,-51.23698,12654.476849,12653.473180512403
194.41381,0.66477,-51.234971,12653.96449,12653.787555890076
194.42381,0.664561,-51.232963,12653.45215,12655.09980993608
194.43381,0.66436,-51.230955,12652.93983,12655.38205305444
194.44381,0.664167,-51.228947,12652.427531,12650.50088785398
194.45381,0.663981,-51.22694,12651.915251,12649.838004047628
194.46381,0.663803,-51.224933,12651.402992,12652.437411050383
194.47381,0.663633,-51.222926,12650.890753,12650.632631808438
194.48381,0.66347,-51.22092,12650.378533,12654.258425059665
194.49381,0.663314,-51.218913,12649.866334,12650.339561505998
194.50381,0.663166,-51.216907,12649.354155,12649.019415340637
194.51381,0.663026,-51.214902,12648.841996,12652.30474626675
194.52381,0.662892,-51.212896,12648.329857,12649.714114818486
194.53381,0.662766,-51.210891,12647.817738,12648.013842877572
194.54381,0.662648,-51.208886,12647.305639,12648.792845927874
194.55381,0.662536,-51.206882,12646.79356,12650.194983107522
194.56381,0.662432,-51.204877,12646.281502,12644.979851997774
194.57381,0.662335,-51.202873,12645.769463,12646.127360237135
194.58381,0.662245,-51.200869,12645.257444,12648.276755538536
194.59381,0.662162,-51.198865,12644.745446,12646.879802212698
194.60381,0.662086,-51.196862,12644.233467,12647.006789507524
194.61381,0.662017,-51.194859,12643.721508,12643.778418871998
194.62381,0.661956,-51.192856,12643.20957,12645.153656370798
194.63381,0.661901,-51.190853,12642.697651,12643.337016786945
194.64381,0.661853,-51.18885,12642.185753,12639.83606512553
194.65381,0.661812,-51.186848,12641.673874,12643.397981253418
194.66381,0.661778,-51.184846,12641.162016,12644.462222834089
194.67381,0.66175,-51.182844,12640.650177,12641.78149039873
194.68381,0.661729,-51.180842,12640.138359,12642.716029237341
194.69381,0.661716,-51.17884,12639.62656,12642.774306838512
194.70381,0.661708,-51.176839,12639.114782,12640.159625172542
194.71381,0.661708,-51.174837,12638.603024,12642.031181744336
194.72381,0.661714,-51.172836,12638.091285,12636.807585864302
194.73381,0.661726,-51.170835,12637.579567,12638.254299999327
194.74381,0.661746,-51.168835,12637.067869,12638.406771829514
194.75381,0.661771,-51.166834,12636.55619,12639.443545423033
194.76381,0.661803,-51.164834,12636.044532,12636.905896891238
194.77381,0.661842,-51.162834,12635.532894,12634.794677969645
194.78381,0.661887,-51.160833,12635.021275,12634.760565797456
194.79381,0.661938,-51.158834,12634.509677,12633.480921674658
194.80381,0.661996,-51.156834,12633.998099,12633.236305481383
194.81381,0.662059,-51.154834,12633.48654,12634.449951784098
194.82381,0.662129,-51.152835,12632.975002,12632.3523365876
194.83381,0.662206,-51.150835,12632.463484,12633.953893684002
194.84381,0.662288,-51.148836,12631.951985,12633.150679692875
194.85381,0.662377,-51.146837,12631.440507,12629.680728317235
194.86381,0.662471,-51.144838,12630.929048,12632.709321038836
194.87381,0.662572,-51.142839,12630.41761,12630.462914015889
194.88381,0.662679,-51.14084,12629.906192,12632.694812444419
194.89381,0.662791,-51.138842,12629.394793,12630.57591668094
194.90381,0.66291,-51.136843,12628.883415,12627.699827699442
194.91381,0.663034,-51.134845,12628.372056,12629.778252873159
194.92381,0.663165,-51.132847,12627.860718,12629.585370320794
194.93381,0.663301,-51.130848,12627.349399,12630.678955201603
194.94381,0.663443,-51.12885,12626.838101,12627.084417203045
194.95381,0.66359,-51.126852,12626.326822,12630.559001389933
194.96381,0.663744,-51.124854,12625.815564,12628.788045932186
194.97381,0.663903,-51.122857,12625.304325,12626.325493254668
194.98381,0.664067,-51.120859,12624.793107,12627.582600105456
194.99381,0.664237,-51.118861,12624.281908,12625.460663511729
195.00381,0.664413,-51.116864,12623.77073,12625.168379454355
195.01381,0.664595,-51.114866,12623.259571,12622.548546728858
195.02381,0.664781,-51.112869,12622.748432,12623.752300733027
195.03381,0.664974,-51.110872,12622.237314,12622.91489839517
195.04381,0.665171,-51.108874,12621.726215,12622.66607639457
195.05381,0.665374,-51.106877,12621.215136,12623.87143268643
195.06381,0.665583,-51.10488,12620.704077,12621.734841594029
195.07381,0.665796,-51.102883,12620.193038,12621.641530612163
195.08381,0.666015,-51.100886,12619.68202,12621.837769281567
195.09381,0.666239,-51.098889,12619.171021,12618.850989841716
195.10381,0.666468,-51.096892,12618.660042,12620.429839034376
195.11381,0.666703,-51.094895,12618.149083,12620.90887834211
195.12381,0.666942,-51.092898,12617.638144,12620.118477593409
195.13381,0.667187,-51.090902,12617.127225,12620.233669940422
195.14381,0.667436,-51.088905,12616.616326,12618.219077430906
195.15381,0.667691,-51.086908,12616.105447,12616.389709508747
195.16381,0.667951,-51.084912,12615.594588,12617.381911764844
195.17381,0.668215,-51.082915,12615.083749,12614.167240460141
195.18381,0.668484,-51.080919,12614.572929,12616.614362895585
195.19381,0.668759,-51.078922,12614.06213,12615.447935954724
195.20381,0.669038,-51.076926,12613.551351,12614.946863216852
195.21381,0.669322,-51.074929,12613.040592,12612.572799875274
195.22381,0.66696,-51.072934,12612.529852,12614.962727896334
195.23381,0.663535,-51.07094,12612.019133,12612.712791266558
195.24381,0.660123,-51.068949,12611.508434,12614.19431242875
195.25381,0.656726,-51.066961,12610.997754,12613.435305390229
195.26381,0.653343,-51.064974,12610.487094,12612.863614354676
195.27381,0.649974,-51.062991,12609.976455,12613.623351367145
195.28381,0.646619,-51.061009,12609.465835,12611.161780860315
195.29381,0.643279,-51.05903,12608.955234,12607.303746494614
195.30381,0.639953,-51.057053,12608.444654,12610.647133794264
195.31381,0.636642,-51.055079,12607.934093,12610.038361800647
195.32381,0.633345,-51.053107,12607.423552,12609.861848948198
195.33381,0.630063,-51.051137,12606.913031,12605.861408940005
195.34381,0.626795,-51.049169,12606.40253,12611.066474976096
195.35381,0.623542,-51.047203,12605.892048,12610.084271353564
195.36381,0.620304,-51.045239,12605.381586,12605.667562470911
195.37381,0.617081,-51.043278,12604.871143,12605.239357920149
195.38381,0.613873,-51.041319,12604.36072,12607.874847617115
195.39381,0.61068,-51.039361,12603.850317,12604.329268267662
195.40381,0.607501,-51.037406,12603.339933,12605.846283072704
195.41381,0.604338,-51.035453,12602.829568,12604.004431133684
195.42381,0.60119,-51.033501,12602.319224,12605.63836410899
195.43381,0.598057,-51.031552,12601.808898,12601.382515333698
195.44381,0.59494,-51.029604,12601.298593,12602.371979170734
195.45381,0.591838,-51.027659,12600.788306,12600.591352640009
195.46381,0.588752,-51.025715,12600.278039,12600.942868761038
195.47381,0.585681,-51.023773,12599.767792,12601.5315971423
195.48381,0.582626,-51.021833,12599.257564,12601.607770531753
195.49381,0.579586,-51.019895,12598.747355,12599.422656296434
195.50381,0.576563,-51.017959,12598.237166,12599.357429256315
195.51381,0.573555,-51.016024,12597.726996,12598.501784166092
195.52381,0.570563,-51.014091,12597.216846,12597.529677183526
195.53381,0.567587,-51.01216,12596.706714,12596.961321218041
195.54381,0.564628,-51.01023,12596.196602,12599.029364380052
195.55381,0.561685,-51.008302,12595.68651,12593.553602790902
195.56381,0.558758,-51.006376,12595.176436,12596.613397522096
195.57381,0.555847,-51.004451,12594.666382,12595.96379468434
195.58381,0.552953,-51.002528,12594.156347,12596.349420247307
195.59381,0.550076,-51.000607,12593.646332,12595.221783880066
195.60381,0.547215,-50.998687,12593.136335,12592.430157647044
195.61381,0.544371,-50.996769,12592.626358,12592.878193637407
195.62381,0.541545,-50.994852,12592.1164,12589.847527511329
195.63381,0.538735,-50.992937,12591.606461,12591.957692848759
195.64381,0.535942,-50.991023,12591.096541,12590.403761648195
195.65381,0.533166,-50.98911,12590.58664,12591.740966199934
195.66381,0.530408,-50.987199,12590.076759,12592.503762978035
195.67381,0.527667,-50.985289,12589.566896,12590.757629398953
195.68381,0.524944,-50.983381,12589.057053,12592.621105812375
195.69381,0.522238,-50.981474,12588.547229,12590.353327105959
195.70381,0.51955,-50.979569,12588.037424,12591.15705305267
195.71381,0.516876,-50.977665,12587.527637,12588.111672310724
195.72381,0.51422,-50.975762,12587.01787,12590.956092881586
195.73381,0.511582,-50.97386,12586.508122,12586.516155541496
195.74381,0.508963,-50.97196,12585.998393,12586.95980508303
195.75381,0.506361,-50.970062,12585.488683,12584.610619180008
195.76381,0.503778,-50.968164,12584.978992,12585.740517582275
195.77381,0.501213,-50.966268,12584.46932,12586.085879491005
195.78381,0.498668,-50.964373,12583.959666,12583.398451077612
195.79381,0.49614,-50.96248,12583.450032,12587.546358374966
195.80381,0.493632,-50.960587,12582.940417,12583.159236047612
195.81381,0.491143,-50.958696,12582.43082,12583.175078111624
195.82381,0.488673,-50.956806,12581.921243,12587.864489996833
195.83381,0.486222,-50.954917,12581.411684,12582.454982430185
195.84381,0.48379,-50.95303,12580.902145,12580.258428978603
195.85381,0.481378,-50.951143,12580.392624,12582.963034278842
195.86381,0.478986,-50.949258,12579.883122,12581.66830558333
195.87381,0.476218,-50.947374,12579.373639,12580.354838344578
195.88381,0.473341,-50.945491,12578.864174,12580.156864274672
195.89381,0.470479,-50.943609,12578.354729,12578.249483393114
195.90381,0.467629,-50.941729,12577.845302,12578.451612967972
195.91381,0.464794,-50.93985,12577.335894,12575.445923231213
195.92381,0.461972,-50.937972,12576.826505,12573.023783877066
195.93381,0.459164,-50.936096,12576.317135,12574.685339761547
195.94381,0.45637,-50.93422,12575.807783,12576.853605981438
195.95381,0.45359,-50.932346,12575.29845,12578.492951708615
195.96381,0.450825,-50.930474,12574.789136,12575.102209666835
195.97381,0.448073,-50.928602,12574.279841,12573.505106327997
195.98381,0.445336,-50.926731,12573.770564,12574.079805187557
195.99381,0.442613,-50.924862,12573.261306,12577.774785318134
196.00381,0.439905,-50.922994,12572.752067,12574.33186107342
196.01381,0.437211,-50.921127,12572.242846,12575.046865847118
196.02381,0.434533,-50.919261,12571.733644,12571.210708899143
196.03381,0.431869,-50.917396,12571.224461,12572.56708097016
196.04381,0.42922,-50.915532,12570.715296,12570.324510114975
196.05381,0.426586,-50.913669,12570.20615,12571.427000622029
196.06381,0.423968,-50.911807,12569.697023,12570.130305689194
196.07381,0.421364,-50.909946,12569.187914,12567.708784406908
196.08381,0.418777,-50.908086,12568.678824,12569.106100569315
196.09381,0.416205,-50.906227,12568.169753,12570.096443062694
196.10381,0.413648,-50.904369,12567.6607,12567.482774129343
196.11381,0.411107,-50.902512,12567.151665,12569.448173606446
196.12381,0.408583,-50.900656,12566.642649,12569.09775712753
196.13381,0.406074,-50.898801,12566.133652,12567.556818801113
196.14381,0.403582,-50.896947,12565.624673,12567.012251759295
196.15381,0.401106,-50.895094,12565.115713,12566.396652346513
196.16381,0.398647,-50.893241,12564.606771,12564.741851688996
196.17381,0.396204,-50.891389,12564.097848,12565.883892425902
196.18381,0.393778,-50.889539,12563.588944,12565.242278933949
196.19381,0.391369,-50.887689,12563.080058,12563.168641847069
196.20381,0.388977,-50.885839,12562.57119,12565.779634272809
196.21381,0.386602,-50.883991,12562.062341,12562.866355959966
196.22381,0.384245,-50.882143,12561.55351,12561.927432171384
196.23381,0.381905,-50.880297,12561.044698,12559.591058145252
196.24381,0.379583,-50.87845,12560.535904,12560.452185186155
196.25381,0.377278,-50.876605,12560.027129,12560.470504579498
196.26381,0.374992,-50.874761,12559.518372,12558.85970685459
196.27381,0.372724,-50.872917,12559.009634,12560.150768296242
196.28381,0.370474,-50.871073,12558.500914,12558.056954294148
196.29381,0.368243,-50.869231,12557.992212,12560.567526493081
196.30381,0.36603,-50.867389,12557.483529,12559.665980406067
196.31381,0.363836,-50.865548,12556.974864,12555.921587480147
196.32381,0.361662,-50.863707,12556.466218,12556.701159729919
196.33381,0.359506,-50.861867,12555.95759,12556.4147125185
196.34381,0.35737,-50.860028,12555.448981,12555.659252999532
196.35381,0.355254,-50.858189,12554.94039,12554.201691333396
196.36381,0.353165,-50.856351,12554.431817,12553.540706771182
196.37381,0.351096,-50.854513,12553.923263,12554.684581074462
196.38381,0.349047,-50.852676,12553.414727,12554.582787527303
196.39381,0.347018,-50.850839,12552.906209,12553.258796942711
196.40381,0.34501,-50.849002,12552.39771,12553.238121607752
196.41381,0.343023,-50.847166,12551.889229,12551.917293644568
196.42381,0.341056,-50.84533,12551.380767,12552.203453147218
196.43381,0.339111,-50.843495,12550.872322,12553.946152745697
196.44381,0.337186,-50.84166,12550.363897,12552.356088408404
196.45381,0.335284,-50.839825,12549.855489,12547.194924896185
196.46381,0.333402,-50.837991,12549.3471,12551.383383615943
196.47381,0.331543,-50.836157,12548.838729,12551.770983060273
196.48381,0.329706,-50.834323,12548.330377,12549.510953165029
196.49381,0.327891,-50.832489,12547.822043,12548.296743271536
196.50381,0.326098,-50.830656,12547.313727,12548.650431063326
196.51381,0.324328,-50.828823,12546.80543,12546.930180477588
196.52381,0.322581,-50.82699,12546.297151,12546.477258624538
196.53381,0.320857,-50.825158,12545.78889,12550.530611489701
196.54381,0.319156,-50.823326,12545.280648,12547.007017947371
196.55381,0.317479,-50.821494,12544.772424,12544.820354725836
196.56381,0.315825,-50.819662,12544.264218,12544.647084014867
196.57381,0.314195,-50.817831,12543.75603,12544.020104115798
196.58381,0.312589,-50.816,12543.247861,12547.012609905461
196.59381,0.311008,-50.814168,12542.73971,12545.717166423778
196.60381,0.30945,-50.812338,12542.231578,12545.206438497378
196.61381,0.307918,-50.810507,12541.723464,12542.244362851376
196.62381,0.30641,-50.808676,12541.215368,12539.57326816151
196.63381,0.304927,-50.806846,12540.70729,12539.583387696772
196.64381,0.30347,-50.805016,12540.199231,12543.153658631047
196.65381,0.302037,-50.803185,12539.69119,12540.04725975751
196.66381,0.300631,-50.801355,12539.183167,12541.070853287089
196.67381,0.29925,-50.799525,12538.675163,12542.756967580543
196.68381,0.297895,-50.797696,12538.167177,12540.407304594117
196.69381,0.296566,-50.795866,12537.659209,12540.64031399799
196.70381,0.295264,-50.794036,12537.151259,12536.64125505529
196.71381,0.293988,-50.792207,12536.643328,12533.83583782123
196.72381,0.292739,-50.790377,12536.135415,12540.11557885508
196.73381,0.291516,-50.788548,12535.62752,12536.286857149484
196.74381,0.290321,-50.786719,12535.119644,12535.289134351875
196.75381,0.289152,-50.78489,12534.611786,12536.10964588155
196.76381,0.288011,-50.78306,12534.103946,12532.006179896205
196.77381,0.286898,-50.781231,12533.596125,12537.10036477912
196.78381,0.285812,-50.779402,12533.088322,12533.16700706641
196.79381,0.284753,-50.777573,12532.580537,12532.347517200647
196.80381,0.283723,-50.775744,12532.07277,12531.50028236985
196.81381,0.282721,-50.773914,12531.565022,12531.721013329996
196.82381,0.281746,-50.772085,12531.057292,12533.491969623767
196.83381,0.280801,-50.770256,12530.54958,12532.096899518428
196.84381,0.279883,-50.768427,12530.041887,12530.0763687728
196.85381,0.278994,-50.766598,12529.534212,12530.607487260984
196.86381,0.278133,-50.764768,12529.026555,12529.568336672974
196.87381,0.277301,-50.762939,12528.518916,12529.418902787816
196.88381,0.276498,-50.761109,12528.011296,12529.674829530391
196.89381,0.275724,-50.75928,12527.503694,12527.945066562157
196.90381,0.274979,-50.75745,12526.996111,12528.433002942566
196.91381,0.274262,-50.755621,12526.488545,12528.219356004858
196.92381,0.273575,-50.753791,12525.980998,12526.319724924273
196.93381,0.272917,-50.751961,12525.473469,12524.981183188898
196.94381,0.272288,-50.750131,12524.965959,12526.009465563095
196.95381,0.271688,-50.748301,12524.458467,12523.913117289036
196.96381,0.271117,-50.746471,12523.950993,12524.542302889571
196.97381,0.270575,-50.744641,12523.443537,12523.504226311641
196.98381,0.270063,-50.742811,12522.9361,12522.02611023777
196.99381,0.26958,-50.74098,12522.428681,12521.662190852108
197.00381,0.269126,-50.73915,12521.92128,12522.745142288728
197.01381,0.268701,-50.737319,12521.413898,12519.827161033656
197.02381,0.268306,-50.735488,12520.906534,12522.537778042528
197.03381,0.267939,-50.733657,12520.399188,12521.75060151199
197.04381,0.267601,-50.731825,12519.891861,12519.52938775764
197.05381,0.267293,-50.729994,12519.384552,12517.958311666234
197.06381,0.267013,-50.728162,12518.877261,12521.933726240888
197.07381,0.266763,-50.726331,12518.369989,12518.890771511884
197.08381,0.266541,-50.724499,12517.862734,12519.165064831424
197.09381,0.266348,-50.722666,12517.355499,12517.745000273559
197.10381,0.266183,-50.720834,12516.848281,12516.59193345239
197.11381,0.266047,-50.719001,12516.341082,12516.674906000238
197.12381,0.265939,-50.717169,12515.833901,12519.54982518323
197.13381,0.26586,-50.715336,12515.326739,12515.337724872206
197.14381,0.265809,-50.713502,12514.819594,12516.739804347539
197.15381,0.265785,-50.711669,12514.312468,12515.995471110773
197.16381,0.26579,-50.709835,12513.805361,12514.126963354227
197.17381,0.265822,-50.708001,12513.298272,12514.054373896468
197.18381,0.265882,-50.706167,12512.791201,12511.9963365261
197.19381,0.265968,-50.704332,12512.284148,12511.742656652794
197.20381,0.266083,-50.702498,12511.777114,12511.827517865886
197.21381,0.266224,-50.700663,12511.270099,12512.37610496441
197.22381,0.266391,-50.698827,12510.763101,12512.378527622785
197.23381,0.266586,-50.696992,12510.256122,12513.150721771955
197.24381,0.266806,-50.695156,12509.749161,12510.619521058738
197.25381,0.267053,-50.69332,12509.242219,12511.255839566442
197.26381,0.267326,-50.691483,12508.735295,12511.331263824904
197.27381,0.267624,-50.689647,12508.228389,12508.807532676758
197.28381,0.267948,-50.68781,12507.721502,12508.23109816036
197.29381,0.268297,-50.685972,12507.214633,12507.897523027263
197.30381,0.268671,-50.684135,12506.707782,12506.671764016806
197.31381,0.26907,-50.682297,12506.20095,12506.741904587818
197.32381,0.269493,-50.680458,12505.694137,12503.980951379812
197.33381,0.269941,-50.67862,12505.187341,12505.059535785616
197.34381,0.270412,-50.676781,12504.680564,12506.69883766463
197.35381,0.270907,-50.674942,12504.173806,12505.967906030513
197.36381,0.271425,-50.673102,12503.667065,12502.33448961836
197.37381,0.271967,-50.671262,12503.160343,12503.254657452073
197.38381,0.272531,-50.669422,12502.65364,12499.625737078768
197.39381,0.273118,-50.667581,12502.146955,12501.254126991958
197.40381,0.273727,-50.66574,12501.640288,12500.160295444442
197.41381,0.274359,-50.663899,12501.13364,12502.332472343509
197.42381,0.275011,-50.662057,12500.62701,12500.472205329666
197.43381,0.275686,-50.660215,12500.120399,12500.75941618125
197.44381,0.276381,-50.658373,12499.613806,12497.796212182753
197.45381,0.277097,-50.65653,12499.107232,12498.836092468362
197.46381,0.277834,-50.654687,12498.600676,12498.687797168357
197.47381,0.278591,-50.652843,12498.094138,12501.101141648964
197.48381,0.279368,-50.651,12497.587619,12501.077300012585
197.49381,0.280165,-50.649155,12497.081118,12498.620333522365
197.50381,0.280981,-50.64731,12496.574636,12497.875935587397
197.51381,0.281816,-50.645465,12496.068172,12493.644554592924
197.52381,0.28267,-50.64362,12495.561726,12497.871063157218
197.53381,0.283542,-50.641774,12495.055299,12496.624494400225
197.54381,0.284433,-50.639928,12494.548891,12497.503371027
197.55381,0.285341,-50.638081,12494.042501,12495.908555836277
197.56381,0.286267,-50.636234,12493.536129,12493.79634822322
197.57381,0.28721,-50.634386,12493.029776,12494.071341111214
197.58381,0.288171,-50.632538,12492.523441,12495.28797812297
197.59381,0.289148,-50.63069,12492.017125,12492.658861442445
197.60381,0.290141,-50.628841,12491.510828,12493.680974174444
197.61381,0.291151,-50.626992,12491.004548,12491.652634279639
197.62381,0.292176,-50.625142,12490.498288,12490.666679998543
197.63381,0.293217,-50.623292,12489.992046,12491.64200493455
197.64381,0.294273,-50.621441,12489.485822,12488.9354002582
197.65381,0.295345,-50.61959,12488.979617,12488.26628013281
197.66381,0.296431,-50.617739,12488.47343,12491.72042011368
197.67381,0.297532,-50.615887,12487.967262,12488.25888915589
197.68381,0.298646,-50.614035,12487.461112,12488.575889554744
197.69381,0.299775,-50.612182,12486.954981,12489.826785205722
197.70381,0.300917,-50.610329,12486.448869,12487.395738450476
197.71381,0.302073,-50.608475,12485.942775,12489.418178478461
197.72381,0.303242,-50.606621,12485.436699,12485.213372149094
197.73381,0.304424,-50.604766,12484.930642,12483.927003893641
197.74381,0.305618,-50.602911,12484.424604,12485.237308216321
197.75381,0.306825,-50.601056,12483.918584,12485.018346945322
197.76381,0.308044,-50.5992,12483.412583,12484.249090216108
197.77381,0.309275,-50.597343,12482.9066,12479.092487157974
197.78381,0.310517,-50.595486,12482.400636,12482.2193591191
197.79381,0.311771,-50.593629,12481.89469,12482.682240897842
197.80381,0.313036,-50.591771,12481.388763,12484.148669707582
197.81381,0.314312,-50.589912,12480.882855,12483.509663527197
197.82381,0.315598,-50.588054,12480.376965,12483.01282323735
197.83381,0.316895,-50.586194,12479.871094,12478.13233357441
197.84381,0.318201,-50.584334,12479.365241,12480.706060757613
197.85381,0.31932,-50.582474,12478.859407,12479.210603620339
197.86381,0.320456,-50.580613,12478.353592,12478.474350101129
197.87381,0.321607,-50.578752,12477.847795,12479.916314951932
197.88381,0.322774,-50.57689,12477.342017,12477.975063996428
197.89381,0.323955,-50.575028,12476.836257,12480.729748969412
197.90381,0.325152,-50.573166,12476.330516,12475.906749273161
197.91381,0.326363,-50.571303,12475.824794,12476.930783303635
197.92381,0.327588,-50.56944,12475.31909,12477.137603739802
197.93381,0.328828,-50.567576,12474.813405,12476.995182091407
197.94381,0.330081,-50.565711,12474.307739,12473.579917016279
197.95381,0.331348,-50.563847,12473.802091,12475.962942644193
197.96381,0.332628,-50.561981,12473.296462,12474.055924717182
197.97381,0.333921,-50.560116,12472.790851,12474.950071218122
197.98381,0.335226,-50.558249,12472.285259,12474.68984996996
197.99381,0.336544,-50.556383,12471.779686,12472.655596856828
198.00381,0.337874,-50.554516,12471.274132,12471.065125772382
198.01381,0.339216,-50.552648,12470.768596,12472.726369542956
198.02381,0.34057,-50.55078,12470.263079,12469.481302553417
198.03381,0.341935,-50.548911,12469.75758,12471.851998662432
198.04381,0.343312,-50.547042,12469.252101,12471.434233987788
198.05381,0.344699,-50.545173,12468.746639,12471.366249003204
198.06381,0.346097,-50.543303,12468.241197,12468.603753279112
198.07381,0.347506,-50.541432,12467.735773,12471.145318236751
198.08381,0.348925,-50.539561,12467.230368,12469.19016783677
198.09381,0.350354,-50.53769,12466.724982,12469.399705979235
198.10381,0.351792,-50.535818,12466.219615,12467.722143171459
198.11381,0.353241,-50.533945,12465.714266,12464.515981561011
198.12381,0.354699,-50.532072,12465.208936,12467.126783748949
198.13381,0.356165,-50.530198,12464.703624,12465.039786360325
198.14381,0.357641,-50.528324,12464.198332,12466.010075885144
198.15381,0.359126,-50.52645,12463.693058,12465.18240727018
198.16381,0.360619,-50.524574,12463.187803,12462.258322475356
198.17381,0.362121,-50.522699,12462.682566,12460.128273928916
198.18381,0.363631,-50.520823,12462.177349,12463.544299083569
198.19381,0.365148,-50.518946,12461.67215,12461.612959095391
198.20381,0.366674,-50.517069,12461.16697,12463.210150787556
198.21381,0.368207,-50.515191,12460.661809,12462.431290053648
198.22381,0.369747,-50.513313,12460.156666,12460.13895770486
198.23381,0.371295,-50.511434,12459.651542,12460.847259976463
198.24381,0.37285,-50.509554,12459.146437,12460.288062658734
198.25381,0.374411,-50.507674,12458.641351,12458.233864686845
198.26381,0.37598,-50.505794,12458.136284,12458.834447869585
198.27381,0.377555,-50.503913,12457.631235,12458.631067775928
198.28381,0.379136,-50.502031,12457.126206,12457.998293300481
198.29381,0.380723,-50.500149,12456.621195,12458.875015798129
198.30381,0.382317,-50.498267,12456.116203,12452.025343135469
198.31381,0.383916,-50.496384,12455.611229,12459.603994997406
198.32381,0.385522,-50.4945,12455.106275,12456.132205545062
198.33381,0.387187,-50.492615,12454.601339,12455.033433572771
198.34381,0.388872,-50.490729,12454.096423,12454.26028299755
198.35381,0.390561,-50.48884,12453.591525,12455.735913893113
198.36381,0.392254,-50.48695,12453.086646,12454.820492940518
198.37381,0.393952,-50.485058,12452.581786,12450.658896807703
198.38381,0.395655,-50.483163,12452.076945,12452.639010952153
198.39381,0.397361,-50.481268,12451.572123,12451.854925703847
198.40381,0.399071,-50.47937,12451.067319,12452.77498712084
198.41381,0.400785,-50.47747,12450.562535,12453.066594436732
198.42381,0.402503,-50.475569,12450.05777,12450.022700389423
198.43381,0.404224,-50.473665,12449.553024,12452.878707105861
198.44381,0.405949,-50.47176,12449.048297,12448.911468317188
198.45381,0.407677,-50.469853,12448.543589,12449.40880994536
198.46381,0.409408,-50.467944,12448.0389,12447.76577428014
198.47381,0.411143,-50.466033,12447.53423,12447.321304357934
198.48381,0.41288,-50.46412,12447.029579,12449.806739576998
198.49381,0.41462,-50.462206,12446.524947,12447.79987751604
198.50381,0.416363,-50.46029,12446.020335,12445.328466936078
198.51381,0.418109,-50.458372,12445.515742,12447.848727729215
198.52381,0.419857,-50.456452,12445.011167,12444.611576527564
198.53381,0.421608,-50.45453,12444.506613,12444.521643848464
198.54381,0.423361,-50.452607,12444.002077,12441.679302680803
198.55381,0.425116,-50.450681,12443.49756,12445.349320764242
198.56381,0.426874,-50.448754,12442.993063,12443.105973287371
198.57381,0.428634,-50.446825,12442.488585,12445.587809554834
198.58381,0.430395,-50.444894,12441.984127,12439.786978489781
198.59381,0.432159,-50.442962,12441.479687,12443.125486494531
198.60381,0.433924,-50.441028,12440.975268,12442.823535977928
198.61381,0.435692,-50.439092,12440.470867,12441.277436813718
198.62381,0.43746,-50.437154,12439.966486,12441.758363074181
198.63381,0.439231,-50.435214,12439.462124,12439.84668590185
198.64381,0.441003,-50.433273,12438.957781,12441.96854276502
198.65381,0.442776,-50.431329,12438.453458,12439.756440201128
198.66381,0.444551,-50.429385,12437.949155,12434.803121391713
198.67381,0.446326,-50.427438,12437.444871,12438.640198405727
198.68381,0.448104,-50.425489,12436.940606,12436.297661588604
198.69381,0.449882,-50.423539,12436.436361,12434.37289482339
198.70381,0.451661,-50.421587,12435.932135,12435.556055936273
198.71381,0.453441,-50.419634,12435.427929,12434.681491451089
198.72381,0.455222,-50.417678,12434.923743,12436.421456131977
198.73381,0.457004,-50.415721,12434.419576,12434.831526844464
198.74381,0.458787,-50.413762,12433.915428,12434.668609191189
198.75381,0.46057,-50.411802,12433.4113,12435.165763086503
198.76381,0.462354,-50.409839,12432.907192,12434.939854980652
198.77381,0.464139,-50.407875,12432.403104,12432.871166919404
198.78381,0.465924,-50.40591,12431.899035,12433.87482890752
198.79381,0.46771,-50.403942,12431.394985,12434.78856159696
198.80381,0.469496,-50.401973,12430.890956,12433.863886868017
198.81381,0.471282,-50.400002,12430.386946,12429.831832675678
198.82381,0.473069,-50.39803,12429.882956,12429.348478791475
198.83381,0.474855,-50.396056,12429.378985,12428.108167170769
198.84381,0.476642,-50.39408,12428.875035,12428.812335036459
198.85381,0.478429,-50.392102,12428.371104,12429.417474989763
198.86381,0.480217,-50.390123,12427.867193,12428.860705498135
198.87381,0.482004,-50.388142,12427.363301,12428.29545627824
198.88381,0.483791,-50.38616,12426.85943,12429.634711580857
198.89381,0.485578,-50.384175,12426.355578,12426.48037200633
198.90381,0.487365,-50.38219,12425.851746,12427.615562544483
198.91381,0.489151,-50.380202,12425.347934,12425.833876326229
198.92381,0.490938,-50.378213,12424.844142,12424.333245238975
198.93381,0.492724,-50.376222,12424.34037,12422.961188512985
198.94381,0.49451,-50.37423,12423.836618,12422.752082592591
198.95381,0.496295,-50.372236,12423.332886,12423.725591833563
198.96381,0.49808,-50.37024,12422.829173,12424.428333316146
198.97381,0.499865,-50.368243,12422.325481,12422.251146034117
198.98381,0.501649,-50.366244,12421.821808,12421.621599565666
198.99381,0.503433,-50.364243,12421.318156,12421.773831342227
199.00381,0.505216,-50.362241,12420.814523,12421.674529629821
199.01381,0.506998,-50.360237,12420.310911,12419.25355962176
199.02381,0.50878,-50.358232,12419.807319,12424.544363208046
199.03381,0.510561,-50.356225,12419.303746,12422.499857089404
199.04381,0.512341,-50.354216,12418.800194,12417.297040277826
199.05381,0.51412,-50.352206,12418.296662,12417.814627639254
199.06381,0.515899,-50.350194,12417.79315,12418.556134797727
199.07381,0.517677,-50.348181,12417.289658,12420.384577535904
199.08381,0.519454,-50.346166,12416.786187,12418.425074153492
199.09381,0.52123,-50.34415,12416.282735,12420.16195381368
199.10381,0.523005,-50.342132,12415.779304,12418.074225519485
199.11381,0.524779,-50.340112,12415.275892,12418.191052342712
199.12381,0.526552,-50.338091,12414.772501,12413.53835455217
199.13381,0.528324,-50.336068,12414.26913,12416.345980986222
199.14381,0.52783,-50.334045,12413.76578,12419.252700109113
199.15381,0.526344,-50.332021,12413.26245,12413.110288274667
199.16381,0.524866,-50.329998,12412.759139,12413.164828502848
199.17381,0.523395,-50.327974,12412.25585,12415.980907869454
199.18381,0.521932,-50.325951,12411.75258,12411.074800574253
199.19381,0.520476,-50.323929,12411.249331,12409.850755595364
199.20381,0.519027,-50.321906,12410.746101,12411.288212922153
199.21381,0.517586,-50.319884,12410.242892,12410.809910267732
199.22381,0.516152,-50.317861,12409.739704,12410.676577255006
199.23381,0.514726,-50.315839,12409.236535,12409.244015483635
199.24381,0.513307,-50.313817,12408.733387,12411.336807283318
199.25381,0.511895,-50.311796,12408.230259,12409.47293219264
199.26381,0.510491,-50.309774,12407.727151,12409.040123652185
199.27381,0.509094,-50.307753,12407.224063,12406.068082618956
199.28381,0.507705,-50.305731,12406.720996,12410.415497752374
199.29381,0.506323,-50.30371,12406.217949,12405.821270881228
199.30381,0.504948,-50.301689,12405.714922,12406.012433085312
199.31381,0.503581,-50.299668,12405.211915,12405.391859017798
199.32381,0.502222,-50.297648,12404.708928,12405.687240838139
199.33381,0.500869,-50.295627,12404.205962,12406.12662731608
199.34381,0.499525,-50.293607,12403.703016,12403.097810024108
199.35381,0.498188,-50.291586,12403.20009,12405.269832044693
199.36381,0.496858,-50.289566,12402.697184,12402.202527195264
199.37381,0.495536,-50.287546,12402.194299,12405.506446500978
199.38381,0.494221,-50.285526,12401.691433,12401.86859384281
199.39381,0.492914,-50.283506,12401.188588,12401.967380033511
199.40381,0.491614,-50.281486,12400.685763,12400.405543154904
199.41381,0.490322,-50.279467,12400.182958,12402.47696445969
199.42381,0.489037,-50.277447,12399.680174,12401.65063173613
199.43381,0.48776,-50.275427,12399.177409,12398.028054650016
199.44381,0.48649,-50.273408,12398.674665,12399.571522146218
199.45381,0.485228,-50.271389,12398.171941,12400.711757340376
199.46381,0.483973,-50.269369,12397.669237,12395.729736109477
199.47381,0.482726,-50.26735,12397.166554,12398.695839657114
199.48381,0.481487,-50.265331,12396.66389,12398.33072377428
199.49381,0.480255,-50.263312,12396.161247,12393.157313177697
199.50381,0.479031,-50.261293,12395.658624,12394.6519061106
199.51381,0.477814,-50.259273,12395.156021,12395.334588965494
199.52381,0.476605,-50.257254,12394.653439,12395.695784209214
199.53381,0.475403,-50.255235,12394.150876,12394.425793119071
199.54381,0.474209,-50.253217,12393.648334,12395.344448646916
199.55381,0.473022,-50.251198,12393.145812,12392.649990028032
199.56381,0.471843,-50.249179,12392.64331,12392.510943900596
199.57381,0.470672,-50.24716,12392.140828,12390.436976920812
199.58381,0.469508,-50.245141,12391.638367,12388.642691354784
199.59381,0.468352,-50.243122,12391.135926,12392.834772981183
199.60381,0.467204,-50.241104,12390.633504,12392.184241913672
199.61381,0.466063,-50.239085,12390.131104,12391.99404059008
199.62381,0.464935,-50.237066,12389.628723,12391.314791892759
199.63381,0.463817,-50.235047,12389.126362,12391.560419697851
199.64381,0.462706,-50.233028,12388.624022,12389.278785867458
199.65381,0.461603,-50.231009,12388.121702,12388.66244134245
199.66381,0.460507,-50.228989,12387.619402,12389.949187412692
199.67381,0.45942,-50.22697,12387.117122,12387.46183746078
199.68381,0.458339,-50.22495,12386.614862,12385.568116063465
199.69381,0.457267,-50.22293,12386.112623,12382.171608874343
199.70381,0.456202,-50.22091,12385.610404,12384.247193716988
199.71381,0.455145,-50.21889,12385.108205,12385.898619490179
199.72381,0.454095,-50.216869,12384.606026,12384.913371565297
199.73381,0.453053,-50.214848,12384.103867,12382.490113108257
199.74381,0.452019,-50.212828,12383.601729,12383.552675007562
199.75381,0.450992,-50.210807,12383.099611,12382.99963079252
199.76381,0.449973,-50.208785,12382.597513,12381.313040634699
199.77381,0.448962,-50.206764,12382.095435,12381.975834801446
199.78381,0.447958,-50.204743,12381.593377,12378.24949300723
199.79381,0.446962,-50.202721,12381.09134,12381.143631606108
199.80381,0.445974,-50.200699,12380.589323,12382.859646920551
199.81381,0.444994,-50.198677,12380.087326,12379.33913850239
199.82381,0.444021,-50.196654,12379.58535,12382.148361514854
199.83381,0.443056,-50.194632,12379.083393,12378.401659667403
199.84381,0.442098,-50.192609,12378.581457,12380.030216737374
199.85381,0.441148,-50.190586,12378.079541,12380.440033043174
199.86381,0.440206,-50.188563,12377.577645,12380.03862581545
199.87381,0.439271,-50.18654,12377.07577,12378.14345968183
199.88381,0.438345,-50.184516,12376.573914,12378.382151958422
199.89381,0.437425,-50.182492,12376.072079,12375.18180210977
199.90381,0.436514,-50.180468,12375.570265,12376.89357732909
199.91381,0.43561,-50.178444,12375.06847,12373.75969615486
199.92381,0.434714,-50.176419,12374.566696,12373.157738891297
199.93381,0.433826,-50.174395,12374.064942,12376.118693109673
199.94381,0.432945,-50.17237,12373.563208,12374.391173763375
199.95381,0.432072,-50.170345,12373.061494,12372.349103593046
199.96381,0.431207,-50.168319,12372.559801,12373.489906424906
199.97381,0.430349,-50.166294,12372.058128,12369.986016548672
199.98381,0.429499,-50.164268,12371.556475,12371.874586214013
199.99381,0.428656,-50.162242,12371.054842,12372.787372613726
200.00381,0.427822,-50.160215,12370.55323,12370.36271166044
200.01381,0.426995,-50.158189,12370.051638,12370.624147913655
200.02381,0.426175,-50.156162,12369.550066,12372.555316512111
200.03381,0.425364,-50.154135,12369.048515,12369.43577669448
200.04381,0.42456,-50.152108,12368.546984,12370.095780787906
200.05381,0.423763,-50.15008,12368.045473,12366.847762384097
200.06381,0.422975,-50.148052,12367.543982,12367.445858713147
200.07381,0.422194,-50.146024,12367.042512,12368.865971015804
200.08381,0.42142,-50.143996,12366.541062,12367.41055651526
200.09381,0.420654,-50.141967,12366.039632,12367.389447244068
200.10381,0.419896,-50.139939,12365.538222,12363.423211596293
200.11381,0.419146,-50.13791,12365.036833,12364.761631751673
200.12381,0.418403,-50.13588,12364.535464,12365.635174008663
200.13381,0.417668,-50.133851,12364.034115,12363.380911083266
200.14381,0.41694,-50.131821,12363.532787,12362.998002744263
200.15381,0.41622,-50.129791,12363.031479,12364.275682423046
200.16381,0.415507,-50.12776,12362.530191,12361.984670767526
200.17381,0.414803,-50.12573,12362.028924,12362.598023282333
200.18381,0.414105,-50.123699,12361.527677,12362.176113718791
200.19381,0.413416,-50.121668,12361.02645,12361.934437243159
200.20381,0.412734,-50.119636,12360.525243,12359.192973437894
200.21381,0.412059,-50.117605,12360.024057,12359.967173787176
200.22381,0.411392,-50.115573,12359.522891,12359.811746349504
200.23381,0.410733,-50.11354,12359.021746,12360.477720197658
200.24381,0.410081,-50.111508,12358.52062,12358.892617923913
200.25381,0.409436,-50.109475,12358.019516,12359.273551246462
200.26381,0.4088,-50.107442,12357.518431,12358.671158476038
200.27381,0.40817,-50.105409,12357.017367,12358.328206724691
200.28381,0.407549,-50.103375,12356.516323,12356.85093680737
200.29381,0.406934,-50.101341,12356.015299,12354.30210309218
200.30381,0.406327,-50.099307,12355.514296,12354.585076933065
200.31381,0.405728,-50.097272,12355.013313,12353.099091704828
200.32381,0.405136,-50.095238,12354.512351,12357.753342283493
200.33381,0.404552,-50.093203,12354.011408,12355.232369134374
200.34381,0.403975,-50.091167,12353.510486,12356.05588993928
200.35381,0.403406,-50.089132,12353.009585,12355.794561816589
200.36381,0.402843,-50.087096,12352.508704,12353.60690452032
200.37381,0.402289,-50.08506,12352.007843,12354.33055571902
200.38381,0.401741,-50.083023,12351.507003,12353.897430688416
200.39381,0.401202,-50.080986,12351.006183,12353.154333096581
200.40381,0.400669,-50.078949,12350.505383,12350.405290951112
200.41381,0.400144,-50.076912,12350.004604,12352.11093303917
200.42381,0.399626,-50.074874,12349.503845,12348.913509723232
200.43381,0.399116,-50.072836,12349.003106,12348.303447903876
200.44381,0.398613,-50.070798,12348.502388,12347.76590723689
200.45381,0.398117,-50.06876,12348.00169,12347.593806748264
200.46381,0.397628,-50.066721,12347.501013,12350.160760148296
200.47381,0.397147,-50.064682,12347.000356,12348.15345134189
200.48381,0.396673,-50.062642,12346.499719,12345.34806916161
200.49381,0.396206,-50.060603,12345.999103,12348.142052824238
200.50381,0.395747,-50.058563,12345.498507,12346.28594870644
200.51381,0.395294,-50.056522,12344.997932,12344.004271778382
200.52381,0.394849,-50.054482,12344.497377,12346.947325003877
200.53381,0.394411,-50.052441,12343.996842,12344.196211107264
200.54381,0.39398,-50.0504,12343.496328,12346.428172794058
200.55381,0.393557,-50.048358,12342.995834,12344.985062002526
200.56381,0.39314,-50.046316,12342.495361,12344.179899069584
200.57381,0.392731,-50.044274,12341.994908,12342.885794400703
200.58381,0.392328,-50.042232,12341.494475,12341.629518197158
200.59381,0.391933,-50.040189,12340.994063,12342.168956332107
200.60381,0.391545,-50.038146,12340.493671,12340.286880461344
200.61381,0.391164,-50.036103,12339.9933,12338.35164322557
200.62381,0.39079,-50.034059,12339.492949,12341.905325905433
200.63381,0.390423,-50.032015,12338.992619,12339.396013879392
200.64381,0.390062,-50.029971,12338.492309,12340.442996881533
200.65381,0.389709,-50.027927,12337.99202,12336.696278461905
200.66381,0.389363,-50.025882,12337.49175,12336.1673480809
200.67381,0.389024,-50.023837,12336.991502,12338.18169418946
200.68381,0.388691,-50.021791,12336.491274,12336.740445466787
200.69381,0.388366,-50.019745,12335.991066,12338.846307574257
200.70381,0.388047,-50.017699,12335.490879,12334.910498420828
200.71381,0.387735,-50.015653,12334.990712,12335.13098048287
200.72381,0.38743,-50.013606,12334.490566,12331.64732189787
200.73381,0.387132,-50.011559,12333.99044,12335.4809128966
200.74381,0.38684,-50.009512,12333.490335,12335.655515307624
200.75381,0.386555,-50.007464,12332.99025,12333.830615192486
200.76381,0.386277,-50.005416,12332.490185,12332.030127095106
200.77381,0.386006,-50.003368,12331.990141,12333.029630135736
200.78381,0.385741,-50.00132,12331.490118,12331.417675484901
200.79381,0.385483,-49.999271,12330.990115,12332.706695544171
200.80381,0.385232,-49.997222,12330.490133,12333.652017148168
200.81381,0.384987,-49.995172,12329.990171,12334.10431509501
200.82381,0.384748,-49.993122,12329.490229,12329.36932936835
200.83381,0.384517,-49.991072,12328.990308,12330.105128890853
200.84381,0.384292,-49.989022,12328.490408,12328.676134824855
200.85381,0.384073,-49.986971,12327.990528,12330.202113905136
200.86381,0.383861,-49.98492,12327.490668,12330.970179927346
200.87381,0.383655,-49.982869,12326.990829,12328.643172259619
200.88381,0.383456,-49.980817,12326.491011,12328.365275468952
200.89381,0.383263,-49.978765,12325.991213,12327.137814568989
200.90381,0.383076,-49.976713,12325.491436,12325.174588141637
200.91381,0.382896,-49.97466,12324.991679,12324.84211094051
200.92381,0.382722,-49.972607,12324.491942,12326.815864616074
200.93381,0.382554,-49.970554,12323.992227,12324.831702300533
200.94381,0.382393,-49.968501,12323.492531,12325.066991418915
200.95381,0.382238,-49.966447,12322.992857,12325.615203508069
200.96381,0.382089,-49.964393,12322.493202,12325.847739671543
200.97381,0.381946,-49.962338,12321.993569,12321.259947584713
200.98381,0.38181,-49.960283,12321.493956,12324.879972661894
200.99381,0.381679,-49.958228,12320.994363,12320.400013770468
201.00381,0.381555,-49.956173,12320.494791,12320.225131231344
201.01381,0.381436,-49.954117,12319.99524,12322.685046591781
201.02381,0.381324,-49.952061,12319.495709,12320.42040045335
201.03381,0.381218,-49.950005,12318.996198,12318.476536213862
201.04381,0.381118,-49.947948,12318.496709,12316.638815194403
201.05381,0.381023,-49.945892,12317.997239,12317.833669779082
201.06381,0.380935,-49.943834,12317.497791,12317.712777029637
201.07381,0.380852,-49.941777,12316.998363,12317.207924730277
201.08381,0.380776,-49.939719,12316.498955,12316.527435789474
201.09381,0.380705,-49.937661,12315.999568,12316.767811428941
201.10381,0.38064,-49.935602,12315.500202,12316.125562173364
201.11381,0.380581,-49.933543,12315.000856,12315.496706589116
201.12381,0.380527,-49.931484,12314.501531,12315.032529212454
201.13381,0.380479,-49.929425,12314.002227,12312.918749881841
201.14381,0.380437,-49.927365,12313.502943,12316.147176639248
201.15381,0.380401,-49.925305,12313.003679,12310.400030768336
201.16381,0.38037,-49.923245,12312.504437,12310.263976003713
201.17381,0.380345,-49.921184,12312.005214,12314.661140089891
201.18381,0.380325,-49.919123,12311.506013,12313.432387502267
201.19381,0.380311,-49.917062,12311.006832,12312.816608356428
201.20381,0.380302,-49.915001,12310.507672,12309.946226590213
201.21381,0.380299,-49.912939,12310.008532,12308.65682713772
201.22381,0.380301,-49.910877,12309.509413,12310.924782342483
201.23381,0.380309,-49.908814,12309.010314,12308.324340759185
201.24381,0.380322,-49.906752,12308.511237,12309.832103526713
201.25381,0.38034,-49.904688,12308.012179,12308.76230899962
201.26381,0.380364,-49.902625,12307.513143,12307.705826954541
201.27381,0.380393,-49.900561,12307.014127,12309.575019444028
201.28381,0.380427,-49.898498,12306.515132,12307.29220487716
201.29381,0.380466,-49.896433,12306.016157,12308.764365897732
201.30381,0.380511,-49.894369,12305.517203,12304.029754021629
201.31381,0.380561,-49.892304,12305.01827,12306.064895910906
201.32381,0.380616,-49.890239,12304.519357,12303.952152525464
201.33381,0.380675,-49.888173,12304.020465,12304.051708424317
201.34381,0.38074,-49.886107,12303.521593,12304.380163889355
201.35381,0.38081,-49.884041,12303.022743,12303.501319234558
201.36381,0.380885,-49.881975,12302.523913,12303.637952233756
201.37381,0.380965,-49.879908,12302.025103,12302.513682582656
201.38381,0.38105,-49.877841,12301.526314,12302.575525692946
201.39381,0.38114,-49.875774,12301.027546,12300.81850465785
201.40381,0.381234,-49.873707,12300.528799,12302.753257994924
201.41381,0.381334,-49.871639,12300.030072,12299.219113267993
201.42381,0.381438,-49.869571,12299.531366,12301.44875224265
201.43381,0.381547,-49.867502,12299.032681,12300.386005883422
201.44381,0.38166,-49.865434,12298.534016,12300.10987624169
201.45381,0.381779,-49.863365,12298.035372,12297.67191561329
201.46381,0.381902,-49.861295,12297.536749,12297.342714329829
201.47381,0.382029,-49.859226,12297.038146,12294.17176267385
201.48381,0.382162,-49.857156,12296.539564,12298.32735716156
201.49381,0.382298,-49.855086,12296.041003,12294.28711169483
201.50381,0.38244,-49.853015,12295.542463,12298.24126183813
201.51381,0.382586,-49.850944,12295.043943,12294.829078242497
201.52381,0.382736,-49.848873,12294.545444,12295.92342320617
201.53381,0.382891,-49.846802,12294.046965,12295.361192815966
201.54381,0.38305,-49.84473,12293.548508,12293.182016928558
201.55381,0.383213,-49.842658,12293.050071,12293.78419078454
201.56381,0.383381,-49.840586,12292.551654,12290.40456295882
201.57381,0.383553,-49.838514,12292.053259,12295.383997391818
201.58381,0.383729,-49.836441,12291.554884,12292.864903072428
201.59381,0.38391,-49.834368,12291.05653,12291.591606563718
201.60381,0.384095,-49.832295,12290.558197,12290.589982097632
201.61381,0.384284,-49.830221,12290.059884,12291.581642135061
201.62381,0.384477,-49.828147,12289.561592,12290.85752336584
201.63381,0.384674,-49.826073,12289.063321,12290.540679565902
201.64381,0.384875,-49.823999,12288.565071,12287.858710335777
201.65381,0.385081,-49.821924,12288.066841,12289.565566692418
201.66381,0.38529,-49.819849,12287.568632,12287.493290869443
201.67381,0.385503,-49.817774,12287.070444,12293.122080014651
201.68381,0.385721,-49.815698,12286.572277,12285.015087833537
201.69381,0.385942,-49.813622,12286.07413,12287.584638208371
201.70381,0.386118,-49.811546,12285.576005,12286.504017491621
201.71381,0.385778,-49.80947,12285.077899,12284.155921774542
201.72381,0.385443,-49.807394,12284.579815,12284.090024086192
201.73381,0.385112,-49.805317,12284.081752,12284.305276019739
201.74381,0.384787,-49.803241,12283.583709,12283.496923580718
201.75381,0.384467,-49.801164,12283.085687,12285.620372239535
201.76381,0.384152,-49.799088,12282.587685,12280.68834391067
201.77381,0.383842,-49.797011,12282.089705,12284.493452436653
201.78381,0.383536,-49.794935,12281.591745,12280.867782473772
201.79381,0.383236,-49.792858,12281.093806,12283.017285444175
201.80381,0.38294,-49.790781,12280.595888,12282.805891746775
201.81381,0.38265,-49.788705,12280.097991,12280.107891959566
201.82381,0.382364,-49.786628,12279.600114,12281.044957854772
201.83381,0.382083,-49.784551,12279.102258,12275.61668437899
201.84381,0.381807,-49.782474,12278.604423,12279.321592334392
201.85381,0.381535,-49.780397,12278.106609,12278.861197655553
201.86381,0.381269,-49.77832,12277.608815,12279.956820281508
201.87381,0.381007,-49.776243,12277.111042,12278.581989520122
201.88381,0.38075,-49.774166,12276.61329,12278.40363009982
201.89381,0.380497,-49.772089,12276.115559,12277.158178870412
201.90381,0.38025,-49.770011,12275.617848,12277.931590120505
201.91381,0.380007,-49.767934,12275.120159,12277.942991961107
201.92381,0.379768,-49.765857,12274.62249,12274.069148434492
201.93381,0.379535,-49.763779,12274.124842,12273.963444571984
201.94381,0.379306,-49.761702,12273.627214,12272.846869583354
201.95381,0.379082,-49.759624,12273.129608,12275.62248864674
201.96381,0.378862,-49.757546,12272.632022,12274.224260165907
201.97381,0.378647,-49.755469,12272.134457,12271.591270948642
201.98381,0.378436,-49.753391,12271.636912,12274.684761084234
201.99381,0.37823,-49.751313,12271.139389,12273.926936749473
202.00381,0.378029,-49.749235,12270.641886,12272.389576699386
202.01381,0.377832,-49.747157,12270.144404,12270.581152748184
202.02381,0.377639,-49.745079,12269.646943,12268.064706790052
202.03381,0.377452,-49.743001,12269.149502,12269.095523787058
202.04381,0.377268,-49.740923,12268.652083,12268.3121855939
202.05381,0.377089,-49.738845,12268.154684,12266.46118384375
202.06381,0.376914,-49.736767,12267.657306,12267.199115113952
202.07381,0.376744,-49.734689,12267.159949,12266.299002895264
202.08381,0.376579,-49.73261,12266.662612,12265.476935907694
202.09381,0.376417,-49.730532,12266.165296,12264.953439903325
202.10381,0.37626,-49.728453,12265.668002,12268.114794259158
202.11381,0.376107,-49.726375,12265.170727,12266.696690966603
202.12381,0.375959,-49.724296,12264.673474,12266.657699423326
202.13381,0.375815,-49.722218,12264.176241,12264.428620647584
202.14381,0.375675,-49.720139,12263.67903,12263.438603666222
202.15381,0.375539,-49.71806,12263.181839,12264.28670541371
202.16381,0.375408,-49.715981,12262.684669,12264.92022895517
202.17381,0.375281,-49.713902,12262.187519,12262.94028586086
202.18381,0.375083,-49.711824,12261.69039,12262.056227264078
202.19381,0.374844,-49.709747,12261.193283,12260.939159396954
202.20381,0.37461,-49.707672,12260.696196,12264.246172719724
202.21381,0.374381,-49.7056,12260.199129,12260.970874418817
202.22381,0.374156,-49.703529,12259.702084,12261.690786115612
202.23381,0.373936,-49.70146,12259.205059,12260.840659273921
202.24381,0.37372,-49.699393,12258.708054,12260.567003109189
202.25381,0.373509,-49.697329,12258.211071,12256.930862215571
202.26381,0.373302,-49.695266,12257.714108,12258.577672988455
202.27381,0.3731,-49.693205,12257.217165,12259.298986038044
202.28381,0.372903,-49.691146,12256.720244,12258.678781256807
202.29381,0.37271,-49.689089,12256.223342,12254.051201058039
202.30381,0.372521,-49.687033,12255.726462,12256.59894157308
202.31381,0.372337,-49.68498,12255.229602,12255.402244946514
202.32381,0.372158,-49.682929,12254.732762,12254.966988145548
202.33381,0.371982,-49.680879,12254.235943,12255.929441820412
202.34381,0.371811,-49.678832,12253.739145,12256.00178589277
202.35381,0.371974,-49.676786,12253.242367,12250.299775386831
202.36381,0.372455,-49.674742,12252.745609,12254.702506468437
202.37381,0.37294,-49.672699,12252.248872,12253.417838069261
202.38381,0.373427,-49.670659,12251.752155,12251.129717891437
202.39381,0.373917,-49.668619,12251.255459,12251.362310692431
202.40381,0.37441,-49.666582,12250.758783,12250.716353832107
202.41381,0.374905,-49.664546,12250.262127,12251.649323476186
202.42381,0.375403,-49.662511,12249.765492,12250.253940319068
202.43381,0.375904,-49.660478,12249.268877,12249.497879663417
202.44381,0.376408,-49.658447,12248.772282,12248.800065460351
202.45381,0.376914,-49.656417,12248.275708,12248.381341835802
202.46381,0.377422,-49.654389,12247.779154,12248.898136987025
202.47381,0.377934,-49.652362,12247.28262,12246.377805517468
202.48381,0.378447,-49.650337,12246.786106,12246.90732648601
202.49381,0.378963,-49.648314,12246.289613,12248.411367649836
202.50381,0.379482,-49.646292,12245.79314,12246.566387935367
202.51381,0.380003,-49.644271,12245.296687,12245.444473647805
202.52381,0.380526,-49.642252,12244.800255,12247.82040779698
202.53381,0.381052,-49.640235,12244.303842,12247.824295036346
202.54381,0.38158,-49.638219,12243.80745,12245.064366203542
202.55381,0.38211,-49.636204,12243.311078,12242.777098253504
202.56381,0.382642,-49.634191,12242.814726,12243.754988407245
202.57381,0.383177,-49.63218,12242.318394,12240.811192355019
202.58381,0.383714,-49.63017,12241.822082,12245.383367176992
202.59381,0.384253,-49.628162,12241.325791,12241.3105088362
202.60381,0.384794,-49.626154,12240.829519,12241.85941644232
202.61381,0.385337,-49.624149,12240.333268,12239.071161319913
202.62381,0.385882,-49.622145,12239.837036,12240.285111906811
202.63381,0.386429,-49.620142,12239.340825,12239.953531570834
202.64381,0.386978,-49.618141,12238.844633,12239.183170302384
202.65381,0.387529,-49.616141,12238.348462,12240.611631472071
202.66381,0.388082,-49.614143,12237.85231,12240.792161811994
202.67381,0.388637,-49.612146,12237.356179,12236.775163130313
202.68381,0.389194,-49.610151,12236.860067,12235.586871002568
202.69381,0.389753,-49.608157,12236.363976,12236.842121479533
202.70381,0.390313,-49.606164,12235.867904,12237.660463947528
202.71381,0.390876,-49.604173,12235.371853,12237.131466047596
202.72381,0.39144,-49.602183,12234.875821,12238.980469406908
202.73381,0.392006,-49.600195,12234.379809,12237.24391176916
202.74381,0.392573,-49.598208,12233.883817,12235.603643303362
202.75381,0.393142,-49.596222,12233.387845,12230.64779584975
202.76381,0.393713,-49.594238,12232.891893,12230.489269119451
202.77381,0.394286,-49.592256,12232.39596,12232.804531347954
202.78381,0.39486,-49.590274,12231.900047,12230.44396097813
202.79381,0.395435,-49.588294,12231.404155,12232.997912952285
202.80381,0.396012,-49.586315,12230.908282,12231.468526680888
202.81381,0.396591,-49.584338,12230.412428,12232.558572845497
202.82381,0.397175,-49.582362,12229.916595,12232.032088114143
202.83381,0.397778,-49.580387,12229.420781,12229.78458032979
202.84381,0.398383,-49.578413,12228.924987,12229.847616423951
202.85381,0.398989,-49.57644,12228.429213,12226.77529561537
202.86381,0.399596,-49.574468,12227.933458,12225.413488578366
202.87381,0.400205,-49.572497,12227.437723,12228.084516770246
202.88381,0.400814,-49.570526,12226.942008,12227.188718671166
202.89381,0.401425,-49.568557,12226.446313,12224.962812356951
202.90381,0.402037,-49.566589,12225.950637,12229.520362295267
202.91381,0.40265,-49.564621,12225.454981,12224.279515574366
202.92381,0.403264,-49.562654,12224.959345,12222.931868349066
202.93381,0.403879,-49.560689,12224.463728,12223.66378303856
202.94381,0.404496,-49.558724,12223.968131,12224.381348293042
202.95381,0.405113,-49.55676,12223.472554,12225.965385602227
202.96381,0.405731,-49.554797,12222.976996,12226.491660211535
202.97381,0.406351,-49.552835,12222.481458,12221.320676040603
202.98381,0.406971,-49.550873,12221.985939,12221.87654035553
202.99381,0.407592,-49.548913,12221.49044,12218.38014854646
203.00381,0.408214,-49.546953,12220.994961,12222.019679525853
203.01381,0.408837,-49.544995,12220.499501,12221.708888282847
203.02381,0.409461,-49.543037,12220.004061,12220.578778054196
203.03381,0.410086,-49.54108,12219.50864,12219.502360622975
203.04381,0.410712,-49.539124,12219.013239,12215.665138356911
203.05381,0.411338,-49.537168,12218.517858,12219.317013288555
203.06381,0.411965,-49.535214,12218.022496,12219.478301494653
203.07381,0.412594,-49.533261,12217.527154,12218.90128528352
203.08381,0.413222,-49.531308,12217.031831,12216.908027012378
203.09381,0.413852,-49.529356,12216.536527,12218.845247685065
203.10381,0.414482,-49.527405,12216.041244,12218.74744544729
203.11381,0.415113,-49.525455,12215.545979,12215.830964898305
203.12381,0.415745,-49.523506,12215.050734,12216.562841161101
203.13381,0.416378,-49.521557,12214.555509,12216.211163209222
203.14381,0.417011,-49.51961,12214.060303,12217.287930245533
203.15381,0.417644,-49.517663,12213.565117,12214.768837000807
203.16381,0.418279,-49.515717,12213.06995,12214.34596395093
203.17381,0.418914,-49.513772,12212.574803,12212.161764688692
203.18381,0.419549,-49.511828,12212.079675,12215.046956926972
203.19381,0.420185,-49.509884,12211.584566,12211.001297308832
203.20381,0.420822,-49.507941,12211.089477,12212.855967025702
203.21381,0.421459,-49.506,12210.594407,12212.227318755557
203.22381,0.422097,-49.504058,12210.099357,12210.79461145987
203.23381,0.422735,-49.502118,12209.604326,12209.844471282186
203.24381,0.423374,-49.500179,12209.109315,12207.826845327334
203.25381,0.424013,-49.49824,12208.614322,12208.583395420641
203.26381,0.424653,-49.496302,12208.11935,12209.825557993767
203.27381,0.425293,-49.494365,12207.624396,12209.735920374338
203.28381,0.425934,-49.492429,12207.129462,12207.26531815293
203.29381,0.426574,-49.490494,12206.634548,12206.327109696316
203.30381,0.427216,-49.488559,12206.139653,12206.347560255008
203.31381,0.427858,-49.486625,12205.644777,12206.889185800019
203.32381,0.4285,-49.484692,12205.14992,12204.68838162215
203.33381,0.429142,-49.48276,12204.655083,12207.023445941599
203.34381,0.429785,-49.480828,12204.160265,12205.599681054096
203.35381,0.430428,-49.478897,12203.665466,12207.347949047571
203.36381,0.431072,-49.476968,12203.170687,12205.02243226108
203.37381,0.431715,-49.475038,12202.675927,12202.223841434065
203.38381,0.432359,-49.47311,12202.181186,12202.027871711864
203.39381,0.433004,-49.471182,12201.686465,12202.204602880329
203.40381,0.433648,-49.469255,12201.191763,12201.179850340539
203.41381,0.434293,-49.467329,12200.69708,12203.232388134234
203.42381,0.434938,-49.465404,12200.202416,12202.000856548611
203.43381,0.435583,-49.463479,12199.707772,12200.01198308369
203.44381,0.436229,-49.461555,12199.213146,12199.919598724931
203.45381,0.436874,-49.459632,12198.71854,12196.772086995255
203.46381,0.43752,-49.45771,12198.223954,12197.56479054325
203.47381,0.438166,-49.455788,12197.729386,12198.41150858869
203.48381,0.438812,-49.453867,12197.234838,12194.509571269133
203.49381,0.439459,-49.451947,12196.740309,12197.972906586307
203.50381,0.440105,-49.450028,12196.245799,12195.31551406451
203.51381,0.440751,-49.448109,12195.751308,12196.593875349728
203.52381,0.441398,-49.446191,12195.256837,12196.497701800656
203.53381,0.442045,-49.444274,12194.762384,12194.013018214715
203.54381,0.442692,-49.442357,12194.267951,12196.370006065286
203.55381,0.443338,-49.440442,12193.773537,12196.236271167
203.56381,0.443985,-49.438527,12193.279142,12193.750252263002
203.57381,0.444632,-49.436612,12192.784767,12196.837188020627
203.58381,0.445279,-49.434699,12192.29041,12192.017533224158
203.59381,0.445926,-49.432786,12191.796073,12191.884075660391
203.60381,0.446573,-49.430874,12191.301755,12190.025520837444
203.61381,0.44722,-49.428962,12190.807455,12191.096092394298
203.62381,0.447867,-49.427052,12190.313175,12191.040817032002
203.63381,0.448514,-49.425142,12189.818914,12187.87047788827
203.64381,0.449161,-49.423232,12189.324672,12189.753877971967
203.65381,0.449808,-49.421324,12188.83045,12188.451878342483
203.66381,0.450455,-49.419416,12188.336246,12187.241537239393
203.67381,0.451102,-49.417509,12187.842061,12189.451987505514
203.68381,0.451749,-49.415602,12187.347896,12184.79140827048
203.69381,0.452395,-49.413696,12186.853749,12187.17959979373
203.70381,0.453042,-49.411791,12186.359622,12187.713754456894
203.71381,0.453688,-49.409887,12185.865513,12185.396026407623
203.72381,0.454335,-49.407983,12185.371424,12183.702601628878
203.73381,0.454981,-49.40608,12184.877354,12185.51587256652
203.74381,0.455627,-49.404178,12184.383303,12182.908288029173
203.75381,0.456273,-49.402276,12183.88927,12183.887778833661
203.76381,0.456919,-49.400375,12183.395257,12184.78859697413
203.77381,0.457564,-49.398475,12182.901263,12182.75308799253
203.78381,0.45821,-49.396575,12182.407287,12181.972947174178
203.79381,0.458855,-49.394676,12181.913331,12184.458819481006
203.80381,0.4595,-49.392778,12181.419394,12183.443057106899
203.81381,0.460145,-49.39088,12180.925476,12182.67504610526
203.82381,0.46079,-49.388983,12180.431576,12180.593873096077
203.83381,0.461434,-49.387087,12179.937696,12182.601746891101
203.84381,0.462079,-49.385191,12179.443835,12181.690980133442
203.85381,0.462723,-49.383297,12178.949992,12177.937828641718
203.86381,0.463367,-49.381402,12178.456169,12175.735450127006
203.87381,0.46401,-49.379509,12177.962364,12178.653083499634
203.88381,0.464653,-49.377616,12177.468578,12178.208186334039
203.89381,0.465296,-49.375723,12176.974812,12176.143803350555
203.90381,0.465939,-49.373832,12176.481064,12176.922964406342
203.91381,0.466582,-49.371941,12175.987335,12177.792415504158
203.92381,0.467224,-49.37005,12175.493625,12176.53673749755
203.93381,0.467866,-49.368161,12174.999934,12176.215949141098
203.94381,0.468508,-49.366272,12174.506262,12174.951585087912
203.95381,0.469149,-49.364383,12174.012609,12175.206624496823
203.96381,0.46979,-49.362495,12173.518974,12173.250977140464
203.97381,0.470431,-49.360608,12173.025359,12173.995309757283
203.98381,0.471071,-49.358722,12172.531762,12173.290596815443
203.99381,0.471711,-49.356836,12172.038184,12172.380206708418
204.00381,0.472351,-49.354951,12171.544625,12173.587776680524
204.01381,0.47299,-49.353066,12171.051085,12171.210628989347
204.02381,0.473629,-49.351182,12170.557564,12172.184888855605
204.03381,0.474268,-49.349299,12170.064062,12174.381199200334
204.04381,0.474906,-49.347416,12169.570578,12169.769268526677
204.05381,0.475544,-49.345534,12169.077113,12171.842500639192
204.06381,0.476182,-49.343653,12168.583667,12169.422831958978
204.07381,0.476819,-49.341772,12168.09024,12168.196396301342
204.08381,0.477456,-49.339892,12167.596832,12165.876022870192
204.09381,0.478092,-49.338012,12167.103442,12168.32266708683
204.10381,0.478728,-49.336133,12166.610072,12166.024329159443
204.11381,0.479363,-49.334255,12166.11672,12167.763310701632
204.12381,0.479998,-49.332377,12165.623387,12166.472230427767
204.13381,0.480633,-49.3305,12165.130072,12165.416687241393
204.14381,0.481267,-49.328624,12164.636777,12163.821331888526
204.15381,0.481901,-49.326748,12164.1435,12166.836041599641
204.16381,0.482534,-49.324872,12163.650242,12164.770142377865
204.17381,0.483167,-49.322998,12163.157002,12164.332262912645
204.18381,0.4838,-49.321124,12162.663782,12165.019500174358
204.19381,0.484432,-49.31925,12162.17058,12163.66944684532
204.20381,0.485063,-49.317377,12161.677397,12162.619150502276
204.21381,0.485694,-49.315505,12161.184232,12156.411704659396
204.22381,0.486325,-49.313633,12160.691087,12160.667724552175
204.23381,0.486955,-49.311762,12160.19796,12160.905097427194
204.24381,0.487585,-49.309892,12159.704851,12160.02567578587
204.25381,0.488214,-49.308022,12159.211762,12160.68526879505
204.26381,0.488842,-49.306153,12158.718691,12158.889765097427
204.27381,0.489471,-49.304284,12158.225639,12158.302706518043
204.28381,0.490098,-49.302416,12157.732605,12158.957612733979
204.29381,0.490725,-49.300548,12157.23959,12155.921028803417
204.30381,0.491352,-49.298682,12156.746594,12157.731333564674
204.31381,0.491978,-49.296815,12156.253617,12153.400775853646
204.32381,0.492603,-49.294949,12155.760658,12154.990852243916
204.33381,0.493229,-49.293084,12155.267718,12152.916846269845
204.34381,0.493853,-49.29122,12154.774796,12155.120581111818
204.35381,0.494477,-49.289356,12154.281893,12155.096445395733
204.36381,0.4951,-49.287492,12153.789009,12152.882351052427
204.37381,0.495723,-49.285629,12153.296144,12155.123438804383
204.38381,0.496345,-49.283767,12152.803297,12152.922438370282
204.39381,0.496967,-49.281905,12152.310468,12151.77759451818
204.40381,0.497588,-49.280044,12151.817658,12152.321849655225
204.41381,0.498209,-49.278184,12151.324867,12152.512039603007
204.42381,0.498829,-49.276324,12150.832095,12152.140235700543
204.43381,0.499448,-49.274464,12150.339341,12151.338184963559
204.44381,0.500067,-49.272606,12149.846606,12149.656312794807
204.45381,0.500685,-49.270747,12149.353889,12150.256209088435
204.46381,0.501303,-49.26889,12148.861191,12148.241298045075
204.47381,0.50192,-49.267032,12148.368511,12148.386623016271
204.48381,0.502537,-49.265176,12147.87585,12146.78243357769
204.49381,0.503153,-49.26332,12147.383207,12151.122616162376
204.50381,0.503768,-49.261464,12146.890584,12147.408894273112
204.51381,0.504383,-49.259609,12146.397978,12147.20904580178
204.52381,0.504997,-49.257755,12145.905391,12146.242217604018
204.53381,0.50561,-49.255901,12145.412823,12144.622605655379
204.54381,0.506223,-49.254048,12144.920273,12145.567688360728
204.55381,0.506835,-49.252195,12144.427742,12145.593193755141
204.56381,0.507447,-49.250343,12143.935229,12145.727252791406
204.57381,0.508058,-49.248492,12143.442735,12145.686834482207
204.58381,0.508668,-49.24664,12142.95026,12144.71327190403
204.59381,0.509278,-49.24479,12142.457802,12142.473597458782
204.60381,0.509887,-49.24294,12141.965364,12141.787314111174
204.61381,0.510496,-49.241091,12141.472944,12144.205585521138
204.62381,0.511103,-49.239242,12140.980542,12140.8578553345
204.63381,0.511711,-49.237393,12140.488159,12138.042856387541
204.64381,0.512317,-49.235546,12139.995794,12143.174416999922
204.65381,0.512923,-49.233698,12139.503448,12141.94994532398
204.66381,0.513528,-49.231852,12139.01112,12140.52464494091
204.67381,0.514133,-49.230005,12138.518811,12137.867335416402
204.68381,0.514736,-49.22816,12138.02652,12137.827071338175
204.69381,0.51534,-49.226315,12137.534248,12138.00416156103
204.70381,0.515942,-49.22447,12137.041994,12139.140509375931
204.71381,0.516544,-49.222626,12136.549758,12138.414966069122
204.72381,0.517145,-49.220783,12136.057541,12137.40350366949
204.73381,0.517746,-49.21894,12135.565343,12134.434403657413
204.74381,0.518346,-49.217097,12135.073162,12134.584890442462
204.75381,0.518945,-49.215255,12134.581001,12135.65543564777
204.76381,0.519543,-49.213414,12134.088857,12136.062972724088
204.77381,0.520141,-49.211573,12133.596732,12135.055539507031
204.78381,0.520738,-49.209733,12133.104626,12136.002316436474
204.79381,0.521334,-49.207893,12132.612538,12134.201538798054
204.80381,0.52193,-49.206054,12132.120468,12130.3670873895
204.81381,0.522525,-49.204215,12131.628417,12133.928002209517
204.82381,0.523119,-49.202377,12131.136384,12131.681387721805
204.83381,0.523713,-49.200539,12130.644369,12129.938498439755
204.84381,0.524306,-49.198702,12130.152373,12131.757697752986
204.85381,0.524898,-49.196865,12129.660395,12130.088042312856
204.86381,0.52549,-49.195029,12129.168436,12128.647625680087
204.87381,0.52608,-49.193193,12128.676494,12131.997413519304
204.88381,0.52667,-49.191358,12128.184572,12128.76325968605
204.89381,0.52726,-49.189523,12127.692667,12127.16914476837
204.90381,0.527848,-49.187689,12127.200781,12127.806460094936
204.91381,0.528436,-49.185856,12126.708914,12126.720643141267
204.92381,0.529023,-49.184023,12126.217064,12127.414322643326
204.93381,0.52961,-49.18219,12125.725233,12127.225994248565
204.94381,0.530196,-49.180358,12125.23342,12124.041991936294
204.95381,0.530781,-49.178526,12124.741626,12126.01760493786
204.96381,0.531365,-49.176695,12124.24985,12124.123078046547
204.97381,0.531948,-49.174865,12123.758092,12124.189427493848
204.98381,0.532531,-49.173035,12123.266352,12121.391765197874
204.99381,0.533113,-49.171205,12122.774631,12123.225571337278
205.00381,0.533694,-49.169376,12122.282928,12123.534342839665
205.01381,0.534275,-49.167547,12121.791244,12121.815946017754
205.02381,0.534855,-49.165719,12121.299577,12123.704576001628
205.03381,0.535434,-49.163892,12120.807929,12122.450579936574
205.04381,0.536012,-49.162065,12120.3163,12122.041594226775
205.05381,0.53659,-49.160238,12119.824688,12119.831676595308
205.06381,0.537167,-49.158412,12119.333095,12121.16251917258
205.07381,0.537743,-49.156587,12118.84152,12118.55380148797
205.08381,0.538318,-49.154762,12118.349963,12117.234779852017
205.09381,0.538893,-49.152937,12117.858425,12119.570812828162
205.10381,0.539467,-49.151113,12117.366904,12120.871855608826
205.11381,0.54004,-49.149289,12116.875402,12115.378867713729
205.12381,0.540612,-49.147466,12116.383919,12117.577450602137
205.13381,0.541184,-49.145643,12115.892453,12116.53537357487
205.14381,0.541755,-49.143821,12115.401006,12114.45524809247
205.15381,0.542325,-49.142,12114.909577,12114.388458298412
205.16381,0.542894,-49.140179,12114.418166,12116.942498580096
205.17381,0.543462,-49.138358,12113.926773,12115.633328907568
205.18381,0.54403,-49.136538,12113.435399,12115.515614702541
205.19381,0.544597,-49.134718,12112.944042,12114.83907344181
205.20381,0.545163,-49.132899,12112.452704,12111.69675483186
205.21381,0.545729,-49.13108,12111.961384,12110.967852004922
205.22381,0.546294,-49.129262,12111.470083,12112.859253673822
205.23381,0.546857,-49.127444,12110.978799,12114.425938540535
205.24381,0.547421,-49.125627,12110.487534,12110.105650281035
205.25381,0.547983,-49.12381,12109.996287,12109.405630525438
205.26381,0.548545,-49.121993,12109.505058,12108.819616991828
205.27381,0.549105,-49.120178,12109.013847,12109.670833992854
205.28381,0.549665,-49.118362,12108.522654,12110.474502983916
205.29381,0.550225,-49.116547,12108.031479,12107.961618006968
205.30381,0.550783,-49.114733,12107.540323,12109.6382103086
205.31381,0.551341,-49.112919,12107.049185,12105.823381410042
205.32381,0.551898,-49.111105,12106.558065,12107.628792559313
205.33381,0.552454,-49.109292,12106.066963,12106.26613019397
205.34381,0.553009,-49.10748,12105.575879,12105.912588148516
205.35381,0.553564,-49.105668,12105.084813,12103.96604377841
205.36381,0.554118,-49.103856,12104.593765,12106.383636819146
205.37381,0.554671,-49.102045,12104.102736,12104.008228019191
205.38381,0.555223,-49.100234,12103.611725,12103.976278234675
205.39381,0.555774,-49.098424,12103.120731,12104.049772232107
205.40381,0.556325,-49.096614,12102.629756,12104.512338291896
205.41381,0.556875,-49.094805,12102.138799,12101.293416330083
205.42381,0.557424,-49.092996,12101.64786,12102.936674782793
205.43381,0.557972,-49.091188,12101.156939,12102.856933084295
205.44381,0.558519,-49.08938,12100.666036,12102.515498174296
205.45381,0.559066,-49.087573,12100.175151,12101.846438165332
205.46381,0.559612,-49.085766,12099.684285,12099.648348122379
205.47381,0.560157,-49.083959,12099.193436,12100.260553797103
205.48381,0.560701,-49.082153,12098.702606,12097.943749844071
205.49381,0.561245,-49.080348,12098.211793,12098.291338221787
205.50381,0.561788,-49.078542,12097.720999,12099.571320466343
205.51381,0.56233,-49.076738,12097.230222,12098.765992038083
205.52381,0.562871,-49.074934,12096.739464,12096.679345239942
205.53381,0.563411,-49.07313,12096.248724,12096.285254965556
205.54381,0.56395,-49.071327,12095.758001,12097.788437783773
205.55381,0.564489,-49.069524,12095.267297,12094.348855815691
205.56381,0.565027,-49.067721,12094.776611,12095.238496641612
205.57381,0.565564,-49.065919,12094.285943,12093.146793752441
205.58381,0.5661,-49.064118,12093.795292,12093.982729936755
205.59381,0.566636,-49.062317,12093.30466,12091.929404844608
205.60381,0.567171,-49.060516,12092.814046,12092.698248486513
205.61381,0.567705,-49.058716,12092.32345,12094.759084786005
205.62381,0.568238,-49.056917,12091.832872,12093.197289941309
205.63381,0.56877,-49.055117,12091.342312,12095.601530268128
205.64381,0.569301,-49.053319,12090.851769,12090.20362191432
205.65381,0.569832,-49.05152,12090.361245,12092.436889842633
205.66381,0.570362,-49.049722,12089.870739,12091.198439427
205.67381,0.570891,-49.047925,12089.380251,12088.567984381938
205.68381,0.571419,-49.046128,12088.88978,12091.488669521344
205.69381,0.571947,-49.044331,12088.399328,12088.269616607373
205.70381,0.572474,-49.042535,12087.908894,12088.946117962898
205.71381,0.572999,-49.04074,12087.418477,12086.940302728963
205.72381,0.573524,-49.038944,12086.928079,12089.211676510808
205.73381,0.574049,-49.03715,12086.437699,12087.284009187235
205.74381,0.574572,-49.035355,12085.947336,12085.456184147402
205.75381,0.575095,-49.033561,12085.456991,12086.011427157782
205.76381,0.575617,-49.031768,12084.966665,12085.516853867986
205.77381,0.576138,-49.029975,12084.476356,12083.627547615684
205.78381,0.576658,-49.028182,12083.986065,12083.489820867968
205.79381,0.577177,-49.02639,12083.495792,12086.149136796977
205.80381,0.577696,-49.024599,12083.005537,12085.33434130243
205.81381,0.578214,-49.022807,12082.5153,12083.526958020668
205.82381,0.578731,-49.021017,12082.025081,12082.132583388962
205.83381,0.579247,-49.019226,12081.53488,12083.552000394813
205.84381,0.579762,-49.017436,12081.044697,12084.778679436457
205.85381,0.580277,-49.015647,12080.554531,12079.891697639632
205.86381,0.58079,-49.013858,12080.064384,12080.593890768356
205.87381,0.581303,-49.012069,12079.574254,12079.509663377512
205.88381,0.581816,-49.010281,12079.084142,12080.144626761925
205.89381,0.582327,-49.008493,12078.594049,12076.792199875043
205.90381,0.582837,-49.006706,12078.103973,12077.691925761046
205.91381,0.583347,-49.004919,12077.613914,12079.589632518135
205.92381,0.583856,-49.003132,12077.123874,12078.421766116413
205.93381,0.584364,-49.001346,12076.633852,12079.326388964668
205.94381,0.584871,-48.999561,12076.143847,12076.108598029541
205.95381,0.585378,-48.997776,12075.653861,12077.129693242077
205.96381,0.585883,-48.995991,12075.163892,12074.7366481285
205.97381,0.586388,-48.994207,12074.673941,12074.679759098546
205.98381,0.586892,-48.992423,12074.184008,12075.667683833139
205.99381,0.587396,-48.990639,12073.694092,12074.425853841016
206.00381,0.587898,-48.988856,12073.204195,12074.641297791943
206.01381,0.5884,-48.987074,12072.714315,12073.701729137892
206.02381,0.5889,-48.985291,12072.224453,12070.582347888316
206.03381,0.5894,-48.98351,12071.734609,12072.013108043551
206.04381,0.5899,-48.981728,12071.244783,12072.886290176113
206.05381,0.590398,-48.979947,12070.754975,12072.968487788396
206.06381,0.590896,-48.978167,12070.265184,12073.555597442713
206.07381,0.591392,-48.976387,12069.775411,12070.402971629102
206.08381,0.591888,-48.974607,12069.285657,12070.091349570419
206.09381,0.592383,-48.972828,12068.795919,12069.817772612887
206.10381,0.592878,-48.971049,12068.3062,12069.340109315135
206.11381,0.593371,-48.969271,12067.816498,12069.45328809641
206.12381,0.593864,-48.967493,12067.326815,12065.60071961179
206.13381,0.594356,-48.965715,12066.837149,12068.107742536082
206.14381,0.594847,-48.963938,12066.3475,12067.169571577942
206.15381,0.595337,-48.962161,12065.85787,12067.20774227761
206.16381,0.595827,-48.960385,12065.368257,12067.155480094869
206.17381,0.596316,-48.958609,12064.878662,12065.36861153865
206.18381,0.596804,-48.956834,12064.389085,12067.055896022379
206.19381,0.597291,-48.955059,12063.899525,12065.347318085862
206.20381,0.597205,-48.953284,12063.409984,12063.96338615573
206.21381,0.596924,-48.951511,12062.92046,12062.013919439507
206.22381,0.596645,-48.949738,12062.430953,12062.000272102401
206.23381,0.596368,-48.947966,12061.941465,12063.09753641118
206.24381,0.596093,-48.946195,12061.451994,12063.803054258611
206.25381,0.595819,-48.944425,12060.962541,12062.343792989577
206.26381,0.595547,-48.942656,12060.473106,12062.748582551138
206.27381,0.595277,-48.940887,12059.983688,12061.807084142325
206.28381,0.595008,-48.93912,12059.494288,12059.305938645837
206.29381,0.594741,-48.937353,12059.004905,12058.29404727409
206.30381,0.594476,-48.935587,12058.515541,12059.925174833668
206.31381,0.594212,-48.933822,12058.026194,12057.012943457863
206.32381,0.593951,-48.932058,12057.536864,12057.077459660042
206.33381,0.59369,-48.930295,12057.047553,12058.696189376344
206.34381,0.593432,-48.928532,12056.558258,12057.168619138405
206.35381,0.593175,-48.926771,12056.068982,12056.149362427519
206.36381,0.592919,-48.92501,12055.579723,12054.970325439454
206.37381,0.592666,-48.92325,12055.090482,12057.440181816926
206.38381,0.592413,-48.921491,12054.601258,12056.312464272003
206.39381,0.592163,-48.919732,12054.112052,12054.453025602079
206.40381,0.591914,-48.917975,12053.622863,12054.464017331471
206.41381,0.591667,-48.916218,12053.133692,12053.122308973849
206.42381,0.591421,-48.914462,12052.644539,12052.710209054498
206.43381,0.591177,-48.912707,12052.155403,12053.084302323852
206.44381,0.590934,-48.910953,12051.666285,12052.533178231872
206.45381,0.590693,-48.909199,12051.177184,12052.434423113142
206.46381,0.590454,-48.907447,12050.688101,12051.18649014703
206.47381,0.590216,-48.905695,12050.199035,12048.182738617204
206.48381,0.58998,-48.903944,12049.709987,12050.062388972741
206.49381,0.589745,-48.902193,12049.220956,12048.594004160837
206.50381,0.589512,-48.900444,12048.731943,12050.199972134724
206.51381,0.589281,-48.898695,12048.242947,12046.265151531541
206.52381,0.58905,-48.896947,12047.753969,12048.661123711947
206.53381,0.588822,-48.8952,12047.265008,12049.825885109161
206.54381,0.588595,-48.893453,12046.776065,12049.244883274367
206.55381,0.588369,-48.891708,12046.287139,12046.444030031818
206.56381,0.588145,-48.889963,12045.798231,12048.757795650501
206.57381,0.587923,-48.888218,12045.30934,12045.779699451377
206.58381,0.587702,-48.886475,12044.820467,12045.261844105018
206.59381,0.587482,-48.884732,12044.331611,12045.434127333798
206.60381,0.587264,-48.882991,12043.842772,12043.879627343758
206.61381,0.587048,-48.881249,12043.353951,12044.686811331145
206.62381,0.586832,-48.879509,12042.865147,12041.437513469653
206.63381,0.586619,-48.877769,12042.376361,12042.648444791605
206.64381,0.586407,-48.87603,12041.887592,12041.635206957097
206.65381,0.586196,-48.874292,12041.39884,12040.796535714135
206.66381,0.585987,-48.872555,12040.910106,12040.019717875135
206.67381,0.585779,-48.870818,12040.421389,12041.629024364374
206.68381,0.585573,-48.869082,12039.932689,12037.050398223557
206.69381,0.585368,-48.867347,12039.444007,12041.68579832022
206.70381,0.585165,-48.865612,12038.955342,12039.989240469882
206.71381,0.584963,-48.863879,12038.466695,12036.437075498196
206.72381,0.584763,-48.862145,12037.978065,12040.007711986418
206.73381,0.584564,-48.860413,12037.489452,12040.910579114074
206.74381,0.584366,-48.858681,12037.000857,12034.737201504046
206.75381,0.58417,-48.85695,12036.512279,12037.054837720041
206.76381,0.583975,-48.85522,12036.023718,12036.00807347168
206.77381,0.583782,-48.85349,12035.535174,12034.42797886847
206.78381,0.58359,-48.851761,12035.046648,12032.50254399091
206.79381,0.583399,-48.850033,12034.558139,12033.947446455397
206.80381,0.58321,-48.848305,12034.069647,12036.340246032669
206.81381,0.583022,-48.846579,12033.581173,12034.003229680164
206.82381,0.582835,-48.844852,12033.092716,12034.712755097466
206.83381,0.58265,-48.843127,12032.604276,12030.509570559045
206.84381,0.582466,-48.841402,12032.115853,12033.302983802208
206.85381,0.582283,-48.839678,12031.627448,12033.128021839435
206.86381,0.582102,-48.837954,12031.13906,12032.474571963985
206.87381,0.581922,-48.836231,12030.650689,12034.871760403064
206.88381,0.581744,-48.834509,12030.162335,12032.493713798887
206.89381,0.581566,-48.832788,12029.673998,12030.933704643401
206.90381,0.58139,-48.831067,12029.185679,12031.148681904184
206.91381,0.581216,-48.829347,12028.697377,12029.057218305068
206.92381,0.581042,-48.827627,12028.209092,12028.394268748229
206.93381,0.58087,-48.825908,12027.720825,12026.62015873217
206.94381,0.580699,-48.82419,12027.232574,12029.00788700143
206.95381,0.580529,-48.822472,12026.744341,12026.618587374363
206.96381,0.580361,-48.820755,12026.256125,12028.453480656286
206.97381,0.580194,-48.819039,12025.767926,12024.483304066021
206.98381,0.580028,-48.817323,12025.279744,12027.251939701988
206.99381,0.579864,-48.815608,12024.791579,12026.933118169662
207.00381,0.5797,-48.813894,12024.303432,12026.251149795115
207.01381,0.579538,-48.81218,12023.815301,12023.3435368379
207.02381,0.579378,-48.810467,12023.327188,12024.025499015897
207.03381,0.579218,-48.808755,12022.839092,12022.084530288661
207.04381,0.57906,-48.807043,12022.351013,12025.4833980421
207.05381,0.578902,-48.805331,12021.862951,12024.950350762787
207.06381,0.578747,-48.803621,12021.374906,12022.983627695034
207.07381,0.578592,-48.801911,12020.886879,12024.665881663017
207.08381,0.578438,-48.800201,12020.398868,12022.037968948533
207.09381,0.578286,-48.798493,12019.910875,12021.387476197431
207.10381,0.578135,-48.796784,12019.422898,12023.380613070314
207.11381,0.577985,-48.795077,12018.934939,12019.950119061928
207.12381,0.577836,-48.79337,12018.446997,12022.18299552719
207.13381,0.577689,-48.791664,12017.959072,12018.333760290167
207.14381,0.577542,-48.789958,12017.471163,12018.902747261674
207.15381,0.577397,-48.788253,12016.983272,12015.600789468763
207.16381,0.577253,-48.786548,12016.495398,12017.350395779999
207.17381,0.57711,-48.784844,12016.007541,12018.370243304682
207.18381,0.576968,-48.783141,12015.519701,12017.02932143658
207.19381,0.576828,-48.781438,12015.031879,12013.691224759521
207.20381,0.576688,-48.779736,12014.544073,12017.557650647546
207.21381,0.57655,-48.778034,12014.056284,12017.89344737468
207.22381,0.576413,-48.776333,12013.568512,12014.610927203768
207.23381,0.576277,-48.774633,12013.080757,12011.584476208296
207.24381,0.576142,-48.772933,12012.593019,12011.791506295136
207.25381,0.576008,-48.771234,12012.105299,12014.13885930458
207.26381,0.575875,-48.769535,12011.617595,12014.368713703243
207.27381,0.575743,-48.767837,12011.129908,12012.656900079906
207.28381,0.575613,-48.76614,12010.642238,12013.775008912331
207.29381,0.575484,-48.764443,12010.154585,12012.474654510692
207.30381,0.575355,-48.762746,12009.666949,12009.37458035573
207.31381,0.575228,-48.76105,12009.17933,12010.506961336867
207.32381,0.575102,-48.759355,12008.691728,12010.48671481112
207.33381,0.574977,-48.75766,12008.204143,12011.664289066905
207.34381,0.574853,-48.755966,12007.716575,12008.882193479589
207.35381,0.57473,-48.754273,12007.229024,12008.018321252164
207.36381,0.574608,-48.75258,12006.741489,12006.848526229955
207.37381,0.574487,-48.750887,12006.253972,12004.591842924956
207.38381,0.574367,-48.749195,12005.766472,12007.852396726723
207.39381,0.574248,-48.747504,12005.278988,12005.446111950523
207.40381,0.574131,-48.745813,12004.791522,12003.744257337248
207.41381,0.574014,-48.744123,12004.304072,12004.55491512935
207.42381,0.573898,-48.742433,12003.816639,12007.571757200927
207.43381,0.573784,-48.740744,12003.329223,12003.824289813441
207.44381,0.57367,-48.739055,12002.841824,12003.509515859889
207.45381,0.573557,-48.737367,12002.354442,12002.457299062264
207.46381,0.573446,-48.73568,12001.867077,12001.818241219818
207.47381,0.573335,-48.733993,12001.379729,12002.988639605355
207.48381,0.573226,-48.732306,12000.892397,12000.555957897594
207.49381,0.573117,-48.73062,12000.405082,12003.955645268423
207.50381,0.573009,-48.728935,11999.917785,11998.929415299077
207.51381,0.572903,-48.72725,11999.430504,12003.417921600896
207.52381,0.572797,-48.725566,11998.94324,12001.181282864432
207.53381,0.572692,-48.723882,11998.455992,11999.155659361895
207.54381,0.572589,-48.722199,11997.968762,12000.033591711284
207.55381,0.572486,-48.720516,11997.481548,11996.435815395424
207.56381,0.572384,-48.718834,11996.994352,11998.835134008597
207.57381,0.572283,-48.717152,11996.507172,11996.130155106
207.58381,0.572184,-48.715471,11996.020009,11997.805047579392
207.59381,0.572085,-48.71379,11995.532862,11998.263748146073
207.60381,0.571987,-48.71211,11995.045733,11994.273820924132
207.61381,0.57189,-48.71043,11994.55862,11995.936529140237
207.62381,0.571794,-48.708751,11994.071524,11995.063063977119
207.63381,0.571698,-48.707072,11993.584445,11994.385699450875
207.64381,0.571604,-48.705394,11993.097383,11994.605350089882
207.65381,0.571511,-48.703716,11992.610337,11996.086928698864
207.66381,0.571419,-48.702039,11992.123308,11992.687587241364
207.67381,0.571327,-48.700362,11991.636296,11993.628578548743
207.68381,0.571237,-48.698686,11991.149301,11994.548471825581
207.69381,0.571147,-48.697011,11990.662323,11990.991383374307
207.70381,0.571058,-48.695335,11990.175361,11991.9357031073
207.71381,0.57097,-48.693661,11989.688416,11992.133000408106
207.72381,0.570883,-48.691987,11989.201488,11989.512194704721
207.73381,0.570797,-48.690313,11988.714576,11988.257132162784
207.74381,0.570712,-48.68864,11988.227682,11990.262859247126
207.75381,0.570628,-48.686967,11987.740804,11988.570588857614
207.76381,0.570544,-48.685295,11987.253942,11989.59397591712
207.77381,0.570462,-48.683623,11986.767098,11987.812580965003
207.78381,0.57038,-48.681952,11986.28027,11988.933203855251
207.79381,0.570299,-48.680281,11985.793459,11988.866846221787
207.80381,0.570219,-48.678611,11985.306664,11986.805440877408
207.81381,0.57014,-48.676941,11984.819886,11984.95455109576
207.82381,0.570061,-48.675271,11984.333125,11985.134182570375
207.83381,0.569984,-48.673603,11983.846381,11986.995565809202
207.84381,0.569907,-48.671934,11983.359653,11983.603350106097
207.85381,0.569831,-48.670266,11982.872942,11982.829613765849
207.86381,0.569756,-48.668599,11982.386248,11983.865924679572
207.87381,0.569682,-48.666932,11981.89957,11981.999104434572
207.88381,0.569609,-48.665265,11981.412909,11980.945362332077
207.89381,0.569536,-48.663599,11980.926265,11980.735775301133
207.90381,0.569465,-48.661934,11980.439637,11983.653211193978
207.91381,0.569394,-48.660268,11979.953026,11980.608992128915
207.92381,0.569324,-48.658604,11979.466432,11979.516091697933
207.93381,0.569254,-48.65694,11978.979854,11980.89311776247
207.94381,0.569186,-48.655276,11978.493293,11977.532179759983
207.95381,0.569118,-48.653613,11978.006749,11980.974344355433
207.96381,0.569051,-48.65195,11977.520221,11978.213486494336
207.97381,0.568985,-48.650287,11977.03371,11976.771771422797
207.98381,0.56892,-48.648625,11976.547215,11975.560492810897
207.99381,0.568855,-48.646964,11976.060737,11976.869330482225
208.00381,0.568791,-48.645303,11975.574276,11976.572907285037
208.01381,0.568728,-48.643642,11975.087831,11976.651867516104
208.02381,0.568666,-48.641982,11974.601403,11975.677346934346
208.03381,0.568604,-48.640323,11974.114991,11974.429504631766
208.04381,0.568544,-48.638663,11973.628597,11970.678522921915
208.05381,0.568484,-48.637005,11973.142218,11976.370535243157
208.06381,0.568424,-48.635346,11972.655856,11974.40665281935
208.07381,0.568366,-48.633688,11972.169511,11971.945461074634
208.08381,0.568308,-48.632031,11971.683183,11974.649289991423
208.09381,0.567227,-48.630374,11971.196871,11971.353017799418
208.10381,0.565017,-48.628719,11970.710575,11972.962458775013
208.11381,0.562814,-48.627065,11970.224296,11969.95255241876
208.12381,0.560618,-48.625413,11969.738034,11968.484716456669
208.13381,0.558429,-48.623762,11969.251788,11965.654757925913
208.14381,0.556247,-48.622114,11968.765559,11971.272383483472
208.15381,0.554072,-48.620466,11968.279346,11969.080200667586
208.16381,0.551904,-48.618821,11967.793149,11971.180077840276
208.17381,0.549743,-48.617177,11967.306969,11969.376432125011
208.18381,0.547589,-48.615534,11966.820806,11968.597304101142
208.19381,0.545442,-48.613893,11966.334659,11968.029597075772
208.20381,0.543301,-48.612254,11965.848528,11963.95076753983
208.21381,0.541168,-48.610616,11965.362414,11969.437501861554
208.22381,0.539042,-48.60898,11964.876316,11963.502224654489
208.23381,0.536923,-48.607345,11964.390234,11965.741329164783
208.24381,0.534811,-48.605711,11963.904169,11966.381898338703
208.25381,0.532706,-48.604079,11963.41812,11967.219019005086
208.26381,0.530608,-48.602449,11962.932087,11965.48713392949
208.27381,0.528516,-48.60082,11962.446071,11965.776884218089
208.28381,0.526432,-48.599192,11961.960071,11961.565645263207
208.29381,0.524355,-48.597566,11961.474087,11962.900551894916
208.30381,0.522285,-48.595941,11960.988119,11960.390192369112
208.31381,0.520223,-48.594318,11960.502168,11959.27951557237
208.32381,0.518167,-48.592696,11960.016233,11959.56329835733
208.33381,0.516118,-48.591075,11959.530314,11960.083342399574
208.34381,0.514076,-48.589456,11959.044412,11961.910135680127
208.35381,0.512042,-48.587838,11958.558525,11960.353282385637
208.36381,0.510014,-48.586221,11958.072655,11959.293613108846
208.37381,0.507994,-48.584606,11957.586801,11960.248370752204
208.38381,0.505981,-48.582992,11957.100963,11956.853964525035
208.39381,0.503975,-48.581379,11956.615141,11957.51742326823
208.40381,0.501976,-48.579768,11956.129335,11957.493140527427
208.41381,0.499984,-48.578158,11955.643545,11956.694116503733
208.42381,0.497999,-48.576549,11955.157772,11957.811110746123
208.43381,0.496021,-48.574941,11954.672014,11956.793533319698
208.44381,0.494051,-48.573335,11954.186273,11955.206026060241
208.45381,0.492088,-48.571729,11953.700548,11953.372754684277
208.46381,0.490132,-48.570125,11953.214838,11952.50871545892
208.47381,0.488183,-48.568523,11952.729145,11951.881507772678
208.48381,0.486241,-48.566921,11952.243468,11953.630192178967
208.49381,0.484307,-48.565321,11951.757807,11953.538986106565
208.50381,0.48238,-48.563721,11951.272162,11951.431246117847
208.51381,0.48046,-48.562123,11950.786532,11947.735831484051
208.52381,0.478547,-48.560526,11950.300919,11952.463787375487
208.53381,0.476642,-48.55893,11949.815322,11953.406004349925
208.54381,0.474744,-48.557336,11949.329741,11951.689359402104
208.55381,0.472856,-48.555742,11948.844175,11949.606864028685
208.56381,0.470983,-48.554149,11948.358626,11949.359018934418
208.57381,0.469118,-48.552557,11947.873092,11949.3285394924
208.58381,0.467259,-48.550966,11947.387575,11949.329183786298
208.59381,0.465408,-48.549376,11946.902073,11951.326189050327
208.60381,0.463565,-48.547787,11946.416587,11946.31343067916
208.61381,0.461729,-48.546198,11945.931117,11947.809092833231
208.62381,0.4599,-48.54461,11945.445663,11948.157124217145
208.63381,0.458078,-48.543023,11944.960225,11947.62197096387
208.64381,0.456264,-48.541436,11944.474803,11945.41275361694
208.65381,0.454458,-48.53985,11943.989396,11946.570404646844
208.66381,0.452658,-48.538266,11943.504006,11942.11395255669
208.67381,0.450867,-48.536681,11943.018631,11943.284280054311
208.68381,0.449083,-48.535098,11942.533272,11943.55534917347
208.69381,0.447306,-48.533515,11942.047929,11943.440891349159
208.70381,0.445537,-48.531933,11941.562602,11941.560362417053
208.71381,0.443775,-48.530351,11941.07729,11940.612023190291
208.72381,0.442021,-48.528771,11940.591995,11941.696557723842
208.73381,0.440274,-48.527191,11940.106715,11941.891027500762
208.74381,0.438535,-48.525611,11939.621451,11939.898796786341
208.75381,0.436804,-48.524032,11939.136203,11938.533279230494
208.76381,0.43508,-48.522454,11938.65097,11937.668272015571
208.77381,0.433364,-48.520877,11938.165753,11940.45338732636
208.78381,0.431656,-48.5193,11937.680553,11936.981592958427
208.79381,0.429955,-48.517724,11937.195367,11934.072477000296
208.80381,0.428262,-48.516148,11936.710198,11941.613334809514
208.81381,0.426576,-48.514573,11936.225045,11937.088340509199
208.82381,0.424899,-48.512999,11935.739907,11936.725734558335
208.83381,0.423229,-48.511425,11935.254785,11937.729463485513
208.84381,0.421567,-48.509852,11934.769678,11935.914624253875
208.85381,0.419912,-48.508279,11934.284588,11935.659019000082
208.86381,0.418266,-48.506707,11933.799513,11935.331206879815
208.87381,0.416627,-48.505136,11933.314453,11935.174897346833
208.88381,0.414996,-48.503565,11932.82941,11932.419684564125
208.89381,0.413373,-48.501994,11932.344382,11932.60081107012
208.90381,0.411757,-48.500425,11931.85937,11933.502901490358
208.91381,0.41015,-48.498855,11931.374374,11931.756957413838
208.92381,0.408551,-48.497287,11930.889393,11930.102012400619
208.93381,0.406959,-48.495718,11930.404428,11932.617280693095
208.94381,0.405376,-48.494151,11929.919479,11929.034134500213
208.95381,0.4038,-48.492583,11929.434545,11930.286652760024
208.96381,0.402232,-48.491017,11928.949627,11929.508651764158
208.97381,0.400673,-48.48945,11928.464725,11929.651796210084
208.98381,0.399121,-48.487885,11927.979838,11927.905547368246
208.99381,0.397578,-48.486319,11927.494967,11930.28112286055
209.00381,0.396043,-48.484755,11927.010111,11923.253799994853
209.01381,0.394515,-48.48319,11926.525272,11929.00562065011
209.02381,0.392996,-48.481626,11926.040448,11924.294683151194
209.03381,0.391485,-48.480063,11925.555639,11924.035399357666
209.04381,0.389982,-48.4785,11925.070846,11926.83089152781
209.05381,0.388488,-48.476937,11924.586069,11926.685288349361
209.06381,0.387001,-48.475375,11924.101308,11924.594989353538
209.07381,0.385523,-48.473814,11923.616562,11922.5803749308
209.08381,0.384053,-48.472252,11923.131831,11922.864443381193
209.09381,0.382592,-48.470691,11922.647117,11922.280682315353
209.10381,0.381139,-48.469131,11922.162418,11926.318222678434
209.11381,0.379694,-48.467571,11921.677734,11921.74607663475
209.12381,0.378257,-48.466011,11921.193066,11922.896816889051
209.13381,0.376829,-48.464452,11920.708414,11921.106685076353
209.14381,0.375409,-48.462893,11920.223777,11920.501788893267
209.15381,0.373998,-48.461335,11919.739156,11919.282231677547
209.16381,0.372595,-48.459777,11919.25455,11920.394000882543
209.17381,0.371201,-48.458219,11918.76996,11917.716417339481
209.18381,0.369815,-48.456661,11918.285386,11917.855258920628
209.19381,0.368437,-48.455104,11917.800827,11920.686635343942
209.20381,0.367068,-48.453548,11917.316284,11918.471602135898
209.21381,0.365708,-48.451991,11916.831756,11916.69836781473
209.22381,0.364357,-48.450435,11916.347244,11918.085154507742
209.23381,0.363014,-48.44888,11915.862747,11917.71012366137
209.24381,0.361679,-48.447324,11915.378266,11912.59985828277
209.25381,0.360354,-48.445769,11914.893801,11913.208121428357
209.26381,0.359037,-48.444215,11914.409351,11915.73326191649
209.27381,0.357729,-48.44266,11913.924917,11912.584195089414
209.28381,0.356429,-48.441106,11913.440498,11915.589237716014
209.29381,0.355139,-48.439552,11912.956095,11913.3948611011
209.30381,0.353857,-48.437999,11912.471707,11913.330129588687
209.31381,0.352584,-48.436445,11911.987335,11912.20446964907
209.32381,0.35132,-48.434893,11911.502978,11908.745086881372
209.33381,0.350064,-48.43334,11911.018637,11914.401959833856
209.34381,0.348818,-48.431787,11910.534311,11909.543972213847
209.35381,0.34758,-48.430235,11910.050001,11908.618021831206
209.36381,0.346352,-48.428683,11909.565706,11908.542646597947
209.37381,0.345133,-48.427132,11909.081427,11912.02487800982
209.38381,0.343922,-48.425581,11908.597164,11909.985234221002
209.39381,0.342721,-48.424029,11908.112916,11907.219674927763
209.40381,0.341528,-48.422479,11907.628683,11907.045312186825
209.41381,0.340345,-48.420928,11907.144466,11908.737059655823
209.42381,0.339171,-48.419378,11906.660265,11905.22312655591
209.43381,0.338006,-48.417827,11906.176079,11906.537875846741
209.44381,0.33685,-48.416277,11905.691908,11908.745814485099
209.45381,0.335704,-48.414728,11905.207753,11909.39374406693
209.46381,0.334566,-48.413178,11904.723614,11905.789233665926
209.47381,0.333438,-48.411629,11904.239489,11905.107580426182
209.48381,0.332319,-48.41008,11903.755381,11903.810699499343
209.49381,0.331209,-48.408531,11903.271288,11906.607995492162
209.50381,0.330109,-48.406982,11902.78721,11902.691539856853
209.51381,0.329018,-48.405434,11902.303148,11903.528917521327
209.52381,0.327937,-48.403886,11901.819102,11904.365777469762
209.53381,0.326864,-48.402337,11901.335071,11902.564212066933
209.54381,0.325802,-48.40079,11900.851055,11902.17678226267
209.55381,0.324748,-48.399242,11900.367055,11902.666662701375
209.56381,0.323704,-48.397694,11899.88307,11898.548305759034
209.57381,0.32267,-48.396147,11899.399101,11900.186230074672
209.58381,0.321645,-48.3946,11898.915147,11898.782427607606
209.59381,0.32063,-48.393052,11898.431209,11901.200922177763
209.60381,0.319624,-48.391506,11897.947286,11898.439197802176
209.61381,0.318628,-48.389959,11897.463379,11898.656842890081
209.62381,0.317641,-48.388412,11896.979487,11897.8023413294
209.63381,0.316664,-48.386866,11896.495611,11897.497094480295
209.64381,0.315697,-48.385319,11896.01175,11893.729626288792
209.65381,0.314739,-48.383773,11895.527904,11897.285826207031
209.66381,0.313791,-48.382227,11895.044074,11898.354268978783
209.67381,0.312852,-48.380681,11894.56026,11896.745696312511
209.68381,0.311924,-48.379135,11894.076461,11894.280758619961
209.69381,0.311005,-48.377589,11893.592677,11896.326590960149
209.70381,0.310096,-48.376044,11893.108909,11893.315640664223
209.71381,0.309196,-48.374498,11892.625156,11890.808996298147
209.72381,0.308307,-48.372953,11892.141419,11890.680764689649
209.73381,0.307427,-48.371408,11891.657697,11890.196699880235
209.74381,0.306557,-48.369863,11891.173991,11891.168153189625
209.75381,0.305697,-48.368318,11890.6903,11890.620599045082
209.76381,0.304847,-48.366773,11890.206624,11889.046830826992
209.77381,0.304007,-48.365228,11889.722964,11890.018810054642
209.78381,0.303177,-48.363683,11889.23932,11890.19521409253
209.79381,0.302356,-48.362138,11888.755691,11887.804452660353
209.80381,0.301546,-48.360594,11888.272077,11889.267542001373
209.81381,0.300745,-48.359049,11887.788479,11891.32808985807
209.82381,0.299954,-48.357505,11887.304896,11886.94354824272
209.83381,0.299174,-48.35596,11886.821329,11887.12914335347
209.84381,0.298403,-48.354416,11886.337777,11886.64017977312
209.85381,0.297642,-48.352872,11885.85424,11883.94946564038
209.86381,0.296892,-48.351328,11885.370719,11887.075325450573
209.87381,0.296151,-48.349784,11884.887214,11884.7303348852
209.88381,0.295421,-48.34824,11884.403724,11886.495439507147
209.89381,0.2947,-48.346696,11883.920249,11885.4295529394
209.90381,0.29399,-48.345152,11883.43679,11881.895241652304
209.91381,0.293289,-48.343608,11882.953346,11882.324905213902
209.92381,0.292599,-48.342064,11882.469918,11881.636694124183
209.93381,0.291919,-48.34052,11881.986505,11882.712241931818
209.94381,0.291248,-48.338976,11881.503107,11881.602719485667
209.95381,0.290588,-48.337433,11881.019725,11883.781804991748
209.96381,0.289938,-48.335889,11880.536358,11883.278273893657
209.97381,0.289259,-48.334345,11880.053007,11878.370378618096
209.98381,0.288062,-48.332802,11879.569672,11880.071672066617
209.99381,0.28687,-48.331258,11879.086351,11879.689209949189
210.00381,0.285682,-48.329715,11878.603046,11879.872716021044
210.01381,0.284499,-48.328172,11878.119757,11881.917661954576
210.02381,0.28332,-48.326629,11877.636483,11880.115642278544
210.03381,0.282145,-48.325087,11877.153224,11878.47837396355
210.04381,0.280975,-48.323544,11876.669981,11879.776189751296
210.05381,0.279809,-48.322002,11876.186753,11878.363078233999
210.06381,0.278648,-48.32046,11875.703541,11880.000376274123
210.07381,0.277491,-48.318918,11875.220344,11872.890337758354
210.08381,0.276338,-48.317376,11874.737163,11875.58954334996
210.09381,0.27519,-48.315835,11874.253997,11874.716616102156
210.10381,0.274046,-48.314293,11873.770846,11873.221295240677
210.11381,0.272907,-48.312752,11873.287711,11873.903380967999
210.12381,0.271772,-48.311211,11872.804591,11873.125340412389
210.13381,0.270642,-48.30967,11872.321487,11874.44814454633
210.14381,0.269516,-48.308129,11871.838398,11871.351995828261
210.15381,0.268394,-48.306588,11871.355324,11870.34057372874
210.16381,0.267277,-48.305047,11870.872266,11872.498667608334
210.17381,0.266165,-48.303507,11870.389223,11870.965030744417
210.18381,0.265057,-48.301967,11869.906196,11870.05778135946
210.19381,0.263953,-48.300426,11869.423184,11871.281207048669
210.20381,0.262854,-48.298886,11868.940187,11868.57716628487
210.21381,0.26176,-48.297346,11868.457206,11867.190226570201
210.22381,0.26067,-48.295807,11867.97424,11868.848634158045
210.23381,0.259585,-48.294267,11867.49129,11868.400973545795
210.24381,0.258504,-48.292728,11867.008355,11871.521397325714
210.25381,0.257428,-48.291188,11866.525435,11868.488508795663
210.26381,0.256357,-48.289649,11866.042531,11867.029536476513
210.27381,0.25529,-48.28811,11865.559642,11864.497345875396
210.28381,0.254228,-48.286571,11865.076769,11867.513889816033
210.29381,0.25317,-48.285032,11864.593911,11865.218863815178
210.30381,0.252117,-48.283493,11864.111068,11865.839355083453
210.31381,0.251069,-48.281954,11863.628241,11861.709235813842
210.32381,0.250026,-48.280416,11863.145429,11861.605998996072
210.33381,0.248987,-48.278877,11862.662633,11865.243432673013
210.34381,0.247953,-48.277339,11862.179852,11861.224433828107
210.35381,0.246923,-48.275801,11861.697086,11862.933827906556
210.36381,0.245899,-48.274262,11861.214336,11860.735156377617
210.37381,0.244879,-48.272724,11860.731601,11861.82224579985
210.38381,0.243864,-48.271186,11860.248881,11859.36762821615
210.39381,0.242853,-48.269648,11859.766177,11859.734522341627
210.40381,0.241848,-48.268111,11859.283488,11859.70265362064
210.41381,0.240847,-48.266573,11858.800815,11857.300921479631
210.42381,0.239851,-48.265035,11858.318157,11856.770973108783
210.43381,0.238861,-48.263498,11857.835514,11858.29493954871
210.44381,0.237879,-48.26196,11857.352887,11859.160788877482
210.45381,0.236902,-48.260423,11856.870275,11858.098267001691
210.46381,0.235929,-48.258886,11856.387678,11858.4495676551
210.47381,0.234962,-48.257348,11855.905097,11856.525583310911
210.48381,0.233999,-48.255811,11855.422531,11854.768573129988
210.49381,0.233041,-48.254273,11854.939981,11857.35015513257
210.50381,0.232089,-48.252736,11854.457446,11854.836659884659
210.51381,0.231141,-48.251199,11853.974926,11855.23693672521
210.52381,0.230198,-48.249662,11853.492422,11853.97669611113
210.53381,0.22926,-48.248124,11853.009933,11855.377294760052
210.54381,0.228327,-48.246587,11852.52746,11852.607224908248
210.55381,0.2274,-48.24505,11852.045001,11853.750590370562
210.56381,0.226477,-48.243513,11851.562559,11851.364351950877
210.57381,0.225559,-48.241975,11851.080131,11850.640155432207
210.58381,0.224647,-48.240438,11850.597719,11851.598132328723
210.59381,0.223739,-48.238901,11850.115322,11851.40372754469
210.60381,0.222837,-48.237364,11849.632941,11851.694926723674
210.61381,0.22194,-48.235826,11849.150575,11849.285760564819
210.62381,0.221048,-48.234289,11848.668225,11849.310421339176
210.63381,0.220161,-48.232752,11848.185889,11848.659099035549
210.64381,0.21928,-48.231215,11847.703569,11846.734171600754
210.65381,0.218403,-48.229678,11847.221265,11848.787242092181
210.66381,0.217532,-48.228141,11846.738976,11846.186538859016
210.67381,0.216666,-48.226603,11846.256702,11847.15621342688
210.68381,0.215805,-48.225066,11845.774444,11844.654310318023
210.69381,0.21495,-48.223529,11845.292201,11848.614707646404
210.70381,0.2141,-48.221992,11844.809973,11844.549132349533
210.71381,0.213255,-48.220454,11844.327761,11843.503330424186
210.72381,0.212415,-48.218917,11843.845564,11844.06961077077
210.73381,0.211581,-48.21738,11843.363383,11845.063051249093
210.74381,0.210753,-48.215843,11842.881217,11842.266373056214
210.75381,0.209929,-48.214306,11842.399066,11844.104148235872
210.76381,0.209111,-48.212768,11841.91693,11843.111160177084
210.77381,0.208299,-48.211231,11841.43481,11842.65671686308
210.78381,0.207492,-48.209694,11840.952706,11840.589187707033
210.79381,0.20669,-48.208156,11840.470617,11842.912312368202
210.80381,0.205894,-48.206619,11839.988543,11839.690271661882
210.81381,0.205103,-48.205082,11839.506484,11840.798700747051
210.82381,0.204318,-48.203544,11839.024441,11839.516809432305
210.83381,0.203539,-48.202007,11838.542413,11841.444943362723
210.84381,0.202765,-48.20047,11838.060401,11837.89290418914
210.85381,0.201996,-48.198932,11837.578404,11837.436075447275
210.86381,0.201234,-48.197395,11837.096422,11836.457887745915
210.87381,0.200476,-48.195857,11836.614456,11836.029393472501
210.88381,0.199725,-48.19432,11836.132505,11837.401885674444
210.89381,0.198979,-48.192782,11835.65057,11833.81507910386
210.90381,0.198239,-48.191245,11835.168649,11835.79039460452
210.91381,0.197504,-48.189707,11834.686745,11834.766012261041
210.92381,0.196775,-48.18817,11834.204855,11834.643071393106
210.93381,0.196052,-48.186632,11833.722981,11836.485024984595
210.94381,0.195335,-48.185095,11833.241123,11833.429194486474
210.95381,0.194623,-48.183557,11832.759279,11835.56158687716
210.96381,0.193918,-48.182019,11832.277452,11833.011231715634
210.97381,0.193218,-48.180482,11831.795639,11832.542392694591
210.98381,0.192524,-48.178944,11831.313842,11831.310230983363
210.99381,0.191835,-48.177406,11830.83206,11831.961811215964
211.00381,0.191153,-48.175868,11830.350294,11831.509491990966
211.01381,0.190476,-48.174331,11829.868543,11831.6497648427
211.02381,0.189806,-48.172793,11829.386807,11828.787237535971
211.03381,0.189141,-48.171255,11828.905087,11833.254033181514
211.04381,0.188482,-48.169717,11828.423382,11828.440314736896
211.05381,0.18783,-48.168179,11827.941693,11830.882016437141
211.06381,0.187183,-48.166641,11827.460019,11828.732690410841
211.07381,0.186542,-48.165103,11826.97836,11825.922143621254
211.08381,0.185907,-48.163565,11826.496716,11827.970712570237
211.09381,0.185278,-48.162027,11826.015088,11826.533982592924
211.10381,0.184656,-48.160489,11825.533476,11829.390827436122
211.11381,0.184039,-48.15895,11825.051879,11826.406963138374
211.12381,0.183428,-48.157412,11824.570297,11824.706634019518
211.13381,0.182824,-48.155874,11824.08873,11825.798497622854
211.14381,0.182226,-48.154336,11823.607179,11827.29970848698
211.15381,0.181633,-48.152797,11823.125644,11823.34438682077
211.16381,0.181047,-48.151259,11822.644123,11822.07811691928
211.17381,0.180468,-48.149721,11822.162619,11823.685478545236
211.18381,0.179894,-48.148182,11821.681129,11822.625070204967
211.19381,0.179326,-48.146644,11821.199655,11824.767022585653
211.20381,0.178765,-48.145105,11820.718196,11820.667509763012
211.21381,0.17821,-48.143566,11820.236753,11820.866174991179
211.22381,0.177661,-48.142028,11819.755325,11820.334521595232
211.23381,0.177119,-48.140489,11819.273912,11820.668623798372
211.24381,0.176582,-48.13895,11818.792515,11820.028261502417
211.25381,0.176052,-48.137412,11818.311133,11820.388847717355
211.26381,0.175529,-48.135873,11817.829767,11818.338640643933
211.27381,0.175012,-48.134334,11817.348416,11819.411427989533
211.28381,0.174501,-48.132795,11816.86708,11818.910127719253
211.29381,0.173996,-48.131256,11816.38576,11816.310376024843
211.30381,0.173498,-48.129717,11815.904455,11817.968162959472
211.31381,0.173006,-48.128178,11815.423166,11815.97449546573
211.32381,0.17252,-48.126639,11814.941891,11816.49376521499
211.33381,0.172041,-48.1251,11814.460633,11813.68203463175
211.34381,0.171568,-48.123561,11813.979389,11812.952588520744
211.35381,0.171102,-48.122021,11813.498162,11812.908412147497
211.36381,0.170642,-48.120482,11813.016949,11813.787799013357
211.37381,0.170189,-48.118943,11812.535752,11813.691206976337
211.38381,0.169742,-48.117403,11812.05457,11812.68808278437
211.39381,0.169301,-48.115864,11811.573404,11811.685199279787
211.40381,0.168867,-48.114325,11811.092253,11810.934224069091
211.41381,0.168439,-48.112785,11810.611117,11810.196938723015
211.42381,0.168018,-48.111245,11810.129997,11813.34171712174
211.43381,0.167604,-48.109706,11809.648892,11809.006418708326
211.44381,0.167195,-48.108166,11809.167803,11811.414594986427
211.45381,0.166794,-48.106626,11808.686729,11808.8528993756
211.46381,0.166399,-48.105087,11808.205671,11808.102190418604
211.47381,0.16601,-48.103547,11807.724627,11808.696716011558
211.48381,0.165628,-48.102007,11807.2436,11805.23857210108
211.49381,0.165252,-48.100467,11806.762587,11805.145016588813
211.50381,0.164883,-48.098927,11806.28159,11805.897929249673
211.51381,0.164521,-48.097387,11805.800609,11806.61867116703
211.52381,0.164165,-48.095847,11805.319643,11808.437387563501
211.53381,0.163815,-48.094306,11804.838692,11804.642627908835
211.54381,0.163472,-48.092766,11804.357756,11806.047193360853
211.55381,0.163136,-48.091226,11803.876836,11806.009219096197
211.56381,0.162806,-48.089686,11803.395932,11802.618145263015
211.57381,0.162482,-48.088145,11802.915043,11804.350868679352
211.58381,0.162166,-48.086605,11802.434169,11802.449511213028
211.59381,0.161855,-48.085064,11801.953311,11804.052823384907
211.60381,0.161551,-48.083524,11801.472468,11800.850453361429
211.61381,0.161254,-48.081983,11800.99164,11801.816936010748
211.62381,0.160963,-48.080443,11800.510828,11800.130809366809
211.63381,0.160679,-48.078902,11800.030031,11800.551775308695
211.64381,0.160401,-48.077361,11799.54925,11798.461764153326
211.65381,0.16013,-48.07582,11799.068484,11798.54376623292
211.66381,0.159865,-48.074279,11798.587734,11800.873245403149
211.67381,0.159607,-48.072738,11798.106999,11798.16054984758
211.68381,0.159355,-48.071197,11797.626279,11798.5927087866
211.69381,0.15911,-48.069656,11797.145575,11795.954170229437
211.70381,0.158871,-48.068115,11796.664886,11799.166623960735
211.71381,0.158639,-48.066574,11796.184212,11796.577757626357
211.72381,0.158413,-48.065033,11795.703554,11799.972778853444
211.73381,0.158194,-48.063492,11795.222912,11795.36558942145
211.74381,0.157981,-48.06195,11794.742284,11794.794665993777
211.75381,0.157774,-48.060409,11794.261673,11793.013092643812
211.76381,0.157574,-48.058867,11793.781076,11795.711098700996
211.77381,0.15738,-48.057326,11793.300495,11793.107353594818
211.78381,0.157192,-48.055784,11792.81993,11795.734156665167
211.79381,0.157011,-48.054243,11792.33938,11792.661605306614
211.80381,0.156836,-48.052701,11791.858845,11790.946730649075
211.81381,0.156668,-48.051159,11791.378326,11794.506216042912
211.82381,0.156505,-48.049618,11790.897822,11792.078161346359
211.83381,0.15635,-48.048076,11790.417333,11790.73542358013
211.84381,0.1562,-48.046534,11789.93686,11790.610626215253
211.85381,0.156057,-48.044992,11789.456403,11790.940213532791
211.86381,0.155919,-48.04345,11788.97596,11792.386995389194
211.87381,0.155788,-48.041908,11788.495534,11787.812890743786
211.88381,0.155664,-48.040366,11788.015122,11787.528457312568
211.89381,0.155545,-48.038824,11787.534726,11789.152415342143
211.90381,0.155433,-48.037281,11787.054346,11787.684899592348
211.91381,0.155326,-48.035739,11786.573981,11786.218100610544
211.92381,0.155226,-48.034197,11786.093631,11789.044601913954
211.93381,0.155132,-48.032654,11785.613297,11785.413480327621
211.94381,0.155044,-48.031112,11785.132978,11785.637184489595
211.95381,0.154962,-48.029569,11784.652674,11783.287477476946
211.96381,0.154885,-48.028027,11784.172386,11786.410795988213
211.97381,0.154815,-48.026484,11783.692114,11784.201030174952
211.98381,0.154751,-48.024941,11783.211857,11783.61602910242
211.99381,0.154693,-48.023399,11782.731615,11784.565454486452
212.00381,0.15464,-48.021856,11782.251389,11782.75633124678
212.01381,0.154594,-48.020313,11781.771178,11783.164306978377
212.02381,0.154553,-48.01877,11781.290983,11784.362968946763
212.03381,0.154518,-48.017227,11780.810803,11783.276980945722
212.04381,0.154489,-48.015684,11780.330638,11780.346809023018
212.05381,0.154466,-48.014141,11779.850489,11781.698749719511
212.06381,0.154448,-48.012598,11779.370355,11780.7212544074
212.07381,0.154436,-48.011055,11778.890237,11777.9840154333
212.08381,0.15443,-48.009511,11778.410134,11778.462632066066
212.09381,0.154429,-48.007968,11777.930047,11779.969390086699
212.10381,0.154434,-48.006425,11777.449975,11778.020817562598
212.11381,0.154444,-48.004881,11776.969918,11779.523987974775
212.12381,0.15446,-48.003338,11776.489877,11777.789582964107
212.13381,0.154481,-48.001794,11776.009851,11777.650070758078
212.14381,0.154508,-48.000251,11775.529841,11775.923156699722
212.15381,0.15454,-47.998707,11775.049846,11776.251821624315
212.16381,0.154578,-47.997164,11774.569867,11775.210762646413
212.17381,0.15462,-47.99562,11774.089903,11771.88655625966
212.18381,0.154669,-47.994076,11773.609955,11776.69172067071
212.19381,0.154722,-47.992532,11773.130022,11773.073123882672
212.20381,0.154781,-47.990988,11772.650104,11774.566614755591
212.21381,0.154844,-47.989444,11772.170202,11775.134926637977
212.22381,0.154913,-47.9879,11771.690315,11773.056557635351
212.23381,0.154987,-47.986356,11771.210444,11773.283176004617
212.24381,0.155066,-47.984812,11770.730588,11773.773449653183
212.25381,0.155151,-47.983268,11770.250748,11770.911240254096
212.26381,0.15524,-47.981724,11769.770923,11772.693766971743
212.27381,0.155334,-47.98018,11769.291113,11768.61898471521
212.28381,0.155433,-47.978635,11768.811319,11771.613722520695
212.29381,0.155537,-47.977091,11768.33154,11767.212862631917
212.30381,0.155645,-47.975547,11767.851777,11768.718437661357
212.31381,0.155759,-47.974002,11767.372029,11767.11898548867
212.32381,0.155877,-47.972458,11766.892297,11768.108070513881
212.33381,0.156,-47.970913,11766.41258,11764.551465560204
212.34381,0.156127,-47.969369,11765.932879,11765.342723668226
212.35381,0.15626,-47.967824,11765.453193,11764.31909196366
212.36381,0.156396,-47.966279,11764.973522,11763.894669431715
212.37381,0.156538,-47.964734,11764.493867,11765.470415488426
212.38381,0.156684,-47.96319,11764.014228,11765.024785929387
212.39381,0.156834,-47.961645,11763.534604,11767.9702426141
212.40381,0.156989,-47.9601,11763.054995,11763.276209656524
212.41381,0.157148,-47.958555,11762.575402,11763.612797767631
212.42381,0.157311,-47.95701,11762.095824,11762.999523154253
212.43381,0.157479,-47.955465,11761.616261,11764.08075183233
212.44381,0.157651,-47.95392,11761.136714,11763.664315205977
212.45381,0.157827,-47.952375,11760.657183,11763.667589044198
212.46381,0.158007,-47.95083,11760.177667,11763.63256366862
212.47381,0.158192,-47.949284,11759.698166,11761.840232634857
212.48381,0.158381,-47.947739,11759.218681,11760.46945829855
212.49381,0.158573,-47.946194,11758.739212,11760.346619760465
212.50381,0.15877,-47.944648,11758.259757,11758.740358059518
212.51381,0.15897,-47.943103,11757.780319,11758.436451141199
212.52381,0.159175,-47.941558,11757.300895,11760.062082013601
212.53381,0.159383,-47.940012,11756.821487,11759.821939148453
212.54381,0.159595,-47.938466,11756.342095,11754.345015469753
212.55381,0.159811,-47.936921,11755.862718,11755.631090422683
212.56381,0.160031,-47.935375,11755.383357,11756.566084181293
212.57381,0.160255,-47.93383,11754.904011,11758.121364552979
212.58381,0.160482,-47.932284,11754.42468,11758.563074347996
212.59381,0.160713,-47.930738,11753.945365,11753.273516362367
212.60381,0.160947,-47.929192,11753.466065,11753.937766566147
212.61381,0.161185,-47.927646,11752.986781,11752.475601657523
212.62381,0.161426,-47.926101,11752.507512,11751.827378133461
212.63381,0.161671,-47.924555,11752.028259,11751.163902833823
212.64381,0.161919,-47.923009,11751.549021,11753.17338591408
212.65381,0.162171,-47.921463,11751.069799,11750.470552921353
212.66381,0.162426,-47.919917,11750.590592,11752.11147885928
212.67381,0.162684,-47.918371,11750.111401,11749.575825315404
212.68381,0.162946,-47.916824,11749.632225,11749.828440734667
212.69381,0.163211,-47.915278,11749.153064,11750.241991905285
212.70381,0.163479,-47.913732,11748.673919,11753.481997205532
212.71381,0.16375,-47.912186,11748.194789,11750.243505444134
212.72381,0.164024,-47.910639,11747.715675,11747.67749438203
212.73381,0.164301,-47.909093,11747.236577,11748.35768296155
212.74381,0.164582,-47.907547,11746.757493,11748.815338054917
212.75381,0.164865,-47.906,11746.278426,11750.893947498598
212.76381,0.165151,-47.904454,11745.799373,11745.396572049558
212.77381,0.16544,-47.902908,11745.320337,11746.225204187365
212.78381,0.165733,-47.901361,11744.841315,11746.214280765063
212.79381,0.166027,-47.899814,11744.362309,11742.706178896613
212.80381,0.166325,-47.898268,11743.883319,11747.955008645378
212.81381,0.166626,-47.896721,11743.404344,11744.860782178135
212.82381,0.166929,-47.895175,11742.925385,11742.817411700404
212.83381,0.167235,-47.893628,11742.446441,11743.869953314996
212.84381,0.167543,-47.892081,11741.967512,11744.758887907336
212.85381,0.167854,-47.890534,11741.488599,11742.207574958673
212.86381,0.168168,-47.888988,11741.009701,11741.64911609319
212.87381,0.168484,-47.887441,11740.530819,11744.380602049347
212.88381,0.168803,-47.885894,11740.051953,11740.5857415387
212.89381,0.169124,-47.884347,11739.573101,11741.421519798012
212.90381,0.169448,-47.8828,11739.094266,11739.783662801197
212.91381,0.169774,-47.881253,11738.615445,11737.984606135162
212.92381,0.170102,-47.879706,11738.136641,11738.711860723555
212.93381,0.170433,-47.878159,11737.657851,11735.928574274218
212.94381,0.170766,-47.876612,11737.179077,11735.022670105904
212.95381,0.171101,-47.875065,11736.700319,11739.389127693445
212.96381,0.171439,-47.873518,11736.221576,11735.232656064189
212.97381,0.171778,-47.871971,11735.742849,11737.147142904778
212.98381,0.17212,-47.870424,11735.264137,11734.629133612922
212.99381,0.172464,-47.868877,11734.78544,11734.501707010373
213.00381,0.172811,-47.86733,11734.306759,11737.888985514
213.01381,0.173159,-47.865782,11733.828094,11734.353344178737
213.02381,0.173509,-47.864235,11733.349443,11733.19824280816
213.03381,0.173861,-47.862688,11732.870809,11734.516764542692
213.04381,0.174215,-47.86114,11732.39219,11734.351189786034
213.05381,0.174572,-47.859593,11731.913586,11732.913720150464
213.06381,0.17493,-47.858046,11731.434998,11734.225433173562
213.07381,0.17529,-47.856498,11730.956425,11733.501301795384
213.08381,0.175651,-47.854951,11730.477868,11730.0304442039
213.09381,0.176015,-47.853404,11729.999326,11730.486072052527
213.10381,0.17638,-47.851856,11729.5208,11730.113426815742
213.11381,0.176748,-47.850309,11729.042289,11731.739009898867
213.12381,0.177116,-47.848761,11728.563794,11728.794659954827
213.13381,0.177487,-47.847214,11728.085314,11727.16704095263
213.14381,0.177859,-47.845666,11727.606849,11729.080156281825
213.15381,0.178233,-47.844119,11727.1284,11729.035784485968
213.16381,0.178609,-47.842571,11726.649967,11726.361490273963
213.17381,0.178986,-47.841023,11726.171549,11727.058651091415
213.18381,0.179365,-47.839476,11725.693147,11726.45809615437
213.19381,0.179745,-47.837928,11725.214759,11726.933924784395
213.20381,0.180127,-47.83638,11724.736388,11727.825254478095
213.21381,0.18051,-47.834833,11724.258032,11721.640557742536
213.22381,0.180894,-47.833285,11723.779691,11725.787869382377
213.23381,0.181281,-47.831737,11723.301366,11722.022233239144
213.24381,0.181668,-47.83019,11722.823057,11727.492534176941
213.25381,0.182057,-47.828642,11722.344762,11722.34400231422
213.26381,0.182447,-47.827094,11721.866484,11720.311359320385
213.27381,0.182839,-47.825546,11721.388221,11722.051274416877
213.28381,0.183232,-47.823999,11720.909973,11722.67986244
213.29381,0.183626,-47.822451,11720.431741,11719.962166319227
213.30381,0.184021,-47.820903,11719.953524,11722.663937647589
213.31381,0.184418,-47.819355,11719.475322,11720.18387696202
213.32381,0.184816,-47.817807,11718.997137,11719.18613968747
213.33381,0.185215,-47.816259,11718.518966,11717.847732104794
213.34381,0.185615,-47.814711,11718.040811,11721.399987090439
213.35381,0.186016,-47.813164,11717.562672,11716.888750353086
213.36381,0.186419,-47.811616,11717.084548,11716.494370762974
213.37381,0.186822,-47.810068,11716.60644,11718.25070401138
213.38381,0.187227,-47.80852,11716.128347,11715.403883105266
213.39381,0.187632,-47.806972,11715.650269,11716.863883345986
213.40381,0.188039,-47.805424,11715.172207,11713.723360896152
213.41381,0.188447,-47.803876,11714.694161,11713.762613054418
213.42381,0.188855,-47.802328,11714.21613,11717.932992602895
213.43381,0.189265,-47.80078,11713.738114,11715.310698617519
213.44381,0.189676,-47.799232,11713.260114,11713.040462959656
213.45381,0.190087,-47.797684,11712.78213,11715.60200002319
213.46381,0.1905,-47.796136,11712.304161,11711.263157733521
213.47381,0.190913,-47.794588,11711.826207,11713.289882126626
213.48381,0.191327,-47.79304,11711.348269,11714.411795438602
213.49381,0.191742,-47.791492,11710.870346,11713.41123188433
213.50381,0.192158,-47.789944,11710.392439,11710.496305328306
213.51381,0.192574,-47.788396,11709.914547,11712.014051402626
213.52381,0.192992,-47.786848,11709.436671,11710.874868225666
213.53381,0.19341,-47.7853,11708.95881,11711.290967587578
213.54381,0.193829,-47.783752,11708.480965,11708.86218947194
213.55381,0.194249,-47.782204,11708.003135,11706.461391440484
213.56381,0.194669,-47.780656,11707.525321,11704.94769834933
213.57381,0.19509,-47.779108,11707.047522,11707.194856519607
213.58381,0.195512,-47.77756,11706.569739,11705.665744343654
213.59381,0.195934,-47.776012,11706.091971,11707.832771605155
213.60381,0.196357,-47.774464,11705.614219,11705.53844842413
213.61381,0.196781,-47.772916,11705.136482,11705.196521804091
213.62381,0.197205,-47.771368,11704.65876,11703.46143026824
213.63381,0.19763,-47.76982,11704.181054,11704.747851308584
213.64381,0.198055,-47.768272,11703.703364,11704.183174658068
213.65381,0.198481,-47.766724,11703.225689,11705.987839702982
213.66381,0.198908,-47.765176,11702.748029,11704.152009411593
213.67381,0.199335,-47.763628,11702.270385,11703.553298856006
213.68381,0.199762,-47.76208,11701.792757,11702.980547456275
213.69381,0.20019,-47.760532,11701.315144,11702.7023076588
213.70381,0.200619,-47.758984,11700.837546,11701.21982918006
213.71381,0.201048,-47.757436,11700.359964,11700.374637090425
213.72381,0.201477,-47.755888,11699.882397,11703.402062418802
213.73381,0.201907,-47.75434,11699.404846,11699.655069950879
213.74381,0.202338,-47.752792,11698.927311,11698.928833627153
213.75381,0.202768,-47.751244,11698.449791,11698.939787804502
213.76381,0.203199,-47.749696,11697.972286,11696.274574995277
213.77381,0.203631,-47.748148,11697.494797,11698.299250584047
213.78381,0.204063,-47.7466,11697.017323,11698.323595911223
213.79381,0.204495,-47.745052,11696.539865,11697.76529727799
213.80381,0.204928,-47.743504,11696.062422,11697.148953448885
213.81381,0.20536,-47.741956,11695.584994,11697.57393912455
213.82381,0.205794,-47.740408,11695.107583,11692.59585841131
213.83381,0.206227,-47.738861,11694.630186,11693.586222447067
213.84381,0.206661,-47.737313,11694.152805,11696.208994834005
213.85381,0.207095,-47.735765,11693.67544,11694.199907477197
213.86381,0.207529,-47.734217,11693.19809,11695.719419278836
213.87381,0.207964,-47.732669,11692.720756,11695.241911699384
213.88381,0.208399,-47.731121,11692.243437,11693.89621373776
213.89381,0.208834,-47.729573,11691.766133,11689.661314797819
213.90381,0.209269,-47.728026,11691.288845,11694.2486413825
213.91381,0.209704,-47.726478,11690.811573,11692.251109899287
213.92381,0.21014,-47.72493,11690.334316,11688.656334829502
213.93381,0.210576,-47.723382,11689.857074,11690.25494965915
213.94381,0.211011,-47.721835,11689.379848,11689.6355489889
213.95381,0.211448,-47.720287,11688.902638,11687.173976445663
213.96381,0.211884,-47.718739,11688.425442,11690.060173114418
213.97381,0.21232,-47.717192,11687.948263,11688.778679473087
213.98381,0.212757,-47.715644,11687.471099,11690.362495938218
213.99381,0.213193,-47.714096,11686.99395,11689.519241624435
214.00381,0.21363,-47.712549,11686.516817,11687.15727016058
214.01381,0.214067,-47.711001,11686.039699,11684.948427827496
214.02381,0.214504,-47.709453,11685.562597,11685.75882199102
214.03381,0.214941,-47.707906,11685.08551,11687.327989903739
214.04381,0.215378,-47.706358,11684.608438,11685.223851526609
214.05381,0.215815,-47.704811,11684.131383,11685.47663556747
214.06381,0.216252,-47.703263,11683.654342,11681.962755386176
214.07381,0.216689,-47.701716,11683.177317,11683.826773901497
214.08381,0.217126,-47.700168,11682.700308,11684.732583544193
214.09381,0.217563,-47.698621,11682.223314,11682.488117741696
214.10381,0.218001,-47.697074,11681.746336,11682.164117828423
214.11381,0.218438,-47.695526,11681.269373,11682.231087325032
214.12381,0.218875,-47.693979,11680.792425,11681.43575746611
214.13381,0.219312,-47.692431,11680.315493,11679.185198109079
214.14381,0.219749,-47.690884,11679.838576,11679.996964535687
214.15381,0.220186,-47.689337,11679.361675,11678.385197998576
214.16381,0.220623,-47.68779,11678.88479,11675.522261346812
214.17381,0.22106,-47.686242,11678.407919,11678.626624011844
214.18381,0.221497,-47.684695,11677.931065,11679.477177325121
214.19381,0.221934,-47.683148,11677.454226,11678.596528512784
214.20381,0.222371,-47.681601,11676.977402,11675.40372034074
214.21381,0.222807,-47.680054,11676.500594,11677.401259749575
214.22381,0.223244,-47.678507,11676.023801,11674.252742591967
214.23381,0.22368,-47.67696,11675.547023,11674.749475363767
214.24381,0.224117,-47.675413,11675.070262,11672.641116700637
214.25381,0.224553,-47.673866,11674.593515,11677.050550589664
214.26381,0.224989,-47.672319,11674.116784,11676.617060099103
214.27381,0.225425,-47.670772,11673.640069,11674.904793130343
214.28381,0.225861,-47.669225,11673.163369,11672.364822780464
214.29381,0.226297,-47.667678,11672.686684,11676.107116035575
214.30381,0.226732,-47.666132,11672.210015,11673.992511052287
214.31381,0.227168,-47.664585,11671.733362,11674.736763169598
214.32381,0.227603,-47.663038,11671.256724,11671.24137566528
214.33381,0.228038,-47.661491,11670.780101,11673.277886504331
214.34381,0.228473,-47.659945,11670.303494,11669.172999107694
214.35381,0.228907,-47.658398,11669.826902,11668.1777424628
214.36381,0.229342,-47.656851,11669.350326,11671.283379331133
214.37381,0.229776,-47.655305,11668.873765,11669.005507151227
214.38381,0.23021,-47.653758,11668.39722,11665.958204748187
214.39381,0.230644,-47.652212,11667.92069,11669.029132414822
214.40381,0.231077,-47.650666,11667.444175,11668.645237137314
214.41381,0.231511,-47.649119,11666.967676,11666.988743062951
214.42381,0.231944,-47.647573,11666.491193,11668.561529781537
214.43381,0.232377,-47.646026,11666.014725,11667.790466042328
214.44381,0.23281,-47.64448,11665.538272,11665.428916770352
214.45381,0.233242,-47.642934,11665.061835,11664.559281508127
214.46381,0.233674,-47.641388,11664.585414,11665.143178836679
214.47381,0.234106,-47.639842,11664.109008,11665.782361172342
214.48381,0.234538,-47.638296,11663.632617,11663.19815719806
214.49381,0.234969,-47.63675,11663.156242,11661.617197674199
214.50381,0.2354,-47.635204,11662.679882,11664.101632239406
214.51381,0.235831,-47.633658,11662.203538,11662.519955862954
214.52381,0.236261,-47.632112,11661.727209,11662.525579119832
214.53381,0.236692,-47.630566,11661.250895,11661.601229288852
214.54381,0.237122,-47.62902,11660.774598,11660.780579360482
214.55381,0.237551,-47.627474,11660.298315,11661.61261332044
214.56381,0.23798,-47.625928,11659.822048,11658.38528899537
214.57381,0.238409,-47.624383,11659.345796,11657.213479941618
214.58381,0.238838,-47.622837,11658.86956,11660.835979059526
214.59381,0.239266,-47.621292,11658.39334,11661.313907557535
214.60381,0.239695,-47.619746,11657.917135,11658.371865896128
214.61381,0.240122,-47.618201,11657.440945,11655.726174733574
214.62381,0.24055,-47.616655,11656.964771,11659.055718323303
214.63381,0.240977,-47.61511,11656.488612,11657.411120109584
214.64381,0.241403,-47.613564,11656.012468,11656.103557482096
214.65381,0.24183,-47.612019,11655.53634,11655.971776347058
214.66381,0.242256,-47.610474,11655.060228,11657.63824825115
214.67381,0.242681,-47.608929,11654.584131,11654.306775339626
214.68381,0.243106,-47.607384,11654.108049,11654.94372638911
214.69381,0.243531,-47.605838,11653.631983,11651.622083071046
214.70381,0.243956,-47.604293,11653.155933,11654.680321075724
214.71381,0.24438,-47.602749,11652.679897,11654.289003401609
214.72381,0.244804,-47.601204,11652.203878,11653.17812640034
214.73381,0.245227,-47.599659,11651.727873,11652.082283476455
214.74381,0.24565,-47.598114,11651.251884,11651.956262471982
214.75381,0.246073,-47.596569,11650.775911,11648.216620815907
214.76381,0.246495,-47.595025,11650.299953,11652.474019361676
214.77381,0.246917,-47.59348,11649.824011,11650.697170266001
214.78381,0.247338,-47.591935,11649.348083,11650.569760745722
214.79381,0.247759,-47.590391,11648.872172,11650.32704162643
214.80381,0.24818,-47.588846,11648.396276,11650.24465019423
214.81381,0.2486,-47.587302,11647.920395,11648.061824017886
214.82381,0.24902,-47.585758,11647.44453,11646.477441675077
214.83381,0.249439,-47.584213,11646.96868,11647.739986338811
214.84381,0.249858,-47.582669,11646.492845,11647.67516077862
214.85381,0.250277,-47.581125,11646.017026,11647.066805613076
214.86381,0.250695,-47.579581,11645.541223,11646.1436538248
214.87381,0.251113,-47.578037,11645.065435,11646.420490529335
214.88381,0.25153,-47.576493,11644.589662,11645.937104722861
214.89381,0.251947,-47.574949,11644.113905,11647.316242341883
214.90381,0.252363,-47.573405,11643.638163,11647.109142785957
214.91381,0.252779,-47.571861,11643.162437,11644.257716109641
214.92381,0.253195,-47.570318,11642.686726,11641.073730155405
214.93381,0.25361,-47.568774,11642.21103,11643.704599119317
214.94381,0.254024,-47.567231,11641.73535,11641.874140476439
214.95381,0.254438,-47.565687,11641.259686,11640.721497158345
214.96381,0.254852,-47.564144,11640.784037,11640.79481110308
214.97381,0.255265,-47.5626,11640.308403,11639.637867485782
214.98381,0.255678,-47.561057,11639.832785,11640.194753128204
214.99381,0.25609,-47.559514,11639.357182,11639.410916121591
215.00381,0.256502,-47.55797,11638.881594,11643.715882605551
215.01381,0.256913,-47.556427,11638.406022,11642.527980233217
215.02381,0.257324,-47.554884,11637.930466,11638.175594162742
215.03381,0.257735,-47.553341,11637.454925,11637.145707448184
215.04381,0.258145,-47.551798,11636.979399,11638.316850532972
215.05381,0.258554,-47.550256,11636.503889,11635.249909137363
215.06381,0.258963,-47.548713,11636.028394,11638.419672435188
215.07381,0.259372,-47.54717,11635.552915,11638.060324388925
215.08381,0.25978,-47.545628,11635.077451,11636.160908846363
215.09381,0.260187,-47.544085,11634.602002,11634.33189165823
215.10381,0.260594,-47.542543,11634.126569,11637.436279276131
215.11381,0.261001,-47.541,11633.651151,11633.823535957397
215.12381,0.261407,-47.539458,11633.175749,11631.672371720728
215.13381,0.261813,-47.537916,11632.700362,11633.874728750978
215.14381,0.262218,-47.536373,11632.224991,11630.065375744258
215.15381,0.262622,-47.534831,11631.749634,11631.711826046447
215.16381,0.263026,-47.533289,11631.274294,11631.678969112661
215.17381,0.26343,-47.531747,11630.798969,11631.715003596615
215.18381,0.263833,-47.530205,11630.323659,11631.560793544257
215.19381,0.264236,-47.528664,11629.848365,11631.525096156092
215.20381,0.264638,-47.527122,11629.373086,11629.438581355213
215.21381,0.265039,-47.52558,11628.897822,11629.730573232424
215.22381,0.26544,-47.524039,11628.422574,11631.692116687682
215.23381,0.265841,-47.522497,11627.947341,11628.45062755566
215.24381,0.266241,-47.520956,11627.472124,11629.287425354427
215.25381,0.26664,-47.519414,11626.996922,11627.497938840963
215.26381,0.267039,-47.517873,11626.521736,11626.290599518274
215.27381,0.267438,-47.516332,11626.046565,11626.463903855612
215.28381,0.267835,-47.514791,11625.571409,11626.424461828135
215.29381,0.268233,-47.51325,11625.096269,11625.899949994371
215.30381,0.26863,-47.511709,11624.621144,11628.757548271284
215.31381,0.269026,-47.510168,11624.146035,11624.056200977586
215.32381,0.269422,-47.508627,11623.670941,11623.349551394576
215.33381,0.269817,-47.507087,11623.195862,11618.56339202945
215.34381,0.270212,-47.505546,11622.720799,11624.012460648428
215.35381,0.270606,-47.504006,11622.245751,11622.224309971734
215.36381,0.271,-47.502465,11621.770719,11621.922101205473
215.37381,0.271393,-47.500925,11621.295702,11621.136811893253
215.38381,0.271786,-47.499385,11620.8207,11619.652646849987
215.39381,0.272178,-47.497844,11620.345714,11619.607532327736
215.40381,0.272569,-47.496304,11619.870744,11619.66226003549
215.41381,0.27296,-47.494764,11619.395788,11623.113948597327
215.42381,0.273351,-47.493224,11618.920848,11620.203984548645
215.43381,0.273741,-47.491685,11618.445924,11618.754854104585
215.44381,0.27413,-47.490145,11617.971015,11619.73470526873
215.45381,0.274519,-47.488605,11617.496121,11618.113648415794
215.46381,0.274907,-47.487066,11617.021242,11616.172332162054
215.47381,0.275295,-47.485526,11616.54638,11620.890735735686
215.48381,0.275682,-47.483987,11616.071532,11618.361313269506
215.49381,0.276069,-47.482448,11615.5967,11616.502289987602
215.50381,0.276455,-47.480908,11615.121883,11616.07188313004
215.51381,0.27684,-47.479369,11614.647082,11614.847700987879
215.52381,0.277225,-47.47783,11614.172296,11616.750313886147
215.53381,0.27761,-47.476291,11613.697525,11614.407591928972
215.54381,0.277994,-47.474752,11613.22277,11612.38322254465
215.55381,0.278377,-47.473214,11612.74803,11614.514506643416
215.56381,0.27876,-47.471675,11612.273306,11614.072895111049
215.57381,0.279142,-47.470136,11611.798596,11613.478979307012
215.58381,0.279524,-47.468598,11611.323903,11610.931763889663
215.59381,0.279905,-47.46706,11610.849225,11612.231988788626
215.60381,0.280285,-47.465521,11610.374562,11610.852967377223
215.61381,0.280665,-47.463983,11609.899914,11608.791646385247
215.62381,0.281045,-47.462445,11609.425282,11609.506610601717
215.63381,0.281423,-47.460907,11608.950665,11609.410100072453
215.64381,0.281802,-47.459369,11608.476064,11609.5285619244
215.65381,0.282179,-47.457831,11608.001478,11609.688671463513
215.66381,0.282557,-47.456294,11607.526907,11608.566975872009
215.67381,0.282933,-47.454756,11607.052352,11606.067460172128
215.68381,0.283309,-47.453219,11606.577812,11609.164713436941
215.69381,0.283685,-47.451681,11606.103288,11610.108105186375
215.70381,0.28406,-47.450144,11605.628778,11605.396251414093
215.71381,0.284434,-47.448607,11605.154285,11605.389927868315
215.72381,0.284808,-47.447069,11604.679806,11605.675031183073
215.73381,0.285181,-47.445532,11604.205343,11601.407436603407
215.74381,0.285554,-47.443996,11603.730896,11604.867838452235
215.75381,0.285926,-47.442459,11603.256463,11604.531462787905
215.76381,0.286297,-47.440922,11602.782046,11603.86565852483
215.77381,0.286668,-47.439385,11602.307645,11602.392338127114
215.78381,0.287038,-47.437849,11601.833259,11601.432254824593
215.79381,0.287408,-47.436312,11601.358888,11603.669807241808
215.80381,0.287777,-47.434776,11600.884533,11603.18473364946
215.81381,0.288146,-47.43324,11600.410192,11600.009846256966
215.82381,0.288514,-47.431704,11599.935868,11604.31437150129
215.83381,0.288882,-47.430168,11599.461558,11599.326391698538
215.84381,0.289249,-47.428632,11598.987264,11599.65167039126
215.85381,0.289615,-47.427096,11598.512986,11600.529100880525
215.86381,0.289981,-47.42556,11598.038722,11599.443422451555
215.87381,0.290346,-47.424025,11597.564475,11595.482295028902
215.88381,0.290711,-47.422489,11597.090242,11597.315840212554
215.89381,0.291075,-47.420954,11596.616025,11600.406381642366
215.90381,0.291438,-47.419419,11596.141823,11598.634140517646
215.91381,0.291801,-47.417883,11595.667636,11597.111454353359
215.92381,0.292163,-47.416348,11595.193465,11593.081707320935
215.93381,0.292525,-47.414813,11594.719309,11594.174056605707
215.94381,0.292886,-47.413279,11594.245169,11595.921753287348
215.95381,0.293247,-47.411744,11593.771044,11596.304519159881
215.96381,0.293607,-47.410209,11593.296934,11592.371648500448
215.97381,0.293966,-47.408675,11592.82284,11594.423254189047
215.98381,0.294325,-47.40714,11592.348761,11593.411762468468
215.99381,0.294683,-47.405606,11591.874697,11592.227073861024
216.00381,0.295041,-47.404072,11591.400648,11594.3205877241
216.01381,0.295398,-47.402538,11590.926615,11592.466489042601
216.02381,0.295755,-47.401004,11590.452598,11592.387029232032
216.03381,0.296111,-47.39947,11589.978595,11590.72918509682
216.04381,0.296466,-47.397936,11589.504608,11590.747678220749
216.05381,0.296821,-47.396403,11589.030637,11592.043446731555
216.06381,0.297175,-47.394869,11588.55668,11586.604582738613
216.07381,0.297529,-47.393336,11588.082739,11588.337115242426
216.08381,0.297882,-47.391802,11587.608814,11588.030175068903
216.09381,0.298235,-47.390269,11587.134903,11586.131612441568
216.10381,0.298586,-47.388736,11586.661008,11585.685441428472
216.11381,0.298938,-47.387203,11586.187128,11586.419126222205
216.12381,0.299289,-47.38567,11585.713264,11583.759700522807
216.13381,0.299639,-47.384138,11585.239415,11586.749879706505
216.14381,0.299988,-47.382605,11584.765581,11585.05476690984
216.15381,0.300337,-47.381072,11584.291763,11585.68411204011
216.16381,0.300686,-47.37954,11583.81796,11582.046508325277
216.17381,0.301034,-47.378008,11583.344172,11586.538225653432
216.18381,0.301381,-47.376476,11582.8704,11585.614693315518
216.19381,0.301728,-47.374944,11582.396643,11584.450053393475
216.20381,0.302074,-47.373412,11581.922901,11581.72509824164
216.21381,0.302419,-47.37188,11581.449174,11583.529059928867
216.22381,0.302764,-47.370348,11580.975463,11584.061639550653
216.23381,0.303109,-47.368817,11580.501767,11582.860765233598
216.24381,0.303453,-47.367285,11580.028087,11579.76049647265
216.25381,0.303796,-47.365754,11579.554422,11580.071243037699
216.26381,0.304139,-47.364223,11579.080772,11581.597507243932
216.27381,0.304481,-47.362692,11578.607137,11579.846334815285
216.28381,0.304822,-47.361161,11578.133518,11580.074993608614
216.29381,0.305163,-47.35963,11577.659914,11578.953323497535
216.30381,0.305503,-47.358099,11577.186325,11577.703678620108
216.31381,0.305843,-47.356568,11576.712752,11579.705848959644
216.32381,0.306182,-47.355038,11576.239194,11575.848355554379
216.33381,0.306521,-47.353508,11575.765651,11575.580620191058
216.34381,0.306859,-47.351977,11575.292124,11577.151250521514
216.35381,0.307196,-47.350447,11574.818612,11574.987350259342
216.36381,0.307533,-47.348917,11574.345115,11576.401318972146
216.37381,0.30787,-47.347387,11573.871633,11571.971038570755
216.38381,0.308205,-47.345858,11573.398167,11573.50847755848
216.39381,0.308541,-47.344328,11572.924716,11573.6710849991
216.40381,0.308875,-47.342799,11572.451281,11574.876811696739
216.41381,0.309209,-47.341269,11571.97786,11572.462964878963
216.42381,0.309543,-47.33974,11571.504455,11573.990412142331
216.43381,0.309875,-47.338211,11571.031065,11570.822548826849
216.44381,0.310208,-47.336682,11570.557691,11571.781470455528
216.45381,0.310539,-47.335153,11570.084332,11571.818814940136
216.46381,0.310871,-47.333624,11569.610988,11569.331981491876
216.47381,0.311201,-47.332096,11569.137659,11567.401705779828
216.48381,0.311531,-47.330567,11568.664346,11569.823723092086
216.49381,0.31186,-47.329039,11568.191048,11569.624236212432
216.50381,0.312189,-47.32751,11567.717765,11566.140921683413
216.51381,0.312518,-47.325982,11567.244498,11568.82297755738
216.52381,0.312845,-47.324454,11566.771246,11567.87112068385
216.53381,0.313172,-47.322926,11566.298009,11566.719011858158
216.54381,0.313499,-47.321399,11565.824787,11565.279346699892
216.55381,0.313825,-47.319871,11565.351581,11568.092141232233
216.56381,0.31415,-47.318344,11564.87839,11565.29783979082
216.57381,0.314475,-47.316816,11564.405214,11564.46609617972
216.58381,0.314799,-47.315289,11563.932053,11564.680177958482
216.59381,0.315123,-47.313762,11563.458908,11563.368393258412
216.60381,0.315446,-47.312235,11562.985778,11562.863766851144
216.61381,0.315769,-47.310708,11562.512663,11563.322360112446
216.62381,0.316091,-47.309182,11562.039564,11563.626231261389
216.63381,0.316412,-47.307655,11561.56648,11562.968978749943
216.64381,0.316733,-47.306129,11561.093411,11560.921888847906
216.65381,0.317053,-47.304602,11560.620357,11561.979995061558
216.66381,0.317373,-47.303076,11560.147319,11560.270879641146
216.67381,0.317692,-47.30155,11559.674296,11561.395711480354
216.68381,0.31801,-47.300024,11559.201288,11559.532301784995
216.69381,0.318328,-47.298498,11558.728295,11558.041314894463
216.70381,0.318646,-47.296973,11558.255318,11558.214764491075
216.71381,0.318963,-47.295447,11557.782356,11558.459746883567
216.72381,0.319279,-47.293922,11557.309409,11557.146915845236
216.73381,0.319595,-47.292397,11556.836477,11556.745044958865
216.74381,0.31991,-47.290872,11556.363561,11557.858303126628
216.75381,0.320224,-47.289347,11555.89066,11557.684926017799
216.76381,0.320522,-47.287822,11555.417774,11554.734837440332
216.77381,0.32082,-47.286297,11554.944903,11555.124794870608
216.78381,0.321118,-47.284773,11554.472048,11554.626500218345
216.79381,0.321417,-47.283248,11553.999208,11555.852715925026
216.80381,0.321717,-47.281724,11553.526383,11554.302553294288
216.81381,0.322016,-47.2802,11553.053574,11554.683934767103
216.82381,0.322316,-47.278676,11552.580779,11550.594622358214
216.83381,0.322616,-47.277152,11552.108,11552.47891456345
216.84381,0.322917,-47.275628,11551.635236,11552.601412902988
216.85381,0.323218,-47.274105,11551.162487,11549.289066172823
216.86381,0.323519,-47.272581,11550.689754,11552.974696749621
216.87381,0.323821,-47.271058,11550.217036,11551.56534134515
216.88381,0.324123,-47.269535,11549.744333,11553.552796855825
216.89381,0.324425,-47.268012,11549.271645,11549.900401263554
216.90381,0.324727,-47.266489,11548.798973,11547.787572922281
216.91381,0.32503,-47.264966,11548.326315,11548.995322822582
216.92381,0.325333,-47.263444,11547.853673,11549.312200748103
216.93381,0.325636,-47.261921,11547.381046,11546.387654444814
216.94381,0.32594,-47.260399,11546.908435,11546.983984230015
216.95381,0.326244,-47.258877,11546.435838,11546.838927647805
216.96381,0.326548,-47.257355,11545.963257,11549.398264805097
216.97381,0.326852,-47.255833,11545.490691,11545.826858531924
216.98381,0.327157,-47.254311,11545.018141,11546.85542912679
216.99381,0.327462,-47.252789,11544.545605,11547.354595631537
217.00381,0.327767,-47.251268,11544.073085,11543.75278900052
217.01381,0.328072,-47.249747,11543.60058,11543.46585924051
217.02381,0.328377,-47.248225,11543.12809,11542.056947224675
217.03381,0.328683,-47.246704,11542.655615,11541.140584138539
217.04381,0.328989,-47.245183,11542.183156,11544.058631364987
217.05381,0.329295,-47.243663,11541.710712,11541.448674588948
217.06381,0.329601,-47.242142,11541.238283,11542.12833251563
217.07381,0.329908,-47.240622,11540.765869,11541.658227744581
217.08381,0.330214,-47.239101,11540.29347,11544.089723320405
217.09381,0.330521,-47.237581,11539.821087,11537.315523317002
217.10381,0.330828,-47.236061,11539.348719,11540.91456126201
217.11381,0.331135,-47.234541,11538.876366,11538.359073931937
217.12381,0.331442,-47.233021,11538.404028,11542.091255351286
217.13381,0.33175,-47.231502,11537.931705,11538.243240145051
217.14381,0.332057,-47.229982,11537.459398,11540.633967652353
217.15381,0.332365,-47.228463,11536.987105,11540.188385347736
217.16381,0.332673,-47.226943,11536.514828,11534.678943217501
217.17381,0.332981,-47.225424,11536.042567,11536.401929733083
217.18381,0.333289,-47.223905,11535.57032,11535.557070765493
217.19381,0.333597,-47.222387,11535.098088,11537.181331259228
217.20381,0.333877,-47.220868,11534.625872,11536.10745791642
217.21381,0.334151,-47.219351,11534.153671,11534.92589168892
217.22381,0.334425,-47.217834,11533.681485,11534.875897470441
217.23381,0.334699,-47.216318,11533.209314,11534.725771951416
217.24381,0.334974,-47.214803,11532.737159,11533.086456477415
217.25381,0.335249,-47.213289,11532.265018,11530.159463094167
217.26381,0.335524,-47.211775,11531.792893,11531.982302637021
217.27381,0.335799,-47.210263,11531.320783,11533.572182814147
217.28381,0.336075,-47.208751,11530.848688,11532.903556919951
217.29381,0.336351,-47.20724,11530.376608,11532.763841704387
217.30381,0.336627,-47.205731,11529.904543,11532.866075094844
217.31381,0.336904,-47.204221,11529.432493,11530.640062310065
217.32381,0.337181,-47.202713,11528.960459,11528.109058495185
217.33381,0.337458,-47.201206,11528.488439,11527.714952706427
217.34381,0.337735,-47.199699,11528.016434,11525.370476308686
217.35381,0.338012,-47.198193,11527.544445,11529.115543754062
217.36381,0.33829,-47.196688,11527.072471,11527.949938820786
217.37381,0.338568,-47.195184,11526.600511,11525.114237554399
217.38381,0.338846,-47.193681,11526.128567,11528.444896428608
217.39381,0.339125,-47.192178,11525.656638,11525.043589978473
217.40381,0.339403,-47.190676,11525.184723,11527.098710165203
217.41381,0.339682,-47.189175,11524.712824,11525.637261427411
217.42381,0.339961,-47.187675,11524.24094,11522.992618453402
217.43381,0.34024,-47.186176,11523.769071,11522.137898817466
217.44381,0.340519,-47.184677,11523.297216,11523.85671117495
217.45381,0.340799,-47.18318,11522.825377,11526.532692407343
217.46381,0.341079,-47.181683,11522.353553,11523.285307884234
217.47381,0.341358,-47.180186,11521.881743,11523.552736992531
217.48381,0.341638,-47.178691,11521.409949,11523.109015413522
217.49381,0.341919,-47.177196,11520.93817,11520.98002811245
217.50381,0.342199,-47.175703,11520.466405,11520.492703016496
217.51381,0.342479,-47.17421,11519.994655,11519.149081819323
217.52381,0.34276,-47.172717,11519.522921,11519.786747623957
217.53381,0.343041,-47.171226,11519.051201,11522.568771921771
217.54381,0.343321,-47.169735,11518.579496,11518.485311188617
217.55381,0.343602,-47.168245,11518.107806,11518.844784915393
217.56381,0.343883,-47.166756,11517.636131,11517.56999794602
217.57381,0.344165,-47.165268,11517.164471,11518.245779201414
217.58381,0.344446,-47.16378,11516.692826,11516.628906234733
217.59381,0.344727,-47.162293,11516.221196,11519.030230276025
217.60381,0.345009,-47.160807,11515.74958,11518.32798452632
217.61381,0.345291,-47.159322,11515.27798,11515.282419194835
217.62381,0.345572,-47.157837,11514.806394,11514.393741450927
217.63381,0.345854,-47.156353,11514.334823,11513.05327412407
217.64381,0.346136,-47.15487,11513.863267,11514.156553582641
217.65381,0.346418,-47.153387,11513.391725,11514.2457121745
217.66381,0.3467,-47.151906,11512.920199,11512.713449473284
217.67381,0.346982,-47.150425,11512.448687,11514.456804298285
217.68381,0.347264,-47.148945,11511.97719,11513.105980314138
217.69381,0.347546,-47.147465,11511.505708,11510.623264171301
217.70381,0.347828,-47.145987,11511.034241,11510.880182677518
217.71381,0.348111,-47.144509,11510.562789,11515.136674235511
217.72381,0.348393,-47.143031,11510.091351,11509.641008372957
217.73381,0.348675,-47.141555,11509.619928,11511.593948106163
217.74381,0.348958,-47.140079,11509.14852,11511.490335511038
217.75381,0.34924,-47.138604,11508.677126,11513.417342935652
217.76381,0.349523,-47.137129,11508.205748,11508.155224080405
217.77381,0.349805,-47.135656,11507.734384,11508.245151386598
217.78381,0.350088,-47.134183,11507.263035,11506.367327891958
217.79381,0.35037,-47.132711,11506.7917,11509.329617523623
217.80381,0.350653,-47.131239,11506.32038,11504.700233570364
217.81381,0.350935,-47.129768,11505.849075,11507.4590361322
217.82381,0.351218,-47.128298,11505.377785,11508.716796313453
217.83381,0.351501,-47.126829,11504.906509,11506.150669929548
217.84381,0.351783,-47.12536,11504.435249,11503.458704475557
217.85381,0.352066,-47.123892,11503.964002,11506.88626729116
217.86381,0.352348,-47.122425,11503.492771,11506.45181824381
217.87381,0.352631,-47.120958,11503.021554,11503.795183371736
217.88381,0.352913,-47.119492,11502.550352,11504.164860203946
217.89381,0.353196,-47.118027,11502.079164,11504.846075521742
217.90381,0.353478,-47.116562,11501.607991,11499.358156279997
217.91381,0.35376,-47.115098,11501.136833,11503.696310625877
217.92381,0.354043,-47.113635,11500.665689,11501.239797146614
217.93381,0.354325,-47.112173,11500.19456,11501.516332350331
217.94381,0.354607,-47.110711,11499.723446,11501.067037598508
217.95381,0.35489,-47.10925,11499.252346,11501.730629552
217.96381,0.355172,-47.107789,11498.781261,11499.686416380237
217.97381,0.355454,-47.106329,11498.31019,11496.278838791422
217.98381,0.355736,-47.10487,11497.839134,11497.552278258621
217.99381,0.355737,-47.103412,11497.368093,11496.569960120492
218.00381,0.355608,-47.101954,11496.897066,11496.734236136717
218.01381,0.355482,-47.100497,11496.426053,11497.045261686542
218.02381,0.355359,-47.099041,11495.955056,11495.540693941997
218.03381,0.355239,-47.097586,11495.484073,11493.219108683916
218.04381,0.355122,-47.096132,11495.013104,11496.00421156063
218.05381,0.355007,-47.094678,11494.54215,11495.887771890313
218.06381,0.354895,-47.093225,11494.071211,11496.103118014387
218.07381,0.354786,-47.091773,11493.600286,11493.497955963154
218.08381,0.35468,-47.090322,11493.129375,11494.688312089442
218.09381,0.354576,-47.088871,11492.658479,11491.464496407794
218.10381,0.354475,-47.087422,11492.187598,11494.224705481729
218.11381,0.354377,-47.085973,11491.716731,11492.618527890598
218.12381,0.354282,-47.084525,11491.245878,11492.975101288155
218.13381,0.354189,-47.083078,11490.77504,11489.577114097654
218.14381,0.354098,-47.081631,11490.304217,11490.831353624219
218.15381,0.354011,-47.080185,11489.833408,11490.002066651417
218.16381,0.353926,-47.07874,11489.362613,11489.259992354693
218.17381,0.353843,-47.077296,11488.891833,11489.40566335257
218.18381,0.353764,-47.075852,11488.421067,11487.194235329418
218.19381,0.353686,-47.07441,11487.950316,11489.330232733613
218.20381,0.353612,-47.072968,11487.479579,11487.296418177957
218.21381,0.353539,-47.071526,11487.008856,11490.33550153002
218.22381,0.35347,-47.070086,11486.538148,11487.21035853335
218.23381,0.353403,-47.068646,11486.067455,11485.846585616151
218.24381,0.353338,-47.067207,11485.596775,11487.376132958283
218.25381,0.353276,-47.065769,11485.12611,11486.221975983954
218.26381,0.353217,-47.064331,11484.65546,11483.639072456106
218.27381,0.353159,-47.062894,11484.184824,11485.308171006986
218.28381,0.353105,-47.061458,11483.714202,11485.563000693957
218.29381,0.353052,-47.060023,11483.243595,11481.796895607222
218.30381,0.353003,-47.058588,11482.773002,11486.58314014501
218.31381,0.352955,-47.057154,11482.302423,11484.604469323416
218.32381,0.35291,-47.055721,11481.831859,11483.208850377203
218.33381,0.352868,-47.054288,11481.361308,11481.936399989223
218.34381,0.352827,-47.052856,11480.890773,11481.965573847488
218.35381,0.352789,-47.051425,11480.420251,11482.245622404485
218.36381,0.352754,-47.049995,11479.949744,11479.687635171398
218.37381,0.352721,-47.048565,11479.479251,11479.345756823837
218.38381,0.35269,-47.047136,11479.008773,11479.21113410049
218.39381,0.352661,-47.045708,11478.538309,11480.517057677867
218.40381,0.352635,-47.04428,11478.067859,11477.813331714622
218.41381,0.352611,-47.042853,11477.597423,11479.18803125538
218.42381,0.352589,-47.041427,11477.127002,11478.194090323872
218.43381,0.352573,-47.040001,11476.656595,11477.347279085227
218.44381,0.352561,-47.038576,11476.186202,11480.753392494385
218.45381,0.352552,-47.037151,11475.715823,11475.573733508818
218.46381,0.352544,-47.035727,11475.245459,11472.979505718533
218.47381,0.352539,-47.034304,11474.775109,11474.075389202466
218.48381,0.352535,-47.032881,11474.304773,11473.76333628301
218.49381,0.352534,-47.031458,11473.834451,11473.187404245247
218.50381,0.352535,-47.030036,11473.364143,11474.338330666009
218.51381,0.352538,-47.028615,11472.89385,11474.269379794014
218.52381,0.352543,-47.027194,11472.423571,11473.246161024217
218.53381,0.352551,-47.025774,11471.953306,11474.040424839031
218.54381,0.35256,-47.024354,11471.483056,11470.009584679965
218.55381,0.352572,-47.022935,11471.012819,11471.255788516402
218.56381,0.352585,-47.021516,11470.542597,11471.560427066306
218.57381,0.352601,-47.020098,11470.072389,11470.66132470837
218.58381,0.352618,-47.018681,11469.602195,11471.708070680837
218.59381,0.352638,-47.017263,11469.132015,11469.197957685463
218.60381,0.352659,-47.015847,11468.66185,11469.69503796018
218.61381,0.352683,-47.014431,11468.191698,11470.557916874497
218.62381,0.352708,-47.013015,11467.721561,11465.241764141245
218.63381,0.352736,-47.0116,11467.251438,11465.166275723837
218.64381,0.352765,-47.010185,11466.781329,11465.080180872623
218.65381,0.352797,-47.008771,11466.311234,11466.563105453364
218.66381,0.35283,-47.007358,11465.841154,11466.686466150219
218.67381,0.352865,-47.005945,11465.371087,11464.68263622132
218.68381,0.352902,-47.004532,11464.901035,11464.728409140227
218.69381,0.352941,-47.00312,11464.430997,11465.60178426367
218.70381,0.352982,-47.001708,11463.960972,11465.933352561731
218.71381,0.353025,-47.000297,11463.490962,11462.32445565439
218.72381,0.35307,-46.998887,11463.020966,11464.353391479026
218.73381,0.353116,-46.997477,11462.550985,11464.523680674523
218.74381,0.353164,-46.996067,11462.081017,11464.203825073297
218.75381,0.353214,-46.994658,11461.611063,11462.966075160353
218.76381,0.353266,-46.993249,11461.141124,11461.992779285378
218.77381,0.35332,-46.991841,11460.671198,11460.330918635982
218.78381,0.353375,-46.990433,11460.201287,11461.68859480319
218.79381,0.353432,-46.989026,11459.73139,11460.87855365144
218.80381,0.353491,-46.987619,11459.261506,11461.694392790023
218.81381,0.353552,-46.986213,11458.791637,11459.052675258437
218.82381,0.353614,-46.984807,11458.321782,11458.241715015625
218.83381,0.353678,-46.983402,11457.851941,11461.95922108522
218.84381,0.353744,-46.981997,11457.382114,11456.731786773722
218.85381,0.353812,-46.980593,11456.912301,11456.01873176721
218.86381,0.353881,-46.979189,11456.442502,11458.217483746026
218.87381,0.353952,-46.977785,11455.972717,11456.02471105165
218.88381,0.354024,-46.976382,11455.502947,11457.334884141355
218.89381,0.354098,-46.97498,11455.03319,11456.629244474105
218.90381,0.354174,-46.973578,11454.563447,11454.29688023657
218.91381,0.354251,-46.972176,11454.093718,11455.793572241138
218.92381,0.35433,-46.970775,11453.624003,11454.276698922602
218.93381,0.354411,-46.969374,11453.154303,11454.018002208924
218.94381,0.354493,-46.967974,11452.684616,11452.662970213793
218.95381,0.354577,-46.966574,11452.214943,11454.221024144475
218.96381,0.354662,-46.965174,11451.745284,11452.622895108687
218.97381,0.354749,-46.963775,11451.27564,11451.645999775883
218.98381,0.354837,-46.962377,11450.806009,11451.213501700508
218.99381,0.354927,-46.960979,11450.336392,11449.471003855546
219.00381,0.355018,-46.959581,11449.866789,11450.023425853438
219.01381,0.355111,-46.958184,11449.397201,11450.519641712797
219.02381,0.355205,-46.956787,11448.927626,11449.774232979165
219.03381,0.355301,-46.955391,11448.458065,11447.429525536738
219.04381,0.355398,-46.953995,11447.988518,11447.160696438317
219.05381,0.355497,-46.952599,11447.518985,11447.904195812365
219.06381,0.355597,-46.951204,11447.049466,11447.409588009225
219.07381,0.355699,-46.94981,11446.579961,11444.696379392939
219.08381,0.355802,-46.948415,11446.11047,11447.017361622833
219.09381,0.355906,-46.947022,11445.640992,11443.354407052517
219.10381,0.356012,-46.945628,11445.171529,11444.047057425367
219.11381,0.35612,-46.944235,11444.70208,11445.470094283874
219.12381,0.356228,-46.942843,11444.232645,11447.306754965633
219.13381,0.356338,-46.941451,11443.763223,11444.236320528347
219.14381,0.35645,-46.940059,11443.293816,11445.634081552373
219.15381,0.356562,-46.938668,11442.824422,11444.628270528772
219.16381,0.356676,-46.937277,11442.355042,11441.57230546498
219.17381,0.356792,-46.935886,11441.885676,11444.275525137706
219.18381,0.356908,-46.934496,11441.416324,11442.24075349527
219.19381,0.357026,-46.933107,11440.946986,11440.694147326307
219.20381,0.357145,-46.931717,11440.477662,11437.708016130873
219.21381,0.357266,-46.930328,11440.008352,11441.40420832743
219.22381,0.357388,-46.92894,11439.539056,11440.72137681908
219.23381,0.357511,-46.927552,11439.069773,11439.42093789379
219.24381,0.357635,-46.926164,11438.600505,11439.672913571398
219.25381,0.357761,-46.924777,11438.13125,11436.528292021707
219.26381,0.357887,-46.92339,11437.662009,11436.739533391321
219.27381,0.358015,-46.922004,11437.192782,11438.982694016293
219.28381,0.358144,-46.920618,11436.723569,11436.036408193064
219.29381,0.358275,-46.919232,11436.25437,11437.326240712786
219.30381,0.358406,-46.917847,11435.785184,11435.743886095326
219.31381,0.358539,-46.916462,11435.316013,11436.142276516674
219.32381,0.358673,-46.915077,11434.846855,11433.03203163866
219.33381,0.358808,-46.913693,11434.377711,11434.1781436588
219.34381,0.358944,-46.912309,11433.908581,11434.0084315664
219.35381,0.359082,-46.910926,11433.439465,11435.581348766988
219.36381,0.35922,-46.909543,11432.970363,11436.495642683814
219.37381,0.35936,-46.908161,11432.501274,11433.697883063442
219.38381,0.359501,-46.906778,11432.0322,11433.651275290835
219.39381,0.359642,-46.905396,11431.563139,11435.019383071842
219.40381,0.359785,-46.904015,11431.094092,11429.843128305305
219.41381,0.359929,-46.902634,11430.625058,11431.875060111126
219.42381,0.360074,-46.901253,11430.156039,11428.690165093778
219.43381,0.36022,-46.899873,11429.687033,11429.55870663069
219.44381,0.360368,-46.898493,11429.218042,11429.986927739981
219.45381,0.360516,-46.897113,11428.749063,11430.563903968296
219.46381,0.360665,-46.895734,11428.280099,11430.179471711053
219.47381,0.360815,-46.894355,11427.811149,11425.589504616572
219.48381,0.360966,-46.892977,11427.342212,11428.63100817294
219.49381,0.361119,-46.891599,11426.873289,11426.397813327078
219.50381,0.361272,-46.890221,11426.40438,11428.473277051437
219.51381,0.361426,-46.888843,11425.935485,11425.085985947286
219.52381,0.361581,-46.887466,11425.466603,11426.028499839576
219.53381,0.361738,-46.88609,11424.997736,11424.042502614491
219.54381,0.361895,-46.884713,11424.528882,11426.9503749601
219.55381,0.362053,-46.883337,11424.060041,11422.913971631626
219.56381,0.362212,-46.881962,11423.591215,11424.415588880353
219.57381,0.362372,-46.880587,11423.122402,11424.01014055622
219.58381,0.362533,-46.879212,11422.653603,11423.756942571043
219.59381,0.362695,-46.877837,11422.184818,11423.510463727656
219.60381,0.362857,-46.876463,11421.716046,11421.443452184258
219.61381,0.363021,-46.875089,11421.247289,11420.604414985199
219.62381,0.363185,-46.873716,11420.778545,11422.413793893766
219.63381,0.363351,-46.872342,11420.309814,11422.713267638484
219.64381,0.363517,-46.87097,11419.841098,11421.690042211632
219.65381,0.363684,-46.869597,11419.372395,11421.08247428925
219.66381,0.363852,-46.868225,11418.903706,11417.46417933451
219.67381,0.364021,-46.866853,11418.43503,11420.343187267392
219.68381,0.364191,-46.865482,11417.966369,11420.592366732282
219.69381,0.364361,-46.864111,11417.497721,11422.099298823094
219.70381,0.364532,-46.86274,11417.029086,11416.656894285818
219.71381,0.364704,-46.861369,11416.560466,11415.468024292497
219.72381,0.364877,-46.859999,11416.091859,11416.864236707645
219.73381,0.365051,-46.85863,11415.623266,11416.92725965809
219.74381,0.365226,-46.85726,11415.154686,11414.81023653795
219.75381,0.365401,-46.855891,11414.686121,11413.74990431848
219.76381,0.365577,-46.854522,11414.217569,11413.062926069115
219.77381,0.365754,-46.853154,11413.74903,11416.256621314913
219.78381,0.365931,-46.851786,11413.280506,11415.197324423463
219.79381,0.36611,-46.850418,11412.811995,11411.732077469958
219.80381,0.366289,-46.849051,11412.343497,11414.024052072771
219.81381,0.366468,-46.847684,11411.875014,11415.177168276909
219.82381,0.366649,-46.846317,11411.406544,11409.288566801724
219.83381,0.36683,-46.84495,11410.938087,11409.93997110148
219.84381,0.367012,-46.843584,11410.469644,11411.605017305084
219.85381,0.367195,-46.842219,11410.001215,11409.396952598157
219.86381,0.367378,-46.840853,11409.5328,11409.929744755884
219.87381,0.367562,-46.839488,11409.064398,11410.396578212412
219.88381,0.367747,-46.838123,11408.59601,11409.387038995825
219.89381,0.367932,-46.836759,11408.127636,11409.045527309247
219.90381,0.368118,-46.835394,11407.659275,11408.646928384365
219.91381,0.368305,-46.834031,11407.190928,11406.898436670517
219.92381,0.368492,-46.832667,11406.722595,11406.556618646071
219.93381,0.36868,-46.831304,11406.254275,11406.565718965767
219.94381,0.368869,-46.829941,11405.785968,11406.135445030128
219.95381,0.369058,-46.828578,11405.317676,11406.964967542493
219.96381,0.369248,-46.827216,11404.849397,11407.233079052303
219.97381,0.369438,-46.825854,11404.381132,11405.671961803662
219.98381,0.36963,-46.824492,11403.91288,11404.161148951604
219.99381,0.369821,-46.823131,11403.444642,11403.973204389089
220.00381,0.370013,-46.82177,11402.976417,11403.614377454207
220.01381,0.370206,-46.820409,11402.508206,11402.025776126062
220.02381,0.3704,-46.819049,11402.040009,11403.71304196064
220.03381,0.370594,-46.817688,11401.571825,11403.899046692246
220.04381,0.370788,-46.816329,11401.103655,11401.85292466759
220.05381,0.370984,-46.814969,11400.635499,11402.913119278972
220.06381,0.371179,-46.81361,11400.167356,11403.51575844005
220.07381,0.371375,-46.812251,11399.699227,11395.392410186158
220.08381,0.371572,-46.810892,11399.231111,11400.236093749352
220.09381,0.37177,-46.809534,11398.763009,11398.162197222424
220.10381,0.371967,-46.808176,11398.29492,11399.551760885151
220.11381,0.372166,-46.806818,11397.826845,11398.590709404474
220.12381,0.372365,-46.805461,11397.358784,11398.03968341759
220.13381,0.372564,-46.804104,11396.890736,11398.717990110223
220.14381,0.372764,-46.802747,11396.422702,11397.05137190312
220.15381,0.372964,-46.80139,11395.954681,11398.306952468576
220.16381,0.373165,-46.800034,11395.486674,11396.430879307562
220.17381,0.373366,-46.798678,11395.01868,11396.947123260492
220.18381,0.373568,-46.797323,11394.5507,11396.646675769845
220.19381,0.373771,-46.795967,11394.082734,11395.919288339435
220.20381,0.373973,-46.794612,11393.614781,11393.493784507187
220.21381,0.374176,-46.793257,11393.146842,11395.191521962657
220.22381,0.37438,-46.791903,11392.678916,11393.291776110507
220.23381,0.374584,-46.790549,11392.211004,11392.78830956011
220.24381,0.374789,-46.789195,11391.743105,11393.520479093777
220.25381,0.374994,-46.787841,11391.27522,11391.731881052052
220.26381,0.375199,-46.786488,11390.807348,11391.293706599436
220.27381,0.375405,-46.785135,11390.33949,11392.71416217429
220.28381,0.375611,-46.783782,11389.871645,11390.853481874408
220.29381,0.375818,-46.782429,11389.403814,11395.217141508621
220.30381,0.376025,-46.781077,11388.935997,11388.136290775721
220.31381,0.376232,-46.779725,11388.468193,11388.86780185256
220.32381,0.37644,-46.778374,11388.000402,11389.92315996798
220.33381,0.376648,-46.777022,11387.532625,11388.824795308037
220.34381,0.376857,-46.775671,11387.064862,11388.65530646991
220.35381,0.377066,-46.77432,11386.597112,11386.652631018374
220.36381,0.377275,-46.77297,11386.129375,11386.964203613214
220.37381,0.377485,-46.77162,11385.661653,11386.56471588995
220.38381,0.377695,-46.77027,11385.193943,11387.284563497493
220.39381,0.377905,-46.76892,11384.726247,11384.885851087452
220.40381,0.378116,-46.767571,11384.258565,11385.511140663464
220.41381,0.378327,-46.766222,11383.790896,11384.891823583494
220.42381,0.378539,-46.764873,11383.32324,11385.785710447397
220.43381,0.378751,-46.763524,11382.855598,11385.25336679001
220.44381,0.378963,-46.762176,11382.38797,11379.722640929214
220.45381,0.379175,-46.760828,11381.920355,11379.776496434411
220.46381,0.379388,-46.75948,11381.452753,11383.758768609676
220.47381,0.379601,-46.758132,11380.985165,11383.746490705342
220.48381,0.379814,-46.756785,11380.517591,11380.20006535822
220.49381,0.380028,-46.755438,11380.050029,11381.456013327097
220.50381,0.380242,-46.754092,11379.582482,11380.950741437042
220.51381,0.380456,-46.752745,11379.114948,11379.60305634509
220.52381,0.380671,-46.751399,11378.647427,11380.244613118544
220.53381,0.380885,-46.750053,11378.17992,11377.330426871806
220.54381,0.381101,-46.748708,11377.712426,11378.366405991908
220.55381,0.381316,-46.747362,11377.244945,11376.26151744713
220.56381,0.381532,-46.746017,11376.777479,11378.62394441363
220.57381,0.381747,-46.744672,11376.310025,11376.39252684376
220.58381,0.381964,-46.743328,11375.842585,11376.384813509663
220.59381,0.38218,-46.741983,11375.375159,11379.447702263646
220.60381,0.382397,-46.740639,11374.907745,11375.604639730183
220.61381,0.382614,-46.739296,11374.440346,11375.162134129998
220.62381,0.382831,-46.737952,11373.97296,11376.380355265266
220.63381,0.383048,-46.736609,11373.505587,11374.674686380928
220.64381,0.383266,-46.735266,11373.038227,11372.910446131962
220.65381,0.383484,-46.733923,11372.570881,11373.931876760245
220.66381,0.383702,-46.732581,11372.103549,11371.262596272669
220.67381,0.38392,-46.731238,11371.63623,11372.551565769654
220.68381,0.384138,-46.729897,11371.168924,11370.985304701433
220.69381,0.384357,-46.728555,11370.701632,11372.385598431252
220.70381,0.384576,-46.727213,11370.234353,11373.484036225142
220.71381,0.384795,-46.725872,11369.767088,11370.742791965979
220.72381,0.385014,-46.724531,11369.299836,11368.708423911366
220.73381,0.385234,-46.723191,11368.832597,11371.187922356992
220.74381,0.385453,-46.72185,11368.365372,11369.358915003893
220.75381,0.385673,-46.72051,11367.89816,11370.061513578901
220.76381,0.385893,-46.71917,11367.430962,11368.223811746617
220.77381,0.386113,-46.71783,11366.963777,11366.654143821792
220.78381,0.386334,-46.716491,11366.496605,11368.45630168119
220.79381,0.386554,-46.715152,11366.029447,11368.600526985188
220.80381,0.386775,-46.713813,11365.562302,11368.160541268962
220.81381,0.386996,-46.712474,11365.09517,11365.010802649327
220.82381,0.387217,-46.711136,11364.628052,11365.20712664191
220.83381,0.387438,-46.709798,11364.160948,11365.896907996152
220.84381,0.387659,-46.70846,11363.693856,11365.52276698619
220.85381,0.387881,-46.707122,11363.226779,11363.399506623147
220.86381,0.388102,-46.705785,11362.759714,11364.937777230813
220.87381,0.388324,-46.704448,11362.292663,11364.537995686385
220.88381,0.388546,-46.703111,11361.825625,11362.548977979191
220.89381,0.388768,-46.701774,11361.358601,11361.679507548646
220.90381,0.38899,-46.700438,11360.89159,11360.73831134144
220.91381,0.389212,-46.699101,11360.424592,11363.033001436794
220.92381,0.389434,-46.697765,11359.957608,11359.63466280499
220.93381,0.389657,-46.69643,11359.490637,11359.529504385888
220.94381,0.389879,-46.695094,11359.023679,11361.466424496231
220.95381,0.390102,-46.693759,11358.556735,11360.520462455423
220.96381,0.390324,-46.692424,11358.089804,11360.684302583843
220.97381,0.390547,-46.691089,11357.622886,11356.815983116994
220.98381,0.39077,-46.689755,11357.155982,11357.786287765277
220.99381,0.390993,-46.688421,11356.689091,11358.208191982983
221.00381,0.391216,-46.687087,11356.222214,11356.682185435679
221.01381,0.391439,-46.685753,11355.755349,11355.758304226227
221.02381,0.391663,-46.684419,11355.288499,11356.056295701439
221.03381,0.391886,-46.683086,11354.821661,11354.503674551399
221.04381,0.392109,-46.681753,11354.354837,11354.850746966365
221.05381,0.392333,-46.68042,11353.888026,11356.499901822615
221.06381,0.392556,-46.679088,11353.421228,11354.182238423502
221.07381,0.39278,-46.677755,11352.954444,11354.64033593653
221.08381,0.393004,-46.676423,11352.487673,11354.4193356517
221.09381,0.393227,-46.675091,11352.020916,11355.558915500707
221.10381,0.393451,-46.67376,11351.554171,11350.98030716967
221.11381,0.393675,-46.672428,11351.087441,11353.704678031092
221.12381,0.393899,-46.671097,11350.620723,11350.031689984411
221.13381,0.394123,-46.669766,11350.154019,11350.281142398042
221.14381,0.394346,-46.668435,11349.687328,11352.834914667463
221.15381,0.39457,-46.667105,11349.22065,11348.382015920775
221.16381,0.394794,-46.665775,11348.753985,11352.555224597067
221.17381,0.395018,-46.664445,11348.287334,11350.253320880867
221.18381,0.395243,-46.663115,11347.820697,11349.824178865954
221.19381,0.395467,-46.661785,11347.354072,11347.129061852036
221.20381,0.395691,-46.660456,11346.887461,11348.532899627447
221.21381,0.395915,-46.659127,11346.420863,11348.582417426947
221.22381,0.396139,-46.657798,11345.954278,11344.910384977582
221.23381,0.396363,-46.65647,11345.487707,11347.78370939035
221.24381,0.396587,-46.655141,11345.021149,11346.512150325487
221.25381,0.396811,-46.653813,11344.554604,11347.8288160525
221.26381,0.397036,-46.652485,11344.088073,11344.699995102701
221.27381,0.39726,-46.651157,11343.621554,11343.350629456925
221.28381,0.397484,-46.64983,11343.15505,11342.037492285619
221.29381,0.397708,-46.648503,11342.688558,11343.58132802787
221.30381,0.397932,-46.647176,11342.222079,11342.493976506536
221.31381,0.398156,-46.645849,11341.755614,11341.246166063274
221.32381,0.39838,-46.644522,11341.289162,11342.711558301951
221.33381,0.398605,-46.643196,11340.822724,11342.12945666629
221.34381,0.398829,-46.64187,11340.356299,11338.86487076735
221.35381,0.399053,-46.640544,11339.889887,11340.6197957149
221.36381,0.399277,-46.639218,11339.423488,11341.158289931349
221.37381,0.399501,-46.637893,11338.957102,11341.8636203761
221.38381,0.399725,-46.636568,11338.49073,11339.970374340015
221.39381,0.399949,-46.635243,11338.024371,11336.412997583744
221.40381,0.400173,-46.633918,11337.558025,11337.389586920752
221.41381,0.400397,-46.632593,11337.091692,11336.934213091668
221.42381,0.40062,-46.631269,11336.625373,11335.561476670018
221.43381,0.400844,-46.629945,11336.159067,11340.533379849849
221.44381,0.401068,-46.628621,11335.692774,11335.022818980555
221.45381,0.401292,-46.627297,11335.226495,11334.746944645743
221.46381,0.401515,-46.625974,11334.760228,11334.944599719758
221.47381,0.401739,-46.624651,11334.293975,11335.84251690968
221.48381,0.401962,-46.623328,11333.827735,11332.296172509172
221.49381,0.402186,-46.622005,11333.361509,11336.182517092397
221.50381,0.402409,-46.620682,11332.895295,11334.52729681905
221.51381,0.402633,-46.61936,11332.429095,11331.803851722367
221.52381,0.402856,-46.618038,11331.962908,11333.060773374069
221.53381,0.403079,-46.616716,11331.496734,11331.419532911648
221.54381,0.403303,-46.615394,11331.030574,11331.672819870884
221.55381,0.403526,-46.614073,11330.564426,11333.349937627008
221.56381,0.403749,-46.612752,11330.098292,11328.461437454022
221.57381,0.403972,-46.611431,11329.632171,11331.194441421267
221.58381,0.404195,-46.61011,11329.166064,11328.082653374335
221.59381,0.404417,-46.608789,11328.699969,11329.042285835765
221.60381,0.40464,-46.607469,11328.233888,11328.777714376767
221.61381,0.404863,-46.606149,11327.76782,11328.666042804176
221.62381,0.405085,-46.604829,11327.301765,11328.115203074847
221.63381,0.405308,-46.603509,11326.835723,11328.648545759872
221.64381,0.40553,-46.602189,11326.369695,11325.514224043409
221.65381,0.405752,-46.60087,11325.903679,11326.41159274686
221.66381,0.405975,-46.599551,11325.437677,11326.771050026864
221.67381,0.406197,-46.598232,11324.971688,11326.221060659862
221.68381,0.406419,-46.596913,11324.505713,11322.657280035635
221.69381,0.406641,-46.595595,11324.03975,11323.510744119794
221.70381,0.406862,-46.594277,11323.573801,11323.522143000619
221.71381,0.407084,-46.592959,11323.107864,11324.621837063356
221.72381,0.407306,-46.591641,11322.641941,11325.396108662542
221.73381,0.407527,-46.590323,11322.176032,11322.479623769123
221.74381,0.407748,-46.589006,11321.710135,11324.264481118478
221.75381,0.40797,-46.587689,11321.244252,11318.759660177502
221.76381,0.408191,-46.586372,11320.778381,11320.687083764595
221.77381,0.408412,-46.585055,11320.312524,11319.1683357342
221.78381,0.408633,-46.583738,11319.84668,11315.90924717411
221.79381,0.408854,-46.582422,11319.380849,11318.874996366852
221.80381,0.409074,-46.581106,11318.915032,11320.376748242583
221.81381,0.409295,-46.57979,11318.449227,11319.27176339658
221.82381,0.409515,-46.578474,11317.983436,11318.037891593265
221.83381,0.409736,-46.577159,11317.517658,11317.099734154053
221.84381,0.409956,-46.575843,11317.051893,11318.711688638841
221.85381,0.410176,-46.574528,11316.586141,11318.29726208782
221.86381,0.410396,-46.573213,11316.120402,11317.862209638786
221.87381,0.410615,-46.571899,11315.654677,11315.186609948732
221.88381,0.410835,-46.570584,11315.188964,11314.577590399089
221.89381,0.411055,-46.56927,11314.723265,11312.330022528438
221.90381,0.411274,-46.567956,11314.257579,11316.108115052954
221.91381,0.411493,-46.566642,11313.791906,11313.82394004859
221.92381,0.411712,-46.565329,11313.326246,11313.610576561374
221.93381,0.411931,-46.564015,11312.860599,11315.749770787337
221.94381,0.41215,-46.562702,11312.394966,11313.436918654636
221.95381,0.412369,-46.561389,11311.929345,11311.185405930604
221.96381,0.412587,-46.560076,11311.463738,11313.371623591735
221.97381,0.412805,-46.558763,11310.998144,11311.182816933388
221.98381,0.413024,-46.557451,11310.532563,11309.710127352077
221.99381,0.413242,-46.556139,11310.066995,11311.852123913735
222.00381,0.41346,-46.554827,11309.60144,11307.799081673042
222.01381,0.413677,-46.553515,11309.135898,11310.629002640902
222.02381,0.413895,-46.552203,11308.67037,11310.50221223116
222.03381,0.414112,-46.550892,11308.204854,11308.98443164487
222.04381,0.414329,-46.549581,11307.739352,11308.274050182565
222.05381,0.414547,-46.54827,11307.273862,11308.406988487106
222.06381,0.414763,-46.546959,11306.808386,11306.258791697988
222.07381,0.41498,-46.545648,11306.342923,11307.995742507252
222.08381,0.415197,-46.544338,11305.877473,11305.938666801158
222.09381,0.415413,-46.543028,11305.412036,11306.261513843107
222.10381,0.41563,-46.541718,11304.946613,11306.087910097516
222.11381,0.415846,-46.540408,11304.481202,11306.87167916668
222.12381,0.416062,-46.539099,11304.015805,11305.842208261643
222.13381,0.416277,-46.537789,11303.55042,11303.083960412983
222.14381,0.416493,-46.53648,11303.085049,11301.58919128868
222.15381,0.416708,-46.535171,11302.619691,11303.655202043037
222.16381,0.416923,-46.533862,11302.154345,11301.072249740266
222.17381,0.417139,-46.532554,11301.689013,11304.29861896262
222.18381,0.417353,-46.531245,11301.223694,11299.81644728188
222.19381,0.417568,-46.529937,11300.758388,11301.789703929384
222.20381,0.417783,-46.528629,11300.293096,11299.422138159225
222.21381,0.417997,-46.527321,11299.827816,11298.841702619646
222.22381,0.418211,-46.526014,11299.362549,11299.781156982312
222.23381,0.418425,-46.524707,11298.897296,11302.661532901346
222.24381,0.418639,-46.523399,11298.432055,11298.301784871886
222.25381,0.418852,-46.522092,11297.966828,11296.182644987339
222.26381,0.419066,-46.520786,11297.501613,11297.201240086435
222.27381,0.419279,-46.519479,11297.036412,11298.559919894637
222.28381,0.419492,-46.518173,11296.571224,11298.08033235122
222.29381,0.419705,-46.516866,11296.106048,11298.053019636489
222.30381,0.419917,-46.51556,11295.640886,11296.560129793075
222.31381,0.42013,-46.514255,11295.175737,11296.326786368201
222.32381,0.420342,-46.512949,11294.710601,11295.79010883067
222.33381,0.420554,-46.511644,11294.245478,11292.817737304611
222.34381,0.420766,-46.510338,11293.780368,11293.645701226966
222.35381,0.420977,-46.509033,11293.315271,11294.046178115239
222.36381,0.421189,-46.507729,11292.850188,11292.852068470094
222.37381,0.4214,-46.506424,11292.385117,11295.158334863137
222.38381,0.421611,-46.50512,11291.920059,11291.625761581696
222.39381,0.421822,-46.503815,11291.455014,11292.70610923278
222.40381,0.422032,-46.502511,11290.989983,11294.995686479699
222.41381,0.422243,-46.501208,11290.524964,11292.600074150943
222.42381,0.422453,-46.499904,11290.059959,11293.997726416545
222.43381,0.422663,-46.4986,11289.594966,11290.621134987488
222.44381,0.422873,-46.497297,11289.129987,11289.378723014399
222.45381,0.423082,-46.495994,11288.66502,11288.400902772079
222.46381,0.423292,-46.494691,11288.200067,11291.21403178334
222.47381,0.423501,-46.493389,11287.735126,11288.994045673242
222.48381,0.42371,-46.492086,11287.270199,11287.047134314378
222.49381,0.423919,-46.490784,11286.805285,11289.933304862227
222.50381,0.424127,-46.489482,11286.340383,11290.597140027729
222.51381,0.424335,-46.48818,11285.875495,11288.317126999002
222.52381,0.424543,-46.486878,11285.41062,11285.049661486217
222.53381,0.424751,-46.485577,11284.945757,11283.887916127376
222.54381,0.424959,-46.484275,11284.480908,11284.434403008716
222.55381,0.425166,-46.482974,11284.016072,11284.039672208539
222.56381,0.425374,-46.481673,11283.551249,11282.583339804289
222.57381,0.42558,-46.480373,11283.086438,11283.682090603881
222.58381,0.425787,-46.479072,11282.621641,11282.986837230155
222.59381,0.425994,-46.477772,11282.156857,11282.56246492717
222.60381,0.4262,-46.476472,11281.692086,11281.678501197806
222.61381,0.426406,-46.475172,11281.227328,11283.820279669897
222.62381,0.426612,-46.473872,11280.762582,11280.657578318813
222.63381,0.426818,-46.472572,11280.29785,11281.867161927692
222.64381,0.427023,-46.471273,11279.833131,11280.578985835955
222.65381,0.427228,-46.469974,11279.368425,11278.600213302581
222.66381,0.427433,-46.468675,11278.903731,11278.927751300804
222.67381,0.427638,-46.467376,11278.439051,11279.55097283035
222.68381,0.427842,-46.466077,11277.974384,11278.370992541477
222.69381,0.428047,-46.464779,11277.50973,11276.644034463501
222.70381,0.428251,-46.46348,11277.045088,11276.369887509694
222.71381,0.428455,-46.462182,11276.58046,11277.308434264882
222.72381,0.428658,-46.460884,11276.115845,11276.475784004819
222.73381,0.428861,-46.459587,11275.651242,11278.761103197106
222.74381,0.429065,-46.458289,11275.186653,11275.295486913543
222.75381,0.429267,-46.456992,11274.722077,11276.210208983852
222.76381,0.42947,-46.455695,11274.257513,11277.023150988276
222.77381,0.429672,-46.454398,11273.792963,11270.892426998007
222.78381,0.429875,-46.453101,11273.328425,11276.374560433724
222.79381,0.430077,-46.451805,11272.863901,11273.096412408413
222.80381,0.430278,-46.450508,11272.399389,11275.00020897322
222.81381,0.43048,-46.449212,11271.934891,11272.671798450961
222.82381,0.430681,-46.447916,11271.470405,11271.550419019504
222.83381,0.430882,-46.44662,11271.005932,11269.912667895083
222.84381,0.431083,-46.445325,11270.541472,11270.450816642213
222.85381,0.431283,-46.444029,11270.077026,11271.420091376585
222.86381,0.431483,-46.442734,11269.612592,11270.733845515166
222.87381,0.431683,-46.441439,11269.148171,11270.045695078868
222.88381,0.431883,-46.440144,11268.683763,11267.59624841516
222.89381,0.432083,-46.438849,11268.219368,11266.415745440654
222.90381,0.432282,-46.437555,11267.754986,11270.886196075646
222.91381,0.432481,-46.436261,11267.290617,11267.624400682434
222.92381,0.43268,-46.434967,11266.826261,11268.15884272662
222.93381,0.432878,-46.433673,11266.361918,11266.849660632179
222.94381,0.433076,-46.432379,11265.897587,11267.082017325274
222.95381,0.433274,-46.431085,11265.43327,11265.41130059388
222.96381,0.433472,-46.429792,11264.968966,11264.914544571791
222.97381,0.43367,-46.428499,11264.504674,11266.61605941817
222.98381,0.433867,-46.427206,11264.040396,11265.121118907335
222.99381,0.434064,-46.425913,11263.57613,11265.060502083692
223.00381,0.434261,-46.42462,11263.111877,11262.889752732131
223.01381,0.434457,-46.423328,11262.647638,11260.107818383945
223.02381,0.434654,-46.422036,11262.183411,11262.269380063402
223.03381,0.43485,-46.420743,11261.719197,11262.940222206747
223.04381,0.435046,-46.419452,11261.254996,11262.9436856519
223.05381,0.435241,-46.41816,11260.790808,11261.023395033584
223.06381,0.435436,-46.416868,11260.326633,11260.92696433111
223.07381,0.435631,-46.415577,11259.862471,11261.599102523383
223.08381,0.435826,-46.414286,11259.398321,11262.791437407363
223.09381,0.436021,-46.412995,11258.934185,11258.646143788514
223.10381,0.436215,-46.411704,11258.470061,11260.421332265041
223.11381,0.436409,-46.410413,11258.005951,11257.74714018017
223.12381,0.436603,-46.409123,11257.541853,11259.662891477148
223.13381,0.436796,-46.407833,11257.077768,11257.372975368073
223.14381,0.43699,-46.406543,11256.613697,11258.805391898906
223.15381,0.437183,-46.405253,11256.149638,11255.851271033554
223.16381,0.437375,-46.403963,11255.685591,11253.863018098395
223.17381,0.437568,-46.402674,11255.221558,11254.646782512393
223.18381,0.43776,-46.401384,11254.757538,11254.448052105803
223.19381,0.437952,-46.400095,11254.293531,11256.669106612093
223.20381,0.438144,-46.398806,11253.829536,11252.61497605103
223.21381,0.438335,-46.397518,11253.365554,11254.41239113733
223.22381,0.438526,-46.396229,11252.901586,11255.111081398652
223.23381,0.438717,-46.394941,11252.43763,11252.565624227575
223.24381,0.438908,-46.393652,11251.973687,11249.901708366717
223.25381,0.439098,-46.392364,11251.509757,11251.096036580475
223.26381,0.439288,-46.391076,11251.04584,11253.95564419577
223.27381,0.439478,-46.389789,11250.581935,11252.247189297004
223.28381,0.439668,-46.388501,11250.118044,11249.519291749575
223.29381,0.439857,-46.387214,11249.654165,11252.6032183786
223.30381,0.440046,-46.385927,11249.1903,11251.575955281767
223.31381,0.440235,-46.38464,11248.726447,11245.774798989907
223.32381,0.440424,-46.383353,11248.262607,11251.26899316556
223.33381,0.440612,-46.382067,11247.79878,11246.77138044324
223.34381,0.4408,-46.38078,11247.334965,11248.603419625792
223.35381,0.440988,-46.379494,11246.871164,11246.748353492261
223.36381,0.441176,-46.378208,11246.407376,11249.41590870415
223.37381,0.441363,-46.376922,11245.9436,11247.959056460682
223.38381,0.44155,-46.375636,11245.479837,11246.601380263435
223.39381,0.441736,-46.374351,11245.016087,11242.030206880394
223.40381,0.441923,-46.373065,11244.55235,11246.825223158783
223.41381,0.442109,-46.37178,11244.088626,11245.718957054432
223.42381,0.442295,-46.370495,11243.624914,11244.407148536988
223.43381,0.442481,-46.369211,11243.161216,11243.778094765252
223.44381,0.442666,-46.367926,11242.69753,11242.409047692334
223.45381,0.442851,-46.366642,11242.233857,11241.068848405626
223.46381,0.443036,-46.365357,11241.770197,11241.137280824665
223.47381,0.443221,-46.364073,11241.30655,11240.838870245734
223.48381,0.443405,-46.362789,11240.842916,11238.579899825
223.49381,0.443589,-46.361506,11240.379294,11239.680659787145
223.50381,0.443773,-46.360222,11239.915686,11241.169315704285
223.51381,0.443957,-46.358939,11239.45209,11239.6601232537
223.52381,0.44414,-46.357656,11238.988507,11238.291113331034
223.53381,0.444323,-46.356373,11238.524937,11241.853074135242
223.54381,0.444506,-46.35509,11238.06138,11240.981871661905
223.55381,0.444688,-46.353807,11237.597835,11241.300226274558
223.56381,0.44487,-46.352525,11237.134303,11239.980660021285
223.57381,0.445052,-46.351243,11236.670785,11237.118699475857
223.58381,0.445234,-46.34996,11236.207279,11238.853979302583
223.59381,0.445415,-46.348679,11235.743785,11234.283703852283
223.60381,0.445596,-46.347397,11235.280305,11237.387977153532
223.61381,0.445777,-46.346115,11234.816837,11235.04275345372
223.62381,0.445958,-46.344834,11234.353383,11233.788428600355
223.63381,0.446138,-46.343553,11233.889941,11234.651987503545
223.64381,0.446318,-46.342272,11233.426512,11233.616315880981
223.65381,0.446498,-46.340991,11232.963095,11233.638360232462
223.66381,0.446677,-46.33971,11232.499692,11231.767716371465
223.67381,0.446857,-46.33843,11232.036301,11232.02106587753
223.68381,0.447036,-46.337149,11231.572923,11235.370075628192
223.69381,0.447214,-46.335869,11231.109558,11232.819078566645
223.70381,0.447393,-46.334589,11230.646206,11230.554850756242
223.71381,0.447571,-46.333309,11230.182866,11230.8571469028
223.72381,0.447749,-46.33203,11229.71954,11230.427680472616
223.73381,0.447926,-46.33075,11229.256226,11228.97498667933
223.74381,0.448104,-46.329471,11228.792925,11227.241433266663
223.75381,0.448281,-46.328192,11228.329636,11228.367408787735
223.76381,0.448457,-46.326913,11227.866361,11229.58824152946
223.77381,0.448634,-46.325635,11227.403098,11228.372067111164
223.78381,0.44881,-46.324356,11226.939848,11226.515606521061
223.79381,0.448986,-46.323078,11226.476611,11225.067491539592
223.80381,0.449162,-46.321799,11226.013387,11226.78674960396
223.81381,0.449337,-46.320521,11225.550175,11224.452512829988
223.82381,0.449513,-46.319244,11225.086976,11224.995519913495
223.83381,0.449687,-46.317966,11224.62379,11225.186128868072
223.84381,0.449862,-46.316689,11224.160617,11225.205313891867
223.85381,0.450036,-46.315411,11223.697456,11225.544452151258
223.86381,0.45021,-46.314134,11223.234309,11223.695685846897
223.87381,0.450384,-46.312857,11222.771174,11220.531949298227
223.88381,0.450558,-46.31158,11222.308051,11221.707614293668
223.89381,0.450731,-46.310304,11221.844942,11221.781689882886
223.90381,0.450904,-46.309027,11221.381845,11219.676418135907
223.91381,0.451077,-46.307751,11220.918762,11222.263955079236
223.92381,0.451249,-46.306475,11220.45569,11221.966031089127
223.93381,0.451421,-46.305199,11219.992632,11218.37430453037
223.94381,0.451593,-46.303923,11219.529586,11219.681326643127
223.95381,0.451765,-46.302648,11219.066554,11220.163607878698
223.96381,0.451936,-46.301372,11218.603533,11218.309400317745
223.97381,0.452107,-46.300097,11218.140526,11219.738709323059
223.98381,0.452278,-46.298822,11217.677532,11219.13813259904
223.99381,0.452449,-46.297547,11217.21455,11218.966323522262
224.00381,0.452619,-46.296273,11216.751581,11216.716553838063
224.01381,0.452789,-46.294998,11216.288624,11217.545885587837
224.02381,0.452959,-46.293724,11215.825681,11216.1805000143
224.03381,0.453128,-46.29245,11215.36275,11215.102292958418
224.04381,0.453297,-46.291176,11214.899832,11214.38018728824
224.05381,0.453466,-46.289902,11214.436926,11212.16237771237
224.06381,0.453635,-46.288628,11213.974034,11213.076708466599
224.07381,0.453803,-46.287355,11213.511154,11214.743593494608
224.08381,0.453971,-46.286082,11213.048286,11213.817787163218
224.09381,0.454139,-46.284809,11212.585432,11213.054852325315
224.10381,0.454307,-46.283536,11212.12259,11214.57785747647
224.11381,0.454474,-46.282263,11211.659761,11211.907035292352
224.12381,0.454641,-46.28099,11211.196945,11211.561889548999
224.13381,0.454807,-46.279718,11210.734141,11208.271876878312
224.14381,0.454974,-46.278446,11210.271351,11211.582033195578
224.15381,0.45514,-46.277174,11209.808573,11210.166075658955
224.16381,0.455306,-46.275902,11209.345807,11211.457409950573
224.17381,0.455472,-46.27463,11208.883055,11208.29418873727
224.18381,0.455637,-46.273359,11208.420315,11207.706694793513
224.19381,0.455802,-46.272087,11207.957587,11209.55079534383
224.20381,0.455967,-46.270816,11207.494873,11208.269068059442
224.21381,0.456131,-46.269545,11207.032171,11209.9608977777
224.22381,0.456296,-46.268274,11206.569482,11204.858303145924
224.23381,0.45646,-46.267004,11206.106806,11211.462438701075
224.24381,0.456623,-46.265733,11205.644142,11206.866925418233
224.25381,0.456787,-46.264463,11205.181491,11206.915801073284
224.26381,0.45695,-46.263193,11204.718853,11205.446966852734
224.27381,0.457113,-46.261923,11204.256227,11206.222361020264
224.28381,0.457276,-46.260653,11203.793614,11204.697962826102
224.29381,0.457438,-46.259383,11203.331014,11202.143464923745
224.30381,0.4576,-46.258114,11202.868426,11201.810061338878
224.31381,0.457762,-46.256844,11202.405852,11204.030298154583
224.32381,0.457923,-46.255575,11201.94329,11200.987183618472
224.33381,0.458085,-46.254306,11201.48074,11199.899829883063
224.34381,0.458246,-46.253038,11201.018203,11202.886070810517
224.35381,0.458406,-46.251769,11200.555679,11200.779141401812
224.36381,0.458567,-46.250501,11200.093168,11200.40809229916
224.37381,0.458727,-46.249232,11199.630669,11200.278326128846
224.38381,0.458887,-46.247964,11199.168183,11200.914961253795
224.39381,0.459047,-46.246696,11198.70571,11199.766777473029
224.40381,0.459206,-46.245429,11198.24325,11197.3366962797
224.41381,0.459365,-46.244161,11197.780802,11199.072421699902
224.42381,0.459524,-46.242894,11197.318366,11200.541452567317
224.43381,0.459682,-46.241626,11196.855944,11198.410226127371
224.44381,0.459841,-46.240359,11196.393534,11196.80307498132
224.45381,0.459999,-46.239093,11195.931137,11198.183972946865
224.46381,0.460156,-46.237826,11195.468752,11196.566330019461
224.47381,0.460314,-46.236559,11195.00638,11196.54701905103
224.48381,0.460471,-46.235293,11194.544021,11195.832938963094
224.49381,0.460628,-46.234027,11194.081674,11192.455103525794
224.50381,0.460785,-46.232761,11193.61934,11196.673442686746
224.51381,0.460941,-46.231495,11193.157019,11190.36788314537
224.52381,0.461097,-46.230229,11192.69471,11193.964017091042
224.53381,0.461253,-46.228964,11192.232414,11194.905874953067
224.54381,0.461409,-46.227698,11191.770131,11191.405511616791
224.55381,0.461564,-46.226433,11191.30786,11191.84321773027
224.56381,0.461719,-46.225168,11190.845602,11188.446987825593
224.57381,0.461874,-46.223903,11190.383357,11193.448356463105
224.58381,0.462028,-46.222639,11189.921124,11190.730935585252
224.59381,0.462183,-46.221374,11189.458904,11191.12112837926
224.60381,0.462337,-46.22011,11188.996697,11192.843437846592
224.61381,0.46249,-46.218846,11188.534502,11189.093764176116
224.62381,0.462644,-46.217582,11188.07232,11191.39100237618
224.63381,0.462797,-46.216318,11187.61015,11188.441598432333
224.64381,0.463073,-46.215054,11187.147994,11184.316926522795
224.65381,0.463355,-46.213791,11186.685849,11186.608261241436
224.66381,0.463636,-46.212528,11186.223718,11187.047134842227
224.67381,0.463917,-46.211264,11185.761599,11186.390168307036
224.68381,0.464197,-46.210001,11185.299492,11188.70593077753
224.69381,0.464476,-46.208738,11184.837399,11185.599746891621
224.70381,0.464755,-46.207475,11184.375318,11185.054162636861
224.71381,0.465033,-46.206212,11183.913249,11183.711547410527
224.72381,0.465311,-46.204949,11183.451193,11187.162630741048
224.73381,0.465588,-46.203687,11182.98915,11183.885111480226
224.74381,0.465864,-46.202424,11182.52712,11182.226528281679
224.75381,0.46614,-46.201161,11182.065102,11184.35536528911
224.76381,0.466415,-46.199899,11181.603096,11183.462184086307
224.77381,0.46669,-46.198637,11181.141104,11180.787027315573
224.78381,0.466964,-46.197375,11180.679124,11182.06637174817
224.79381,0.467238,-46.196113,11180.217156,11179.946637326613
224.80381,0.467511,-46.194851,11179.755201,11180.695601871455
224.81381,0.467783,-46.193589,11179.293259,11179.48279064174
224.82381,0.468055,-46.192327,11178.83133,11177.927009979874
224.83381,0.468326,-46.191066,11178.369413,11176.357451143294
224.84381,0.468596,-46.189804,11177.907508,11176.719435340296
224.85381,0.468866,-46.188543,11177.445617,11180.366783257956
224.86381,0.469136,-46.187282,11176.983737,11174.672534089286
224.87381,0.469405,-46.186021,11176.521871,11179.823506993916
224.88381,0.469673,-46.18476,11176.060017,11175.09306839296
224.89381,0.469941,-46.183499,11175.598176,11176.607914132972
224.90381,0.470208,-46.182238,11175.136347,11176.525991639779
224.91381,0.470475,-46.180978,11174.674531,11176.626757747057
224.92381,0.470741,-46.179717,11174.212728,11172.326173067664
224.93381,0.471006,-46.178457,11173.750937,11174.164112687587
224.94381,0.471271,-46.177196,11173.289158,11175.1512389345
224.95381,0.471535,-46.175936,11172.827393,11171.538734220936
224.96381,0.471799,-46.174676,11172.36564,11172.252575624094
224.97381,0.472062,-46.173416,11171.903899,11170.638383663863
224.98381,0.472325,-46.172156,11171.442171,11169.484289633601
224.99381,0.472587,-46.170896,11170.980456,11169.977134490786
225.00381,0.472849,-46.169637,11170.518753,11171.059985162288
225.01381,0.47311,-46.168377,11170.057063,11169.86864355567
225.02381,0.47337,-46.167118,11169.595386,11167.42940716853
225.03381,0.47363,-46.165859,11169.133721,11169.998889469216
225.04381,0.473889,-46.1646,11168.672069,11168.876595989828
225.05381,0.474148,-46.163341,11168.210429,11167.874355380402
225.06381,0.474415,-46.162082,11167.748802,11169.50662436725
225.07381,0.474688,-46.160822,11167.287187,11169.342662968334
225.08381,0.474961,-46.159563,11166.825585,11166.142928033354
225.09381,0.475234,-46.158303,11166.363996,11165.094112431472
225.10381,0.475505,-46.157042,11165.902419,11163.79988411011
225.11381,0.475776,-46.155781,11165.440855,11167.977086929239
225.12381,0.476047,-46.15452,11164.979304,11163.858295902517
225.13381,0.476316,-46.153258,11164.517765,11166.187921697214
225.14381,0.476585,-46.151996,11164.056239,11162.283225148938
225.15381,0.476854,-46.150734,11163.594725,11165.425440971809
225.16381,0.477122,-46.149471,11163.133224,11164.221348482019
225.17381,0.477389,-46.148208,11162.671736,11163.187295485683
225.18381,0.477656,-46.146945,11162.21026,11160.625130302029
225.19381,0.477922,-46.145681,11161.748797,11163.235044939593
225.20381,0.478187,-46.144417,11161.287346,11161.635918778433
225.21381,0.478452,-46.143152,11160.825908,11161.26166407234
225.22381,0.478716,-46.141887,11160.364483,11162.123394738148
225.23381,0.47898,-46.140622,11159.903071,11161.64101083441
225.24381,0.479243,-46.139356,11159.441671,11161.45510362929
225.25381,0.479506,-46.13809,11158.980283,11157.17043280013
225.26381,0.479767,-46.136824,11158.518909,11159.455517343087
225.27381,0.480029,-46.135557,11158.057547,11160.277285011767
225.28381,0.480289,-46.13429,11157.596198,11158.632370496825
225.29381,0.480549,-46.133023,11157.134861,11157.050804347155
225.30381,0.480809,-46.131755,11156.673537,11158.137414338875
225.31381,0.481067,-46.130487,11156.212226,11157.830135165497
225.32381,0.481326,-46.129219,11155.750928,11154.686439034624
225.33381,0.481583,-46.12795,11155.289642,11157.4324187396
225.34381,0.48184,-46.126681,11154.828369,11155.954960613917
225.35381,0.482097,-46.125411,11154.367108,11154.761690987902
225.36381,0.482353,-46.124142,11153.90586,11154.26712596693
225.37381,0.482608,-46.122872,11153.444625,11152.889507999951
225.38381,0.482863,-46.121601,11152.983403,11153.93560798366
225.39381,0.483117,-46.120331,11152.522193,11153.520260366195
225.40381,0.48337,-46.11906,11152.060996,11152.244708023863
225.41381,0.483623,-46.117788,11151.599812,11150.234962065555
225.42381,0.483876,-46.116517,11151.138641,11153.004264859686
225.43381,0.484127,-46.115245,11150.677482,11149.710485211359
225.44381,0.484378,-46.113973,11150.216336,11151.31498163588
225.45381,0.484629,-46.1127,11149.755202,11151.37816456714
225.46381,0.484879,-46.111427,11149.294082,11147.800321790633
225.47381,0.485129,-46.110154,11148.832974,11150.738085066783
225.48381,0.485377,-46.10888,11148.371879,11149.039825957181
225.49381,0.485626,-46.107607,11147.910796,11147.306890841002
225.50381,0.485873,-46.106333,11147.449726,11147.769874472739
225.51381,0.486121,-46.105058,11146.988669,11148.267901468087
225.52381,0.486367,-46.103784,11146.527625,11146.952425948031
225.53381,0.486613,-46.102509,11146.066594,11144.438821733798
225.54381,0.486859,-46.101233,11145.605575,11145.05712702077
225.55381,0.487104,-46.099958,11145.144569,11145.90266415375
225.56381,0.487348,-46.098682,11144.683576,11145.636513106718
225.57381,0.487592,-46.097406,11144.222595,11145.432813495898
225.58381,0.487835,-46.09613,11143.761628,11143.031216025372
225.59381,0.488078,-46.094853,11143.300673,11143.29889203862
225.60381,0.48832,-46.093576,11142.839731,11142.153231815892
225.61381,0.488561,-46.092299,11142.378801,11144.302981142593
225.62381,0.488802,-46.091021,11141.917885,11143.734558193952
225.63381,0.489043,-46.089744,11141.456981,11142.369289888402
225.64381,0.489282,-46.088466,11140.99609,11142.477624509753
225.65381,0.489522,-46.087187,11140.535212,11140.248471722814
225.66381,0.48976,-46.085909,11140.074346,11139.634799999614
225.67381,0.489999,-46.08463,11139.613493,11140.117886604703
225.68381,0.490236,-46.083351,11139.152654,11139.643275799683
225.69381,0.490473,-46.082071,11138.691826,11139.074032240615
225.70381,0.49071,-46.080792,11138.231012,11140.133761687412
225.71381,0.490946,-46.079512,11137.770211,11139.614123603997
225.72381,0.491181,-46.078232,11137.309422,11139.57730199553
225.73381,0.491416,-46.076952,11136.848646,11137.674307966585
225.74381,0.491651,-46.075671,11136.387883,11134.895222871457
225.75381,0.491885,-46.07439,11135.927133,11135.288066462028
225.76381,0.492118,-46.073109,11135.466395,11135.452255794671
225.77381,0.492351,-46.071828,11135.00567,11135.926820805156
225.78381,0.492583,-46.070546,11134.544959,11135.431110712208
225.79381,0.492815,-46.069264,11134.084259,11132.887302602167
225.80381,0.493046,-46.067982,11133.623573,11131.744482332364
225.81381,0.493276,-46.0667,11133.1629,11135.536515837635
225.82381,0.493506,-46.065417,11132.702239,11134.608145230273
225.83381,0.493736,-46.064134,11132.241591,11136.768990358412
225.84381,0.493965,-46.062851,11131.780957,11129.406520495531
225.85381,0.494193,-46.061568,11131.320334,11134.636769361296
225.86381,0.494421,-46.060285,11130.859725,11133.555717181354
225.87381,0.494649,-46.059001,11130.399129,11130.729210602403
225.88381,0.494876,-46.057717,11129.938545,11128.62571973368
225.89381,0.495102,-46.056433,11129.477974,11129.75767062736
225.90381,0.495328,-46.055148,11129.017417,11129.7689256668
225.91381,0.495553,-46.053864,11128.556871,11130.28813453075
225.92381,0.495778,-46.052579,11128.096339,11129.575926890906
225.93381,0.496002,-46.051294,11127.63582,11128.553922920788
225.94381,0.496226,-46.050009,11127.175313,11128.117590381029
225.95381,0.496449,-46.048723,11126.71482,11128.142680602643
225.96381,0.496672,-46.047437,11126.254339,11126.93355555269
225.97381,0.496894,-46.046152,11125.793871,11127.065397242532
225.98381,0.497116,-46.044865,11125.333416,11126.518664554891
225.99381,0.497337,-46.043579,11124.872974,11127.993307605082
226.00381,0.497558,-46.042293,11124.412544,11124.809600699882
226.01381,0.497778,-46.041006,11123.952128,11123.970819581642
226.02381,0.497998,-46.039719,11123.491724,11122.862950293953
226.03381,0.498217,-46.038432,11123.031333,11123.01251920942
226.04381,0.498436,-46.037144,11122.570956,11121.130311111294
226.05381,0.498654,-46.035857,11122.110591,11120.160718565767
226.06381,0.498871,-46.034569,11121.650238,11123.976144731472
226.07381,0.499088,-46.033281,11121.189899,11120.989034530163
226.08381,0.499305,-46.031993,11120.729573,11120.957369282545
226.09381,0.499521,-46.030705,11120.269259,11121.727873703338
226.10381,0.499737,-46.029416,11119.808959,11121.726767687991
226.11381,0.499952,-46.028128,11119.348671,11121.203574768768
226.12381,0.500167,-46.026839,11118.888396,11119.629416144066
226.13381,0.500381,-46.02555,11118.428134,11118.763156295168
226.14381,0.500594,-46.024261,11117.967885,11119.449437682222
226.15381,0.500807,-46.022971,11117.507649,11118.288343801663
226.16381,0.50102,-46.021682,11117.047426,11116.362527610901
226.17381,0.501232,-46.020392,11116.587215,11116.905785066354
226.18381,0.501444,-46.019102,11116.127018,11118.771326546555
226.19381,0.501655,-46.017812,11115.666833,11113.599193818445
226.20381,0.501866,-46.016521,11115.206662,11117.017036902367
226.21381,0.502076,-46.015231,11114.746503,11115.379210487441
226.22381,0.502286,-46.01394,11114.286357,11113.978327096951
226.23381,0.502495,-46.012649,11113.826224,11112.186416152394
226.24381,0.502704,-46.011358,11113.366104,11112.888520550128
226.25381,0.502912,-46.010067,11112.905997,11114.637139268461
226.26381,0.503119,-46.008776,11112.445903,11110.09694621685
226.27381,0.503327,-46.007485,11111.985821,11112.73083641475
226.28381,0.503534,-46.006193,11111.525753,11113.846690950999
226.29381,0.50374,-46.004901,11111.065698,11113.0087675837
226.30381,0.503946,-46.003609,11110.605655,11109.852444210359
226.31381,0.504151,-46.002317,11110.145625,11111.380014444569
226.32381,0.504356,-46.001025,11109.685609,11112.224523036284
226.33381,0.50456,-45.999732,11109.225605,11110.23294072792
226.34381,0.504764,-45.99844,11108.765614,11108.006097502717
226.35381,0.504968,-45.997147,11108.305636,11108.26640004008
226.36381,0.505171,-45.995854,11107.845671,11109.119571273235
226.37381,0.505373,-45.994561,11107.385719,11109.965982050217
226.38381,0.505575,-45.993268,11106.92578,11109.503628691926
226.39381,0.505777,-45.991975,11106.465854,11106.67698851379
226.40381,0.505978,-45.990681,11106.00594,11105.808576964664
226.41381,0.506178,-45.989388,11105.54604,11105.448794013093
226.42381,0.506378,-45.988094,11105.086153,11104.694075807503
226.43381,0.506578,-45.9868,11104.626278,11107.572719722577
226.44381,0.506777,-45.985506,11104.166417,11103.383484852639
226.45381,0.506976,-45.984212,11103.706568,11105.706140296503
226.46381,0.507174,-45.982917,11103.246732,11105.08389208459
226.47381,0.507372,-45.981623,11102.78691,11102.206593375395
226.48381,0.50757,-45.980328,11102.3271,11102.427533280634
226.49381,0.507766,-45.979034,11101.867303,11105.06636411207
226.50381,0.507963,-45.977739,11101.407519,11103.724565054561
226.51381,0.508159,-45.976444,11100.947748,11103.11729053937
226.52381,0.508354,-45.975149,11100.48799,11098.512940494125
226.53381,0.508549,-45.973854,11100.028245,11100.562462349788
226.54381,0.508744,-45.972558,11099.568513,11098.858698640455
226.55381,0.508938,-45.971263,11099.108794,11100.41837146305
226.56381,0.509132,-45.969967,11098.649088,11100.395211763302
226.57381,0.509325,-45.968671,11098.189395,11099.25298994033
226.58381,0.509518,-45.967376,11097.729715,11098.731972480358
226.59381,0.50971,-45.96608,11097.270047,11097.552231985605
226.60381,0.509902,-45.964784,11096.810393,11098.942459903392
226.61381,0.510094,-45.963487,11096.350752,11097.567693176887
226.62381,0.510285,-45.962191,11095.891123,11100.047363203192
226.63381,0.510475,-45.960895,11095.431508,11094.851816888135
226.64381,0.510665,-45.959598,11094.971905,11092.429583710755
226.65381,0.510855,-45.958301,11094.512316,11096.950078911152
226.66381,0.511044,-45.957005,11094.052739,11097.184698833273
226.67381,0.511233,-45.955708,11093.593176,11093.609351943363
226.68381,0.511421,-45.954411,11093.133625,11093.853920171723
226.69381,0.511609,-45.953114,11092.674088,11090.481756347199
226.70381,0.511797,-45.951817,11092.214563,11093.78358920552
226.71381,0.511984,-45.950519,11091.755051,11094.912301869743
226.72381,0.51217,-45.949222,11091.295553,11088.188809919406
226.73381,0.512357,-45.947924,11090.836067,11091.810136586075
226.74381,0.512542,-45.946627,11090.376594,11093.917442789869
226.75381,0.512728,-45.945329,11089.917134,11090.430869329542
226.76381,0.512912,-45.944031,11089.457687,11088.816799487975
226.77381,0.513097,-45.942733,11088.998254,11090.4761120223
226.78381,0.513281,-45.941435,11088.538833,11088.56545124645
226.79381,0.513464,-45.940137,11088.079425,11090.492083786416
226.80381,0.513648,-45.938839,11087.62003,11087.097290728565
226.81381,0.51383,-45.937541,11087.160648,11086.332200269995
226.82381,0.514012,-45.936243,11086.701279,11086.612902566438
226.83381,0.514194,-45.934944,11086.241923,11084.794617893882
226.84381,0.514376,-45.933646,11085.78258,11086.328734319351
226.85381,0.514557,-45.932347,11085.32325,11086.793631098824
226.86381,0.514737,-45.931048,11084.863933,11083.411036335658
226.87381,0.514917,-45.929749,11084.404629,11085.02855387362
226.88381,0.515097,-45.928451,11083.945338,11085.790890584492
226.89381,0.515276,-45.927152,11083.48606,11083.17312894972
226.90381,0.515455,-45.925853,11083.026795,11083.1343853482
226.91381,0.515634,-45.924553,11082.567543,11081.278211759223
226.92381,0.515812,-45.923254,11082.108304,11080.622950586087
226.93381,0.515989,-45.921955,11081.649078,11081.169604074936
226.94381,0.516167,-45.920656,11081.189865,11081.865481485227
226.95381,0.516343,-45.919356,11080.730665,11081.537899866054
226.96381,0.51652,-45.918057,11080.271478,11080.825762971857
226.97381,0.516696,-45.916757,11079.812304,11082.87917312064
226.98381,0.516871,-45.915457,11079.353143,11080.334950150445
226.99381,0.517046,-45.914158,11078.893995,11078.995096036475
227.00381,0.517221,-45.912858,11078.43486,11076.985152942152
227.01381,0.517395,-45.911558,11077.975738,11077.239814843966
227.02381,0.517569,-45.910258,11077.516629,11077.681278279906
227.03381,0.517743,-45.908958,11077.057533,11077.207269324314
227.04381,0.517916,-45.907658,11076.598449,11078.251292940318
227.05381,0.518088,-45.906358,11076.139379,11076.675341647833
227.06381,0.518261,-45.905058,11075.680322,11075.500238435397
227.07381,0.518433,-45.903757,11075.221278,11077.0072060714
227.08381,0.518604,-45.902457,11074.762247,11077.625145758686
227.09381,0.518775,-45.901157,11074.303229,11072.527748861374
227.10381,0.518946,-45.899856,11073.844224,11074.3001066591
227.11381,0.519116,-45.898556,11073.385232,11074.600308279842
227.12381,0.519286,-45.897255,11072.926253,11073.561172726279
227.13381,0.519455,-45.895954,11072.467287,11070.039343312385
227.14381,0.519624,-45.894654,11072.008334,11072.623709805977
227.15381,0.519793,-45.893353,11071.549394,11073.973665229685
227.16381,0.519961,-45.892052,11071.090467,11071.796483001352
227.17381,0.520129,-45.890751,11070.631553,11071.089536456417
227.18381,0.520296,-45.88945,11070.172652,11070.185009153145
227.19381,0.520463,-45.888149,11069.713764,11072.769237338658
227.20381,0.52063,-45.886848,11069.254889,11071.242935026548
227.21381,0.520796,-45.885547,11068.796027,11070.585650671377
227.22381,0.520962,-45.884246,11068.337178,11068.13291862702
227.23381,0.521128,-45.882945,11067.878342,11066.265656420697
227.24381,0.521293,-45.881644,11067.419519,11066.924343593331
227.25381,0.521458,-45.880343,11066.960709,11067.281483327253
227.26381,0.521622,-45.879041,11066.501912,11068.375594510757
227.27381,0.521786,-45.87774,11066.043128,11067.403810560592
227.28381,0.521949,-45.876439,11065.584357,11064.53789509061
227.29381,0.522112,-45.875137,11065.125599,11067.379419198984
227.30381,0.522275,-45.873836,11064.666855,11063.876893786877
227.31381,0.522438,-45.872534,11064.208123,11063.380620087326
227.32381,0.5226,-45.871233,11063.749404,11062.366809133746
227.33381,0.522761,-45.869931,11063.290698,11064.624634416048
227.34381,0.522922,-45.86863,11062.832005,11062.87272690802
227.35381,0.523083,-45.867328,11062.373325,11063.18188825546
227.36381,0.523244,-45.866026,11061.914659,11062.37490395137
227.37381,0.523404,-45.864725,11061.456005,11061.108625481758
227.38381,0.523563,-45.863423,11060.997364,11063.140031812272
227.39381,0.523723,-45.862121,11060.538736,11061.431947742974
227.40381,0.523882,-45.860819,11060.080122,11060.664498625047
227.41381,0.52404,-45.859518,11059.62152,11059.818370733426
227.42381,0.524199,-45.858216,11059.162931,11060.873976307472
227.43381,0.524356,-45.856914,11058.704356,11060.186794342875
227.44381,0.524514,-45.855612,11058.245793,11059.213086063672
227.45381,0.524671,-45.85431,11057.787243,11059.63478580715
227.46381,0.524828,-45.853008,11057.328707,11057.650887121721
227.47381,0.524984,-45.851706,11056.870183,11056.474509398058
227.48381,0.52514,-45.850404,11056.411673,11058.592025125026
227.49381,0.525295,-45.849102,11055.953175,11058.777427551704
227.50381,0.525451,-45.8478,11055.494691,11056.199368781612
227.51381,0.525605,-45.846498,11055.036219,11057.460846647318
227.52381,0.52576,-45.845196,11054.577761,11052.491994982296
227.53381,0.525914,-45.843894,11054.119315,11053.392141643333
227.54381,0.526068,-45.842591,11053.660883,11052.097205189202
227.55381,0.526221,-45.841289,11053.202463,11052.38823091688
227.56381,0.526374,-45.839987,11052.744057,11051.404253933106
227.57381,0.526527,-45.838685,11052.285664,11052.826972779118
227.58381,0.526679,-45.837383,11051.827283,11053.247947079211
227.59381,0.526831,-45.83608,11051.368916,11052.429041783498
227.60381,0.526983,-45.834778,11050.910562,11052.57534546904
227.61381,0.527134,-45.833476,11050.452221,11049.789136868663
227.62381,0.526966,-45.832174,11049.993892,11049.66639135099
227.63381,0.525876,-45.830872,11049.535577,11048.380460123972
227.64381,0.524796,-45.829571,11049.077275,11051.890610853843
227.65381,0.523725,-45.82827,11048.618986,11047.684023553977
227.66381,0.522664,-45.826971,11048.160709,11050.623016718935
227.67381,0.521612,-45.825671,11047.702446,11049.289222970992
227.68381,0.52057,-45.824373,11047.244196,11046.821717029601
227.69381,0.519537,-45.823075,11046.785959,11046.116334980552
227.70381,0.518514,-45.821777,11046.327735,11047.18516646794
227.71381,0.5175,-45.82048,11045.869523,11046.935140527556
227.72381,0.516496,-45.819184,11045.411325,11046.496119286592
227.73381,0.515501,-45.817889,11044.95314,11044.020336668624
227.74381,0.514515,-45.816593,11044.494967,11045.969060918093
227.75381,0.513539,-45.815299,11044.036808,11044.519953068755
227.76381,0.512572,-45.814005,11043.578661,11043.825986015701
227.77381,0.511615,-45.812711,11043.120528,11041.468404245908
227.78381,0.510667,-45.811418,11042.662407,11042.644176351268
227.79381,0.509728,-45.810126,11042.204299,11042.34426857067
227.80381,0.508799,-45.808834,11041.746204,11040.638142324611
227.81381,0.507879,-45.807543,11041.288123,11041.858054782255
227.82381,0.506969,-45.806252,11040.830054,11039.537138905245
227.83381,0.506067,-45.804962,11040.371997,11039.950170906552
227.84381,0.505176,-45.803672,11039.913954,11046.266399515147
227.85381,0.504293,-45.802383,11039.455924,11040.0491059101
227.86381,0.50342,-45.801094,11038.997907,11041.556991958123
227.87381,0.502556,-45.799805,11038.539902,11037.721272170487
227.88381,0.501701,-45.798517,11038.081911,11037.825339991543
227.89381,0.500856,-45.79723,11037.623932,11038.606656429083
227.90381,0.50002,-45.795943,11037.165966,11037.40460633183
227.91381,0.499193,-45.794656,11036.708013,11035.70417973861
227.92381,0.498375,-45.79337,11036.250073,11038.376581287912
227.93381,0.497567,-45.792084,11035.792146,11037.013985479081
227.94381,0.496767,-45.790799,11035.334231,11035.215006558126
227.95381,0.495977,-45.789514,11034.87633,11035.315985206544
227.96381,0.495196,-45.78823,11034.418441,11035.280092105955
227.97381,0.494425,-45.786946,11033.960565,11034.104486595503
227.98381,0.493662,-45.785662,11033.502702,11035.197873364403
227.99381,0.492909,-45.784379,11033.044852,11034.04685829714
228.00381,0.492164,-45.783096,11032.587014,11034.248261945864
228.01381,0.491429,-45.781813,11032.12919,11033.407199511688
228.02381,0.490703,-45.780531,11031.671378,11032.468840181
228.03381,0.489986,-45.779249,11031.213579,11032.233757121981
228.04381,0.489278,-45.777968,11030.755793,11030.720166699179
228.05381,0.48858,-45.776687,11030.29802,11029.316168400876
228.06381,0.487891,-45.775406,11029.840259,11031.211635734846
228.07381,0.487211,-45.774126,11029.382512,11030.06138493364
228.08381,0.48654,-45.772846,11028.924777,11029.125480819466
228.09381,0.485878,-45.771566,11028.467055,11030.58012980829
228.10381,0.485224,-45.770286,11028.009346,11026.27508744859
228.11381,0.48458,-45.769007,11027.551649,11028.90533282365
228.12381,0.483945,-45.767728,11027.093965,11028.706109003053
228.13381,0.483318,-45.766449,11026.636294,11023.077821931141
228.14381,0.4827,-45.765171,11026.178636,11027.830097185679
228.15381,0.482091,-45.763893,11025.720991,11026.080087440892
228.16381,0.481491,-45.762615,11025.263359,11026.283245877954
228.17381,0.4809,-45.761337,11024.805739,11026.942185565478
228.18381,0.480317,-45.76006,11024.348132,11024.391712196177
228.19381,0.479743,-45.758783,11023.890538,11024.110494273209
228.20381,0.479178,-45.757506,11023.432956,11022.887669145555
228.21381,0.478622,-45.756229,11022.975387,11025.093434847391
228.22381,0.478074,-45.754953,11022.517832,11022.964773172522
228.23381,0.477535,-45.753677,11022.060288,11024.034733429056
228.24381,0.477004,-45.752401,11021.602758,11022.207732046238
228.25381,0.476482,-45.751125,11021.14524,11019.995766417254
228.26381,0.475969,-45.749849,11020.687736,11019.721966620667
228.27381,0.475464,-45.748574,11020.230243,11019.690109715491
228.28381,0.474968,-45.747299,11019.772764,11020.752793127325
228.29381,0.47448,-45.746024,11019.315297,11018.603826753342
228.30381,0.474,-45.744749,11018.857844,11018.687285369242
228.31381,0.473529,-45.743475,11018.400402,11019.880612749583
228.32381,0.473067,-45.7422,11017.942974,11018.425826689949
228.33381,0.472613,-45.740926,11017.485558,11016.857309750943
228.34381,0.472167,-45.739652,11017.028156,11015.685251422885
228.35381,0.471729,-45.738378,11016.570765,11017.590860997589
228.36381,0.4713,-45.737104,11016.113388,11017.881372863802
228.37381,0.470879,-45.735831,11015.656023,11014.061077499366
228.38381,0.470467,-45.734558,11015.198671,11017.078056370563
228.39381,0.470062,-45.733284,11014.741332,11015.09086435197
228.40381,0.469666,-45.732011,11014.284006,11016.436737189217
228.41381,0.469278,-45.730738,11013.826692,11017.711863829447
228.42381,0.468898,-45.729466,11013.369391,11012.496256086004
228.43381,0.468526,-45.728193,11012.912103,11013.510111297877
228.44381,0.468162,-45.726921,11012.454827,11014.32941106356
228.45381,0.467806,-45.725648,11011.997564,11012.157151373345
228.46381,0.467459,-45.724376,11011.540314,11011.478944755234
228.47381,0.467119,-45.723104,11011.083077,11013.296334881183
228.48381,0.466787,-45.721832,11010.625852,11010.675382773485
228.49381,0.466463,-45.72056,11010.16864,11011.168422112212
228.50381,0.466147,-45.719288,11009.711441,11010.133914341066
228.51381,0.465839,-45.718016,11009.254254,11009.914491582093
228.52381,0.465539,-45.716745,11008.79708,11008.755203450488
228.53381,0.465246,-45.715473,11008.339919,11009.757058510308
228.54381,0.464961,-45.714202,11007.882771,11006.474566776607
228.55381,0.464684,-45.712931,11007.425635,11008.427826553516
228.56381,0.464415,-45.71166,11006.968512,11005.168633501482
228.57381,0.464153,-45.710389,11006.511402,11007.575095507531
228.58381,0.463899,-45.709118,11006.054305,11006.516222266651
228.59381,0.463652,-45.707847,11005.59722,11004.307460761796
228.60381,0.463413,-45.706576,11005.140148,11005.572123964055
228.61381,0.463182,-45.705305,11004.683088,11003.900374233086
228.62381,0.462958,-45.704034,11004.226042,11005.525114081063
228.63381,0.462741,-45.702764,11003.769008,11003.367346753972
228.64381,0.462532,-45.701493,11003.311986,11004.936781594182
228.65381,0.46233,-45.700222,11002.854978,11002.643561779383
228.66381,0.462136,-45.698952,11002.397982,11004.054941100938
228.67381,0.461949,-45.697682,11001.940999,11003.941578644755
228.68381,0.461769,-45.696411,11001.484028,11000.14573931978
228.69381,0.461596,-45.695141,11001.02707,11002.095675052007
228.70381,0.461431,-45.693871,11000.570125,11001.403707421314
228.71381,0.461272,-45.6926,11000.113193,11002.56511593413
228.72381,0.461121,-45.69133,10999.656273,10998.459695165306
228.73381,0.460977,-45.69006,10999.199366,10997.425810310002
228.74381,0.46084,-45.68879,10998.742472,10999.15617829492
228.75381,0.46071,-45.68752,10998.285591,11000.4181689323
228.76381,0.460587,-45.68625,10997.828722,11000.408625488844
228.77381,0.460471,-45.68498,10997.371866,10995.994885537695
228.78381,0.460362,-45.683709,10996.915022,10998.93380048242
228.79381,0.46026,-45.682439,10996.458191,10997.113530437358
228.80381,0.460165,-45.681169,10996.001373,10996.187784952559
228.81381,0.460076,-45.679899,10995.544568,10993.508101759056
228.82381,0.459994,-45.678629,10995.087775,10995.642041387518
228.83381,0.459919,-45.677359,10994.630996,10994.67322588669
228.84381,0.459851,-45.67609,10994.174228,10995.673840622238
228.85381,0.459789,-45.67482,10993.717474,10994.304535268147
228.86381,0.459734,-45.67355,10993.260732,10995.342986559255
228.87381,0.459685,-45.67228,10992.804003,10993.75574250554
228.88381,0.459643,-45.67101,10992.347286,10993.65136623046
228.89381,0.459607,-45.66974,10991.890583,10991.41629342022
228.90381,0.459578,-45.66847,10991.433891,10992.271073546053
228.91381,0.459555,-45.6672,10990.977213,10991.091642515365
228.92381,0.459539,-45.66593,10990.520547,10993.253552344528
228.93381,0.459529,-45.66466,10990.063895,10991.04480180764
228.94381,0.459525,-45.663389,10989.607254,10989.620987715009
228.95381,0.459527,-45.662119,10989.150627,10990.057939136113
228.96381,0.459536,-45.660849,10988.694012,10989.172124497924
228.97381,0.459551,-45.659579,10988.23741,10988.404236298657
228.98381,0.459572,-45.658309,10987.78082,10990.3358500465
228.99381,0.459599,-45.657039,10987.324244,10989.156946913625
229.00381,0.459632,-45.655769,10986.86768,10987.610126611302
229.01381,0.459671,-45.654498,10986.411128,10986.751184282208
229.02381,0.459716,-45.653228,10985.95459,10987.720816896788
229.03381,0.459767,-45.651958,10985.498064,10986.097492163843
229.04381,0.459824,-45.650687,10985.04155,10984.559610805582
229.05381,0.459887,-45.649417,10984.58505,10983.968320882515
229.06381,0.459956,-45.648146,10984.128562,10985.028348765381
229.07381,0.46003,-45.646876,10983.672087,10984.386489600955
229.08381,0.460111,-45.645605,10983.215625,10983.267147665154
229.09381,0.460196,-45.644335,10982.759175,10985.45142263526
229.10381,0.460288,-45.643064,10982.302738,10981.398033029112
229.11381,0.460385,-45.641793,10981.846314,10982.754302050984
229.12381,0.460488,-45.640522,10981.389902,10980.233138572712
229.13381,0.460596,-45.639252,10980.933503,10983.111231664843
229.14381,0.46071,-45.637981,10980.477117,10978.796121041656
229.15381,0.460829,-45.63671,10980.020744,10982.345546617657
229.16381,0.460954,-45.635439,10979.564383,10979.931638641037
229.17381,0.461084,-45.634167,10979.108035,10981.22853012048
229.18381,0.461219,-45.632896,10978.651699,10979.048416487818
229.19381,0.46136,-45.631625,10978.195377,10978.978409201132
229.20381,0.461506,-45.630354,10977.739067,10978.195582191922
229.21381,0.461657,-45.629082,10977.28277,10978.739545523835
229.22381,0.461814,-45.627811,10976.826485,10977.064995036288
229.23381,0.461975,-45.626539,10976.370214,10979.00239653975
229.24381,0.462142,-45.625268,10975.913955,10977.436127229266
229.25381,0.462314,-45.623996,10975.457708,10976.3036087821
229.26381,0.46249,-45.622724,10975.001475,10976.810871009975
229.27381,0.462672,-45.621453,10974.545254,10976.961816888826
229.28381,0.462859,-45.620181,10974.089046,10974.720123800593
229.29381,0.46305,-45.618909,10973.63285,10975.338200354645
229.30381,0.463247,-45.617636,10973.176667,10976.725054251789
229.31381,0.463448,-45.616364,10972.720497,10973.47100434031
229.32381,0.463654,-45.615092,10972.26434,10971.030517135077
229.33381,0.463865,-45.61382,10971.808196,10973.139954349372
229.34381,0.464081,-45.612547,10971.352064,10971.493892877033
229.35381,0.464301,-45.611275,10970.895945,10972.307810523233
229.36381,0.464526,-45.610002,10970.439838,10968.798857991673
229.37381,0.464755,-45.608729,10969.983745,10971.138961689541
229.38381,0.464989,-45.607456,10969.527664,10966.081592093464
229.39381,0.465228,-45.606184,10969.071595,10969.810880931427
229.40381,0.465471,-45.604911,10968.61554,10969.528884672272
229.41381,0.465719,-45.603637,10968.159497,10968.50259558544
229.42381,0.465971,-45.602364,10967.703467,10969.058568840119
229.43381,0.466227,-45.601091,10967.24745,10966.682327735147
229.44381,0.466488,-45.599817,10966.791445,10967.343841671178
229.45381,0.466753,-45.598544,10966.335454,10969.373109972033
229.46381,0.467022,-45.59727,10965.879475,10966.741694752405
229.47381,0.467295,-45.595996,10965.423508,10963.872417503373
229.48381,0.467573,-45.594723,10964.967555,10963.168967188993
229.49381,0.467855,-45.593449,10964.511614,10964.641555691132
229.50381,0.468141,-45.592175,10964.055686,10964.2884483292
229.51381,0.46843,-45.5909,10963.59977,10962.733487153875
229.52381,0.468724,-45.589626,10963.143868,10963.359759625884
229.53381,0.469022,-45.588352,10962.687978,10964.18659468072
229.54381,0.469324,-45.587077,10962.232101,10963.94922273713
229.55381,0.46963,-45.585802,10961.776236,10960.006174320872
229.56381,0.46994,-45.584528,10961.320385,10961.337596316896
229.57381,0.470254,-45.583253,10960.864546,10961.168851572384
229.58381,0.470571,-45.581978,10960.408719,10960.258708009076
229.59381,0.470893,-45.580703,10959.952906,10959.99548837367
229.60381,0.471218,-45.579428,10959.497105,10959.503872837993
229.61381,0.471546,-45.578152,10959.041318,10958.974699504424
229.62381,0.471879,-45.576877,10958.585542,10957.195556528384
229.63381,0.472215,-45.575601,10958.12978,10957.217477301117
229.64381,0.472554,-45.574325,10957.67403,10959.008610657304
229.65381,0.472898,-45.57305,10957.218293,10956.557373086674
229.66381,0.473244,-45.571774,10956.762569,10957.991193473234
229.67381,0.473595,-45.570498,10956.306858,10955.729769636357
229.68381,0.473948,-45.569221,10955.851159,10955.13574507916
229.69381,0.474306,-45.567945,10955.395474,10957.80789615016
229.70381,0.474666,-45.566669,10954.939801,10955.42665669502
229.71381,0.47503,-45.565392,10954.48414,10956.27346156863
229.72381,0.475397,-45.564115,10954.028493,10952.177454233166
229.73381,0.475768,-45.562838,10953.572858,10952.328313018868
229.74381,0.476142,-45.561561,10953.117236,10953.271265307032
229.75381,0.476519,-45.560284,10952.661627,10951.47099425179
229.76381,0.476899,-45.559007,10952.20603,10950.855745448449
229.77381,0.477283,-45.55773,10951.750447,10950.231618556209
229.78381,0.477669,-45.556452,10951.294876,10952.286899755427
229.79381,0.478059,-45.555175,10950.839317,10950.009700523788
229.80381,0.478452,-45.553897,10950.383772,10951.596924148364
229.81381,0.478848,-45.552619,10949.92824,10951.571947681352
229.82381,0.479247,-45.551341,10949.47272,10952.210771158268
229.83381,0.479648,-45.550063,10949.017213,10948.311839013142
229.84381,0.480053,-45.548784,10948.561719,10950.132788334184
229.85381,0.480461,-45.547506,10948.106237,10949.252413420149
229.86381,0.480871,-45.546227,10947.650768,10947.567833916939
229.87381,0.481285,-45.544949,10947.195313,10945.834460352426
229.88381,0.481701,-45.54367,10946.739869,10947.661092730003
229.89381,0.48212,-45.542391,10946.284439,10948.23015306662
229.90381,0.482542,-45.541112,10945.829022,10946.58499659935
229.91381,0.482966,-45.539833,10945.373617,10948.195920723178
229.92381,0.483393,-45.538553,10944.918225,10944.986693590405
229.93381,0.483823,-45.537274,10944.462846,10943.943496773034
229.94381,0.484255,-45.535994,10944.007479,10942.378051955055
229.95381,0.48469,-45.534714,10943.552126,10945.544227106586
229.96381,0.485128,-45.533434,10943.096785,10944.49899006499
229.97381,0.485568,-45.532154,10942.641457,10942.807127413844
229.98381,0.486011,-45.530874,10942.186142,10942.633850380365
229.99381,0.486456,-45.529594,10941.73084,10939.297860475854
230.00381,0.486904,-45.528313,10941.27555,10942.683539629632
230.01381,0.487354,-45.527033,10940.820273,10938.109037711729
230.02381,0.487806,-45.525752,10940.36501,10940.768537244709
230.03381,0.488261,-45.524471,10939.909758,10940.112192722165
230.04381,0.488718,-45.52319,10939.45452,10938.67952335663
230.05381,0.489178,-45.521909,10938.999295,10937.696449736048
230.06381,0.48964,-45.520627,10938.544082,10938.400030367617
230.07381,0.490104,-45.519346,10938.088882,10939.868899775367
230.08381,0.49057,-45.518064,10937.633695,10938.628324411771
230.09381,0.491038,-45.516782,10937.178521,10935.88869899148
230.10381,0.491509,-45.515501,10936.723359,10938.497077313377
230.11381,0.491982,-45.514218,10936.268211,10936.432705503576
230.12381,0.492457,-45.512936,10935.813075,10936.503348538357
230.13381,0.492934,-45.511654,10935.357952,10937.153734085341
230.14381,0.493413,-45.510371,10934.902842,10935.919640307624
230.15381,0.493894,-45.509089,10934.447745,10934.83120381224
230.16381,0.494377,-45.507806,10933.99266,10934.21832561112
230.17381,0.494862,-45.506523,10933.537589,10932.220985694818
230.18381,0.49535,-45.50524,10933.08253,10933.221902466286
230.19381,0.495839,-45.503957,10932.627484,10932.008211430879
230.20381,0.49633,-45.502674,10932.172451,10935.370819270347
230.21381,0.496823,-45.50139,10931.71743,10934.041963575259
230.22381,0.497317,-45.500107,10931.262423,10930.653775498624
230.23381,0.497814,-45.498823,10930.807428,10931.353733071663
230.24381,0.498312,-45.497539,10930.352446,10932.465569871456
230.25381,0.498813,-45.496255,10929.897477,10929.401175077064
230.26381,0.499315,-45.494971,10929.442521,10933.353381535733
230.27381,0.499818,-45.493686,10928.987578,10929.0446592523
230.28381,0.500324,-45.492402,10928.532648,10928.414134191527
230.29381,0.500831,-45.491117,10928.07773,10928.844136090378
230.30381,0.50134,-45.489832,10927.622825,10930.335627005852
230.31381,0.50185,-45.488548,10927.167933,10928.614580247164
230.32381,0.502362,-45.487262,10926.713054,10928.119626868654
230.33381,0.502876,-45.485977,10926.258188,10924.26432804917
230.34381,0.503391,-45.484692,10925.803335,10929.43345537802
230.35381,0.503908,-45.483406,10925.348494,10927.307214932489
230.36381,0.504426,-45.482121,10924.893667,10926.232275192866
230.37381,0.504946,-45.480835,10924.438852,10924.530181470125
230.38381,0.505468,-45.479549,10923.98405,10923.980061262353
230.39381,0.505991,-45.478263,10923.529261,10924.303562918296
230.40381,0.506515,-45.476977,10923.074485,10925.950333732464
230.41381,0.507041,-45.475691,10922.619721,10920.900219441179
230.42381,0.507568,-45.474404,10922.164971,10921.25762309311
230.43381,0.508096,-45.473118,10921.710233,10922.088733769153
230.44381,0.508626,-45.471831,10921.255508,10921.235568565058
230.45381,0.509157,-45.470544,10920.800797,10921.12040819409
230.46381,0.50969,-45.469257,10920.346098,10920.8358232268
230.47381,0.510224,-45.46797,10919.891411,10922.044843759153
230.48381,0.510759,-45.466682,10919.436738,10920.405866845242
230.49381,0.511295,-45.465395,10918.982078,10919.176544083619
230.50381,0.511833,-45.464107,10918.52743,10921.242314380115
230.51381,0.512371,-45.46282,10918.072796,10917.817332007911
230.52381,0.512911,-45.461532,10917.618174,10918.612350708187
230.53381,0.513453,-45.460244,10917.163565,10917.231765526998
230.54381,0.513995,-45.458956,10916.708969,10918.959474584037
230.55381,0.514538,-45.457667,10916.254386,10917.286259667648
230.56381,0.515083,-45.456379,10915.799816,10917.163225624308
230.57381,0.515629,-45.45509,10915.345258,10915.724473522056
230.58381,0.516176,-45.453802,10914.890714,10914.572384366611
230.59381,0.516643,-45.452513,10914.436182,10914.62160246774
230.60381,0.517019,-45.451224,10913.981664,10914.452755809472
230.61381,0.5174,-45.449935,10913.527158,10914.492224835385
230.62381,0.517785,-45.448646,10913.072665,10911.007289157258
230.63381,0.518175,-45.447357,10912.618185,10911.404583971143
230.64381,0.51857,-45.446068,10912.163718,10911.56183799626
230.65381,0.518969,-45.444779,10911.709263,10912.217322772847
230.66381,0.519372,-45.44349,10911.254822,10912.079305634068
230.67381,0.519779,-45.4422,10910.800394,10910.557906801343
230.68381,0.520191,-45.440911,10910.345978,10914.755672050194
230.69381,0.520607,-45.439622,10909.891575,10911.06661371947
230.70381,0.521027,-45.438332,10909.437186,10910.69974345557
230.71381,0.521452,-45.437043,10908.982809,10908.749106055897
230.72381,0.52188,-45.435753,10908.528445,10908.217395760297
230.73381,0.522312,-45.434464,10908.074094,10906.061537102327
230.74381,0.522749,-45.433174,10907.619756,10909.225773819078
230.75381,0.523189,-45.431884,10907.16543,10907.278760031428
230.76381,0.523634,-45.430595,10906.711118,10906.895525230662
230.77381,0.524082,-45.429305,10906.256818,10907.555616002419
230.78381,0.524534,-45.428015,10905.802532,10906.838845981985
230.79381,0.52499,-45.426725,10905.348258,10905.078954750863
230.80381,0.52545,-45.425435,10904.893997,10903.07597129543
230.81381,0.525913,-45.424144,10904.439749,10904.508374835914
230.82381,0.52638,-45.422854,10903.985514,10903.804997597228
230.83381,0.526851,-45.421564,10903.531292,10904.924378623915
230.84381,0.527326,-45.420273,10903.077083,10906.103317069263
230.85381,0.527804,-45.418983,10902.622887,10902.467516972201
230.86381,0.528285,-45.417692,10902.168703,10900.94835631677
230.87381,0.52877,-45.416402,10901.714533,10903.744766010906
230.88381,0.529258,-45.415111,10901.260375,10903.691596836401
230.89381,0.52975,-45.41382,10900.806231,10899.499718780107
230.90381,0.530246,-45.412529,10900.352099,10900.956134943019
230.91381,0.530744,-45.411238,10899.89798,10899.861440607363
230.92381,0.531246,-45.409947,10899.443874,10898.937700658464
230.93381,0.531751,-45.408656,10898.989781,10900.071083307123
230.94381,0.53226,-45.407365,10898.535701,10899.638730011498
230.95381,0.532771,-45.406073,10898.081634,10900.088518297038
230.96381,0.533286,-45.404782,10897.62758,10901.672673003855
230.97381,0.533804,-45.40349,10897.173538,10896.860629649194
230.98381,0.534325,-45.402199,10896.71951,10896.739659931953
230.99381,0.534849,-45.400907,10896.265494,10896.743512668001
231.00381,0.535375,-45.399615,10895.811492,10897.363103853719
231.01381,0.535902,-45.398323,10895.357502,10894.231869787905
231.02381,0.536432,-45.397031,10894.903525,10896.526239159428
231.03381,0.536966,-45.395739,10894.449561,10893.635451285107
231.04381,0.537502,-45.394447,10893.99561,10895.157274507568
231.05381,0.538041,-45.393155,10893.541672,10893.6707222943
231.06381,0.538583,-45.391863,10893.087747,10894.00407362162
231.07381,0.539127,-45.390571,10892.633835,10892.395188363762
231.08381,0.539675,-45.389279,10892.179936,10890.896039248257
231.09381,0.540225,-45.387987,10891.72605,10891.764474896654
231.10381,0.540778,-45.386695,10891.272176,10891.230870417614
231.11381,0.541333,-45.385403,10890.818316,10889.28289978167
231.12381,0.541891,-45.384111,10890.364468,10891.015058149327
231.13381,0.542451,-45.382819,10889.910633,10889.948759938346
231.14381,0.543015,-45.381527,10889.456812,10889.174455488983
231.15381,0.54358,-45.380235,10889.003003,10888.59966100817
231.16381,0.544148,-45.378943,10888.549207,10887.28078807223
231.17381,0.544719,-45.37765,10888.095424,10886.750778891957
231.18381,0.545292,-45.376358,10887.641654,10890.442362189304
231.19381,0.545867,-45.375066,10887.187897,10891.400415695363
231.20381,0.546445,-45.373773,10886.734153,10889.277242198292
231.21381,0.547025,-45.372481,10886.280421,10886.298416968644
231.22381,0.547607,-45.371189,10885.826703,10884.675018411792
231.23381,0.548192,-45.369896,10885.372998,10884.565732074063
231.24381,0.548778,-45.368604,10884.919305,10886.416927496397
231.25381,0.549367,-45.367311,10884.465626,10885.627899307206
231.26381,0.549958,-45.366019,10884.011959,10887.937426853157
231.27381,0.550552,-45.364726,10883.558305,10886.977779985073
231.28381,0.551147,-45.363433,10883.104664,10883.916129350939
231.29381,0.551745,-45.362141,10882.651037,10885.63460670586
231.30381,0.552344,-45.360848,10882.197422,10882.944933372311
231.31381,0.552946,-45.359555,10881.74382,10885.189600747723
231.32381,0.553549,-45.358263,10881.290231,10878.481590343963
231.33381,0.554155,-45.35697,10880.836654,10880.083650593873
231.34381,0.554762,-45.355677,10880.383091,10882.217137250951
231.35381,0.555371,-45.354384,10879.929541,10880.15926357107
231.36381,0.555982,-45.353091,10879.476003,10881.424016471445
231.37381,0.556596,-45.351798,10879.022479,10879.215558472752
231.38381,0.55721,-45.350505,10878.568967,10881.01370084732
231.39381,0.557827,-45.349212,10878.115469,10879.539918778475
231.40381,0.558445,-45.347918,10877.661983,10878.985459863197
231.41381,0.559066,-45.346625,10877.208511,10879.808065493975
231.42381,0.559687,-45.345332,10876.755051,10877.520735541068
231.43381,0.560311,-45.344039,10876.301604,10876.891648838244
231.44381,0.560936,-45.342745,10875.84817,10875.07816953295
231.45381,0.561563,-45.341452,10875.394749,10875.811709735028
231.46381,0.562192,-45.340158,10874.941341,10874.966328384633
231.47381,0.562822,-45.338865,10874.487946,10875.234105129246
231.48381,0.563453,-45.337571,10874.034564,10874.041484411178
231.49381,0.564086,-45.336277,10873.581194,10873.757682652158
231.50381,0.564721,-45.334984,10873.127838,10875.064993375945
231.51381,0.565357,-45.33369,10872.674495,10874.179559855198
231.52381,0.565995,-45.332396,10872.221164,10872.366304878278
231.53381,0.566634,-45.331102,10871.767847,10872.025895458237
231.54381,0.567274,-45.329808,10871.314542,10871.73447408182
231.55381,0.567916,-45.328514,10870.861251,10872.761828231425
231.56381,0.568559,-45.32722,10870.407972,10871.051332034784
231.57381,0.569204,-45.325926,10869.954706,10869.283151399082
231.58381,0.569849,-45.324632,10869.501453,10870.608403695227
231.59381,0.570496,-45.323338,10869.048214,10869.558644925886
231.60381,0.571145,-45.322044,10868.594987,10870.428483605001
231.61381,0.571794,-45.320749,10868.141773,10868.92007745704
231.62381,0.572445,-45.319455,10867.688572,10869.764543121308
231.63381,0.573097,-45.31816,10867.235384,10868.33489368201
231.64381,0.573751,-45.316866,10866.782208,10865.885688132017
231.65381,0.574405,-45.315571,10866.329046,10865.958050138333
231.66381,0.57506,-45.314277,10865.875897,10866.129378168736
231.67381,0.575717,-45.312982,10865.422761,10865.428567178406
231.68381,0.576375,-45.311687,10864.969637,10864.139329043159
231.69381,0.577034,-45.310392,10864.516527,10865.163435083834
231.70381,0.577693,-45.309098,10864.06343,10864.57768181974
231.71381,0.578354,-45.307803,10863.610345,10864.390489573334
231.72381,0.579016,-45.306508,10863.157274,10864.62111734147
231.73381,0.579679,-45.305213,10862.704215,10863.1160119047
231.74381,0.580343,-45.303917,10862.251169,10861.745402686534
231.75381,0.581007,-45.302622,10861.798137,10861.683659585602
231.76381,0.581673,-45.301327,10861.345117,10859.880035892356
231.77381,0.58234,-45.300032,10860.89211,10861.231345278053
231.78381,0.583007,-45.298736,10860.439116,10860.381315566703
231.79381,0.583676,-45.297441,10859.986135,10860.087746891999
231.80381,0.584345,-45.296145,10859.533167,10858.726606363796
231.81381,0.585015,-45.29485,10859.080212,10864.41948827429
231.82381,0.585686,-45.293554,10858.62727,10859.710982575345
231.83381,0.586357,-45.292259,10858.174341,10859.352607561754
231.84381,0.58703,-45.290963,10857.721425,10857.22352238444
231.85381,0.587703,-45.289667,10857.268522,10859.258996169621
231.86381,0.588377,-45.288371,10856.815632,10858.07854222206
231.87381,0.589051,-45.287075,10856.362755,10857.062064566986
231.88381,0.589726,-45.285779,10855.90989,10856.264900237016
231.89381,0.590402,-45.284483,10855.457039,10855.119538779303
231.90381,0.591079,-45.283187,10855.004201,10856.13554077413
231.91381,0.591756,-45.281891,10854.551375,10855.361263212952
231.92381,0.592434,-45.280594,10854.098563,10854.362916005859
231.93381,0.593113,-45.279298,10853.645763,10855.308181905892
231.94381,0.593792,-45.278002,10853.192977,10854.971459899292
231.95381,0.594471,-45.276705,10852.740203,10853.857877944885
231.96381,0.595152,-45.275409,10852.287443,10853.84302484696
231.97381,0.595832,-45.274112,10851.834695,10852.304356666722
231.98381,0.596514,-45.272815,10851.381961,10851.812034073506
231.99381,0.597195,-45.271519,10850.929239,10852.310380276725
232.00381,0.597878,-45.270222,10850.47653,10848.001092818715
232.01381,0.598561,-45.268925,10850.023834,10851.498713059873
232.02381,0.599244,-45.267628,10849.571152,10851.239785972059
232.03381,0.599927,-45.266331,10849.118482,10851.155456158061
232.04381,0.600612,-45.265034,10848.665825,10851.643342148964
232.05381,0.601296,-45.263737,10848.213181,10849.079522780326
232.06381,0.601981,-45.26244,10847.76055,10850.955821601803
232.07381,0.602666,-45.261143,10847.307932,10848.450065834888
232.08381,0.603352,-45.259845,10846.855328,10847.041217688968
232.09381,0.604038,-45.258548,10846.402736,10845.705987031957
232.10381,0.604724,-45.257251,10845.950157,10845.652619101382
232.11381,0.605411,-45.255953,10845.497591,10843.715990220573
232.12381,0.606098,-45.254655,10845.045037,10846.687656631448
232.13381,0.606785,-45.253358,10844.592497,10842.574152893285
232.14381,0.607473,-45.25206,10844.13997,10845.741436476203
232.15381,0.608161,-45.250762,10843.687456,10844.776237854632
232.16381,0.608849,-45.249465,10843.234955,10842.532175568967
232.17381,0.609537,-45.248167,10842.782467,10845.131237449776
232.18381,0.610226,-45.246869,10842.329992,10844.458303319438
232.19381,0.610915,-45.245571,10841.87753,10842.834058000577
232.20381,0.611604,-45.244273,10841.42508,10843.626413884733
232.21381,0.612293,-45.242975,10840.972644,10838.823283642887
232.22381,0.612982,-45.241677,10840.520221,10841.008116339422
232.23381,0.613672,-45.240378,10840.067811,10842.039272212192
232.24381,0.614361,-45.23908,10839.615413,10841.711791632091
232.25381,0.615051,-45.237782,10839.163029,10841.335149632656
232.26381,0.615741,-45.236483,10838.710658,10838.549906482009
232.27381,0.616431,-45.235185,10838.258299,10839.147031142138
232.28381,0.617121,-45.233886,10837.805954,10835.611552619435
232.29381,0.617812,-45.232588,10837.353622,10839.450083964557
232.30381,0.618502,-45.231289,10836.901302,10835.212955656936
232.31381,0.619192,-45.22999,10836.448996,10834.65990094043
232.32381,0.619883,-45.228692,10835.996702,10837.750555153692
232.33381,0.620573,-45.227393,10835.544422,10835.218190105428
232.34381,0.621264,-45.226094,10835.092155,10838.396099564838
232.35381,0.621954,-45.224795,10834.6399,10835.449510381985
232.36381,0.622645,-45.223496,10834.187659,10837.28002359341
232.37381,0.623335,-45.222197,10833.73543,10836.084043853367
232.38381,0.624026,-45.220898,10833.283215,10833.978226436902
232.39381,0.624716,-45.219599,10832.831012,10830.4905107721
232.40381,0.625406,-45.2183,10832.378823,10831.418737504488
232.41381,0.626097,-45.217,10831.926646,10831.815351058809
232.42381,0.626787,-45.215701,10831.474483,10834.035030658271
232.43381,0.627477,-45.214402,10831.022332,10830.663052114196
232.44381,0.628167,-45.213102,10830.570195,10833.205099177674
232.45381,0.628857,-45.211803,10830.11807,10830.31894898428
232.46381,0.629547,-45.210503,10829.665959,10831.723670202191
232.47381,0.630237,-45.209204,10829.21386,10831.38380978142
232.48381,0.630927,-45.207904,10828.761775,10831.70468898408
232.49381,0.631616,-45.206604,10828.309702,10828.16290233898
232.50381,0.632306,-45.205305,10827.857642,10826.78021633856
232.51381,0.632995,-45.204005,10827.405596,10827.488111281364
232.52381,0.633684,-45.202705,10826.953562,10827.733606632664
232.53381,0.634373,-45.201405,10826.501542,10828.509781412784
232.54381,0.635062,-45.200105,10826.049534,10829.937384984845
232.55381,0.63575,-45.198805,10825.59754,10823.907336194734
232.56381,0.636439,-45.197505,10825.145558,10826.07704048607
232.57381,0.637127,-45.196205,10824.69359,10827.305414270366
232.58381,0.637815,-45.194905,10824.241634,10824.140312295978
232.59381,0.638502,-45.193605,10823.789691,10825.084014882736
232.60381,0.63919,-45.192304,10823.337762,10825.262084800348
232.61381,0.639877,-45.191004,10822.885845,10824.900896510531
232.62381,0.640564,-45.189704,10822.433942,10824.799866996302
232.63381,0.641251,-45.188403,10821.982051,10819.16855839291
232.64381,0.641937,-45.187103,10821.530174,10823.260493826074
232.65381,0.642623,-45.185803,10821.078309,10822.79922069599
232.66381,0.643309,-45.184502,10820.626458,10822.856090790165
232.67381,0.643994,-45.183202,10820.174619,10823.33148123908
232.68381,0.64468,-45.181901,10819.722794,10820.341641729665
232.69381,0.645365,-45.1806,10819.270981,10818.184791213593
232.70381,0.646049,-45.1793,10818.819182,10819.995021147777
232.71381,0.646733,-45.177999,10818.367395,10820.769020965165
232.72381,0.647417,-45.176698,10817.915622,10818.377205785733
232.73381,0.648101,-45.175397,10817.463861,10814.995317971014
232.74381,0.648784,-45.174096,10817.012114,10819.060925498428
232.75381,0.649467,-45.172796,10816.560379,10814.586448750446
232.76381,0.65015,-45.171495,10816.108658,10816.607503120986
232.77381,0.650832,-45.170194,10815.656949,10817.347506438957
232.78381,0.651513,-45.168893,10815.205254,10815.261780740355
232.79381,0.652195,-45.167592,10814.753572,10817.733785247936
232.80381,0.652876,-45.16629,10814.301902,10815.010455107846
232.81381,0.653556,-45.164989,10813.850246,10815.964497136694
232.82381,0.654236,-45.163688,10813.398602,10811.279733039006
232.83381,0.654916,-45.162387,10812.946972,10815.171220093238
232.84381,0.655595,-45.161086,10812.495355,10813.9753238733
232.85381,0.656274,-45.159785,10812.04375,10810.538068930899
232.86381,0.656953,-45.158483,10811.592159,10809.328525986246
232.87381,0.657631,-45.157182,10811.140581,10811.64145889332
232.88381,0.658308,-45.155881,10810.689015,10810.154949305272
232.89381,0.658985,-45.154579,10810.237463,10811.730245081912
232.90381,0.659662,-45.153278,10809.785924,10811.22957482209
232.91381,0.660338,-45.151976,10809.334397,10811.286780362827
232.92381,0.661014,-45.150675,10808.882884,10809.540470658905
232.93381,0.661689,-45.149373,10808.431384,10808.97718397388
232.94381,0.66252,-45.148072,10807.979897,10808.56868938143
232.95381,0.663427,-45.14677,10807.528423,10808.160285695658
232.96381,0.664335,-45.145468,10807.076961,10805.899917126817
232.97381,0.665242,-45.144166,10806.625513,10809.979314535578
232.98381,0.66615,-45.142863,10806.174078,10806.800710616439
232.99381,0.667057,-45.141561,10805.722656,10807.468050989868
233.00381,0.667965,-45.140258,10805.271247,10807.976018547752
233.01381,0.668873,-45.138955,10804.819851,10807.288834888555
233.02381,0.66978,-45.137652,10804.368468,10802.887191108657
233.03381,0.670688,-45.136349,10803.917098,10804.405679769896
233.04381,0.671596,-45.135046,10803.465741,10801.60055694929
233.05381,0.672503,-45.133742,10803.014397,10803.766027509564
233.06381,0.673411,-45.132438,10802.563066,10800.024877005542
233.07381,0.674318,-45.131134,10802.111748,10802.08665333062
233.08381,0.675226,-45.12983,10801.660443,10798.915129866418
233.09381,0.676133,-45.128526,10801.209151,10802.078312601265
233.10381,0.677041,-45.127221,10800.757873,10801.48161026068
233.11381,0.677948,-45.125916,10800.306607,10801.795189631237
233.12381,0.678855,-45.124611,10799.855354,10798.451458829752
233.13381,0.679762,-45.123306,10799.404115,10799.044082932296
233.14381,0.680668,-45.122001,10798.952888,10800.756488934165
233.15381,0.681575,-45.120696,10798.501675,10797.27926042369
233.16381,0.682481,-45.11939,10798.050474,10797.444244400522
233.17381,0.683387,-45.118084,10797.599287,10796.765093339138
233.18381,0.684293,-45.116778,10797.148113,10798.446516791377
233.19381,0.685199,-45.115472,10796.696951,10796.020519903348
233.20381,0.686104,-45.114166,10796.245803,10795.891870578935
233.21381,0.687009,-45.112859,10795.794668,10797.709440948418
233.22381,0.687914,-45.111553,10795.343546,10796.109479181834
233.23381,0.688819,-45.110246,10794.892437,10793.576981529535
233.24381,0.689723,-45.108939,10794.441341,10795.865956892983
233.25381,0.690627,-45.107632,10793.990258,10794.881926508986
233.26381,0.691531,-45.106324,10793.539188,10795.741931494065
233.27381,0.692434,-45.105017,10793.088132,10793.889708271974
233.28381,0.693337,-45.103709,10792.637088,10792.097373587912
233.29381,0.694239,-45.102401,10792.186058,10793.963609171686
233.30381,0.695141,-45.101093,10791.73504,10794.519057233929
233.31381,0.696043,-45.099785,10791.284036,10791.975702675016
233.32381,0.696945,-45.098477,10790.833044,10792.10129454672
233.33381,0.697846,-45.097168,10790.382066,10790.602655867731
233.34381,0.698748,-45.09586,10789.931101,10789.922216243831
233.35381,0.699657,-45.094551,10789.480149,10790.840793117746
233.36381,0.700565,-45.093241,10789.02921,10790.451359873068
233.37381,0.701474,-45.091931,10788.578284,10789.6265136977
233.38381,0.702381,-45.09062,10788.127371,10788.559690030383
233.39381,0.703288,-45.089309,10787.676472,10788.128280560264
233.40381,0.704195,-45.087997,10787.225585,10789.116854553808
233.41381,0.705101,-45.086685,10786.774712,10786.133592625523
233.42381,0.706007,-45.085373,10786.323852,10786.67699345852
233.43381,0.706912,-45.08406,10785.873004,10785.214191013138
233.44381,0.707816,-45.082746,10785.42217,10787.215099118079
233.45381,0.70872,-45.081432,10784.971349,10786.411289048943
233.46381,0.709623,-45.080117,10784.520542,10781.79166804153
233.47381,0.710525,-45.078802,10784.069747,10784.46808952364
233.48381,0.711427,-45.077486,10783.618966,10784.464814082334
233.49381,0.712329,-45.07617,10783.168197,10784.183652409383
233.50381,0.713229,-45.074854,10782.717442,10783.847580340975
233.51381,0.714129,-45.073537,10782.2667,10781.81522575521
233.52381,0.715029,-45.072219,10781.815972,10781.881432495695
233.53381,0.715927,-45.070901,10781.365256,10781.42386417479
233.54381,0.716826,-45.069583,10780.914554,10782.53175257387
233.55381,0.717723,-45.068264,10780.463864,10778.691608627521
233.56381,0.71862,-45.066944,10780.013188,10779.438939226251
233.57381,0.719516,-45.065624,10779.562525,10780.792503727345
233.58381,0.720411,-45.064304,10779.111876,10780.15003547253
233.59381,0.721305,-45.062983,10778.661239,10779.122785359787
233.60381,0.722199,-45.061662,10778.210616,10779.723769534847
233.61381,0.723092,-45.06034,10777.760006,10778.35827131742
233.62381,0.723985,-45.059018,10777.309409,10778.35455238504
233.63381,0.724876,-45.057695,10776.858826,10779.254106022547
233.64381,0.725767,-45.056372,10776.408255,10778.543574883297
233.65381,0.726657,-45.055048,10775.957698,10777.60405458948
233.66381,0.727547,-45.053724,10775.507154,10776.722695330553
233.67381,0.728435,-45.0524,10775.056624,10775.080436738048
233.68381,0.729323,-45.051075,10774.606106,10776.459979925059
233.69381,0.73021,-45.04975,10774.155602,10775.395469345332
233.70381,0.731096,-45.048424,10773.705111,10776.165338667524
233.71381,0.731981,-45.047098,10773.254634,10773.421587931627
233.72381,0.732866,-45.045771,10772.804169,10772.761647576901
233.73381,0.73375,-45.044444,10772.353718,10771.697987254021
233.74381,0.734632,-45.043116,10771.903281,10773.015841563094
233.75381,0.735515,-45.041788,10771.452856,10772.098109669627
233.76381,0.736396,-45.04046,10771.002445,10770.82188000039
233.77381,0.737276,-45.039131,10770.552047,10770.343441137098
233.78381,0.738156,-45.037802,10770.101662,10770.195545174138
233.79381,0.739034,-45.036472,10769.651291,10770.99345562527
233.80381,0.739912,-45.035142,10769.200933,10770.908515162868
233.81381,0.740789,-45.033812,10768.750588,10771.971210756476
233.82381,0.741665,-45.032481,10768.300257,10768.235060544415
233.83381,0.74254,-45.03115,10767.849938,10767.602915656722
233.84381,0.743414,-45.029818,10767.399634,10769.333037676266
233.85381,0.744288,-45.028486,10766.949342,10769.736387698107
233.86381,0.74516,-45.027153,10766.499064,10768.721351336239
233.87381,0.746032,-45.02582,10766.048799,10767.067810759087
233.88381,0.746902,-45.024487,10765.598547,10765.988070333739
233.89381,0.747772,-45.023153,10765.148309,10766.961297716056
233.90381,0.748641,-45.021819,10764.698084,10763.987009742224
233.91381,0.749508,-45.020485,10764.247873,10766.002852505337
233.92381,0.750375,-45.01915,10763.797675,10764.344477765932
233.93381,0.751241,-45.017815,10763.34749,10764.589377266577
233.94381,0.752106,-45.016479,10762.897318,10764.087289727382
233.95381,0.75297,-45.015143,10762.44716,10764.392678834425
233.96381,0.753833,-45.013807,10761.997015,10762.16746855552
233.97381,0.754695,-45.01247,10761.546884,10760.707509000762
233.98381,0.755557,-45.011133,10761.096766,10763.42242114204
233.99381,0.756417,-45.009795,10760.646661,10762.910751588746
234.00381,0.757276,-45.008457,10760.19657,10760.637339293997
234.01381,0.758134,-45.007119,10759.746492,10761.119756383601
234.02381,0.758991,-45.00578,10759.296428,10756.961132546116
234.03381,0.759848,-45.004441,10758.846377,10757.736848165494
234.04381,0.760703,-45.003102,10758.396339,10761.953002743248
234.05381,0.761557,-45.001762,10757.946315,10760.33626318597
234.06381,0.76241,-45.000422,10757.496304,10758.116600608584
234.07381,0.763262,-44.999082,10757.046306,10756.643966988044
234.08381,0.764113,-44.997741,10756.596322,10757.647415560208
234.09381,0.764964,-44.9964,10756.146351,10757.406363303688
234.10381,0.765813,-44.995058,10755.696394,10756.523533863088
234.11381,0.766661,-44.993716,10755.24645,10755.3999858408
234.12381,0.767508,-44.992374,10754.79652,10754.876850124328
234.13381,0.768354,-44.991031,10754.346603,10755.276970902032
234.14381,0.769199,-44.989688,10753.896699,10754.726969982592
234.15381,0.770043,-44.988345,10753.446809,10753.946994839329
234.16381,0.770886,-44.987002,10752.996932,10752.691095132317
234.17381,0.771727,-44.985658,10752.547069,10751.832561628727
234.18381,0.772568,-44.984314,10752.097219,10755.436220355346
234.19381,0.773408,-44.982969,10751.647383,10753.686315267409
234.20381,0.774246,-44.981624,10751.19756,10752.561649664369
234.21381,0.775084,-44.980279,10750.74775,10752.264480688393
234.22381,0.775921,-44.978933,10750.297954,10755.232861878976
234.23381,0.776756,-44.977587,10749.848172,10749.867995439816
234.24381,0.77759,-44.976241,10749.398402,10749.9427960984
234.25381,0.778424,-44.974895,10748.948647,10750.27504763566
234.26381,0.779256,-44.973548,10748.498905,10746.861281297539
234.27381,0.780087,-44.972201,10748.049176,10750.306327080687
234.28381,0.780917,-44.970853,10747.599461,10747.35398335341
234.29381,0.781746,-44.969505,10747.149759,10748.558475399584
234.30381,0.782573,-44.968157,10746.70007,10746.002704736833
234.31381,0.7834,-44.966809,10746.250396,10747.227822338024
234.32381,0.784226,-44.96546,10745.800734,10745.357941630318
234.33381,0.78505,-44.964111,10745.351086,10748.128690351863
234.34381,0.785874,-44.962762,10744.901452,10743.818200630134
234.35381,0.786696,-44.961412,10744.451831,10742.105599676006
234.36381,0.787517,-44.960063,10744.002224,10744.63097197294
234.37381,0.788337,-44.958712,10743.55263,10741.198543033945
234.38381,0.789156,-44.957362,10743.10305,10745.378949091331
234.39381,0.789974,-44.956011,10742.653483,10743.672114838351
234.40381,0.79079,-44.95466,10742.203929,10741.37302463943
234.41381,0.791606,-44.953309,10741.754389,10742.928601305053
234.42381,0.79242,-44.951957,10741.304863,10738.336756636676
234.43381,0.793234,-44.950605,10740.85535,10743.66904586848
234.44381,0.794046,-44.949253,10740.405851,10744.495893889627
234.45381,0.794857,-44.947901,10739.956365,10742.25942861071
234.46381,0.795667,-44.946548,10739.506893,10739.737035277407
234.47381,0.796475,-44.945195,10739.057434,10739.484125351863
234.48381,0.797283,-44.943842,10738.607989,10737.734434861883
234.49381,0.798089,-44.942488,10738.158557,10739.74730904422
234.50381,0.798894,-44.941134,10737.709139,10737.409676104668
234.51381,0.799699,-44.93978,10737.259735,10738.743787446358
234.52381,0.800502,-44.938426,10736.810344,10736.420253464516
234.53381,0.801303,-44.937071,10736.360966,10735.881345599952
234.54381,0.802104,-44.935717,10735.911602,10735.34877857695
234.55381,0.802903,-44.934362,10735.462252,10735.487421681926
234.56381,0.803702,-44.933006,10735.012915,10735.357732307792
234.57381,0.804499,-44.931651,10734.563592,10737.706231054168
234.58381,0.805295,-44.930295,10734.114282,10735.970492866812
234.59381,0.80609,-44.928939,10733.664986,10732.823990988873
234.60381,0.806883,-44.927582,10733.215703,10734.617079771491
234.61381,0.807676,-44.926226,10732.766434,10735.384268795224
234.62381,0.808467,-44.924869,10732.317179,10730.269213981512
234.63381,0.809257,-44.923512,10731.867937,10731.689058278826
234.64381,0.810046,-44.922154,10731.418709,10733.832930406275
234.65381,0.810834,-44.920797,10730.969494,10733.666898824531
234.66381,0.81162,-44.919439,10730.520293,10731.188830510857
234.67381,0.812406,-44.918081,10730.071105,10730.17872605894
234.68381,0.81319,-44.916723,10729.621931,10728.01814000059
234.69381,0.813973,-44.915364,10729.172771,10728.682609558367
234.70381,0.814755,-44.914006,10728.723624,10729.499012515294
234.71381,0.815536,-44.912647,10728.27449,10727.769083502264
234.72381,0.816315,-44.911288,10727.825371,10727.47719590621
234.73381,0.817093,-44.909928,10727.376265,10726.962290936555
234.74381,0.817871,-44.908569,10726.927172,10727.893273941309
234.75381,0.818646,-44.907209,10726.478093,10726.160307373639
234.76381,0.819421,-44.905849,10726.029028,10727.457703751885
234.77381,0.820195,-44.904489,10725.579976,10727.54628833863
234.78381,0.820967,-44.903128,10725.130938,10726.700481411468
234.79381,0.821738,-44.901767,10724.681914,10724.29449343919
234.80381,0.822508,-44.900407,10724.232903,10724.850636160358
234.81381,0.823277,-44.899045,10723.783906,10723.46800980267
234.82381,0.824044,-44.897684,10723.334922,10721.845143354003
234.83381,0.824811,-44.896323,10722.885952,10723.628183271145
234.84381,0.825576,-44.894961,10722.436996,10723.701032525247
234.85381,0.82634,-44.893599,10721.988053,10722.391403896137
234.86381,0.827102,-44.892237,10721.539124,10724.48862227239
234.87381,0.827864,-44.890875,10721.090208,10721.498856895485
234.88381,0.828624,-44.889512,10720.641306,10722.312033275199
234.89381,0.829383,-44.88815,10720.192418,10721.00963304584
234.90381,0.830141,-44.886787,10719.743543,10720.937766724395
234.91381,0.830898,-44.885424,10719.294682,10720.360494400902
234.92381,0.831653,-44.884061,10718.845835,10718.182735645518
234.93381,0.832408,-44.882697,10718.397001,10719.044141863647
234.94381,0.833161,-44.881334,10717.948181,10718.612912528224
234.95381,0.833913,-44.87997,10717.499374,10716.927249999224
234.96381,0.834663,-44.878606,10717.050581,10717.357413791848
234.97381,0.835413,-44.877242,10716.601802,10717.408517042904
234.98381,0.836161,-44.875878,10716.153036,10719.994028104913
234.99381,0.836908,-44.874513,10715.704284,10718.739166540734
235.00381,0.837654,-44.873148,10715.255546,10716.045108777147
235.01381,0.838398,-44.871784,10714.806822,10716.88047254867
235.02381,0.839142,-44.870419,10714.35811,10715.771151867622
235.03381,0.839884,-44.869054,10713.909413,10714.475574761347
235.04381,0.840625,-44.867688,10713.460729,10712.094866729807
235.05381,0.841364,-44.866323,10713.012059,10714.970274268966
235.06381,0.842103,-44.864957,10712.563403,10713.907892994883
235.07381,0.84284,-44.863591,10712.11476,10711.75067066246
235.08381,0.843576,-44.862226,10711.666131,10711.622334191004
235.09381,0.844311,-44.860859,10711.217516,10710.988515041756
235.10381,0.845045,-44.859493,10710.768914,10710.585272452576
235.11381,0.845777,-44.858127,10710.320326,10712.266630703885
235.12381,0.846508,-44.85676,10709.871751,10711.029448290448
235.13381,0.847238,-44.855394,10709.423191,10712.173621964446
235.14381,0.847967,-44.854027,10708.974644,10709.437512363595
235.15381,0.848695,-44.85266,10708.52611,10708.163235032744
235.16381,0.849421,-44.851293,10708.07759,10710.599064791419
235.17381,0.850146,-44.849926,10707.629084,10709.085016044557
235.18381,0.85087,-44.848558,10707.180592,10706.95274962378
235.19381,0.851593,-44.847191,10706.732113,10708.694029367889
235.20381,0.852314,-44.845823,10706.283648,10707.619096067498
235.21381,0.853034,-44.844455,10705.835197,10708.627159602689
235.22381,0.853753,-44.843087,10705.386759,10708.068100658718
235.23381,0.854471,-44.841719,10704.938335,10705.150729322631
235.24381,0.855188,-44.840351,10704.489925,10704.80122177016
235.25381,0.855903,-44.838983,10704.041528,10707.154263182441
235.26381,0.856617,-44.837614,10703.593145,10703.51491731555
235.27381,0.85733,-44.836246,10703.144776,10701.595455156956
235.28381,0.858042,-44.834877,10702.69642,10704.143918404066
235.29381,0.858752,-44.833508,10702.248078,10701.58664472115
235.30381,0.859461,-44.832139,10701.79975,10702.718601458282
235.31381,0.860169,-44.83077,10701.351435,10705.020708593436
235.32381,0.860876,-44.829401,10700.903134,10703.594983308089
235.33381,0.861582,-44.828032,10700.454847,10699.501561790095
235.34381,0.862286,-44.826663,10700.006574,10700.365382270666
235.35381,0.862989,-44.825293,10699.558314,10701.979762239896
235.36381,0.863691,-44.823923,10699.110068,10701.250748179118
235.37381,0.864392,-44.822554,10698.661836,10699.271419137636
235.38381,0.865091,-44.821184,10698.213617,10698.338692664738
235.39381,0.86579,-44.819814,10697.765412,10698.426131041071
235.40381,0.866487,-44.818444,10697.317221,10697.600258513532
235.41381,0.867183,-44.817074,10696.869043,10697.942896342705
235.42381,0.867877,-44.815704,10696.420879,10696.965012101053
235.43381,0.868571,-44.814334,10695.972729,10697.70166570984
235.44381,0.869263,-44.812963,10695.524592,10695.589170074589
235.45381,0.869954,-44.811593,10695.07647,10694.835508500637
235.46381,0.870644,-44.810222,10694.628361,10694.123125645037
235.47381,0.871332,-44.808851,10694.180265,10695.241250056491
235.48381,0.872019,-44.807481,10693.732184,10694.954124399686
235.49381,0.872706,-44.80611,10693.284116,10693.746044310195
235.50381,0.87339,-44.804739,10692.836061,10692.860691197804
235.51381,0.874074,-44.803368,10692.388021,10694.659775667451
235.52381,0.874757,-44.801997,10691.939994,10693.560074732364
235.53381,0.875438,-44.800626,10691.491981,10692.46012357727
235.54381,0.876118,-44.799254,10691.043981,10693.5513512678
235.55381,0.876797,-44.797883,10690.595996,10690.172750584226
235.56381,0.877474,-44.796512,10690.148024,10692.548341618898
235.57381,0.878151,-44.79514,10689.700066,10690.408891919382
235.58381,0.878826,-44.793769,10689.252121,10689.298748398263
235.59381,0.8795,-44.792397,10688.80419,10690.606945334315
235.60381,0.880173,-44.791025,10688.356273,10690.747465323571
235.61381,0.880845,-44.789654,10687.90837,10691.537637970987
235.62381,0.881515,-44.788282,10687.46048,10688.9509321961
235.63381,0.882184,-44.78691,10687.012604,10688.651842738012
235.64381,0.882852,-44.785538,10686.564742,10685.062366684997
235.65381,0.883519,-44.784166,10686.116893,10686.969793108228
235.66381,0.884184,-44.782794,10685.669058,10686.62638778984
235.67381,0.884849,-44.781422,10685.221237,10687.911044828701
235.68381,0.885512,-44.780049,10684.77343,10684.405509954635
235.69381,0.886174,-44.778677,10684.325636,10683.979486840093
235.70381,0.886835,-44.777305,10683.877856,10683.097247725105
235.71381,0.887494,-44.775933,10683.43009,10682.757133900444
235.72381,0.888153,-44.77456,10682.982338,10685.42663697229
235.73381,0.88881,-44.773188,10682.534599,10683.298613931458
235.74381,0.889466,-44.771815,10682.086874,10682.364978308247
235.75381,0.89012,-44.770443,10681.639163,10680.011925407869
235.76381,0.890774,-44.76907,10681.191465,10683.251762477266
235.77381,0.891426,-44.767697,10680.743781,10677.88443916692
235.78381,0.892077,-44.766325,10680.296111,10678.932489328714
235.79381,0.892727,-44.764952,10679.848455,10682.07926881561
235.80381,0.893376,-44.763579,10679.400812,10680.007963903225
235.81381,0.894024,-44.762206,10678.953183,10680.338389567512
235.82381,0.89467,-44.760834,10678.505568,10678.979008509454
235.83381,0.895315,-44.759461,10678.057967,10679.475361279683
235.84381,0.895959,-44.758088,10677.610379,10680.406561693477
235.85381,0.896602,-44.756715,10677.162805,10679.375812651502
235.86381,0.897244,-44.755342,10676.715245,10678.709663842628
235.87381,0.897884,-44.753969,10676.267698,10677.024931696698
235.88381,0.898523,-44.752596,10675.820165,10677.150082746237
235.89381,0.899162,-44.751223,10675.372646,10674.476859509423
235.90381,0.899798,-44.74985,10674.925141,10676.885265862296
235.91381,0.900434,-44.748477,10674.477649,10675.726915221576
235.92381,0.901069,-44.747104,10674.030171,10678.44815982251
235.93381,0.901702,-44.74573,10673.582707,10673.831934657677
235.94381,0.902334,-44.744357,10673.135257,10674.436284711326
235.95381,0.902965,-44.742984,10672.68782,10673.032111787095
235.96381,0.903595,-44.741611,10672.240397,10674.256998372788
235.97381,0.904223,-44.740238,10671.792988,10673.313049740676
235.98381,0.904851,-44.738864,10671.345592,10670.972224222474
235.99381,0.905477,-44.737491,10670.89821,10671.905306164059
236.00381,0.906102,-44.736118,10670.450842,10672.672967323766
236.01381,0.906726,-44.734745,10670.003488,10670.250470011868
236.02381,0.907349,-44.733371,10669.556147,10672.044378672967
236.03381,0.90797,-44.731998,10669.108821,10669.542766270068
236.04381,0.908591,-44.730625,10668.661507,10669.4021336299
236.05381,0.90921,-44.729252,10668.214208,10668.449965016845
236.06381,0.909828,-44.727878,10667.766922,10666.523143512135
236.07381,0.910445,-44.726505,10667.319651,10667.373352173872
236.08381,0.911061,-44.725132,10666.872392,10667.385093237015
236.09381,0.911675,-44.723758,10666.425148,10667.839821004683
236.10381,0.912289,-44.722385,10665.977917,10665.065978837274
236.11381,0.912901,-44.721012,10665.5307,10665.897841477674
236.12381,0.913512,-44.719639,10665.083497,10664.069580181014
236.13381,0.914122,-44.718265,10664.636307,10664.414740739172
236.14381,0.91473,-44.716892,10664.189132,10666.923564224928
236.15381,0.915338,-44.715519,10663.74197,10662.368822678434
236.16381,0.915944,-44.714145,10663.294821,10665.104486363334
236.17381,0.91655,-44.712772,10662.847687,10664.473838961943
236.18381,0.917154,-44.711399,10662.400566,10661.546820995405
236.19381,0.917757,-44.710026,10661.953459,10661.033954620509
236.20381,0.918358,-44.708653,10661.506365,10664.553744927458
236.21381,0.918959,-44.707279,10661.059286,10658.549982867578
236.22381,0.919559,-44.705906,10660.61222,10661.408887742868
236.23381,0.920157,-44.704533,10660.165168,10659.632957747555
236.24381,0.920754,-44.70316,10659.718129,10659.872546663308
236.25381,0.92135,-44.701787,10659.271104,10659.297069173539
236.26381,0.921945,-44.700414,10658.824093,10660.308432556441
236.27381,0.922539,-44.699041,10658.377096,10659.641046456161
236.28381,0.923131,-44.697668,10657.930113,10657.598686779125
236.29381,0.923723,-44.696295,10657.483143,10660.612028555717
236.30381,0.924313,-44.694922,10657.036187,10659.384818508914
236.31381,0.924902,-44.693549,10656.589244,10658.005508981789
236.32381,0.92549,-44.692176,10656.142316,10655.41380807178
236.33381,0.926077,-44.690803,10655.695401,10656.818811536668
236.34381,0.926663,-44.68943,10655.2485,10655.167008475833
236.35381,0.927247,-44.688057,10654.801612,10656.11418772983
236.36381,0.927831,-44.686684,10654.354738,10655.784912157927
236.37381,0.928413,-44.685312,10653.907878,10652.098648580994
236.38381,0.928994,-44.683939,10653.461032,10654.2180191053
236.39381,0.929575,-44.682566,10653.0142,10652.541680997309
236.40381,0.930153,-44.681194,10652.567381,10653.850963667102
236.41381,0.930731,-44.679821,10652.120576,10653.164604207972
236.42381,0.931308,-44.678448,10651.673784,10653.480206416103
236.43381,0.931884,-44.677076,10651.227007,10652.186759548034
236.44381,0.932458,-44.675703,10650.780243,10650.98627985968
236.45381,0.933031,-44.674331,10650.333493,10653.580916842824
236.46381,0.933603,-44.672959,10649.886756,10648.669868737094
236.47381,0.934175,-44.671586,10649.440034,10652.028415895751
236.48381,0.934745,-44.670214,10648.993325,10650.83913553686
236.49381,0.935313,-44.668842,10648.546629,10649.486999364728
236.50381,0.935881,-44.66747,10648.099948,10647.618934786753
236.51381,0.936448,-44.666098,10647.65328,10647.354536096793
236.52381,0.937013,-44.664725,10647.206626,10648.770384542606
236.53381,0.937578,-44.663353,10646.759985,10646.166946967653
236.54381,0.938141,-44.661981,10646.313359,10646.63118226038
236.55381,0.938703,-44.66061,10645.866746,10650.825364301221
236.56381,0.939264,-44.659238,10645.420147,10647.000455051297
236.57381,0.939824,-44.657866,10644.973561,10646.416977401463
236.58381,0.940383,-44.656494,10644.526989,10646.654483719667
236.59381,0.940941,-44.655123,10644.080431,10644.672039278781
236.60381,0.941497,-44.653751,10643.633887,10642.914008628866
236.61381,0.942053,-44.652379,10643.187356,10644.08393236741
236.62381,0.942607,-44.651008,10642.740839,10641.486574254543
236.63381,0.94316,-44.649637,10642.294336,10643.267341495233
236.64381,0.943713,-44.648265,10641.847846,10640.406452461131
236.65381,0.944264,-44.646894,10641.401371,10641.196213467823
236.66381,0.944814,-44.645523,10640.954909,10640.981678663213
236.67381,0.945363,-44.644152,10640.50846,10640.766445938898
236.68381,0.945911,-44.64278,10640.062026,10640.064104603793
236.69381,0.946457,-44.641409,10639.615605,10641.162763357537
236.70381,0.947003,-44.640039,10639.169197,10636.510342755737
236.71381,0.947548,-44.638668,10638.722804,10639.706183408127
236.72381,0.948091,-44.637297,10638.276424,10640.90529946002
236.73381,0.948633,-44.635926,10637.830058,10636.573040404375
236.74381,0.949175,-44.634556,10637.383705,10635.795799250775
236.75381,0.949715,-44.633185,10636.937367,10637.13360902438
236.76381,0.950254,-44.631815,10636.491042,10636.424793479415
236.77381,0.950792,-44.630444,10636.04473,10639.573412404756
236.78381,0.951329,-44.629074,10635.598433,10637.15042797347
236.79381,0.951865,-44.627704,10635.152149,10636.066570664834
236.80381,0.9524,-44.626334,10634.705879,10634.280191475686
236.81381,0.952934,-44.624964,10634.259622,10636.896028231555
236.82381,0.953466,-44.623594,10633.81338,10635.585949267304
236.83381,0.953998,-44.622224,10633.36715,10632.95053450191
236.84381,0.954529,-44.620854,10632.920935,10631.798420064342
236.85381,0.955058,-44.619484,10632.474733,10630.53442728428
236.86381,0.955586,-44.618115,10632.028545,10634.4188071828
236.87381,0.956114,-44.616745,10631.582371,10631.750958076384
236.88381,0.95664,-44.615376,10631.13621,10633.703280634292
236.89381,0.957165,-44.614006,10630.690064,10632.660960226205
236.90381,0.957689,-44.612637,10630.24393,10634.494238324707
236.91381,0.958213,-44.611268,10629.797811,10628.077778811981
236.92381,0.958735,-44.609899,10629.351705,10630.59148989916
236.93381,0.959256,-44.60853,10628.905613,10627.630138913759
236.94381,0.959776,-44.607161,10628.459534,10629.373498765459
236.95381,0.960294,-44.605792,10628.01347,10627.7429331555
236.96381,0.960812,-44.604424,10627.567419,10627.792297663536
236.97381,0.961329,-44.603055,10627.121381,10626.548040104035
236.98381,0.961845,-44.601687,10626.675357,10627.168933003735
236.99381,0.962359,-44.600318,10626.229347,10626.992296932727
237.00381,0.962873,-44.59895,10625.783351,10623.766242918753
237.01381,0.963386,-44.597582,10625.337368,10624.720776783151
237.02381,0.963897,-44.596214,10624.891399,10628.057901633729
237.03381,0.964408,-44.594846,10624.445444,10626.644203279895
237.04381,0.964917,-44.593478,10623.999503,10624.153612304232
237.05381,0.965426,-44.592111,10623.553575,10623.336897861436
237.06381,0.965933,-44.590743,10623.10766,10621.626950239306
237.07381,0.966439,-44.589375,10622.66176,10622.544086902019
237.08381,0.966945,-44.588008,10622.215873,10620.48361693911
237.09381,0.967449,-44.586641,10621.77,10622.549151417348
237.10381,0.967952,-44.585274,10621.32414,10622.073103280049
237.11381,0.968454,-44.583907,10620.878294,10621.371255772485
237.12381,0.968955,-44.58254,10620.432462,10623.073389872598
237.13381,0.969456,-44.581173,10619.986643,10620.441359318094
237.14381,0.969955,-44.579806,10619.540838,10620.768268431631
237.15381,0.970453,-44.57844,10619.095047,10619.409518828728
237.16381,0.97095,-44.577073,10618.64927,10619.988871233123
237.17381,0.971446,-44.575707,10618.203506,10619.180964908755
237.18381,0.971941,-44.574341,10617.757755,10617.453957103551
237.19381,0.972435,-44.572974,10617.312019,10617.407009579145
237.20381,0.972928,-44.571608,10616.866296,10613.837367042615
237.21381,0.97342,-44.570243,10616.420587,10618.30993902033
237.22381,0.973911,-44.568877,10615.974891,10617.135020421734
237.23381,0.974401,-44.567511,10615.529209,10617.145126159523
237.24381,0.97489,-44.566146,10615.083541,10615.712947331467
237.25381,0.975378,-44.56478,10614.637886,10616.20144658521
237.26381,0.975865,-44.563415,10614.192245,10614.832736648787
237.27381,0.976351,-44.56205,10613.746618,10614.581320646408
237.28381,0.976835,-44.560685,10613.301004,10615.941068585857
237.29381,0.977319,-44.55932,10612.855404,10611.133838966685
237.30381,0.977802,-44.557955,10612.409818,10612.639297370706
237.31381,0.978284,-44.556591,10611.964245,10611.731781531858
237.32381,0.978765,-44.555226,10611.518686,10612.505371230753
237.33381,0.979245,-44.553862,10611.073141,10613.730876320871
237.34381,0.979724,-44.552498,10610.627609,10611.397773148636
237.35381,0.980202,-44.551134,10610.182091,10610.947511609427
237.36381,0.980679,-44.54977,10609.736586,10610.450498471075
237.37381,0.981155,-44.548406,10609.291095,10609.456525683618
237.38381,0.98163,-44.547042,10608.845618,10609.693329571568
237.39381,0.982104,-44.545679,10608.400154,10609.211028179725
237.40381,0.982577,-44.544315,10607.954704,10612.192219072725
237.41381,0.983049,-44.542952,10607.509268,10606.296457168331
237.42381,0.98352,-44.541589,10607.063845,10607.085308358088
237.43381,0.98399,-44.540226,10606.618436,10608.454806741682
237.44381,0.984459,-44.538863,10606.173041,10607.70018249478
237.45381,0.984927,-44.537501,10605.727659,10606.404964980571
237.46381,0.985394,-44.536138,10605.282291,10603.739665994795
237.47381,0.98586,-44.534776,10604.836936,10606.931765785996
237.48381,0.986325,-44.533414,10604.391595,10604.38220803279
237.49381,0.986789,-44.532051,10603.946268,10604.88094229762
237.50381,0.987252,-44.530689,10603.500954,10601.765388965103
237.51381,0.987714,-44.529328,10603.055654,10602.441637279695
237.52381,0.988176,-44.527966,10602.610368,10604.795587482366
237.53381,0.988636,-44.526604,10602.165095,10603.713547373995
237.54381,0.989095,-44.525243,10601.719836,10601.658076500738
237.55381,0.989554,-44.523882,10601.27459,10601.753194606967
237.56381,0.990011,-44.522521,10600.829358,10601.415895643113
237.57381,0.990467,-44.52116,10600.38414,10603.02044159849
237.58381,0.990923,-44.519799,10599.938935,10603.628910958638
237.59381,0.991377,-44.518439,10599.493744,10600.440594523458
237.60381,0.991831,-44.517078,10599.048566,10600.953599153976
237.61381,0.992283,-44.515718,10598.603402,10597.38625321635
237.62381,0.992735,-44.514358,10598.158252,10597.43208095977
237.63381,0.993186,-44.512998,10597.713115,10599.728822979454
237.64381,0.993635,-44.511638,10597.267992,10600.7353571438
237.65381,0.994084,-44.510278,10596.822882,10597.100297006962
237.66381,0.994532,-44.508919,10596.377786,10599.399913609148
237.67381,0.994979,-44.507559,10595.932704,10597.85669487212
237.68381,0.995425,-44.5062,10595.487635,10597.059481868191
237.69381,0.99587,-44.504841,10595.04258,10598.09047208692
237.70381,0.996314,-44.503482,10594.597538,10597.909942719747
237.71381,0.996757,-44.502123,10594.15251,10594.75912206719
237.72381,0.997199,-44.500765,10593.707496,10594.148321074908
237.73381,0.99764,-44.499406,10593.262495,10594.89130449163
237.74381,0.998081,-44.498048,10592.817508,10594.490211964592
237.75381,0.99852,-44.49669,10592.372534,10593.680959280007
237.76381,0.998959,-44.495332,10591.927574,10591.972639986148
237.77381,0.999396,-44.493974,10591.482627,10589.056596428214
237.78381,0.999833,-44.492617,10591.037694,10590.01187278258
237.79381,1.000268,-44.491259,10590.592775,10590.833987009662
237.80381,1.000703,-44.489902,10590.147869,10591.314274780902
237.81381,1.001137,-44.488545,10589.702977,10588.758280326412
237.82381,1.00157,-44.487188,10589.258098,10588.851708625747
237.83381,1.002002,-44.485831,10588.813233,10588.338017626416
237.84381,1.002433,-44.484475,10588.368382,10587.24936172127
237.85381,1.002863,-44.483118,10587.923544,10587.246025159795
237.86381,1.003292,-44.481762,10587.478719,10586.907868322503
237.87381,1.00372,-44.480406,10587.033908,10585.668134847352
237.88381,1.004148,-44.47905,10586.589111,10585.278727681192
237.89381,1.004574,-44.477695,10586.144327,10588.270663822399
237.90381,1.005,-44.476339,10585.699557,10587.586806202498
237.91381,1.005424,-44.474984,10585.254801,10582.853858915885
237.92381,1.005848,-44.473628,10584.810058,10586.427375237981
237.93381,1.006271,-44.472273,10584.365328,10583.077303158336
237.94381,1.006693,-44.470919,10583.920612,10584.70061629298
237.95381,1.007114,-44.469564,10583.47591,10585.685600378596
237.96381,1.007534,-44.468209,10583.031221,10586.68077797582
237.97381,1.007953,-44.466855,10582.586545,10582.23850977438
237.98381,1.008371,-44.465501,10582.141884,10584.887637247728
237.99381,1.008789,-44.464147,10581.697235,10582.262264527928
238.00381,1.009205,-44.462793,10581.252601,10583.34174111159
238.01381,1.009621,-44.46144,10580.80798,10582.304122894511
238.02381,1.010035,-44.460086,10580.363372,10579.737792741947
238.03381,1.010449,-44.458733,10579.918778,10579.14553553833
238.04381,1.010862,-44.45738,10579.474197,10580.534909060912
238.05381,1.011274,-44.456027,10579.02963,10577.582256945476
238.06381,1.011685,-44.454674,10578.585077,10581.360972894843
238.07381,1.012096,-44.453322,10578.140537,10581.896194912773
238.08381,1.012505,-44.45197,10577.69601,10581.971010587122
238.09381,1.012914,-44.450617,10577.251497,10578.052773188527
238.10381,1.013321,-44.449265,10576.806998,10579.22781198432
238.11381,1.013728,-44.447914,10576.362512,10577.076915563424
238.12381,1.014134,-44.446562,10575.91804,10575.241892872857
238.13381,1.014539,-44.445211,10575.473581,10575.785765607372
238.14381,1.014943,-44.44386,10575.029135,10576.943525203653
238.15381,1.015346,-44.442509,10574.584704,10577.756630046737
238.16381,1.015748,-44.441158,10574.140285,10572.756718679027
238.17381,1.01615,-44.439807,10573.69588,10575.2966549322
238.18381,1.016551,-44.438457,10573.251489,10575.19516313916
238.19381,1.01695,-44.437106,10572.807111,10573.123118688041
238.20381,1.017349,-44.435756,10572.362747,10572.157692550001
238.21381,1.017747,-44.434406,10571.918396,10572.330181577905
238.22381,1.018144,-44.433057,10571.474059,10573.558336192746
238.23381,1.018541,-44.431707,10571.029735,10572.092420224044
238.24381,1.018936,-44.430358,10570.585425,10572.986907248627
238.25381,1.019331,-44.429009,10570.141128,10569.318798990898
238.26381,1.019724,-44.42766,10569.696845,10571.628589289132
238.27381,1.020117,-44.426311,10569.252575,10571.767003281824
238.28381,1.020509,-44.424963,10568.808318,10569.99817140974
238.29381,1.0209,-44.423614,10568.364075,10568.124562800687
238.30381,1.021291,-44.422266,10567.919846,10568.503999700264
238.31381,1.02168,-44.420918,10567.47563,10569.025222508968
238.32381,1.022069,-44.419571,10567.031428,10569.59139913992
238.33381,1.022457,-44.418223,10566.587239,10566.560459053255
238.34381,1.022844,-44.416876,10566.143063,10565.406807559466
238.35381,1.02323,-44.415529,10565.698901,10563.549214822542
238.36381,1.023615,-44.414182,10565.254753,10565.579910052995
238.37381,1.023999,-44.412835,10564.810618,10568.331669861089
238.38381,1.024383,-44.411488,10564.366496,10564.876838793412
238.39381,1.024765,-44.410142,10563.922388,10563.111936813166
238.40381,1.025147,-44.408796,10563.478293,10564.312883265531
238.41381,1.025528,-44.40745,10563.034212,10565.269485128649
238.42381,1.025909,-44.406104,10562.590144,10563.76141937651
238.43381,1.026288,-44.404759,10562.14609,10565.877031678086
238.44381,1.026666,-44.403413,10561.702049,10562.568717824259
238.45381,1.027044,-44.402068,10561.258022,10561.911233677996
238.46381,1.027421,-44.400723,10560.814008,10562.962514713296
238.47381,1.027797,-44.399379,10560.370007,10560.02332884533
238.48381,1.028172,-44.398034,10559.92602,10558.27706332389
238.49381,1.028547,-44.39669,10559.482046,10564.024007747184
238.50381,1.02892,-44.395346,10559.038086,10557.909235061788
238.51381,1.029293,-44.394002,10558.594139,10559.285433563748
238.52381,1.029665,-44.392658,10558.150206,10558.585302692494
238.53381,1.030036,-44.391315,10557.706286,10559.884706529274
238.54381,1.030406,-44.389971,10557.26238,10557.464925802977
238.55381,1.030776,-44.388628,10556.818487,10557.339893393277
238.56381,1.031145,-44.387285,10556.374607,10555.16697793293
238.57381,1.031512,-44.385943,10555.930741,10558.06398538698
238.58381,1.031879,-44.3846,10555.486888,10555.568488985547
238.59381,1.032246,-44.383258,10555.043049,10551.59667493114
238.60381,1.032611,-44.381916,10554.599223,10555.990298625622
238.61381,1.032976,-44.380574,10554.155411,10558.43420263393
238.62381,1.03334,-44.379233,10553.711612,10553.65390145818
238.63381,1.033703,-44.377891,10553.267826,10554.50984429806
238.64381,1.034065,-44.37655,10552.824054,10552.784047464138
238.65381,1.034426,-44.375209,10552.380295,10555.730680394212
238.66381,1.034787,-44.373868,10551.93655,10552.545279298154
238.67381,1.035147,-44.372528,10551.492818,10552.708124934712
238.68381,1.035506,-44.371187,10551.049099,10552.356894567622
238.69381,1.035864,-44.369847,10550.605394,10549.959918373463
238.70381,1.036221,-44.368507,10550.161702,10553.711219495444
238.71381,1.036578,-44.367168,10549.718024,10548.214430110998
238.72381,1.036934,-44.365828,10549.274359,10551.63994211601
238.73381,1.037289,-44.364489,10548.830707,10550.924092814219
238.74381,1.037555,-44.36315,10548.387069,10547.809399222004
238.75381,1.03659,-44.361812,10547.943444,10547.578724809966
238.76381,1.035631,-44.360475,10547.499833,10548.450271203352
238.77381,1.034677,-44.359141,10547.056235,10548.08330489168
238.78381,1.033729,-44.357807,10546.61265,10547.711843639583
238.79381,1.032786,-44.356476,10546.169079,10545.81367591834
238.80381,1.031848,-44.355146,10545.725521,10549.740677317423
238.81381,1.030916,-44.353817,10545.281976,10546.012205463972
238.82381,1.029989,-44.35249,10544.838444,10542.868506827846
238.83381,1.029067,-44.351164,10544.394926,10546.078158607266
238.84381,1.02815,-44.34984,10543.951421,10545.201502987315
238.85381,1.027239,-44.348518,10543.507929,10544.492744805138
238.86381,1.026333,-44.347197,10543.064451,10546.312425468956
238.87381,1.025432,-44.345877,10542.620985,10542.869886593387
238.88381,1.024537,-44.344559,10542.177533,10545.08000136135
238.89381,1.023647,-44.343242,10541.734094,10543.298787132819
238.90381,1.022761,-44.341927,10541.290668,10542.609112500897
238.91381,1.021881,-44.340613,10540.847255,10541.293900650793
238.92381,1.021006,-44.339301,10540.403856,10542.122526619563
238.93381,1.020136,-44.33799,10539.960469,10540.867448328867
238.94381,1.019272,-44.33668,10539.517096,10540.140698328247
238.95381,1.018412,-44.335372,10539.073736,10539.021214757398
238.96381,1.017558,-44.334065,10538.630389,10538.33485940093
238.97381,1.016708,-44.33276,10538.187055,10540.241882786908
238.98381,1.015864,-44.331455,10537.743733,10540.20701166226
238.99381,1.015024,-44.330153,10537.300425,10536.27655603865
239.00381,1.014189,-44.328851,10536.85713,10536.829889678176
239.01381,1.01336,-44.327551,10536.413848,10536.271195185935
239.02381,1.012535,-44.326252,10535.970579,10537.170035971252
239.03381,1.011716,-44.324954,10535.527323,10536.907664989607
239.04381,1.010901,-44.323658,10535.08408,10537.454787877585
239.05381,1.010091,-44.322363,10534.64085,10537.646524053565
239.06381,1.009286,-44.321069,10534.197633,10538.677875327572
239.07381,1.008486,-44.319777,10533.754429,10533.126463882205
239.08381,1.007691,-44.318485,10533.311237,10532.108202015266
239.09381,1.006901,-44.317195,10532.868059,10533.672899341536
239.10381,1.006115,-44.315906,10532.424894,10532.864339286189
239.11381,1.005334,-44.314619,10531.981741,10534.058736554267
239.12381,1.004558,-44.313332,10531.538601,10532.520341839825
239.13381,1.003787,-44.312047,10531.095474,10533.931619724077
239.14381,1.003022,-44.310763,10530.65236,10534.462523114646
239.15381,1.002263,-44.30948,10530.209259,10531.072743857816
239.16381,1.001508,-44.308198,10529.766171,10531.078353442252
239.17381,1.000758,-44.306917,10529.323095,10531.247028442258
239.18381,1.000013,-44.305637,10528.880032,10530.288076221876
239.19381,0.999272,-44.304358,10528.436982,10527.97917179945
239.20381,0.998536,-44.30308,10527.993945,10530.34781732086
239.21381,0.997804,-44.301803,10527.550921,10528.705322139132
239.22381,0.997078,-44.300528,10527.107909,10527.625863194544
239.23381,0.996355,-44.299253,10526.66491,10525.867171741667
239.24381,0.995638,-44.297979,10526.221924,10527.92894929777
239.25381,0.994924,-44.296706,10525.778951,10526.506300071032
239.26381,0.994216,-44.295434,10525.33599,10526.083079409535
239.27381,0.993511,-44.294163,10524.893042,10525.471289001343
239.28381,0.992812,-44.292893,10524.450107,10526.219621753206
239.29381,0.992117,-44.291624,10524.007184,10527.219920687021
239.30381,0.991426,-44.290356,10523.564274,10520.504731594885
239.31381,0.99074,-44.289089,10523.121377,10525.733817923343
239.32381,0.990058,-44.287823,10522.678492,10523.552371103717
239.33381,0.98938,-44.286557,10522.23562,10521.311917384744
239.34381,0.988707,-44.285293,10521.792761,10521.493526744705
239.35381,0.988039,-44.284029,10521.349915,10520.599490073615
239.36381,0.987374,-44.282767,10520.907081,10520.700558429773
239.37381,0.986714,-44.281505,10520.464259,10520.13173954145
239.38381,0.986059,-44.280244,10520.021451,10522.923497975684
239.39381,0.985407,-44.278984,10519.578654,10518.732467305352
239.40381,0.98476,-44.277725,10519.135871,10517.344952306124
239.41381,0.984117,-44.276466,10518.6931,10520.037376232496
239.42381,0.983479,-44.275209,10518.250342,10519.486285833707
239.43381,0.982845,-44.273952,10517.807596,10520.41173818531
239.44381,0.982214,-44.272696,10517.364862,10514.565913727434
239.45381,0.981589,-44.271441,10516.922142,10519.119775573881
239.46381,0.980967,-44.270187,10516.479434,10516.24929949689
239.47381,0.98035,-44.268933,10516.036738,10515.901201286668
239.48381,0.979736,-44.267681,10515.594055,10517.934249674712
239.49381,0.979127,-44.266429,10515.151384,10516.891969603032
239.50381,0.978522,-44.265178,10514.708726,10515.740863033257
239.51381,0.977921,-44.263928,10514.266081,10516.46624227828
239.52381,0.977324,-44.262678,10513.823448,10515.006910212378
239.53381,0.976731,-44.261429,10513.380827,10513.083909133398
239.54381,0.976143,-44.260181,10512.938219,10514.231125124948
239.55381,0.975558,-44.258934,10512.495624,10514.664074275108
239.56381,0.974977,-44.257687,10512.053041,10512.07277093007
239.57381,0.974401,-44.256441,10511.61047,10514.560309447847
239.58381,0.973828,-44.255196,10511.167912,10512.232395382283
239.59381,0.97326,-44.253952,10510.725366,10511.715465410172
239.60381,0.972695,-44.252708,10510.282833,10511.839605983449
239.61381,0.972134,-44.251465,10509.840312,10512.641371839018
239.62381,0.971577,-44.250223,10509.397803,10512.075095796763
239.63381,0.971025,-44.248982,10508.955307,10510.355831511246
239.64381,0.970476,-44.247741,10508.512824,10510.662938120715
239.65381,0.96993,-44.2465,10508.070353,10509.101325074083
239.66381,0.969389,-44.245261,10507.627894,10507.934772759821
239.67381,0.968852,-44.244022,10507.185447,10508.21710797267
239.68381,0.968318,-44.242784,10506.743013,10507.383587179733
239.69381,0.967789,-44.241546,10506.300592,10506.521020601142
239.70381,0.967263,-44.240309,10505.858182,10506.51832286849
239.71381,0.966741,-44.239073,10505.415785,10504.763819823498
239.72381,0.966222,-44.237837,10504.973401,10506.978490228621
239.73381,0.965708,-44.236602,10504.531029,10507.235881818504
239.74381,0.965197,-44.235368,10504.088669,10507.306290031538
239.75381,0.96469,-44.234134,10503.646321,10504.426071309135
239.76381,0.964186,-44.232901,10503.203986,10507.0691537109
239.77381,0.963687,-44.231668,10502.761663,10502.42049963106
239.78381,0.963191,-44.230436,10502.319353,10503.321128224268
239.79381,0.962698,-44.229205,10501.877055,10503.184065978201
239.80381,0.96221,-44.227974,10501.434769,10503.243938357316
239.81381,0.961724,-44.226744,10500.992495,10501.358498340689
239.82381,0.961243,-44.225514,10500.550234,10499.361635359737
239.83381,0.960765,-44.224285,10500.107985,10499.196265503599
239.84381,0.960291,-44.223057,10499.665748,10500.556844370682
239.85381,0.95982,-44.221829,10499.223524,10501.94742970102
239.86381,0.959353,-44.220602,10498.781312,10499.843680819444
239.87381,0.958889,-44.219375,10498.339112,10498.75110124821
239.88381,0.958429,-44.218148,10497.896924,10500.42721735741
239.89381,0.957973,-44.216923,10497.454749,10497.785752859008
239.90381,0.95752,-44.215697,10497.012586,10498.576319197862
239.91381,0.95707,-44.214473,10496.570435,10495.483831915928
239.92381,0.956624,-44.213248,10496.128296,10497.798861906776
239.93381,0.956181,-44.212025,10495.68617,10497.646174227919
239.94381,0.955742,-44.210802,10495.244056,10497.307367130852
239.95381,0.955306,-44.209579,10494.801954,10497.192234316106
239.96381,0.954874,-44.208357,10494.359864,10495.489000024667
239.97381,0.954445,-44.207135,10493.917787,10493.621594536755
239.98381,0.954019,-44.205914,10493.475721,10494.102214691553
239.99381,0.953597,-44.204693,10493.033668,10495.067515810504
240.00381,0.953178,-44.203473,10492.591627,10493.591935003282
240.01381,0.952762,-44.202253,10492.149599,10494.102801329875
240.02381,0.95235,-44.201034,10491.707582,10493.949081782273
240.03381,0.951941,-44.199815,10491.265578,10490.888889002194
240.04381,0.951535,-44.198597,10490.823586,10491.609977113349
240.05381,0.951132,-44.197379,10490.381606,10490.098840330906
240.06381,0.950733,-44.196162,10489.939639,10491.877627797214
240.07381,0.950337,-44.194945,10489.497683,10490.92304306766
240.08381,0.949945,-44.193728,10489.05574,10488.371055678468
240.09381,0.949555,-44.192512,10488.613808,10488.596624214024
240.10381,0.949169,-44.191296,10488.171889,10488.628397304132
240.11381,0.948785,-44.190081,10487.729982,10486.427116238534
240.12381,0.948405,-44.188866,10487.288088,10488.623466242216
240.13381,0.948029,-44.187652,10486.846205,10487.709036566974
240.14381,0.947655,-44.186438,10486.404335,10484.4194593544
240.15381,0.947284,-44.185224,10485.962476,10486.177917334988
240.16381,0.946917,-44.184011,10485.52063,10487.51429338374
240.17381,0.946553,-44.182798,10485.078796,10485.534525649111
240.18381,0.946191,-44.181586,10484.636974,10484.9893498337
240.19381,0.945833,-44.180374,10484.195164,10486.429892471468
240.20381,0.945478,-44.179162,10483.753367,10484.557760245281
240.21381,0.945126,-44.177951,10483.311581,10486.03162696685
240.22381,0.944777,-44.17674,10482.869808,10487.144019512256
240.23381,0.944431,-44.17553,10482.428046,10482.624224667688
240.24381,0.944087,-44.17432,10481.986297,10481.404020499687
240.25381,0.943747,-44.17311,10481.54456,10484.513269126883
240.26381,0.94341,-44.171901,10481.102835,10480.212132595212
240.27381,0.943076,-44.170692,10480.661122,10481.195405382628
240.28381,0.942745,-44.169483,10480.219421,10477.662874660653
240.29381,0.942416,-44.168275,10479.777732,10483.41788277094
240.30381,0.942091,-44.167067,10479.336056,10480.289414131023
240.31381,0.941769,-44.165859,10478.894391,10480.471830732606
240.32381,0.941449,-44.164652,10478.452738,10477.291656039368
240.33381,0.941132,-44.163445,10478.011098,10481.656923705006
240.34381,0.940818,-44.162239,10477.56947,10477.916585643674
240.35381,0.940507,-44.161032,10477.127853,10478.566867668642
240.36381,0.940199,-44.159826,10476.686249,10475.688187214368
240.37381,0.939894,-44.158621,10476.244657,10475.835826656377
240.38381,0.939591,-44.157416,10475.803076,10476.470321764198
240.39381,0.939291,-44.156211,10475.361508,10475.573683077948
240.40381,0.938994,-44.155006,10474.919952,10473.805779489981
240.41381,0.9387,-44.153802,10474.478408,10475.722262135538
240.42381,0.938408,-44.152598,10474.036876,10474.14113674435
240.43381,0.93812,-44.151394,10473.595356,10474.496850561785
240.44381,0.937834,-44.15019,10473.153848,10472.043947228483
240.45381,0.93755,-44.148987,10472.712352,10476.59501664632
240.46381,0.93727,-44.147784,10472.270869,10475.057709756255
240.47381,0.936992,-44.146582,10471.829397,10473.028010939635
240.48381,0.936716,-44.14538,10471.387937,10474.831206412313
240.49381,0.936444,-44.144178,10470.946489,10469.107199201784
240.50381,0.936174,-44.142976,10470.505053,10471.09969439806
240.51381,0.935906,-44.141774,10470.06363,10469.636994909717
240.52381,0.935642,-44.140573,10469.622218,10470.707381198717
240.53381,0.935379,-44.139372,10469.180818,10468.628822464367
240.54381,0.93512,-44.138172,10468.73943,10467.978399934804
240.55381,0.934863,-44.136971,10468.298055,10468.226670834973
240.56381,0.934609,-44.135771,10467.856691,10471.896982426162
240.57381,0.934357,-44.134571,10467.415339,10468.218109115485
240.58381,0.934107,-44.133372,10466.974,10467.511924446322
240.59381,0.933861,-44.132172,10466.532672,10468.191280417072
240.60381,0.933616,-44.130973,10466.091356,10467.962035276725
240.61381,0.933375,-44.129774,10465.650052,10466.377541383392
240.62381,0.933135,-44.128576,10465.208761,10464.157906308104
240.63381,0.932898,-44.127377,10464.767481,10466.916314010381
240.64381,0.932664,-44.126179,10464.326213,10464.082946930479
240.65381,0.932432,-44.124981,10463.884957,10466.132265818333
240.66381,0.932203,-44.123784,10463.443714,10465.939245361184
240.67381,0.931976,-44.122586,10463.002482,10464.107632359846
240.68381,0.931751,-44.121389,10462.561262,10465.190452279365
240.69381,0.931529,-44.120192,10462.120054,10464.369282491461
240.70381,0.931309,-44.118995,10461.678858,10463.030035469772
240.71381,0.931092,-44.117798,10461.237674,10463.423314995833
240.72381,0.930877,-44.116602,10460.796502,10462.889058226985
240.73381,0.930664,-44.115406,10460.355342,10460.006707951483
240.74381,0.930454,-44.11421,10459.914194,10461.21280813661
240.75381,0.930245,-44.113014,10459.473058,10456.865169311606
240.76381,0.93004,-44.111819,10459.031934,10458.529507782425
240.77381,0.929836,-44.110623,10458.590821,10459.79670089075
240.78381,0.929635,-44.109428,10458.149721,10457.371894427057
240.79381,0.929436,-44.108233,10457.708633,10459.91607191836
240.80381,0.92924,-44.107038,10457.267556,10460.87932354246
240.81381,0.929045,-44.105844,10456.826492,10458.103094117727
240.82381,0.928853,-44.104649,10456.38544,10458.443992334047
240.83381,0.928663,-44.103455,10455.944399,10458.920865162723
240.84381,0.928476,-44.102261,10455.50337,10454.545758150554
240.85381,0.92829,-44.101067,10455.062354,10455.859948261514
240.86381,0.928107,-44.099874,10454.621349,10456.82749710983
240.87381,0.927926,-44.09868,10454.180356,10454.645104052202
240.88381,0.927747,-44.097487,10453.739376,10452.77280354001
240.89381,0.92757,-44.096294,10453.298407,10454.955048929487
240.90381,0.927396,-44.095101,10452.85745,10452.373047911331
240.91381,0.927223,-44.093908,10452.416505,10450.381020696532
240.92381,0.927053,-44.092715,10451.975571,10451.642849421862
240.93381,0.926885,-44.091523,10451.53465,10454.221009342014
240.94381,0.926719,-44.09033,10451.093741,10449.761466862783
240.95381,0.926555,-44.089138,10450.652844,10449.892855899243
240.96381,0.926393,-44.087946,10450.211958,10452.434775347745
240.97381,0.926233,-44.086754,10449.771085,10450.78499047584
240.98381,0.926075,-44.085563,10449.330223,10449.086318239226
240.99381,0.92592,-44.084371,10448.889374,10448.829612288568
241.00381,0.925766,-44.08318,10448.448536,10446.05055936669
241.01381,0.925614,-44.081988,10448.00771,10449.28888325776
241.02381,0.925465,-44.080797,10447.566896,10449.821369960006
241.03381,0.925317,-44.079606,10447.126094,10446.01180750738
241.04381,0.925171,-44.078416,10446.685304,10447.618053076307
241.05381,0.925028,-44.077225,10446.244526,10449.196391790596
241.06381,0.924365,-44.076034,10445.803759,10446.380198045032
241.07381,0.923396,-44.074845,10445.363005,10444.258206759903
241.08381,0.922429,-44.073656,10444.922262,10443.476323802748
241.09381,0.921465,-44.072468,10444.481532,10444.918581366122
241.10381,0.920505,-44.071281,10444.040813,10445.116721518276
241.11381,0.919547,-44.070095,10443.600106,10443.121297514066
241.12381,0.918591,-44.06891,10443.159411,10441.318108093355
241.13381,0.917639,-44.067726,10442.718728,10441.170031393127
241.14381,0.916689,-44.066543,10442.278057,10440.226565864217
241.15381,0.915743,-44.06536,10441.837397,10446.388136908574
241.16381,0.914799,-44.064178,10441.396749,10443.333858143576
241.17381,0.913857,-44.062997,10440.956114,10442.65907908372
241.18381,0.912919,-44.061817,10440.515489,10440.139480108537
241.19381,0.911983,-44.060638,10440.074877,10438.943547047556
241.20381,0.91105,-44.05946,10439.634277,10440.51743955767
241.21381,0.91012,-44.058282,10439.193688,10440.986675506552
241.22381,0.909192,-44.057105,10438.753111,10439.323330672949
241.23381,0.908267,-44.055929,10438.312546,10438.742043368342
241.24381,0.907345,-44.054754,10437.871993,10437.881417494007
241.25381,0.906426,-44.05358,10437.431451,10439.535066100561
241.26381,0.905509,-44.052406,10436.990921,10436.105253641526
241.27381,0.904595,-44.051233,10436.550403,10435.736082481711
241.28381,0.903684,-44.050061,10436.109896,10435.899024114142
241.29381,0.902775,-44.04889,10435.669401,10434.968535347845
241.30381,0.901869,-44.047719,10435.228918,10436.675275653959
241.31381,0.900966,-44.046549,10434.788447,10435.356887180453
241.32381,0.900065,-44.04538,10434.347987,10436.387897798864
241.33381,0.899167,-44.044212,10433.90754,10436.809937400223
241.34381,0.898272,-44.043044,10433.467103,10435.492901318767
241.35381,0.897379,-44.041877,10433.026679,10436.631705619562
241.36381,0.896489,-44.040711,10432.586266,10433.846253870688
241.37381,0.895601,-44.039546,10432.145864,10432.504915758936
241.38381,0.894716,-44.038381,10431.705475,10431.572377771354
241.39381,0.893834,-44.037217,10431.265097,10431.723758177019
241.40381,0.892955,-44.036054,10430.82473,10432.199220261282
241.41381,0.892077,-44.034891,10430.384376,10429.909808712122
241.42381,0.891203,-44.033729,10429.944033,10430.264092960553
241.43381,0.890331,-44.032568,10429.503701,10429.180846671716
241.44381,0.889462,-44.031407,10429.063381,10429.018183546666
241.45381,0.888594,-44.030247,10428.623073,10430.076069190043
241.46381,0.887729,-44.029088,10428.182776,10430.660392691212
241.47381,0.886866,-44.02793,10427.742491,10428.261305966445
241.48381,0.886006,-44.026772,10427.302218,10425.890570389056
241.49381,0.885149,-44.025615,10426.861956,10429.244556367003
241.50381,0.884294,-44.024459,10426.421705,10425.640348039356
241.51381,0.883441,-44.023303,10425.981467,10426.1949353547
241.52381,0.882591,-44.022148,10425.541239,10423.383123357411
241.53381,0.881744,-44.020994,10425.101024,10424.585269508872
241.54381,0.880899,-44.01984,10424.660819,10423.387566255746
241.55381,0.880057,-44.018687,10424.220627,10424.396436133919
241.56381,0.879217,-44.017535,10423.780446,10424.891389374417
241.57381,0.878379,-44.016383,10423.340276,10425.370813627274
241.58381,0.877544,-44.015232,10422.900118,10425.183487355167
241.59381,0.876712,-44.014081,10422.459971,10424.658228043092
241.60381,0.875882,-44.012932,10422.019836,10423.594508608494
241.61381,0.875054,-44.011783,10421.579713,10423.927386881644
241.62381,0.874229,-44.010634,10421.139601,10422.498749069537
241.63381,0.873407,-44.009486,10420.6995,10424.207821112705
241.64381,0.872587,-44.008339,10420.259411,10419.09413710801
241.65381,0.871769,-44.007192,10419.819333,10420.534964493461
241.66381,0.870953,-44.006046,10419.379267,10419.434017105927
241.67381,0.870141,-44.004901,10418.939212,10421.831631065073
241.68381,0.86933,-44.003756,10418.499169,10419.629380205253
241.69381,0.868522,-44.002612,10418.059137,10419.726096935807
241.70381,0.867716,-44.001468,10417.619117,10417.404882188963
241.71381,0.866913,-44.000325,10417.179108,10415.55731464132
241.72381,0.866112,-43.999183,10416.73911,10417.137802311025
241.73381,0.865314,-43.998041,10416.299124,10419.024491271606
241.74381,0.864518,-43.996899,10415.85915,10417.56476369899
241.75381,0.863724,-43.995759,10415.419186,10417.55971098259
241.76381,0.862933,-43.994618,10414.979234,10414.403359041506
241.77381,0.862143,-43.993479,10414.539294,10410.480441606238
241.78381,0.861357,-43.99234,10414.099365,10414.354594607692
241.79381,0.860572,-43.991201,10413.659447,10415.83161485141
241.80381,0.859791,-43.990063,10413.219541,10413.931511844656
241.81381,0.859011,-43.988926,10412.779646,10413.019459674639
241.82381,0.858234,-43.987789,10412.339762,10414.02750250468
241.83381,0.857459,-43.986652,10411.89989,10411.965026143818
241.84381,0.856686,-43.985517,10411.460029,10413.321659501105
241.85381,0.855915,-43.984381,10411.02018,10411.136886207307
241.86381,0.855147,-43.983246,10410.580342,10411.104740538569
241.87381,0.854382,-43.982112,10410.140515,10408.250091601649
241.88381,0.853618,-43.980978,10409.700699,10408.84596772762
241.89381,0.852857,-43.979845,10409.260895,10411.701498663599
241.90381,0.852098,-43.978712,10408.821102,10410.248666256148
241.91381,0.851341,-43.97758,10408.381321,10408.561122853664
241.92381,0.850587,-43.976448,10407.941551,10406.90572238393
241.93381,0.849835,-43.975317,10407.501792,10410.172216910838
241.94381,0.849085,-43.974186,10407.062045,10408.894538767476
241.95381,0.848337,-43.973055,10406.622308,10409.622889144077
241.96381,0.847592,-43.971926,10406.182583,10408.01692899425
241.97381,0.846848,-43.970796,10405.74287,10407.230747301774
241.98381,0.846107,-43.969667,10405.303168,10403.271252729824
241.99381,0.845369,-43.968539,10404.863476,10403.405693397272
242.00381,0.844632,-43.967411,10404.423797,10405.020168521563
242.01381,0.843898,-43.966283,10403.984128,10406.262583239324
242.02381,0.843166,-43.965156,10403.544471,10403.819217910535
242.03381,0.842436,-43.964029,10403.104825,10403.993923465798
242.04381,0.841708,-43.962903,10402.66519,10403.864744640503
242.05381,0.840983,-43.961777,10402.225567,10402.7908056165
242.06381,0.840259,-43.960652,10401.785955,10400.391559874424
242.07381,0.839538,-43.959527,10401.346354,10401.927438984369
242.08381,0.838819,-43.958403,10400.906764,10400.140980771894
242.09381,0.838102,-43.957279,10400.467186,10400.808933356784
242.10381,0.837387,-43.956155,10400.027619,10399.146246923763
242.11381,0.836675,-43.955032,10399.588063,10399.379371307088
242.12381,0.835964,-43.953909,10399.148518,10399.094818230618
242.13381,0.835256,-43.952787,10398.708985,10398.333852029327
242.14381,0.83455,-43.951665,10398.269462,10397.704783301446
242.15381,0.833846,-43.950543,10397.829951,10397.9916199742
242.16381,0.833144,-43.949422,10397.390452,10395.83488210879
242.17381,0.832444,-43.948301,10396.950963,10398.14968764634
242.18381,0.831746,-43.947181,10396.511486,10396.328807886975
242.19381,0.831051,-43.946061,10396.072019,10398.599662752013
242.20381,0.830357,-43.944941,10395.632564,10397.562576296887
242.21381,0.829666,-43.943822,10395.193121,10396.187884648913
242.22381,0.828976,-43.942703,10394.753688,10393.887612912136
242.23381,0.828289,-43.941585,10394.314266,10395.527052844931
242.24381,0.827604,-43.940467,10393.874856,10392.824826145392
242.25381,0.826921,-43.939349,10393.435457,10394.002683851688
242.26381,0.82624,-43.938232,10392.996069,10392.234598658202
242.27381,0.825561,-43.937115,10392.556692,10394.568250978637
242.28381,0.824884,-43.935998,10392.117327,10391.305922878824
242.29381,0.824209,-43.934882,10391.677973,10390.104530087505
242.30381,0.823536,-43.933766,10391.238629,10391.100354320068
242.31381,0.822865,-43.932651,10390.799297,10392.774878287337
242.32381,0.822196,-43.931535,10390.359976,10390.531796531177
242.33381,0.821529,-43.930421,10389.920666,10390.3141545261
242.34381,0.820865,-43.929306,10389.481368,10391.330313469127
242.35381,0.820202,-43.928192,10389.04208,10390.958367470019
242.36381,0.819541,-43.927078,10388.602804,10389.02334978303
242.37381,0.818882,-43.925965,10388.163539,10388.002339840981
242.38381,0.818226,-43.924852,10387.724285,10388.33690352225
242.39381,0.817571,-43.923739,10387.285042,10390.504224995899
242.40381,0.816918,-43.922626,10386.84581,10387.903703747672
242.41381,0.816267,-43.921514,10386.406589,10387.037141575242
242.42381,0.815618,-43.920402,10385.96738,10386.34703091521
242.43381,0.814971,-43.919291,10385.528181,10388.281905767217
242.44381,0.814326,-43.918179,10385.088994,10385.676079659652
242.45381,0.813683,-43.917069,10384.649818,10383.86845172182
242.46381,0.813042,-43.915958,10384.210652,10385.72891627663
242.47381,0.812403,-43.914848,10383.771498,10387.187648358462
242.48381,0.811766,-43.913738,10383.332355,10383.888168560716
242.49381,0.811131,-43.912628,10382.893224,10383.903656651586
242.50381,0.810497,-43.911518,10382.454103,10380.276659964125
242.51381,0.809866,-43.910409,10382.014993,10382.554500915618
242.52381,0.809236,-43.909301,10381.575895,10382.235997193047
242.53381,0.808609,-43.908192,10381.136807,10383.425101601535
242.54381,0.807983,-43.907084,10380.697731,10380.875642660869
242.55381,0.807359,-43.905976,10380.258666,10382.518086917164
242.56381,0.806737,-43.904868,10379.819611,10381.300375038767
242.57381,0.806117,-43.903761,10379.380568,10379.387119415012
242.58381,0.805499,-43.902654,10378.941536,10381.651962380265
242.59381,0.804883,-43.901547,10378.502515,10378.557965599162
242.60381,0.804269,-43.90044,10378.063505,10378.393613528402
242.61381,0.803656,-43.899334,10377.624506,10377.763240045026
242.62381,0.803045,-43.898228,10377.185519,10376.392326514082
242.63381,0.802437,-43.897122,10376.746542,10376.748841261506
242.64381,0.80183,-43.896016,10376.307576,10378.017608619357
242.65381,0.801225,-43.894911,10375.868621,10376.501938216265
242.66381,0.800621,-43.893806,10375.429678,10375.555345592189
242.67381,0.80002,-43.892701,10374.990745,10375.294362737224
242.68381,0.79942,-43.891597,10374.551824,10377.104165203647
242.69381,0.798823,-43.890493,10374.112913,10373.44704787729
242.70381,0.798227,-43.889389,10373.674014,10373.622267281695
242.71381,0.797633,-43.888285,10373.235126,10375.360707444674
242.72381,0.79704,-43.887181,10372.796248,10378.35808672581
242.73381,0.79645,-43.886078,10372.357382,10371.55923316913
242.74381,0.795861,-43.884975,10371.918527,10373.389762864159
242.75381,0.795274,-43.883872,10371.479683,10368.450067264645
242.76381,0.794689,-43.882769,10371.040849,10372.307602276864
242.77381,0.793517,-43.881667,10370.602027,10369.190852864878
242.78381,0.79183,-43.880566,10370.163216,10370.407703142191
242.79381,0.790147,-43.879466,10369.724416,10372.18088754566
242.80381,0.788468,-43.878367,10369.285627,10367.679795665597
242.81381,0.786793,-43.877269,10368.846848,10367.600607274915
242.82381,0.785121,-43.876172,10368.408081,10371.040390851384
242.83381,0.783453,-43.875077,10367.969325,10369.40198167343
242.84381,0.781789,-43.873982,10367.53058,10368.756092174312
242.85381,0.780129,-43.872888,10367.091845,10371.560449535122
242.86381,0.778472,-43.871796,10366.653122,10366.70913780596
242.87381,0.77682,-43.870704,10366.214409,10367.600386045819
242.88381,0.77517,-43.869614,10365.775708,10367.459587066747
242.89381,0.773525,-43.868525,10365.337017,10366.547185535414
242.90381,0.771883,-43.867436,10364.898337,10366.452223412176
242.91381,0.770245,-43.866349,10364.459668,10364.52208125041
242.92381,0.768611,-43.865263,10364.02101,10366.10698737854
242.93381,0.76698,-43.864177,10363.582363,10365.783662794265
242.94381,0.765353,-43.863093,10363.143727,10362.112974274798
242.95381,0.76373,-43.862009,10362.705101,10362.337576764976
242.96381,0.76211,-43.860927,10362.266487,10362.092420093431
242.97381,0.760494,-43.859845,10361.827883,10366.910172037888
242.98381,0.758881,-43.858765,10361.38929,10361.244228024794
242.99381,0.757272,-43.857685,10360.950708,10361.599525695632
243.00381,0.755667,-43.856606,10360.512136,10361.873795287658
243.01381,0.754065,-43.855529,10360.073575,10360.278595303655
243.02381,0.752467,-43.854452,10359.635025,10358.217895047681
243.03381,0.750873,-43.853376,10359.196486,10359.499096671607
243.04381,0.749282,-43.8523,10358.757958,10358.617571462684
243.05381,0.747695,-43.851226,10358.31944,10361.61874000346
243.06381,0.746111,-43.850153,10357.880933,10358.409998996603
243.07381,0.744531,-43.84908,10357.442437,10359.499047792518
243.08381,0.742954,-43.848009,10357.003952,10356.221100093848
243.09381,0.741381,-43.846938,10356.565477,10355.724268692937
243.10381,0.739811,-43.845868,10356.127013,10358.087244194247
243.11381,0.738245,-43.844799,10355.68856,10356.77908732672
243.12381,0.736682,-43.843731,10355.250117,10356.050121443515
243.13381,0.735123,-43.842663,10354.811685,10354.89888090875
243.14381,0.733568,-43.841596,10354.373264,10354.120111276257
243.15381,0.732016,-43.840531,10353.934853,10353.555340009221
243.16381,0.730471,-43.839465,10353.496453,10354.644249296385
243.17381,0.728929,-43.838401,10353.058064,10353.896581558085
243.18381,0.72739,-43.837337,10352.619685,10353.804768016102
243.19381,0.725855,-43.836274,10352.181317,10351.87827020231
243.20381,0.724323,-43.835211,10351.74296,10352.458046079477
243.21381,0.722795,-43.834149,10351.304613,10352.416555681137
243.22381,0.72127,-43.833087,10350.866277,10349.29471722276
243.23381,0.719749,-43.832026,10350.427951,10352.465018451507
243.24381,0.718231,-43.830966,10349.989636,10352.139009687355
243.25381,0.716716,-43.829906,10349.551332,10350.435846617409
243.26381,0.715205,-43.828847,10349.113038,10348.968744241476
243.27381,0.713697,-43.827789,10348.674755,10350.85181073643
243.28381,0.712193,-43.826731,10348.236482,10346.59502572003
243.29381,0.710692,-43.825673,10347.79822,10347.69919292027
243.30381,0.709194,-43.824616,10347.359969,10347.84271905441
243.31381,0.707699,-43.82356,10346.921728,10348.541798336002
243.32381,0.706208,-43.822504,10346.483498,10348.49739892364
243.33381,0.704721,-43.821449,10346.045278,10347.336063549428
243.34381,0.703236,-43.820394,10345.607069,10347.805502762969
243.35381,0.701755,-43.819339,10345.16887,10345.285073322077
243.36381,0.700277,-43.818286,10344.730682,10346.444320177367
243.37381,0.698803,-43.817232,10344.292504,10341.548386130944
243.38381,0.697332,-43.81618,10343.854337,10344.243529061241
243.39381,0.695864,-43.815127,10343.416181,10345.985764023719
243.40381,0.694399,-43.814075,10342.978035,10341.68776876271
243.41381,0.692938,-43.813024,10342.539899,10341.123706384247
243.42381,0.69148,-43.811973,10342.101774,10341.561180455456
243.43381,0.690025,-43.810923,10341.66366,10342.874244661092
243.44381,0.688573,-43.809873,10341.225556,10343.51676028492
243.45381,0.687125,-43.808823,10340.787462,10339.120712027905
243.46381,0.68568,-43.807774,10340.349379,10343.099856803068
243.47381,0.684238,-43.806725,10339.911307,10339.881371724874
243.48381,0.682799,-43.805677,10339.473245,10339.651533334627
243.49381,0.681364,-43.80463,10339.035193,10339.269775854033
243.50381,0.679932,-43.803582,10338.597152,10336.309234928458
243.51381,0.678503,-43.802535,10338.159122,10338.525132830746
243.52381,0.677077,-43.801489,10337.721101,10339.330621200324
243.53381,0.675654,-43.800443,10337.283092,10336.579189089296
243.54381,0.674235,-43.799397,10336.845093,10337.996128920951
243.55381,0.672818,-43.798352,10336.407104,10334.73504795932
243.56381,0.671405,-43.797307,10335.969126,10339.65365185238
243.57381,0.669995,-43.796262,10335.531158,10336.545553934617
243.58381,0.668588,-43.795218,10335.0932,10333.395164386284
243.59381,0.667184,-43.794174,10334.655253,10333.374692335492
243.60381,0.665784,-43.793131,10334.217317,10335.23202901773
243.61381,0.664386,-43.792088,10333.779391,10334.245295442233
243.62381,0.662992,-43.791045,10333.341475,10334.162057092622
243.63381,0.661601,-43.790003,10332.90357,10334.483784551892
243.64381,0.660213,-43.788961,10332.465675,10331.981673983448
243.65381,0.658828,-43.787919,10332.027791,10333.039420934794
243.66381,0.657446,-43.786878,10331.589917,10334.499468311327
243.67381,0.656067,-43.785837,10331.152053,10331.187707089346
243.68381,0.654691,-43.784796,10330.7142,10329.869374167181
243.69381,0.653319,-43.783756,10330.276357,10330.887143228601
243.70381,0.651949,-43.782716,10329.838525,10329.111319986638
243.71381,0.650582,-43.781676,10329.400703,10329.35949112399
243.72381,0.649219,-43.780637,10328.962891,10329.498250673574
243.73381,0.647859,-43.779598,10328.52509,10329.133073466044
243.74381,0.646501,-43.778559,10328.087299,10331.847076386513
243.75381,0.645147,-43.77752,10327.649519,10329.221203230625
243.76381,0.643795,-43.776482,10327.211749,10326.685421114596
243.77381,0.642447,-43.775444,10326.773989,10328.548148856426
243.78381,0.641102,-43.774407,10326.33624,10327.022054321566
243.79381,0.639759,-43.773369,10325.898501,10325.750544946699
243.80381,0.63842,-43.772332,10325.460773,10325.657190505224
243.81381,0.637084,-43.771295,10325.023055,10323.266899218996
243.82381,0.63575,-43.770259,10324.585347,10324.297274446208
243.83381,0.63442,-43.769222,10324.147649,10325.547227322213
243.84381,0.633093,-43.768186,10323.709962,10324.25517354706
243.85381,0.631768,-43.767151,10323.272286,10322.925966347968
243.86381,0.630447,-43.766115,10322.834619,10325.32302042559
243.87381,0.629128,-43.76508,10322.396963,10324.762675735665
243.88381,0.627813,-43.764045,10321.959318,10324.147001084473
243.89381,0.6265,-43.76301,10321.521682,10320.97878110638
243.90381,0.62519,-43.761975,10321.084057,10320.903412098663
243.91381,0.623884,-43.760941,10320.646443,10323.122470599219
243.92381,0.62258,-43.759907,10320.208839,10319.95116790083
243.93381,0.621279,-43.758873,10319.771245,10317.891874542627
243.94381,0.619981,-43.757839,10319.333661,10322.670413886168
243.95381,0.618686,-43.756805,10318.896088,10319.742563069492
243.96381,0.617393,-43.755772,10318.458525,10318.435489224947
243.97381,0.616104,-43.754739,10318.020973,10320.749022794407
243.98381,0.614818,-43.753706,10317.58343,10318.937891406085
243.99381,0.613534,-43.752673,10317.145898,10318.77209966975
244.00381,0.612253,-43.751641,10316.708377,10318.746728345703
244.01381,0.610976,-43.750608,10316.270866,10314.615976653455
244.02381,0.609701,-43.749576,10315.833365,10317.247591933065
244.03381,0.608428,-43.748544,10315.395874,10316.597154671943
244.04381,0.607159,-43.747512,10314.958394,10316.042759630915
244.05381,0.605893,-43.746481,10314.520924,10317.013045381598
244.06381,0.604629,-43.745449,10314.083464,10313.05682487558
244.07381,0.603368,-43.744418,10313.646015,10314.635616748157
244.08381,0.60211,-43.743387,10313.208576,10316.524915387658
244.09381,0.600855,-43.742356,10312.771147,10313.961517450256
244.10381,0.599603,-43.741325,10312.333729,10313.555101143495
244.11381,0.598353,-43.740294,10311.896321,10311.23993190543
244.12381,0.597106,-43.739263,10311.458923,10312.843020512384
244.13381,0.595863,-43.738233,10311.021535,10309.707408757597
244.14381,0.594621,-43.737203,10310.584158,10313.313729520896
244.15381,0.593383,-43.736173,10310.146791,10310.385826804826
244.16381,0.592147,-43.735143,10309.709435,10309.191959431137
244.17381,0.590914,-43.734113,10309.272088,10308.936186742872
244.18381,0.589684,-43.733083,10308.834752,10310.51291811143
244.19381,0.588457,-43.732053,10308.397427,10308.57234229647
244.20381,0.587232,-43.731024,10307.960111,10308.775623069692
244.21381,0.586011,-43.729994,10307.522806,10304.445597431526
244.22381,0.584791,-43.728965,10307.085512,10306.934052574014
244.23381,0.583575,-43.727936,10306.648227,10308.404289493421
244.24381,0.582361,-43.726907,10306.210953,10307.206474229899
244.25381,0.58115,-43.725878,10305.773689,10309.017281426044
244.26381,0.579942,-43.724849,10305.336435,10305.88796913491
244.27381,0.578737,-43.72382,10304.899192,10305.539454701237
244.28381,0.577534,-43.722791,10304.461959,10306.926629036367
244.29381,0.576334,-43.721763,10304.024736,10304.802329209317
244.30381,0.575136,-43.720734,10303.587524,10305.981730528785
244.31381,0.573942,-43.719706,10303.150321,10303.685733041597
244.32381,0.572749,-43.718677,10302.71313,10301.634534832636
244.33381,0.57156,-43.717649,10302.275948,10301.879297743559
244.34381,0.570373,-43.716621,10301.838777,10303.513847019185
244.35381,0.569189,-43.715592,10301.401615,10304.134999526263
244.36381,0.568008,-43.714564,10300.964465,10301.610463628715
244.37381,0.566829,-43.713536,10300.527324,10300.985507573094
244.38381,0.565653,-43.712508,10300.090194,10300.480907786681
244.39381,0.564479,-43.711481,10299.653074,10300.013822254494
244.40381,0.563309,-43.710453,10299.215964,10296.694238116856
244.41381,0.56214,-43.709425,10298.778865,10301.366024463343
244.42381,0.560975,-43.708397,10298.341776,10301.464000308617
244.43381,0.559812,-43.70737,10297.904697,10299.325822504554
244.44381,0.558651,-43.706342,10297.467628,10300.860856561723
244.45381,0.557494,-43.705314,10297.03057,10297.308190348818
244.46381,0.556338,-43.704287,10296.593522,10298.13148048757
244.47381,0.555186,-43.703259,10296.156484,10297.41543734734
244.48381,0.554036,-43.702232,10295.719457,10297.348404673574
244.49381,0.552888,-43.701204,10295.28244,10293.416378364234
244.50381,0.551744,-43.700177,10294.845433,10295.91710681127
244.51381,0.550601,-43.69915,10294.408436,10296.158169098113
244.52381,0.549462,-43.698122,10293.97145,10295.169108008226
244.53381,0.548324,-43.697095,10293.534474,10293.813002806552
244.54381,0.54719,-43.696068,10293.097508,10292.27570676188
244.55381,0.546058,-43.695041,10292.660552,10294.523528585938
244.56381,0.544928,-43.694013,10292.223607,10294.664708431246
244.57381,0.543801,-43.692986,10291.786672,10292.506897473404
244.58381,0.542677,-43.691959,10291.349747,10292.233131078881
244.59381,0.541555,-43.690932,10290.912833,10289.605357978486
244.60381,0.540436,-43.689904,10290.475929,10290.624612590243
244.61381,0.539319,-43.688877,10290.039035,10291.35391111694
244.62381,0.538204,-43.68785,10289.602151,10290.829710947399
244.63381,0.537093,-43.686823,10289.165278,10291.83284904753
244.64381,0.535983,-43.685796,10288.728415,10288.748545947477
244.65381,0.534876,-43.684768,10288.291562,10291.724740748943
244.66381,0.533772,-43.683741,10287.854719,10286.845283246277
244.67381,0.53267,-43.682714,10287.417887,10290.582849338783
244.68381,0.531571,-43.681687,10286.981065,10288.027193177502
244.69381,0.530474,-43.68066,10286.544253,10287.301614314947
244.70381,0.529379,-43.679632,10286.107452,10286.41262762279
244.71381,0.528287,-43.678605,10285.670661,10287.769610015397
244.72381,0.527198,-43.677578,10285.23388,10285.1547439275
244.73381,0.526111,-43.676551,10284.797109,10286.44074979482
244.74381,0.525026,-43.675523,10284.360349,10286.86367441765
244.75381,0.523944,-43.674496,10283.923599,10284.117733431043
244.76381,0.522864,-43.673469,10283.486859,10285.63449956251
244.77381,0.521787,-43.672441,10283.050129,10287.26421428775
244.78381,0.520712,-43.671414,10282.61341,10282.90949447009
244.79381,0.51964,-43.670386,10282.176701,10283.670010280946
244.80381,0.51857,-43.669359,10281.740002,10280.980448401493
244.81381,0.517502,-43.668331,10281.303314,10284.47925765078
244.82381,0.516437,-43.667304,10280.866636,10281.311810057838
244.83381,0.515374,-43.666276,10280.429968,10281.132328005844
244.84381,0.514314,-43.665249,10279.99331,10282.868083618616
244.85381,0.513256,-43.664221,10279.556663,10281.038996642212
244.86381,0.5122,-43.663193,10279.120026,10276.693651458043
244.87381,0.511147,-43.662165,10278.683399,10281.23619713978
244.88381,0.510096,-43.661138,10278.246783,10277.913082076793
244.89381,0.509047,-43.66011,10277.810176,10278.2308835546
244.90381,0.508001,-43.659082,10277.37358,10278.175249586056
244.91381,0.506957,-43.658054,10276.936995,10275.949797957743
244.92381,0.505916,-43.657026,10276.500419,10276.962791487193
244.93381,0.504877,-43.655998,10276.063854,10278.537852710026
244.94381,0.50384,-43.65497,10275.627299,10277.689115434627
244.95381,0.502806,-43.653942,10275.190755,10276.875866294427
244.96381,0.501774,-43.652913,10274.75422,10275.015596425788
244.97381,0.500744,-43.651885,10274.317696,10275.09641650892
244.98381,0.499717,-43.650857,10273.881183,10276.039070617884
244.99381,0.498692,-43.649828,10273.444679,10274.979452993673
245.00381,0.497669,-43.6488,10273.008186,10274.231740159456
245.01381,0.496648,-43.647771,10272.571703,10273.420239456716
245.02381,0.49563,-43.646743,10272.135231,10274.026128451747
245.03381,0.494614,-43.645714,10271.698768,10273.750130096218
245.04381,0.493565,-43.644685,10271.262316,10272.49316497992
245.05381,0.492492,-43.643656,10270.825875,10271.363037891155
245.06381,0.491422,-43.642627,10270.389443,10271.332434462462
245.07381,0.490355,-43.641599,10269.953022,10268.75378415824
245.08381,0.489291,-43.64057,10269.516611,10269.04230568408
245.09381,0.48823,-43.639541,10269.080211,10270.338195927276
245.10381,0.487172,-43.638512,10268.643821,10270.390190148815
245.11381,0.486116,-43.637482,10268.207441,10271.063448801586
245.12381,0.485064,-43.636453,10267.771071,10270.626380487183
245.13381,0.484015,-43.635424,10267.334712,10267.11764001012
245.14381,0.482968,-43.634395,10266.898362,10265.848796850134
245.15381,0.481924,-43.633365,10266.462024,10267.544905021768
245.16381,0.480883,-43.632336,10266.025695,10266.74888522956
245.17381,0.479845,-43.631307,10265.589377,10268.543633261917
245.18381,0.47881,-43.630277,10265.153069,10264.651191747273
245.19381,0.477778,-43.629248,10264.716771,10269.934370459887
245.20381,0.476749,-43.628218,10264.280484,10264.383018902774
245.21381,0.475722,-43.627188,10263.844207,10261.97342801309
245.22381,0.474699,-43.626158,10263.40794,10265.34221700902
245.23381,0.473678,-43.625129,10262.971684,10261.687497245191
245.24381,0.47266,-43.624099,10262.535438,10263.964622646383
245.25381,0.471645,-43.623069,10262.099202,10260.302717182649
245.26381,0.470633,-43.622039,10261.662976,10263.555567799329
245.27381,0.469623,-43.621008,10261.226761,10261.013177100795
245.28381,0.468616,-43.619978,10260.790556,10261.47007382401
245.29381,0.467613,-43.618948,10260.354362,10261.557963408088
245.30381,0.466612,-43.617917,10259.918177,10259.01056341829
245.31381,0.465614,-43.616887,10259.482003,10257.64112875246
245.32381,0.464618,-43.615856,10259.045839,10258.719277098451
245.33381,0.463626,-43.614826,10258.609686,10259.237159090582
245.34381,0.462636,-43.613795,10258.173543,10260.11626878223
245.35381,0.461649,-43.612764,10257.73741,10256.10270450767
245.36381,0.460665,-43.611733,10257.301288,10258.966929262579
245.37381,0.459683,-43.610702,10256.865176,10259.570539513641
245.38381,0.458705,-43.609671,10256.429074,10256.894867792871
245.39381,0.457729,-43.60864,10255.992982,10254.955378568082
245.40381,0.456756,-43.607608,10255.556901,10254.371243807493
245.41381,0.455786,-43.606577,10255.12083,10255.299308599551
245.42381,0.454819,-43.605545,10254.684769,10253.207853659875
245.43381,0.453855,-43.604514,10254.248719,10253.033966779636
245.44381,0.452893,-43.603482,10253.812679,10256.154141665325
245.45381,0.451935,-43.60245,10253.376649,10255.892211780034
245.46381,0.450979,-43.601418,10252.94063,10256.43325700537
245.47381,0.450026,-43.600386,10252.504621,10250.240985853927
245.48381,0.449075,-43.599353,10252.068622,10252.216115582072
245.49381,0.448128,-43.598321,10251.632634,10253.00893897594
245.50381,0.447183,-43.597288,10251.196656,10255.420905207695
245.51381,0.44624,-43.596255,10250.760688,10251.83676649397
245.52381,0.445301,-43.595222,10250.324731,10250.50188302492
245.53381,0.444364,-43.594189,10249.888784,10250.756755549088
245.54381,0.44343,-43.593156,10249.452847,10248.94528281083
245.55381,0.442499,-43.592123,10249.016921,10248.775519327273
245.56381,0.44157,-43.591089,10248.581005,10248.646005056748
245.57381,0.440644,-43.590056,10248.145099,10249.327658028184
245.58381,0.439721,-43.589022,10247.709203,10248.953993033283
245.59381,0.4388,-43.587988,10247.273318,10247.508196625578
245.60381,0.437882,-43.586954,10246.837444,10248.268350164646
245.61381,0.436967,-43.58592,10246.401579,10246.982319744202
245.62381,0.436054,-43.584886,10245.965725,10245.846126045586
245.63381,0.435144,-43.583851,10245.529882,10247.563254095741
245.64381,0.434237,-43.582816,10245.094048,10246.394073018917
245.65381,0.433332,-43.581782,10244.658225,10246.648404173351
245.66381,0.43243,-43.580747,10244.222413,10247.616635485601
245.67381,0.431531,-43.579712,10243.78661,10245.750667417824
245.68381,0.430634,-43.578676,10243.350818,10242.888737538207
245.69381,0.42974,-43.577641,10242.915037,10243.222990093574
245.70381,0.428849,-43.576605,10242.479266,10245.74667387462
245.71381,0.42796,-43.57557,10242.043505,10246.50681863984
245.72381,0.427074,-43.574534,10241.607754,10242.913307411012
245.73381,0.42619,-43.573498,10241.172014,10241.70841726582
245.74381,0.425309,-43.572461,10240.736284,10243.214986662313
245.75381,0.424431,-43.571425,10240.300565,10241.439147639165
245.76381,0.423555,-43.570388,10239.864856,10239.157772067254
245.77381,0.422682,-43.569352,10239.429157,10241.97503508445
245.78381,0.421811,-43.568315,10238.993469,10240.303696649395
245.79381,0.420943,-43.567278,10238.557791,10240.814854557098
245.80381,0.420078,-43.566241,10238.122123,10235.663809492149
245.81381,0.419215,-43.565203,10237.686466,10240.750948521949
245.82381,0.418355,-43.564166,10237.250819,10238.515969247832
245.83381,0.417498,-43.563128,10236.815183,10236.022729101645
245.84381,0.416643,-43.56209,10236.379557,10238.894340787385
245.85381,0.41579,-43.561052,10235.943941,10237.808485762489
245.86381,0.41494,-43.560014,10235.508336,10239.667697047491
245.87381,0.414093,-43.558976,10235.072741,10237.836892308202
245.88381,0.413248,-43.557937,10234.637156,10235.056607461174
245.89381,0.412406,-43.556898,10234.201582,10235.94973004471
245.90381,0.411566,-43.55586,10233.766018,10234.094574321283
245.91381,0.410729,-43.554821,10233.330465,10231.788060474226
245.92381,0.409895,-43.553781,10232.894922,10234.66932481916
245.93381,0.409063,-43.552742,10232.459389,10231.370689149262
245.94381,0.408233,-43.551702,10232.023867,10232.485886261798
245.95381,0.407406,-43.550663,10231.588355,10231.583871968405
245.96381,0.406582,-43.549623,10231.152854,10230.975977127377
245.97381,0.40576,-43.548583,10230.717362,10231.259209233356
245.98381,0.40494,-43.547542,10230.281882,10233.744646628427
245.99381,0.404123,-43.546502,10229.846412,10231.09631165819
246.00381,0.403309,-43.545461,10229.410952,10229.146805681212
246.01381,0.402497,-43.54442,10228.975502,10229.494225193264
246.02381,0.401688,-43.543379,10228.540063,10230.814849998134
246.03381,0.400881,-43.542338,10228.104635,10232.152147121307
246.04381,0.400076,-43.541297,10227.669217,10229.029260594003
246.05381,0.399274,-43.540255,10227.233809,10230.350997379965
246.06381,0.398475,-43.539214,10226.798412,10229.425779227173
246.07381,0.397678,-43.538172,10226.363025,10228.300065512032
246.08381,0.396883,-43.53713,10225.927648,10226.36267424846
246.09381,0.396091,-43.536088,10225.492282,10225.22149563181
246.10381,0.395302,-43.535045,10225.056926,10228.456600220112
246.11381,0.394515,-43.534003,10224.621581,10225.674114992433
246.12381,0.39373,-43.53296,10224.186246,10223.785986176872
246.13381,0.392948,-43.531917,10223.750922,10225.23359652082
246.14381,0.392168,-43.530874,10223.315608,10224.772709327737
246.15381,0.391391,-43.52983,10222.880304,10225.032377543752
246.16381,0.390616,-43.528787,10222.445011,10220.806658566826
246.17381,0.389843,-43.527743,10222.009729,10224.466832606757
246.18381,0.389073,-43.526699,10221.574457,10222.086860227673
246.19381,0.388306,-43.525655,10221.139195,10221.564285039623
246.20381,0.387541,-43.524611,10220.703943,10221.204361616352
246.21381,0.386778,-43.523566,10220.268703,10222.138073201073
246.22381,0.386018,-43.522522,10219.833472,10219.996895202794
246.23381,0.38526,-43.521477,10219.398252,10218.100157567094
246.24381,0.384504,-43.520432,10218.963043,10220.689285490094
246.25381,0.383751,-43.519387,10218.527843,10220.095012441132
246.26381,0.383,-43.518341,10218.092655,10218.445001547881
246.27381,0.382252,-43.517296,10217.657477,10217.286004827858
246.28381,0.381506,-43.51625,10217.222309,10217.248606729308
246.29381,0.380763,-43.515204,10216.787152,10218.298918012375
246.30381,0.380021,-43.514158,10216.352005,10218.366126655686
246.31381,0.379283,-43.513112,10215.916868,10219.452826117424
246.32381,0.378546,-43.512065,10215.481743,10218.458966945376
246.33381,0.377812,-43.511018,10215.046627,10216.694879424742
246.34381,0.377081,-43.509972,10214.611522,10215.464841197183
246.35381,0.376351,-43.508924,10214.176428,10216.3630192684
246.36381,0.375625,-43.507877,10213.741344,10214.316334695599
246.37381,0.3749,-43.50683,10213.30627,10215.045496421057
246.38381,0.374178,-43.505782,10212.871207,10212.348345763721
246.39381,0.373458,-43.504734,10212.436155,10213.68932088506
246.40381,0.37274,-43.503686,10212.001112,10211.696536837431
246.41381,0.372025,-43.502638,10211.566081,10210.993182566963
246.42381,0.371312,-43.50159,10211.13106,10214.397961812725
246.43381,0.370602,-43.500541,10210.696049,10214.705845954664
246.44381,0.369894,-43.499492,10210.261049,10209.005441822314
246.45381,0.369188,-43.498443,10209.826059,10210.553543491742
246.46381,0.368484,-43.497394,10209.39108,10211.936654190258
246.47381,0.367783,-43.496345,10208.956111,10212.984423342785
246.48381,0.367084,-43.495295,10208.521153,10209.600559641589
246.49381,0.366388,-43.494245,10208.086205,10207.153879058955
246.50381,0.365694,-43.493195,10207.651268,10208.875408866787
246.51381,0.365002,-43.492145,10207.216342,10208.638954681379
246.52381,0.364312,-43.491095,10206.781425,10208.563023109498
246.53381,0.363625,-43.490044,10206.34652,10206.550701273352
246.54381,0.362939,-43.488994,10205.911624,10207.705648754285
246.55381,0.362257,-43.487943,10205.47674,10206.427765188098
246.56381,0.361576,-43.486892,10205.041866,10204.810135898944
246.57381,0.360898,-43.48584,10204.607002,10209.365354810043
246.58381,0.360222,-43.484789,10204.172149,10204.073062631978
246.59381,0.359548,-43.483737,10203.737306,10203.412151841414
246.60381,0.358877,-43.482686,10203.302474,10205.847241172398
246.61381,0.358208,-43.481633,10202.867652,10204.852442411104
246.62381,0.357541,-43.480581,10202.432841,10203.119481702986
246.63381,0.356876,-43.479529,10201.998041,10200.225994116941
246.64381,0.356214,-43.478476,10201.563251,10202.33712442356
246.65381,0.355554,-43.477423,10201.128471,10200.145744410554
246.66381,0.354896,-43.47637,10200.693702,10202.162752336897
246.67381,0.35424,-43.475317,10200.258944,10201.553706465182
246.68381,0.353587,-43.474264,10199.824196,10201.561429889603
246.69381,0.352935,-43.47321,10199.389459,10199.30571487917
246.70381,0.352286,-43.472156,10198.954732,10198.477112829647
246.71381,0.35164,-43.471102,10198.520015,10200.287093777517
246.72381,0.350995,-43.470048,10198.08531,10197.24021462016
246.73381,0.350353,-43.468994,10197.650614,10202.204672847887
246.74381,0.349713,-43.467939,10197.21593,10200.100186229987
246.75381,0.349075,-43.466885,10196.781256,10199.476292433239
246.76381,0.348439,-43.46583,10196.346592,10196.850228993935
246.77381,0.347806,-43.464775,10195.911939,10197.028777184718
246.78381,0.347174,-43.463719,10195.477297,10197.259632804955
246.79381,0.346545,-43.462664,10195.042665,10194.383759560611
246.80381,0.345918,-43.461608,10194.608043,10193.580573285417
246.81381,0.345294,-43.460552,10194.173433,10196.005547005072
246.82381,0.344671,-43.459496,10193.738832,10197.087102722566
246.83381,0.344051,-43.45844,10193.304243,10194.94318782915
246.84381,0.343433,-43.457383,10192.869664,10192.751397791371
246.85381,0.342817,-43.456327,10192.435095,10191.614631118951
246.86381,0.342203,-43.45527,10192.000537,10194.667743655753
246.87381,0.341591,-43.454213,10191.56599,10191.457298513054
246.88381,0.340982,-43.453156,10191.131453,10193.56169389323
246.89381,0.340374,-43.452098,10190.696926,10189.796116305644
246.90381,0.339769,-43.451041,10190.262411,10188.446657835162
246.91381,0.339166,-43.449983,10189.827906,10190.277579991653
246.92381,0.338565,-43.448925,10189.393411,10191.085431459296
246.93381,0.337966,-43.447867,10188.958927,10192.709424264323
246.94381,0.33737,-43.446809,10188.524454,10189.435336508146
246.95381,0.336775,-43.44575,10188.089991,10189.725280103106
246.96381,0.336183,-43.444691,10187.655539,10188.736071057167
246.97381,0.335592,-43.443632,10187.221097,10185.931974843095
246.98381,0.335004,-43.442573,10186.786666,10187.279232209701
246.99381,0.334418,-43.441514,10186.352246,10183.812917592673
247.00381,0.333834,-43.440454,10185.917836,10185.855929284227
247.01381,0.333253,-43.439395,10185.483437,10187.509343108975
247.02381,0.332673,-43.438335,10185.049048,10185.343334948831
247.03381,0.332095,-43.437275,10184.61467,10183.712558669182
247.04381,0.33152,-43.436215,10184.180302,10182.273033935535
247.05381,0.330946,-43.435154,10183.745946,10183.614054379375
247.06381,0.330375,-43.434094,10183.311599,10185.7506574772
247.07381,0.329806,-43.433033,10182.877264,10181.152297885765
247.08381,0.329239,-43.431972,10182.442939,10180.57670507403
247.09381,0.328674,-43.430911,10182.008624,10182.918629494128
247.10381,0.328111,-43.429849,10181.57432,10184.490338716792
247.11381,0.32755,-43.428788,10181.140027,10180.360913282524
247.12381,0.326991,-43.427726,10180.705745,10180.134182665335
247.13381,0.326434,-43.426664,10180.271473,10183.609125693521
247.14381,0.32588,-43.425602,10179.837211,10181.1774944426
247.15381,0.325327,-43.42454,10179.402961,10181.116631582945
247.16381,0.324776,-43.423477,10178.968721,10182.479629611395
247.17381,0.324228,-43.422415,10178.534491,10180.880982843093
247.18381,0.323681,-43.421352,10178.100272,10176.919473827325
247.19381,0.323137,-43.420289,10177.666064,10179.328914337979
247.20381,0.322594,-43.419226,10177.231867,10179.043667950604
247.21381,0.322054,-43.418162,10176.79768,10176.205577464109
247.22381,0.321515,-43.417099,10176.363503,10177.675503823692
247.23381,0.320979,-43.416035,10175.929338,10175.903550945122
247.24381,0.320445,-43.414971,10175.495183,10170.578553559959
247.25381,0.319913,-43.413907,10175.061038,10176.91050109365
247.26381,0.319382,-43.412843,10174.626904,10178.26607427929
247.27381,0.318854,-43.411778,10174.192781,10174.513920909236
247.28381,0.318328,-43.410714,10173.758669,10175.0881216879
247.29381,0.317803,-43.409649,10173.324567,10174.81259989888
247.30381,0.317367,-43.408584,10172.890476,10173.629584661185
247.31381,0.316965,-43.407519,10172.456395,10176.096176123974
247.32381,0.316565,-43.406453,10172.022326,10172.473714716773
247.33381,0.316165,-43.405387,10171.588266,10172.869997167512
247.34381,0.315766,-43.404322,10171.154218,10171.506087264657
247.35381,0.315369,-43.403255,10170.72018,10173.544044929095
247.36381,0.314972,-43.402189,10170.286153,10172.451843153887
247.37381,0.314576,-43.401122,10169.852136,10171.581654489328
247.38381,0.314181,-43.400056,10169.41813,10169.858952450259
247.39381,0.313787,-43.398989,10168.984135,10172.41837133742
247.40381,0.313393,-43.397922,10168.550151,10170.103960110418
247.41381,0.313001,-43.396854,10168.116177,10167.14277175171
247.42381,0.31261,-43.395786,10167.682213,10166.277850377644
247.43381,0.312219,-43.394719,10167.248261,10171.969559572775
247.44381,0.311829,-43.393651,10166.814319,10168.536150468928
247.45381,0.311441,-43.392582,10166.380388,10166.779845859593
247.46381,0.311053,-43.391514,10165.946467,10169.052396619147
247.47381,0.310666,-43.390445,10165.512558,10162.61725424186
247.48381,0.31028,-43.389376,10165.078658,10168.194449042456
247.49381,0.309895,-43.388307,10164.64477,10168.021053240393
247.50381,0.30951,-43.387238,10164.210892,10167.11708706238
247.51381,0.309127,-43.386168,10163.777025,10164.325807220608
247.52381,0.308744,-43.385099,10163.343169,10165.581851491957
247.53381,0.308363,-43.384029,10162.909323,10163.309291816002
247.54381,0.307982,-43.382959,10162.475488,10165.093428712153
247.55381,0.307602,-43.381888,10162.041664,10162.52865804574
247.56381,0.307223,-43.380818,10161.607851,10163.427394970071
247.57381,0.306845,-43.379747,10161.174048,10162.33526269765
247.58381,0.306468,-43.378676,10160.740256,10160.20548473773
247.59381,0.306091,-43.377605,10160.306474,10161.302817048721
247.60381,0.305716,-43.376534,10159.872704,10160.18545696899
247.61381,0.305341,-43.375462,10159.438944,10159.918190358996
247.62381,0.304967,-43.374391,10159.005194,10159.6564526352
247.63381,0.304594,-43.373319,10158.571456,10158.054674770357
247.64381,0.304222,-43.372247,10158.137728,10156.644036535201
247.65381,0.303851,-43.371175,10157.704011,10156.75400300387
247.66381,0.303481,-43.370102,10157.270304,10157.827332905139
247.67381,0.303113,-43.36903,10156.836609,10154.957291400702
247.68381,0.30275,-43.367957,10156.402924,10155.468263383007
247.69381,0.302388,-43.366883,10155.96925,10155.590113835568
247.70381,0.302027,-43.36581,10155.535586,10156.649522385744
247.71381,0.301666,-43.364736,10155.101933,10158.117050346551
247.72381,0.301307,-43.363661,10154.668292,10155.622026636142
247.73381,0.300948,-43.362587,10154.23466,10157.072560690103
247.74381,0.30059,-43.361512,10153.80104,10154.990865157668
247.75381,0.300233,-43.360437,10153.36743,10155.114477281135
247.76381,0.299876,-43.359361,10152.933831,10156.210789682218
247.77381,0.299521,-43.358285,10152.500243,10156.146050696909
247.78381,0.299166,-43.357209,10152.066665,10153.714611466501
247.79381,0.298812,-43.356132,10151.633099,10152.747783681732
247.80381,0.298459,-43.355055,10151.199543,10149.992308149802
247.81381,0.298107,-43.353978,10150.765998,10149.622241812525
247.82381,0.297755,-43.352901,10150.332463,10150.14559920953
247.83381,0.297405,-43.351823,10149.89894,10150.000344238691
247.84381,0.297055,-43.350745,10149.465427,10149.162353386178
247.85381,0.296706,-43.349666,10149.031925,10151.193629491148
247.86381,0.296358,-43.348588,10148.598433,10150.036443423847
247.87381,0.29601,-43.347509,10148.164953,10149.107911834584
247.88381,0.295664,-43.346429,10147.731483,10148.787176009435
247.89381,0.295318,-43.345349,10147.298024,10149.976229118638
247.90381,0.294973,-43.344269,10146.864576,10145.89212940871
247.91381,0.294629,-43.343189,10146.431139,10148.837828541355
247.92381,0.294285,-43.342109,10145.997712,10147.15412925354
247.93381,0.293943,-43.341028,10145.564297,10147.44368789252
247.94381,0.293601,-43.339947,10145.130892,10145.65006581082
247.95381,0.29326,-43.338865,10144.697498,10146.376239000398
247.96381,0.29292,-43.337783,10144.264115,10142.635118332402
247.97381,0.29258,-43.336701,10143.830742,10142.151842589812
247.98381,0.292242,-43.335619,10143.397381,10147.462195374648
247.99381,0.291904,-43.334536,10142.96403,10144.178320712499
248.00381,0.291566,-43.333453,10142.53069,10144.53130782058
248.01381,0.29123,-43.33237,10142.097361,10143.340214740783
248.02381,0.290895,-43.331286,10141.664042,10140.594705380185
248.03381,0.29056,-43.330203,10141.230735,10142.818796270249
248.04381,0.290226,-43.329119,10140.797438,10142.280863308559
248.05381,0.289893,-43.328034,10140.364153,10140.000273649186
248.06381,0.28956,-43.326949,10139.930878,10140.698521397917
248.07381,0.289228,-43.325865,10139.497614,10138.303139327854
248.08381,0.288897,-43.324779,10139.06436,10139.568060005817
248.09381,0.288567,-43.323694,10138.631118,10138.097335320623
248.10381,0.288238,-43.322608,10138.197887,10138.489703861436
248.11381,0.287909,-43.321522,10137.764666,10137.432652541489
248.12381,0.287581,-43.320436,10137.331456,10140.82732580482
248.13381,0.287254,-43.319349,10136.898257,10138.252053598091
248.14381,0.286928,-43.318262,10136.465069,10138.55899191515
248.15381,0.286602,-43.317175,10136.031892,10138.99598061389
248.16381,0.286277,-43.316088,10135.598726,10137.04008663862
248.17381,0.285953,-43.315,10135.16557,10140.112402008763
248.18381,0.28563,-43.313912,10134.732426,10135.309164727332
248.19381,0.285307,-43.312824,10134.299292,10134.554198424146
248.20381,0.284985,-43.311735,10133.866169,10132.306623869747
248.21381,0.284664,-43.310647,10133.433057,10134.82454307246
248.22381,0.284344,-43.309558,10132.999956,10134.42735004508
248.23381,0.284024,-43.308468,10132.566866,10134.984728491268
248.24381,0.283705,-43.307379,10132.133787,10133.629227741954
248.25381,0.283387,-43.306289,10131.700718,10132.09486255348
248.26381,0.28307,-43.305199,10131.267661,10134.08390377651
248.27381,0.282753,-43.304109,10130.834614,10131.948420373881
248.28381,0.282437,-43.303018,10130.401579,10129.85585229139
248.29381,0.282122,-43.301928,10129.968554,10131.776825225652
248.30381,0.281807,-43.300837,10129.53554,10129.85500265943
248.31381,0.281493,-43.299745,10129.102537,10129.248604044662
248.32381,0.28118,-43.298654,10128.669545,10129.17039847587
248.33381,0.280868,-43.297562,10128.236564,10127.94064806757
248.34381,0.280556,-43.29647,10127.803594,10129.939482179354
248.35381,0.280245,-43.295378,10127.370635,10127.798771485794
248.36381,0.279935,-43.294285,10126.937687,10129.289159279671
248.37381,0.279626,-43.293193,10126.504749,10127.832754826599
248.38381,0.279317,-43.2921,10126.071823,10125.719685751395
248.39381,0.279009,-43.291006,10125.638907,10123.190191688687
248.40381,0.278702,-43.289913,10125.206003,10124.811002035114
248.41381,0.278395,-43.288819,10124.773109,10124.83314256787
248.42381,0.278089,-43.287725,10124.340226,10127.87187225199
248.43381,0.277784,-43.286631,10123.907354,10124.88087460837
248.44381,0.27748,-43.285537,10123.474494,10125.565913935143
248.45381,0.277176,-43.284442,10123.041644,10124.761842259459
248.46381,0.276873,-43.283348,10122.608805,10124.599816024489
248.47381,0.27657,-43.282252,10122.175977,10122.367007335677
248.48381,0.276269,-43.281157,10121.74316,10123.709533228452
248.49381,0.275968,-43.280062,10121.310354,10121.639355944531
248.50381,0.275667,-43.278966,10120.877558,10121.166721694572
248.51381,0.275368,-43.27787,10120.444774,10120.066359421638
248.52381,0.275069,-43.276774,10120.012001,10121.290195763084
248.53381,0.274771,-43.275677,10119.579239,10116.593073193357
248.54381,0.274473,-43.274581,10119.146488,10120.297700022931
248.55381,0.274176,-43.273484,10118.713747,10119.262896287904
248.56381,0.27388,-43.272387,10118.281018,10119.595682651732
248.57381,0.273585,-43.271289,10117.848299,10120.484789570968
248.58381,0.27329,-43.270192,10117.415592,10117.551133654068
248.59381,0.272996,-43.269094,10116.982896,10119.330830702751
248.60381,0.272703,-43.267996,10116.55021,10117.42400569376
248.61381,0.27241,-43.266898,10116.117536,10120.042049214064
248.62381,0.272118,-43.2658,10115.684872,10115.631685613307
248.63381,0.271826,-43.264701,10115.25222,10117.114126613536
248.64381,0.271536,-43.263603,10114.819578,10115.595158117316
248.65381,0.271246,-43.262504,10114.386948,10115.124818244103
248.66381,0.270956,-43.261404,10113.954328,10114.782875950932
248.67381,0.270668,-43.260305,10113.52172,10114.13034128177
248.68381,0.27038,-43.259205,10113.089122,10112.916884994196
248.69381,0.270092,-43.258106,10112.656535,10111.960445796827
248.70381,0.269805,-43.257006,10112.22396,10114.644126240046
248.71381,0.269519,-43.255905,10111.791395,10114.066748851743
248.72381,0.269234,-43.254805,10111.358842,10110.681569421653
248.73381,0.268949,-43.253704,10110.926299,10111.204418549132
248.74381,0.268665,-43.252604,10110.493768,10111.036449470548
248.75381,0.268382,-43.251503,10110.061247,10114.558406562375
248.76381,0.268099,-43.250402,10109.628738,10110.724564400116
248.77381,0.267817,-43.2493,10109.196239,10111.791520627521
248.78381,0.267536,-43.248199,10108.763752,10107.142316656013
248.79381,0.267255,-43.247097,10108.331275,10108.060039097561
248.80381,0.266975,-43.245995,10107.89881,10107.781285239083
248.81381,0.266695,-43.244893,10107.466355,10108.071671836497
248.82381,0.266416,-43.24379,10107.033912,10108.971837053621
248.83381,0.266138,-43.242688,10106.601479,10106.365874354784
248.84381,0.265861,-43.241585,10106.169058,10107.219229557024
248.85381,0.265584,-43.240482,10105.736648,10105.643500161334
248.86381,0.265308,-43.239379,10105.304248,10105.602655856488
248.87381,0.265032,-43.238276,10104.87186,10105.344342690283
248.88381,0.264757,-43.237173,10104.439483,10104.119529377991
248.89381,0.264483,-43.236069,10104.007117,10104.361833209708
248.90381,0.264209,-43.234965,10103.574762,10102.670635625516
248.91381,0.263936,-43.233861,10103.142417,10105.066809964395
248.92381,0.263663,-43.232757,10102.710084,10103.622313533859
248.93381,0.263392,-43.231653,10102.277762,10102.363181681661
248.94381,0.26312,-43.230548,10101.845451,10102.318921167483
248.95381,0.26285,-43.229444,10101.413151,10103.616562427827
248.96381,0.26258,-43.228339,10100.980862,10101.70172178865
248.97381,0.262311,-43.227234,10100.548585,10103.875074618758
248.98381,0.262042,-43.226128,10100.116318,10101.107798933896
248.99381,0.261774,-43.225023,10099.684062,10099.724010403428
249.00381,0.261506,-43.223918,10099.251817,10102.45359466139
249.01381,0.26124,-43.222812,10098.819584,10100.148977817616
249.02381,0.260973,-43.221706,10098.387361,10098.462422366589
249.03381,0.260708,-43.2206,10097.95515,10099.51969670727
249.04381,0.260443,-43.219494,10097.522949,10100.266988044374
249.05381,0.260178,-43.218387,10097.09076,10095.7807548933
249.06381,0.259915,-43.217281,10096.658581,10095.727604368849
249.07381,0.259651,-43.216174,10096.226414,10094.979673477386
249.08381,0.259389,-43.215067,10095.794258,10098.632533535687
249.09381,0.259127,-43.21396,10095.362113,10095.919042838777
249.10381,0.258866,-43.212853,10094.929979,10094.160865075895
249.11381,0.258605,-43.211746,10094.497856,10094.843972167995
249.12381,0.258345,-43.210638,10094.065744,10095.594468460185
249.13381,0.258085,-43.209531,10093.633643,10093.464688184384
249.14381,0.257826,-43.208423,10093.201553,10094.936722358358
249.15381,0.257568,-43.207315,10092.769474,10094.700094336073
249.16381,0.25731,-43.206207,10092.337407,10094.69766251608
249.17381,0.257053,-43.205098,10091.90535,10092.362623297306
249.18381,0.256797,-43.20399,10091.473305,10093.619293211988
249.19381,0.256541,-43.202881,10091.04127,10092.469843768527
249.20381,0.256285,-43.201773,10090.609247,10091.43175410747
249.21381,0.256031,-43.200664,10090.177235,10091.02315626895
249.22381,0.255777,-43.199555,10089.745234,10088.782431857904
249.23381,0.255523,-43.198446,10089.313244,10091.352056021178
249.24381,0.25527,-43.197336,10088.881265,10089.863341860775
249.25381,0.255018,-43.196227,10088.449297,10090.084781372847
249.26381,0.254766,-43.195117,10088.01734,10088.108924364285
249.27381,0.254515,-43.194008,10087.585395,10086.604924220052
249.28381,0.254264,-43.192898,10087.15346,10088.424069120214
249.29381,0.254014,-43.191788,10086.721537,10089.811575637348
249.30381,0.253764,-43.190677,10086.289625,10084.697774652994
249.31381,0.253515,-43.189567,10085.857723,10089.356846823657
249.32381,0.253267,-43.188457,10085.425833,10085.487078783874
249.33381,0.253019,-43.187346,10084.993954,10086.355058984369
249.34381,0.252772,-43.186235,10084.562086,10086.411580542941
249.35381,0.252525,-43.185125,10084.130229,10084.450795280447
249.36381,0.252279,-43.184014,10083.698384,10082.335266138956
249.37381,0.252034,-43.182902,10083.266549,10084.52850616637
249.38381,0.251789,-43.181791,10082.834726,10087.291546835379
249.39381,0.251545,-43.18068,10082.402913,10082.153736915974
249.40381,0.251301,-43.179568,10081.971112,10082.472627691952
249.41381,0.251058,-43.178457,10081.539322,10082.491320716574
249.42381,0.250815,-43.177345,10081.107543,10080.839010401996
249.43381,0.250573,-43.176233,10080.675775,10079.763434456101
249.44381,0.250331,-43.175121,10080.244018,10079.009871402312
249.45381,0.25009,-43.174009,10079.812273,10080.455985546547
249.46381,0.24985,-43.172896,10079.380538,10080.680167597902
249.47381,0.24961,-43.171784,10078.948815,10076.207276318202
249.48381,0.249371,-43.170671,10078.517103,10079.25828797258
249.49381,0.249132,-43.169559,10078.085401,10079.35152728828
249.50381,0.248894,-43.168446,10077.653711,10077.4223182098
249.51381,0.248656,-43.167333,10077.222032,10080.2508300474
249.52381,0.248419,-43.16622,10076.790365,10076.33171550035
249.53381,0.248182,-43.165107,10076.358708,10076.94115187216
249.54381,0.247946,-43.163994,10075.927063,10075.986518750124
249.55381,0.247711,-43.16288,10075.495428,10074.412729016758
249.56381,0.247476,-43.161767,10075.063805,10077.198155390575
249.57381,0.247242,-43.160653,10074.632193,10076.127541489312
249.58381,0.247008,-43.159539,10074.200592,10074.183533123613
249.59381,0.246774,-43.158425,10073.769002,10078.299192868328
249.60381,0.246542,-43.157311,10073.337423,10078.097156805059
249.61381,0.246309,-43.156197,10072.905856,10074.822111320349
249.62381,0.246078,-43.155083,10072.474299,10072.299635287114
249.63381,0.245847,-43.153969,10072.042754,10071.420296406179
249.64381,0.245616,-43.152854,10071.61122,10071.81163883468
249.65381,0.245386,-43.15174,10071.179697,10074.088135668237
249.66381,0.245156,-43.150625,10070.748185,10070.82560226368
249.67381,0.244927,-43.14951,10070.316685,10073.001106087577
249.68381,0.244699,-43.148395,10069.885195,10071.708693808407
249.69381,0.244471,-43.147281,10069.453717,10070.573128867913
249.70381,0.244243,-43.146165,10069.022249,10070.01119218258
249.71381,0.244016,-43.14505,10068.590793,10070.181733058313
249.72381,0.24379,-43.143935,10068.159348,10068.351411702739
249.73381,0.243564,-43.14282,10067.727915,10069.2858176438
249.74381,0.243339,-43.141704,10067.296492,10066.348580299755
249.75381,0.243114,-43.140588,10066.865081,10067.371114134967
249.76381,0.24289,-43.139473,10066.43368,10064.356353025638
249.77381,0.242666,-43.138357,10066.002291,10066.955381743604
249.78381,0.242443,-43.137241,10065.570913,10068.16672534342
249.79381,0.24222,-43.136125,10065.139546,10066.339025159226
249.80381,0.241998,-43.135009,10064.708191,10065.56891962232
249.81381,0.241776,-43.133893,10064.276846,10066.02469584088
249.82381,0.241555,-43.132776,10063.845513,10062.455743872864
249.83381,0.241334,-43.13166,10063.414191,10065.37120542165
249.84381,0.241114,-43.130544,10062.98288,10062.129678060437
249.85381,0.240894,-43.129427,10062.55158,10063.148760729524
249.86381,0.240675,-43.12831,10062.120291,10063.30600460957
249.87381,0.240456,-43.127193,10061.689014,10060.938268901995
249.88381,0.240238,-43.126077,10061.257747,10060.055580922459
249.89381,0.24002,-43.12496,10060.826492,10060.383601755297
249.90381,0.239803,-43.123843,10060.395248,10060.203690727873
249.91381,0.239586,-43.122725,10059.964015,10060.440897524737
249.92381,0.23937,-43.121608,10059.532793,10060.698818466664
249.93381,0.239155,-43.120491,10059.101583,10058.239500224909
249.94381,0.238939,-43.119373,10058.670384,10059.519699747449
249.95381,0.238725,-43.118256,10058.239196,10058.298211175439
249.96381,0.23851,-43.117138,10057.808019,10058.841536220356
249.97381,0.238297,-43.116021,10057.376853,10059.290605617745
249.98381,0.238084,-43.114903,10056.945698,10055.117724781425
249.99381,0.237871,-43.113785,10056.514555,10057.441694355668
250.00381,0.237659,-43.112667,10056.083422,10057.259837098985
250.01381,0.237447,-43.111549,10055.652301,10057.785313227052
250.02381,0.237236,-43.110431,10055.221191,10055.852996108444
250.03381,0.237025,-43.109313,10054.790093,10055.190094968166
250.04381,0.236815,-43.108195,10054.359005,10052.130501812275
250.05381,0.236605,-43.107076,10053.927929,10053.558516395695
250.06381,0.236396,-43.105958,10053.496864,10056.561835902023
250.07381,0.236187,-43.104839,10053.06581,10055.50285979723
250.08381,0.236021,-43.103721,10052.634767,10054.267610098548
250.09381,0.235915,-43.102602,10052.203735,10053.778089766214
250.10381,0.235814,-43.101483,10051.772715,10053.047733591713
250.11381,0.235718,-43.100365,10051.341706,10050.87336197671
250.12381,0.235626,-43.099246,10050.910708,10053.849911814705
250.13381,0.235538,-43.098127,10050.479721,10052.276990754423
250.14381,0.235455,-43.097007,10050.048745,10050.330015053662
250.15381,0.235376,-43.095888,10049.617781,10052.3177516313
250.16381,0.235301,-43.094769,10049.186827,10047.079594368322
250.17381,0.235231,-43.093649,10048.755885,10049.810319786277
250.18381,0.235165,-43.09253,10048.324954,10047.851572902731
250.19381,0.235103,-43.09141,10047.894035,10045.973185302084
250.20381,0.235046,-43.090291,10047.463126,10045.500349241158
250.21381,0.234993,-43.089171,10047.032229,10049.814163426536
250.22381,0.234944,-43.088051,10046.601343,10048.58001849408
250.23381,0.234899,-43.086931,10046.170468,10044.890999833211
250.24381,0.234858,-43.085811,10045.739604,10045.883085760615
250.25381,0.234822,-43.08469,10045.308752,10047.494484668667
250.26381,0.234789,-43.08357,10044.87791,10047.133035577359
250.27381,0.234761,-43.08245,10044.44708,10047.264009501414
250.28381,0.234737,-43.081329,10044.016261,10044.008894503273
250.29381,0.234716,-43.080209,10043.585454,10044.965758161865
250.30381,0.2347,-43.079088,10043.154657,10045.668977478736
250.31381,0.234688,-43.077967,10042.723872,10043.350335977944
250.32381,0.234679,-43.076846,10042.293098,10042.607132930412
250.33381,0.234675,-43.075725,10041.862335,10040.28689386495
250.34381,0.234675,-43.074604,10041.431583,10044.153015875523
250.35381,0.234678,-43.073483,10041.000843,10040.244640326062
250.36381,0.234685,-43.072361,10040.570114,10042.59945251888
250.37381,0.234696,-43.07124,10040.139396,10040.499042571388
250.38381,0.234711,-43.070119,10039.708689,10041.142263576205
250.39381,0.23473,-43.068997,10039.277993,10038.812780015402
250.40381,0.234752,-43.067875,10038.847309,10039.431880672171
250.41381,0.234778,-43.066753,10038.416636,10040.407902056935
250.42381,0.234808,-43.065632,10037.985974,10039.872183465965
250.43381,0.234841,-43.06451,10037.555323,10037.283319050586
250.44381,0.234879,-43.063387,10037.124684,10036.93633356386
250.45381,0.234903,-43.062265,10036.694055,10035.754575504889
250.46381,0.234924,-43.061144,10036.263438,10039.26186807493
250.47381,0.234949,-43.060022,10035.832832,10036.651541703543
250.48381,0.234978,-43.058901,10035.402238,10035.36896682803
250.49381,0.23501,-43.057781,10034.971654,10035.904044291476
250.50381,0.235046,-43.05666,10034.541082,10033.51663986625
250.51381,0.235085,-43.05554,10034.110521,10034.69718728687
250.52381,0.235128,-43.054421,10033.679971,10034.076471249768
250.53381,0.235175,-43.053302,10033.249433,10033.507193156272
250.54381,0.235225,-43.052183,10032.818905,10034.257442260228
250.55381,0.235278,-43.051064,10032.388389,10032.968918930783
250.56381,0.235335,-43.049946,10031.957884,10030.786454803012
250.57381,0.235395,-43.048828,10031.52739,10032.231651449853
250.58381,0.235459,-43.047711,10031.096908,10032.155205130737
250.59381,0.235526,-43.046594,10030.666436,10033.497576902115
250.60381,0.235597,-43.045477,10030.235976,10030.80428355992
250.61381,0.23567,-43.04436,10029.805526,10031.846326402223
250.62381,0.235747,-43.043244,10029.375088,10028.931783945989
250.63381,0.235828,-43.042128,10028.944662,10029.070876366857
250.64381,0.235911,-43.041013,10028.514246,10029.87784696627
250.65381,0.235998,-43.039898,10028.083841,10030.37064744377
250.66381,0.236088,-43.038783,10027.653448,10031.30331827794
250.67381,0.236181,-43.037669,10027.223066,10029.684663524848
250.68381,0.236277,-43.036554,10026.792695,10028.210979802005
250.69381,0.236377,-43.035441,10026.362335,10026.208772959886
250.70381,0.236479,-43.034327,10025.931986,10024.617439796537
250.71381,0.236585,-43.033214,10025.501648,10027.15604204487
250.72381,0.236693,-43.032101,10025.071321,10023.683791993762
250.73381,0.236805,-43.030988,10024.641006,10024.415359312472
250.74381,0.23692,-43.029876,10024.210702,10020.987543167714
250.75381,0.237037,-43.028764,10023.780408,10024.648413086239
250.76381,0.237158,-43.027653,10023.350126,10022.56683491819
250.77381,0.237281,-43.026541,10022.919855,10023.00754106628
250.78381,0.237407,-43.02543,10022.489596,10024.765245987503
250.79381,0.237536,-43.02432,10022.059347,10022.217353956878
250.80381,0.237668,-43.023209,10021.629109,10020.037346941777
250.81381,0.237803,-43.022099,10021.198883,10023.518007528508
250.82381,0.23794,-43.020989,10020.768667,10020.833904323496
250.83381,0.238081,-43.01988,10020.338463,10021.671786514733
250.84381,0.238224,-43.018771,10019.90827,10020.736529773241
250.85381,0.238369,-43.017662,10019.478087,10018.038108313645
250.86381,0.238518,-43.016553,10019.047916,10019.754635165713
250.87381,0.238669,-43.015445,10018.617756,10021.23174800959
250.88381,0.238822,-43.014337,10018.187607,10017.702363698789
250.89381,0.238979,-43.013229,10017.75747,10021.051034620294
250.90381,0.239137,-43.012122,10017.327343,10019.148205890884
250.91381,0.239299,-43.011015,10016.897227,10017.290784803321
250.92381,0.239463,-43.009908,10016.467123,10017.679237704588
250.93381,0.239629,-43.008801,10016.037029,10018.184555726755
250.94381,0.239798,-43.007695,10015.606947,10018.17606488505
250.95381,0.23997,-43.006589,10015.176875,10017.221093470223
250.96381,0.240143,-43.005483,10014.746815,10015.56561490699
250.97381,0.24032,-43.004378,10014.316765,10014.302375098376
250.98381,0.240498,-43.003273,10013.886727,10014.958782941043
250.99381,0.240679,-43.002168,10013.4567,10014.582382727109
251.00381,0.240863,-43.001063,10013.026684,10012.529048176388
251.01381,0.241048,-42.999959,10012.596679,10012.43790861683
251.02381,0.241236,-42.998855,10012.166685,10012.72529303412
251.03381,0.241426,-42.997751,10011.736702,10011.141538887548
251.04381,0.241619,-42.996648,10011.30673,10010.078418902767
251.05381,0.241813,-42.995544,10010.876769,10012.167076206191
251.06381,0.24201,-42.994441,10010.446819,10012.863257081204
251.07381,0.242209,-42.993339,10010.01688,10008.505618801648
251.08381,0.242411,-42.992236,10009.586952,10012.826096616604
251.09381,0.242614,-42.991134,10009.157035,10010.356805187526
251.10381,0.242819,-42.990032,10008.727129,10009.215728724208
251.11381,0.243027,-42.98893,10008.297234,10008.395678577224
251.12381,0.243237,-42.987829,10007.867351,10006.29228843434
251.13381,0.243448,-42.986728,10007.437478,10006.184928804401
251.14381,0.243662,-42.985627,10007.007616,10007.39230580871
251.15381,0.243878,-42.984526,10006.577765,10004.323778142396
251.16381,0.244095,-42.983426,10006.147926,10007.478530147064
251.17381,0.244315,-42.982326,10005.718097,10008.14617250614
251.18381,0.244536,-42.981226,10005.288279,10007.378854882005
251.19381,0.24476,-42.980126,10004.858472,10005.658852628656
251.20381,0.244693,-42.979027,10004.428677,10004.461674893251
251.21381,0.244396,-42.977928,10003.998892,10003.9476713225
251.22381,0.2441,-42.976829,10003.569118,10002.81402000029
251.23381,0.243805,-42.975731,10003.139355,10005.703922828538
251.24381,0.24351,-42.974633,10002.709603,10003.958093752635
251.25381,0.243216,-42.973536,10002.279862,10003.318508936814
251.26381,0.242923,-42.972439,10001.850133,10001.678669157236
251.27381,0.24263,-42.971342,10001.420414,10004.539375380951
251.28381,0.242338,-42.970245,10000.990706,10002.271724087426
251.29381,0.242047,-42.969149,10000.561009,10004.43316523976
251.30381,0.241757,-42.968054,10000.131323,10001.40631561752
251.31381,0.241467,-42.966958,9999.701648,9999.873202224237
251.32381,0.241178,-42.965863,9999.271984,9999.677528733142
251.33381,0.24089,-42.964769,9998.84233,9998.677202426315
251.34381,0.240603,-42.963674,9998.412688,10000.209810745426
251.35381,0.240316,-42.962581,9997.983057,9999.299259857753
251.36381,0.24003,-42.961487,9997.553437,9999.464124121929
251.37381,0.239745,-42.960394,9997.123827,9998.748004557372
251.38381,0.23946,-42.959301,9996.694229,9995.786784724254
251.39381,0.239176,-42.958209,9996.264641,9995.383010804959
251.40381,0.238893,-42.957116,9995.835065,9997.107069402855
251.41381,0.23861,-42.956025,9995.405499,9994.968054075049
251.42381,0.238329,-42.954933,9994.975944,9993.306872164465
251.43381,0.238048,-42.953842,9994.5464,9997.269702129039
251.44381,0.237767,-42.952751,9994.116867,9994.732817803835
251.45381,0.237487,-42.951661,9993.687345,9994.952070728808
251.46381,0.237208,-42.950571,9993.257834,9994.102665179447
251.47381,0.23693,-42.949481,9992.828334,9992.4928298599
251.48381,0.236652,-42.948392,9992.398844,9993.886973983028
251.49381,0.236376,-42.947303,9991.969366,9994.485065660743
251.50381,0.236099,-42.946214,9991.539898,9993.112985831918
251.51381,0.235824,-42.945126,9991.110442,9991.820553856869
251.52381,0.235549,-42.944038,9990.680996,9990.263540830845
251.53381,0.235275,-42.94295,9990.251561,9991.068962790298
251.54381,0.235001,-42.941862,9989.822137,9993.444678695527
251.55381,0.234728,-42.940775,9989.392724,9991.95348870715
251.56381,0.234456,-42.939689,9988.963321,9990.897529035547
251.57381,0.234186,-42.938602,9988.53393,9989.316686656335
251.58381,0.233916,-42.937516,9988.104549,9986.751681609087
251.59381,0.233647,-42.93643,9987.67518,9985.55369916431
251.60381,0.233378,-42.935345,9987.245821,9988.500059170095
251.61381,0.23311,-42.93426,9986.816473,9986.414736092696
251.62381,0.232843,-42.933175,9986.387135,9985.407488806171
251.63381,0.232576,-42.93209,9985.957809,9987.38080122457
251.64381,0.232311,-42.931006,9985.528494,9986.381824945962
251.65381,0.232045,-42.929922,9985.099189,9984.532194950383
251.66381,0.231781,-42.928838,9984.669895,9985.85408203753
251.67381,0.231517,-42.927755,9984.240612,9985.206419389773
251.68381,0.231254,-42.926672,9983.81134,9983.776780149665
251.69381,0.230991,-42.925589,9983.382079,9982.18887230831
251.70381,0.230729,-42.924507,9982.952828,9986.063580859252
251.71381,0.230468,-42.923424,9982.523589,9982.206123445623
251.72381,0.230207,-42.922342,9982.09436,9981.999894000057
251.73381,0.229947,-42.921261,9981.665142,9982.697729893449
251.74381,0.229688,-42.920179,9981.235935,9982.545878096184
251.75381,0.229429,-42.919098,9980.806738,9979.946343195947
251.76381,0.229171,-42.918018,9980.377553,9979.605487445884
251.77381,0.228914,-42.916937,9979.948378,9980.447439115414
251.78381,0.228657,-42.915857,9979.519214,9982.038960482208
251.79381,0.228401,-42.914777,9979.090061,9980.956353174039
251.80381,0.228146,-42.913698,9978.660918,9980.232167846098
251.81381,0.227891,-42.912618,9978.231787,9979.126289043943
251.82381,0.227636,-42.911539,9977.802666,9976.609187613503
251.83381,0.227383,-42.91046,9977.373556,9980.655574322825
251.84381,0.22713,-42.909382,9976.944457,9973.994321635286
251.85381,0.226878,-42.908304,9976.515368,9977.493724684522
251.86381,0.226626,-42.907226,9976.086291,9977.094076848687
251.87381,0.226375,-42.906148,9975.657224,9975.40232992819
251.88381,0.226125,-42.905071,9975.228168,9974.767139834925
251.89381,0.225875,-42.903994,9974.799122,9975.166785960417
251.90381,0.225626,-42.902917,9974.370088,9975.299600555156
251.91381,0.225377,-42.90184,9973.941064,9975.104294777157
251.92381,0.225129,-42.900764,9973.512051,9973.764207927266
251.93381,0.224882,-42.899688,9973.083049,9972.667449511007
251.94381,0.224635,-42.898612,9972.654057,9973.797705237252
251.95381,0.224389,-42.897537,9972.225077,9973.209759621424
251.96381,0.224144,-42.896462,9971.796107,9970.022843200139
251.97381,0.223899,-42.895387,9971.367147,9971.83931675449
251.98381,0.223654,-42.894312,9970.938199,9971.567139472907
251.99381,0.223411,-42.893238,9970.509261,9969.99288245068
252.00381,0.223168,-42.892163,9970.080334,9973.287267124348
252.01381,0.222925,-42.89109,9969.651418,9967.51412940778
252.02381,0.222684,-42.890016,9969.222512,9969.89260081167
252.03381,0.222442,-42.888943,9968.793618,9968.153035084617
252.04381,0.222202,-42.887869,9968.364733,9970.338510885244
252.05381,0.221962,-42.886797,9967.93586,9965.232061288507
252.06381,0.221722,-42.885724,9967.506998,9968.149763418523
252.07381,0.221484,-42.884652,9967.078146,9969.031013685582
252.08381,0.221245,-42.88358,9966.649305,9967.0933659908
252.09381,0.221008,-42.882508,9966.220474,9965.56600565724
252.10381,0.220771,-42.881436,9965.791654,9965.67942403817
252.11381,0.220534,-42.880365,9965.362845,9965.2982828546
252.12381,0.220298,-42.879294,9964.934047,9967.048564743087
252.13381,0.220063,-42.878223,9964.505259,9963.472143493012
252.14381,0.219828,-42.877153,9964.076483,9963.505521054458
252.15381,0.219594,-42.876083,9963.647716,9964.22704915663
252.16381,0.219361,-42.875012,9963.218961,9963.831897171163
252.17381,0.219128,-42.873943,9962.790216,9964.477951871802
252.18381,0.218896,-42.872873,9962.361482,9961.862175780816
252.19381,0.218664,-42.871804,9961.932759,9963.904980115649
252.20381,0.218433,-42.870735,9961.504046,9961.145735157177
252.21381,0.218202,-42.869666,9961.075344,9960.82972961003
252.22381,0.217972,-42.868598,9960.646653,9963.56156425676
252.23381,0.217743,-42.867529,9960.217972,9960.99292304234
252.24381,0.217514,-42.866461,9959.789302,9961.46077377086
252.25381,0.217286,-42.865393,9959.360643,9961.557126460773
252.26381,0.217058,-42.864326,9958.931994,9957.537631870924
252.27381,0.216831,-42.863259,9958.503356,9959.934027276671
252.28381,0.216604,-42.862192,9958.074729,9959.065377722267
252.29381,0.216378,-42.861125,9957.646112,9956.972795425645
252.30381,0.216153,-42.860058,9957.217507,9959.68139630089
252.31381,0.215928,-42.858992,9956.788911,9959.585821515015
252.32381,0.215704,-42.857926,9956.360327,9957.140895337483
252.33381,0.21548,-42.85686,9955.931753,9957.089273665124
252.34381,0.215257,-42.855794,9955.50319,9956.881694817004
252.35381,0.215034,-42.854729,9955.074637,9955.60655392934
252.36381,0.214812,-42.853664,9954.646095,9954.188106298254
252.37381,0.21459,-42.852599,9954.217564,9954.37839134705
252.38381,0.214369,-42.851534,9953.789043,9953.086784306555
252.39381,0.214149,-42.850469,9953.360533,9952.138173477118
252.40381,0.213929,-42.849405,9952.932034,9953.151628330637
252.41381,0.21371,-42.848341,9952.503545,9955.09257459986
252.42381,0.213491,-42.847277,9952.075067,9951.776060967715
252.43381,0.213273,-42.846214,9951.646599,9954.142329518998
252.44381,0.213055,-42.84515,9951.218142,9954.540151068126
252.45381,0.212838,-42.844087,9950.789696,9951.52559828592
252.46381,0.212621,-42.843025,9950.361261,9951.455901930598
252.47381,0.212405,-42.841962,9949.932836,9948.587379624621
252.48381,0.21219,-42.840899,9949.504422,9951.626917229822
252.49381,0.211975,-42.839837,9949.076018,9953.072832805148
252.50381,0.211761,-42.838775,9948.647625,9952.174517997328
252.51381,0.211547,-42.837714,9948.219242,9952.401456361053
252.52381,0.211333,-42.836652,9947.79087,9947.994887695293
252.53381,0.211121,-42.835591,9947.362509,9949.146430989329
252.54381,0.210908,-42.83453,9946.934159,9948.08058836004
252.55381,0.210697,-42.833469,9946.505819,9948.78033203965
252.56381,0.210485,-42.832408,9946.077489,9945.732621516046
252.57381,0.210275,-42.831348,9945.649171,9946.902067977797
252.58381,0.210064,-42.830288,9945.220862,9943.407890987051
252.59381,0.209855,-42.829228,9944.792565,9948.025399394679
252.60381,0.209646,-42.828168,9944.364278,9944.083343954182
252.61381,0.209437,-42.827108,9943.936001,9947.443785425654
252.62381,0.209229,-42.826049,9943.507736,9944.298188906196
252.63381,0.209022,-42.82499,9943.07948,9944.428204314012
252.64381,0.208815,-42.823931,9942.651236,9944.322400317003
252.65381,0.208608,-42.822872,9942.223002,9943.897290771392
252.66381,0.208402,-42.821814,9941.794778,9942.477345161753
252.67381,0.208197,-42.820756,9941.366566,9944.291139792189
252.68381,0.207992,-42.819698,9940.938363,9943.159516255295
252.69381,0.207787,-42.81864,9940.510172,9941.6148708241
252.70381,0.207583,-42.817582,9940.08199,9940.359820956226
252.71381,0.20738,-42.816525,9939.65382,9941.49462057352
252.72381,0.207177,-42.815468,9939.22566,9940.2564055063
252.73381,0.206975,-42.814411,9938.797511,9939.595992583761
252.74381,0.206773,-42.813354,9938.369372,9937.973575243854
252.75381,0.206571,-42.812297,9937.941243,9936.624407907399
252.76381,0.206371,-42.811241,9937.513126,9938.034512688906
252.77381,0.20617,-42.810185,9937.085019,9938.853025442993
252.78381,0.20597,-42.809129,9936.656922,9938.022128506655
252.79381,0.205771,-42.808073,9936.228836,9937.255148784614
252.80381,0.205572,-42.807017,9935.800761,9935.713264886455
252.81381,0.205374,-42.805962,9935.372696,9937.0928193032
252.82381,0.205176,-42.804907,9934.944641,9937.183578273643
252.83381,0.204978,-42.803852,9934.516598,9936.476956633458
252.84381,0.204782,-42.802797,9934.088564,9935.489212773564
252.85381,0.204585,-42.801743,9933.660542,9933.06483013742
252.86381,0.204389,-42.800688,9933.23253,9933.363588999287
252.87381,0.204194,-42.799634,9932.804528,9936.622980448297
252.88381,0.203999,-42.79858,9932.376537,9933.866257976028
252.89381,0.203805,-42.797527,9931.948556,9933.921348817803
252.90381,0.203611,-42.796473,9931.520586,9931.19981704816
252.91381,0.203417,-42.79542,9931.092627,9932.017938014244
252.92381,0.203224,-42.794367,9930.664678,9931.694438323053
252.93381,0.203032,-42.793314,9930.236739,9931.348955748148
252.94381,0.20284,-42.792261,9929.808812,9929.687600513107
252.95381,0.202648,-42.791209,9929.380894,9929.147549508409
252.96381,0.202457,-42.790156,9928.952987,9931.68675795887
252.97381,0.202267,-42.789104,9928.525091,9930.141276969214
252.98381,0.202077,-42.788052,9928.097205,9930.671487410962
252.99381,0.201887,-42.787,9927.66933,9928.25744694244
253.00381,0.201698,-42.785949,9927.241465,9930.026158015626
253.01381,0.201509,-42.784897,9926.813611,9927.213960535742
253.02381,0.201321,-42.783846,9926.385767,9927.33227733402
253.03381,0.201133,-42.782795,9925.957934,9924.458124360624
253.04381,0.200946,-42.781745,9925.530111,9926.143577329953
253.05381,0.20076,-42.780694,9925.102299,9925.647129273315
253.06381,0.200573,-42.779644,9924.674498,9926.845548967722
253.07381,0.200387,-42.778593,9924.246706,9926.54670627853
253.08381,0.200202,-42.777543,9923.818926,9926.394920828365
253.09381,0.200017,-42.776493,9923.391156,9923.901678974158
253.10381,0.199833,-42.775444,9922.963396,9924.461468528498
253.11381,0.199649,-42.774394,9922.535647,9923.45269279473
253.12381,0.199465,-42.773345,9922.107908,9923.727061386542
253.13381,0.199282,-42.772296,9921.68018,9925.817550861808
253.14381,0.1991,-42.771247,9921.252462,9922.056944100681
253.15381,0.198918,-42.770198,9920.824755,9922.70359892337
253.16381,0.198736,-42.76915,9920.397058,9921.812362947645
253.17381,0.198555,-42.768101,9919.969372,9920.640735320285
253.18381,0.198374,-42.767053,9919.541696,9917.857956715521
253.19381,0.198194,-42.766005,9919.114031,9920.161316748381
253.20381,0.198014,-42.764957,9918.686376,9919.652509229409
253.21381,0.197834,-42.76391,9918.258732,9918.917513426639
253.22381,0.197655,-42.762862,9917.831098,9918.425035102706
253.23381,0.197477,-42.761815,9917.403474,9916.547738888701
253.24381,0.197299,-42.760768,9916.975861,9918.417201078408
253.25381,0.197121,-42.759721,9916.548259,9915.84200302159
253.26381,0.196944,-42.758674,9916.120667,9916.15268249451
253.27381,0.196767,-42.757628,9915.693086,9916.910581463724
253.28381,0.196591,-42.756582,9915.265514,9918.59689471871
253.29381,0.196415,-42.755535,9914.837954,9915.666090993269
253.30381,0.19624,-42.754489,9914.410404,9914.31615405711
253.31381,0.196065,-42.753444,9913.982864,9916.61892766363
253.32381,0.195891,-42.752398,9913.555335,9910.751164502226
253.33381,0.195716,-42.751352,9913.127816,9914.110927582107
253.34381,0.195543,-42.750307,9912.700308,9915.156777561479
253.35381,0.19537,-42.749262,9912.27281,9914.107192536478
253.36381,0.195197,-42.748217,9911.845323,9912.432172357128
253.37381,0.195025,-42.747172,9911.417846,9911.117494238013
253.38381,0.194853,-42.746128,9910.990379,9914.199147264771
253.39381,0.194681,-42.745083,9910.562923,9910.552317887961
253.40381,0.19451,-42.744039,9910.135478,9912.375978956205
253.41381,0.19434,-42.742995,9909.708042,9912.170475938736
253.42381,0.194169,-42.741951,9909.280618,9908.456045585692
253.43381,0.194,-42.740907,9908.853203,9907.911992332429
253.44381,0.19383,-42.739864,9908.425799,9908.597309086386
253.45381,0.193661,-42.73882,9907.998406,9907.743099223693
253.46381,0.193493,-42.737777,9907.571023,9908.100319701827
253.47381,0.193325,-42.736734,9907.14365,9907.525050190001
253.48381,0.193157,-42.735691,9906.716288,9908.064843203518
253.49381,0.19299,-42.734649,9906.288937,9905.866403891923
253.50381,0.192823,-42.733606,9905.861595,9906.068759657095
253.51381,0.192657,-42.732564,9905.434265,9906.760118472701
253.52381,0.192491,-42.731522,9905.006944,9903.217002058436
253.53381,0.192325,-42.73048,9904.579634,9904.909047422072
253.54381,0.19216,-42.729438,9904.152335,9906.468804749113
253.55381,0.191996,-42.728396,9903.725045,9906.454420553056
253.56381,0.191831,-42.727354,9903.297767,9905.104474880109
253.57381,0.191667,-42.726313,9902.870498,9903.964539508039
253.58381,0.191504,-42.725272,9902.44324,9902.814851155352
253.59381,0.191341,-42.724231,9902.015993,9901.61288865046
253.60381,0.191178,-42.72319,9901.588756,9904.252680431695
253.61381,0.191016,-42.722149,9901.161529,9904.64267512328
253.62381,0.190854,-42.721109,9900.734313,9901.268371160335
253.63381,0.190693,-42.720068,9900.307107,9897.800447590358
253.64381,0.190532,-42.719028,9899.879911,9903.41405501867
253.65381,0.190371,-42.717988,9899.452726,9896.842989643468
253.66381,0.190211,-42.716948,9899.025552,9899.20862955924
253.67381,0.190051,-42.715909,9898.598387,9899.025741637428
253.68381,0.189892,-42.714869,9898.171233,9898.589262428595
253.69381,0.189733,-42.71383,9897.74409,9898.300684578006
253.70381,0.189574,-42.712791,9897.316957,9896.945262363635
253.71381,0.189416,-42.711751,9896.889834,9897.254623779145
253.72381,0.189258,-42.710713,9896.462722,9896.719497911385
253.73381,0.189101,-42.709674,9896.03562,9897.35412765255
253.74381,0.188943,-42.708635,9895.608528,9901.244936972324
253.75381,0.188787,-42.707597,9895.181447,9898.044322622365
253.76381,0.188631,-42.706559,9894.754376,9896.413901263631
253.77381,0.188475,-42.70552,9894.327316,9893.50287238532
253.78381,0.188319,-42.704482,9893.900266,9891.742841334217
253.79381,0.188164,-42.703445,9893.473226,9894.848068382898
253.80381,0.18801,-42.702407,9893.046197,9893.042955226947
253.81381,0.187855,-42.70137,9892.619178,9893.38548279887
253.82381,0.187701,-42.700332,9892.19217,9894.956127732308
253.83381,0.187548,-42.699295,9891.765172,9891.999436474935
253.84381,0.187395,-42.698258,9891.338184,9893.928555500483
253.85381,0.187242,-42.697221,9890.911206,9892.492016229457
253.86381,0.187089,-42.696185,9890.484239,9891.65526636253
253.87381,0.186937,-42.695148,9890.057283,9892.944917913603
253.88381,0.186786,-42.694112,9889.630336,9892.977785093983
253.89381,0.186635,-42.693075,9889.2034,9889.549730366913
253.90381,0.186484,-42.692039,9888.776475,9888.568076558606
253.91381,0.186333,-42.691003,9888.34956,9889.742295750357
253.92381,0.186183,-42.689968,9887.922655,9888.54898324268
253.93381,0.186033,-42.688932,9887.49576,9887.747291467185
253.94381,0.185884,-42.687897,9887.068876,9888.689470333009
253.95381,0.185735,-42.686861,9886.642002,9888.310691969205
253.96381,0.185587,-42.685826,9886.215139,9886.024967400184
253.97381,0.185438,-42.684791,9885.788286,9888.713010101397
253.98381,0.18529,-42.683756,9885.361443,9885.527257255766
253.99381,0.185143,-42.682721,9884.934611,9885.890384406935
254.00381,0.184996,-42.681687,9884.507789,9885.381385606112
254.01381,0.184849,-42.680653,9884.080977,9885.982076502543
254.02381,0.184703,-42.679618,9883.654176,9883.034396140732
254.03381,0.184557,-42.678584,9883.227385,9883.866790198215
254.04381,0.184411,-42.67755,9882.800604,9883.269827797372
254.05381,0.184266,-42.676516,9882.373834,9883.123564501593
254.06381,0.184121,-42.675483,9881.947074,9879.75815560244
254.07381,0.183976,-42.674449,9881.520324,9886.777407576701
254.08381,0.183832,-42.673416,9881.093585,9884.409373475843
254.09381,0.183688,-42.672383,9880.666856,9884.16840249847
254.10381,0.183545,-42.67135,9880.240137,9882.533529968812
254.11381,0.183402,-42.670317,9879.813429,9880.15008715049
254.12381,0.183259,-42.669284,9879.386731,9881.32439579777
254.13381,0.183116,-42.668251,9878.960043,9877.374966288658
254.14381,0.182974,-42.667219,9878.533366,9879.970669955612
254.15381,0.182833,-42.666186,9878.106699,9876.570037447204
254.16381,0.182691,-42.665154,9877.680042,9876.907747461306
254.17381,0.18255,-42.664122,9877.253396,9875.89653702769
254.18381,0.18241,-42.66309,9876.826759,9878.999783611467
254.19381,0.182269,-42.662059,9876.400134,9875.503099739806
254.20381,0.182129,-42.661027,9875.973518,9876.664586637853
254.21381,0.18199,-42.659996,9875.546913,9877.018808786228
254.22381,0.181851,-42.658964,9875.120318,9876.58189738893
254.23381,0.181712,-42.657933,9874.693734,9874.061780441802
254.24381,0.181573,-42.656902,9874.26716,9874.847877895052
254.25381,0.181435,-42.655871,9873.840596,9874.007456487314
254.26381,0.181297,-42.65484,9873.414042,9878.077704987869
254.27381,0.18116,-42.65381,9872.987499,9873.944441348176
254.28381,0.181022,-42.652779,9872.560966,9876.318240610251
254.29381,0.180886,-42.651749,9872.134443,9873.817989565692
254.30381,0.180749,-42.650719,9871.707931,9875.770606806034
254.31381,0.180613,-42.649689,9871.281429,9873.5645160022
254.32381,0.180477,-42.648659,9870.854937,9868.363876123083
254.33381,0.180342,-42.647629,9870.428456,9870.179243100007
254.34381,0.180207,-42.6466,9870.001985,9867.803238470537
254.35381,0.180072,-42.64557,9869.575524,9871.4177378344
254.36381,0.179937,-42.644541,9869.149073,9870.963992352526
254.37381,0.179803,-42.643512,9868.722633,9871.204445857553
254.38381,0.179669,-42.642482,9868.296203,9870.103364680268
254.39381,0.179536,-42.641454,9867.869783,9867.515649481662
254.40381,0.179403,-42.640425,9867.443374,9867.84680789762
254.41381,0.17927,-42.639396,9867.016975,9868.392320938436
254.42381,0.179138,-42.638368,9866.590586,9866.011742792674
254.43381,0.179006,-42.637339,9866.164208,9865.684501845606
254.44381,0.178874,-42.636311,9865.737839,9865.437873176495
254.45381,0.178742,-42.635283,9865.311481,9865.012683114324
254.46381,0.178611,-42.634255,9864.885134,9864.580280037784
254.47381,0.17848,-42.633227,9864.458796,9864.39070043781
254.48381,0.17835,-42.6322,9864.032469,9863.45926763113
254.49381,0.17822,-42.631172,9863.606152,9865.807176116146
254.50381,0.17809,-42.630145,9863.179846,9865.899011777214
254.51381,0.17796,-42.629117,9862.753549,9863.26054924668
254.52381,0.177831,-42.62809,9862.327263,9861.512215732486
254.53381,0.177702,-42.627063,9861.900988,9863.077340151798
254.54381,0.177574,-42.626036,9861.474722,9863.025544287659
254.55381,0.177445,-42.62501,9861.048467,9862.461377119873
254.56381,0.177318,-42.623983,9860.622222,9860.726724682614
254.57381,0.17719,-42.622957,9860.195987,9863.060777266675
254.58381,0.177063,-42.62193,9859.769763,9858.813631233535
254.59381,0.176936,-42.620904,9859.343549,9858.885114375595
254.60381,0.176809,-42.619878,9858.917345,9858.024759482694
254.61381,0.176683,-42.618852,9858.491151,9860.214543651738
254.62381,0.176557,-42.617826,9858.064968,9859.021946252238
254.63381,0.176431,-42.616801,9857.638795,9857.804703791193
254.64381,0.176306,-42.615775,9857.212632,9856.30807998883
254.65381,0.176181,-42.61475,9856.786479,9856.03951953368
254.66381,0.176056,-42.613725,9856.360337,9856.904229280257
254.67381,0.175931,-42.612699,9855.934205,9854.298107640156
254.68381,0.175807,-42.611674,9855.508083,9855.505784890618
254.69381,0.175683,-42.61065,9855.081971,9858.234135889117
254.70381,0.17556,-42.609625,9854.65587,9857.023220759105
254.71381,0.175437,-42.6086,9854.229779,9854.414058244502
254.72381,0.175314,-42.607576,9853.803698,9857.009477908228
254.73381,0.175191,-42.606551,9853.377627,9853.501025189504
254.74381,0.175069,-42.605527,9852.951567,9855.87944172249
254.75381,0.174947,-42.604503,9852.525516,9855.021047490274
254.76381,0.174825,-42.603479,9852.099477,9853.869502061194
254.77381,0.174704,-42.602455,9851.673447,9852.499943772424
254.78381,0.174583,-42.601432,9851.247427,9850.994433784796
254.79381,0.174462,-42.600408,9850.821418,9849.924272186976
254.80381,0.174341,-42.599385,9850.395419,9849.830607204902
254.81381,0.174221,-42.598362,9849.969431,9853.441873616164
254.82381,0.174101,-42.597338,9849.543452,9850.50917721321
254.83381,0.173982,-42.596315,9849.117484,9849.978621522587
254.84381,0.173862,-42.595292,9848.691526,9848.610116269558
254.85381,0.173743,-42.59427,9848.265578,9850.58468127202
254.86381,0.173624,-42.593247,9847.83964,9849.318128505998
254.87381,0.173506,-42.592224,9847.413713,9849.260982643835
254.88381,0.173388,-42.591202,9846.987796,9848.593730098868
254.89381,0.17327,-42.59018,9846.561889,9849.480347323328
254.90381,0.173153,-42.589158,9846.135992,9846.780801609979
254.91381,0.173035,-42.588136,9845.710106,9846.808145806346
254.92381,0.172918,-42.587114,9845.28423,9846.989430620737
254.93381,0.172802,-42.586092,9844.858364,9845.955279361424
254.94381,0.172685,-42.58507,9844.432508,9843.90066505747
254.95381,0.172569,-42.584049,9844.006662,9841.15615246104
254.96381,0.172453,-42.583027,9843.580827,9844.391693538
254.97381,0.172338,-42.582006,9843.155002,9844.377473853148
254.98381,0.172223,-42.580985,9842.729187,9842.371132984597
254.99381,0.172108,-42.579964,9842.303382,9844.2706466638
255.00381,0.171993,-42.578943,9841.877587,9840.282188397368
255.01381,0.171879,-42.577922,9841.451803,9843.416732922433
255.02381,0.171764,-42.576902,9841.026029,9841.779638552893
255.03381,0.171651,-42.575881,9840.600265,9841.039880306393
255.04381,0.171537,-42.574861,9840.174511,9841.260354006063
255.05381,0.171424,-42.573841,9839.748768,9839.53218028162
255.06381,0.171311,-42.572821,9839.323034,9841.076183113733
255.07381,0.171198,-42.571801,9838.897311,9840.932657110534
255.08381,0.171086,-42.570781,9838.471598,9840.964644598673
255.09381,0.171088,-42.569761,9838.045896,9839.67228797458
255.10381,0.171436,-42.568741,9837.620208,9839.10778595948
255.11381,0.171783,-42.567722,9837.194531,9837.797367135205
255.12381,0.17213,-42.566702,9836.768859,9837.11907537301
255.13381,0.172477,-42.565682,9836.343197,9834.154652981397
255.14381,0.172824,-42.564663,9835.917545,9834.554163791487
255.15381,0.17317,-42.563643,9835.491904,9836.457501646693
255.16381,0.173516,-42.562624,9835.066272,9832.88790809797
255.17381,0.173862,-42.561605,9834.640651,9838.193394888302
255.18381,0.174207,-42.560585,9834.21504,9833.122698568994
255.19381,0.174552,-42.559566,9833.78944,9833.446102539972
255.20381,0.174896,-42.558547,9833.363849,9832.045200012843
255.21381,0.17524,-42.557527,9832.938269,9834.422319107263
255.22381,0.175584,-42.556508,9832.512699,9834.213162536691
255.23381,0.175927,-42.555489,9832.087139,9833.431007543002
255.24381,0.17627,-42.55447,9831.661589,9834.478469361504
255.25381,0.176613,-42.553451,9831.236049,9831.02873841059
255.26381,0.176955,-42.552432,9830.81052,9834.148764405063
255.27381,0.177296,-42.551413,9830.385,9831.600644916467
255.28381,0.177638,-42.550394,9829.959491,9830.37792152374
255.29381,0.177978,-42.549375,9829.533993,9830.077321542974
255.30381,0.178319,-42.548356,9829.108504,9828.827992624934
255.31381,0.178659,-42.547338,9828.683025,9831.338272929315
255.32381,0.178999,-42.546319,9828.257557,9828.711326605107
255.33381,0.179338,-42.5453,9827.832099,9827.258084063886
255.34381,0.179677,-42.544282,9827.406651,9828.781556451637
255.35381,0.180015,-42.543263,9826.981213,9827.384930714612
255.36381,0.180353,-42.542244,9826.555786,9828.241483024518
255.37381,0.18069,-42.541226,9826.130369,9827.71489840913
255.38381,0.181027,-42.540207,9825.704961,9826.297068764385
255.39381,0.181364,-42.539189,9825.279564,9825.44025853839
255.40381,0.1817,-42.538171,9824.854178,9827.362103281494
255.41381,0.182036,-42.537152,9824.428801,9826.291122289646
255.42381,0.182371,-42.536134,9824.003435,9822.682605747274
255.43381,0.182706,-42.535116,9823.578078,9826.71708596581
255.44381,0.183041,-42.534098,9823.152732,9824.297253076038
255.45381,0.183377,-42.53308,9822.727396,9822.269656423045
255.46381,0.183715,-42.532061,9822.302071,9820.818004822368
255.47381,0.184052,-42.531043,9821.876755,9821.564986969925
255.48381,0.184389,-42.530025,9821.45145,9821.952262681503
255.49381,0.184725,-42.529007,9821.026155,9819.099337794753
255.50381,0.185061,-42.527989,9820.60087,9819.216279893488
255.51381,0.185397,-42.52697,9820.175595,9822.465137396379
255.52381,0.185731,-42.525952,9819.75033,9820.32528139238
255.53381,0.186066,-42.524934,9819.325076,9817.786708559199
255.54381,0.1864,-42.523915,9818.899832,9820.423466899198
255.55381,0.186733,-42.522897,9818.474598,9816.955273521442
255.56381,0.187066,-42.521879,9818.049374,9817.992538718725
255.57381,0.187398,-42.52086,9817.62416,9814.77025715557
255.58381,0.18773,-42.519842,9817.198956,9818.12440417926
255.59381,0.188061,-42.518823,9816.773763,9818.116450482135
255.60381,0.188392,-42.517805,9816.34858,9817.322890024538
255.61381,0.188722,-42.516786,9815.923407,9814.754460660308
255.62381,0.189052,-42.515768,9815.498244,9817.6398284131
255.63381,0.189381,-42.514749,9815.073092,9814.462761101187
255.64381,0.18971,-42.513731,9814.647949,9816.842802481237
255.65381,0.190038,-42.512712,9814.222817,9815.347762266856
255.66381,0.190366,-42.511694,9813.797695,9815.459463359208
255.67381,0.190694,-42.510675,9813.372583,9812.052275690618
255.68381,0.19102,-42.509656,9812.947482,9814.517529487839
255.69381,0.191347,-42.508638,9812.52239,9809.711452983092
255.70381,0.191672,-42.507619,9812.097309,9813.556188527604
255.71381,0.191997,-42.5066,9811.672238,9813.72616521108
255.72381,0.192322,-42.505582,9811.247177,9810.762301190665
255.73381,0.192646,-42.504563,9810.822126,9810.538839128198
255.74381,0.19297,-42.503544,9810.397085,9811.128469862455
255.75381,0.193293,-42.502526,9809.972055,9809.122748812713
255.76381,0.193616,-42.501507,9809.547035,9813.069046261206
255.77381,0.193938,-42.500488,9809.122025,9808.854917951332
255.78381,0.194259,-42.499469,9808.697025,9812.457134285445
255.79381,0.19458,-42.498451,9808.272036,9810.248928749963
255.80381,0.194901,-42.497432,9807.847056,9808.30411052502
255.81381,0.195221,-42.496413,9807.422087,9811.103080790906
255.82381,0.19554,-42.495394,9806.997128,9807.173509290695
255.83381,0.195859,-42.494376,9806.572179,9810.027754789973
255.84381,0.196178,-42.493357,9806.14724,9808.637496787744
255.85381,0.196495,-42.492338,9805.722312,9804.870667632134
255.86381,0.196813,-42.491319,9805.297394,9808.75346768934
255.87381,0.19713,-42.4903,9804.872486,9804.115580418824
255.88381,0.197446,-42.489282,9804.447588,9805.477375395192
255.89381,0.197762,-42.488263,9804.0227,9804.237388196998
255.90381,0.198077,-42.487244,9803.597822,9802.773072267415
255.91381,0.198392,-42.486225,9803.172955,9805.317703082861
255.92381,0.198706,-42.485206,9802.748098,9801.834916046377
255.93381,0.199019,-42.484187,9802.323251,9805.784934481351
255.94381,0.199332,-42.483169,9801.898414,9802.128058991182
255.95381,0.199645,-42.48215,9801.473588,9803.034141404136
255.96381,0.199957,-42.481131,9801.048771,9803.690989259387
255.97381,0.200269,-42.480112,9800.623965,9802.784572220078
255.98381,0.20058,-42.479093,9800.199169,9800.362135134883
255.99381,0.20089,-42.478074,9799.774383,9800.186098630182
256.00381,0.2012,-42.477055,9799.349607,9800.469222102376
256.01381,0.201509,-42.476037,9798.924842,9796.3712858329
256.02381,0.201818,-42.475018,9798.500087,9797.565388020852
256.03381,0.202126,-42.473999,9798.075342,9798.369511870924
256.04381,0.202434,-42.47298,9797.650607,9799.693358250275
256.05381,0.202741,-42.471961,9797.225882,9797.419174342645
256.06381,0.203048,-42.470942,9796.801167,9798.73214413632
256.07381,0.203354,-42.469923,9796.376463,9798.944394091051
256.08381,0.20366,-42.468905,9795.951769,9797.282946336758
256.09381,0.203965,-42.467886,9795.527085,9798.352562607282
256.10381,0.204269,-42.466867,9795.102411,9795.432014762266
256.11381,0.204573,-42.465848,9794.677748,9796.039890592321
256.12381,0.204877,-42.464829,9794.253094,9794.879355503865
256.13381,0.20518,-42.46381,9793.828451,9796.420165145068
256.14381,0.205482,-42.462792,9793.403818,9792.791921549959
256.15381,0.205784,-42.461773,9792.979195,9790.762534192898
256.16381,0.206085,-42.460754,9792.554583,9794.934527558937
256.17381,0.206386,-42.459735,9792.12998,9794.044863309873
256.18381,0.206686,-42.458716,9791.705388,9789.186978404994
256.19381,0.206986,-42.457697,9791.280806,9789.48047482684
256.20381,0.207285,-42.456679,9790.856234,9792.189209499926
256.21381,0.207583,-42.45566,9790.431672,9790.27891599429
256.22381,0.207881,-42.454641,9790.007121,9789.000544393377
256.23381,0.208179,-42.453622,9789.58258,9790.74115467644
256.24381,0.208476,-42.452604,9789.158048,9789.464800801798
256.25381,0.208772,-42.451585,9788.733527,9791.759619050863
256.26381,0.209068,-42.450566,9788.309017,9787.438178838805
256.27381,0.209364,-42.449547,9787.884516,9789.703820287456
256.28381,0.209658,-42.448529,9787.460026,9789.144189705314
256.29381,0.209953,-42.44751,9787.035546,9785.11494552079
256.30381,0.210246,-42.446491,9786.611076,9788.78290111389
256.31381,0.21054,-42.445473,9786.186616,9786.647343358487
256.32381,0.210832,-42.444454,9785.762166,9788.071852298546
256.33381,0.211124,-42.443435,9785.337727,9785.543539786817
256.34381,0.211416,-42.442417,9784.913297,9788.052905959094
256.35381,0.211707,-42.441398,9784.488878,9785.99301104969
256.36381,0.211997,-42.440379,9784.064469,9788.598989319453
256.37381,0.212287,-42.439361,9783.640071,9782.770229746047
256.38381,0.212577,-42.438342,9783.215682,9782.822401482656
256.39381,0.212866,-42.437324,9782.791304,9781.582953641111
256.40381,0.213154,-42.436305,9782.366936,9783.662600276939
256.41381,0.213442,-42.435287,9781.942578,9784.35203644657
256.42381,0.213729,-42.434268,9781.51823,9782.251610709298
256.43381,0.214016,-42.43325,9781.093892,9778.700828169902
256.44381,0.214302,-42.432231,9780.669565,9783.48335643084
256.45381,0.214588,-42.431213,9780.245248,9782.005667437978
256.46381,0.214873,-42.430194,9779.820941,9778.555100188756
256.47381,0.215157,-42.429176,9779.396644,9778.399081721993
256.48381,0.215441,-42.428157,9778.972357,9779.573376714312
256.49381,0.215725,-42.427139,9778.548081,9779.426408793448
256.50381,0.216008,-42.426121,9778.123814,9778.034016437688
256.51381,0.21629,-42.425102,9777.699558,9779.176964232362
256.52381,0.216572,-42.424084,9777.275312,9776.053703168616
256.53381,0.216853,-42.423066,9776.851077,9777.117887152655
256.54381,0.217134,-42.422047,9776.426851,9779.239415192309
256.55381,0.217415,-42.421029,9776.002636,9775.346128416699
256.56381,0.217694,-42.420011,9775.578431,9774.405297823792
256.57381,0.217974,-42.418993,9775.154236,9777.833743534698
256.58381,0.218252,-42.417974,9774.730051,9774.303174504359
256.59381,0.21853,-42.416956,9774.305876,9776.507934168385
256.60381,0.218808,-42.415938,9773.881712,9774.25986515688
256.61381,0.219085,-42.41492,9773.457557,9773.890361677328
256.62381,0.219362,-42.413902,9773.033413,9775.198543963972
256.63381,0.219638,-42.412884,9772.609279,9771.870052690756
256.64381,0.219913,-42.411866,9772.185155,9773.69811801373
256.65381,0.220188,-42.410848,9771.761042,9772.595086526944
256.66381,0.220462,-42.40983,9771.336939,9772.119816927574
256.67381,0.220736,-42.408812,9770.912845,9774.711128739367
256.68381,0.22101,-42.407794,9770.488762,9769.720159480295
256.69381,0.221283,-42.406776,9770.064689,9769.95491710603
256.70381,0.221555,-42.405758,9769.640627,9771.513234685877
256.71381,0.221827,-42.40474,9769.216574,9770.508816157188
256.72381,0.222098,-42.403722,9768.792532,9769.678934398327
256.73381,0.222369,-42.402704,9768.3685,9770.184534006468
256.74381,0.222639,-42.401686,9767.944478,9767.381846577327
256.75381,0.222908,-42.400669,9767.520466,9766.603038012126
256.76381,0.223178,-42.399651,9767.096465,9768.934287184431
256.77381,0.223446,-42.398633,9766.672473,9766.40295714617
256.78381,0.223714,-42.397615,9766.248492,9765.439026329708
256.79381,0.223982,-42.396598,9765.824521,9766.470710576466
256.80381,0.224249,-42.39558,9765.40056,9767.21848897771
256.81381,0.224515,-42.394563,9764.976609,9764.642450465106
256.82381,0.224781,-42.393545,9764.552669,9767.417647623404
256.83381,0.225047,-42.392527,9764.128738,9765.020922406511
256.84381,0.225312,-42.39151,9763.704818,9765.083283847462
256.85381,0.225576,-42.390492,9763.280908,9764.591993583874
256.86381,0.22584,-42.389475,9762.857008,9761.954687809528
256.87381,0.226103,-42.388458,9762.433119,9764.70226242675
256.88381,0.226366,-42.38744,9762.009239,9765.309844494548
256.89381,0.226628,-42.386423,9761.58537,9763.454352687166
256.90381,0.22689,-42.385406,9761.161511,9764.239923874691
256.91381,0.227152,-42.384388,9760.737662,9759.144027259817
256.92381,0.227412,-42.383371,9760.313823,9761.198626085308
256.93381,0.227673,-42.382354,9759.889994,9758.16640086014
256.94381,0.227932,-42.381337,9759.466176,9756.960165737171
256.95381,0.228191,-42.38032,9759.042368,9761.222775491186
256.96381,0.22845,-42.379302,9758.618569,9760.033006480633
256.97381,0.228708,-42.378285,9758.194781,9759.931027704397
256.98381,0.228966,-42.377268,9757.771004,9757.960823893152
256.99381,0.229223,-42.376251,9757.347236,9758.247016526664
257.00381,0.22948,-42.375234,9756.923479,9757.872417816958
257.01381,0.229736,-42.374217,9756.499731,9755.836761130433
257.02381,0.229991,-42.373201,9756.075994,9757.91259595297
257.03381,0.230246,-42.372184,9755.652267,9755.923569021741
257.04381,0.230501,-42.371167,9755.228551,9755.032058482459
257.05381,0.230755,-42.37015,9754.804844,9758.020555140516
257.06381,0.231009,-42.369133,9754.381148,9756.37533320551
257.07381,0.231262,-42.368117,9753.957461,9756.03482711179
257.08381,0.231514,-42.3671,9753.533785,9755.434095647874
257.09381,0.231766,-42.366083,9753.110119,9751.825705453904
257.10381,0.232018,-42.365067,9752.686464,9754.571942968902
257.11381,0.232269,-42.36405,9752.262818,9753.71851887879
257.12381,0.232519,-42.363034,9751.839183,9751.64480195977
257.13381,0.232769,-42.362017,9751.415557,9751.139988890955
257.14381,0.233019,-42.361001,9750.991942,9754.087812999192
257.15381,0.233268,-42.359985,9750.568337,9753.645588885167
257.16381,0.233516,-42.358968,9750.144743,9749.183334252248
257.17381,0.233764,-42.357952,9749.721158,9751.98801647011
257.18381,0.234011,-42.356936,9749.297584,9750.5301758037
257.19381,0.234258,-42.35592,9748.874019,9749.032469735623
257.20381,0.234505,-42.354903,9748.450465,9751.362924598048
257.21381,0.234751,-42.353887,9748.026921,9749.429458346041
257.22381,0.234996,-42.352871,9747.603387,9749.473111041383
257.23381,0.235241,-42.351855,9747.179864,9747.466679647261
257.24381,0.235486,-42.350839,9746.75635,9747.087911428569
257.25381,0.235729,-42.349823,9746.332847,9749.577233295246
257.26381,0.235973,-42.348807,9745.909354,9749.262706375413
257.27381,0.236216,-42.347791,9745.485871,9746.540243148162
257.28381,0.236458,-42.346776,9745.062398,9746.380269689815
257.29381,0.2367,-42.34576,9744.638935,9743.194673320768
257.30381,0.236942,-42.344744,9744.215483,9746.41369012784
257.31381,0.237183,-42.343728,9743.79204,9742.126519212698
257.32381,0.237423,-42.342713,9743.368608,9745.573016878847
257.33381,0.237663,-42.341697,9742.945186,9744.743776380064
257.34381,0.237902,-42.340682,9742.521774,9740.628393364774
257.35381,0.238141,-42.339666,9742.098373,9740.411681567695
257.36381,0.23838,-42.338651,9741.674981,9742.953830333485
257.37381,0.238618,-42.337635,9741.2516,9740.370876753426
257.38381,0.238855,-42.33662,9740.828228,9741.618674243056
257.39381,0.239092,-42.335605,9740.404867,9739.240074903448
257.40381,0.239329,-42.334589,9739.981516,9742.457707223994
257.41381,0.239565,-42.333574,9739.558175,9741.036831216245
257.42381,0.2398,-42.332559,9739.134845,9738.16806430737
257.43381,0.240035,-42.331544,9738.711524,9741.613020501245
257.44381,0.24027,-42.330529,9738.288214,9737.629777590859
257.45381,0.240504,-42.329514,9737.864914,9739.058477151568
257.46381,0.240738,-42.328499,9737.441624,9738.347376116602
257.47381,0.240971,-42.327484,9737.018344,9738.310727796777
257.48381,0.241203,-42.326469,9736.595074,9737.264947815394
257.49381,0.241435,-42.325454,9736.171814,9735.269498999405
257.50381,0.241667,-42.324439,9735.748565,9736.183799048704
257.51381,0.241898,-42.323425,9735.325326,9738.38481305181
257.52381,0.242129,-42.32241,9734.902096,9736.420414714825
257.53381,0.242359,-42.321395,9734.478877,9736.590523525707
257.54381,0.242589,-42.320381,9734.055668,9735.290112543851
257.55381,0.242818,-42.319366,9733.63247,9733.699459581203
257.56381,0.243047,-42.318352,9733.209281,9732.103045721851
257.57381,0.243275,-42.317338,9732.786103,9733.811085007437
257.58381,0.243503,-42.316323,9732.362934,9732.79255407496
257.59381,0.24373,-42.315309,9731.939776,9735.499158479137
257.60381,0.243957,-42.314295,9731.516628,9733.035168598271
257.61381,0.244183,-42.31328,9731.09349,9733.039209408123
257.62381,0.244409,-42.312266,9730.670363,9730.712891046232
257.63381,0.244635,-42.311252,9730.247245,9727.675584163964
257.64381,0.24486,-42.310238,9729.824138,9728.101193028178
257.65381,0.245084,-42.309224,9729.40104,9728.745794436109
257.66381,0.245308,-42.30821,9728.977953,9728.193867827316
257.67381,0.245532,-42.307196,9728.554876,9726.737831909848
257.68381,0.245755,-42.306183,9728.131809,9727.770536002892
257.69381,0.245977,-42.305169,9727.708752,9726.661251603167
257.70381,0.246199,-42.304155,9727.285706,9727.567812479982
257.71381,0.246421,-42.303142,9726.862669,9728.257344000502
257.72381,0.246642,-42.302128,9726.439643,9728.014241995883
257.73381,0.246863,-42.301114,9726.016627,9727.732949441592
257.74381,0.247083,-42.300101,9725.593621,9727.654979354857
257.75381,0.247303,-42.299088,9725.170625,9722.577401346787
257.76381,0.247522,-42.298074,9724.747639,9726.627679919111
257.77381,0.247741,-42.297061,9724.324663,9726.12676699462
257.78381,0.247959,-42.296048,9723.901698,9724.836078485649
257.79381,0.248177,-42.295034,9723.478742,9722.588723420642
257.80381,0.248395,-42.294021,9723.055797,9725.668591160873
257.81381,0.248612,-42.293008,9722.632862,9722.726867223188
257.82381,0.248828,-42.291995,9722.209937,9722.238184992302
257.83381,0.249044,-42.290982,9721.787022,9722.229584343122
257.84381,0.24926,-42.289969,9721.364117,9722.24495546618
257.85381,0.249475,-42.288957,9720.941222,9717.874365061809
257.86381,0.24969,-42.287944,9720.518338,9721.883636196097
257.87381,0.249904,-42.286931,9720.095464,9722.689701567371
257.88381,0.250118,-42.285918,9719.672599,9722.634596931293
257.89381,0.250331,-42.284906,9719.249745,9721.119024794862
257.90381,0.250544,-42.283893,9718.826901,9719.159769944325
257.91381,0.250757,-42.282881,9718.404067,9717.388407651531
257.92381,0.250968,-42.281868,9717.981244,9716.622667370573
257.93381,0.25118,-42.280856,9717.55843,9719.474931955607
257.94381,0.251391,-42.279844,9717.135627,9718.601144364311
257.95381,0.251602,-42.278831,9716.712833,9718.37270562155
257.96381,0.251812,-42.277819,9716.29005,9718.057498216336
257.97381,0.252022,-42.276807,9715.867277,9717.036455655814
257.98381,0.252231,-42.275795,9715.444514,9715.78071359059
257.99381,0.25244,-42.274783,9715.021761,9716.659096788484
258.00381,0.252648,-42.273771,9714.599018,9713.295507869612
258.01381,0.252856,-42.272759,9714.176285,9715.439836364509
258.02381,0.253063,-42.271748,9713.753563,9713.556560904513
258.03381,0.25327,-42.270736,9713.33085,9713.588192055151
258.04381,0.253477,-42.269724,9712.908148,9714.996768941615
258.05381,0.253683,-42.268713,9712.485456,9709.059114884918
258.06381,0.253889,-42.267701,9712.062774,9713.360214852613
258.07381,0.254094,-42.26669,9711.640102,9711.77450750249
258.08381,0.254299,-42.265678,9711.21744,9713.047690853013
258.09381,0.254503,-42.264667,9710.794788,9712.707988378912
258.10381,0.254707,-42.263655,9710.372147,9713.533081298923
258.11381,0.254911,-42.262644,9709.949515,9710.789025690405
258.12381,0.255114,-42.261633,9709.526894,9711.664009367145
258.13381,0.255316,-42.260622,9709.104283,9709.828950035973
258.14381,0.255519,-42.259611,9708.681681,9711.324234593063
258.15381,0.25572,-42.2586,9708.25909,9710.01852346339
258.16381,0.255922,-42.257589,9707.836509,9710.31022547716
258.17381,0.256122,-42.256578,9707.413939,9708.59367150893
258.18381,0.256323,-42.255567,9706.991378,9706.818602252997
258.19381,0.256523,-42.254557,9706.568827,9707.827142405702
258.20381,0.256722,-42.253546,9706.146287,9707.452785684494
258.21381,0.256922,-42.252536,9705.723756,9704.080585426287
258.22381,0.25712,-42.251525,9705.301236,9708.507596321975
258.23381,0.257319,-42.250515,9704.878726,9704.88330558773
258.24381,0.257516,-42.249504,9704.456226,9705.893773154348
258.25381,0.257714,-42.248494,9704.033736,9706.43304865157
258.26381,0.257911,-42.247484,9703.611256,9702.16518165286
258.27381,0.258107,-42.246474,9703.188786,9703.411036551784
258.28381,0.258304,-42.245463,9702.766326,9704.28886370988
258.29381,0.258499,-42.244453,9702.343877,9704.247147803684
258.30381,0.258695,-42.243443,9701.921437,9703.42571813769
258.31381,0.258889,-42.242434,9701.499008,9703.455351347673
258.32381,0.259084,-42.241424,9701.076589,9702.51402642531
258.33381,0.259278,-42.240414,9700.654179,9698.984964107764
258.34381,0.259471,-42.239404,9700.23178,9699.77715307056
258.35381,0.259665,-42.238395,9699.809391,9700.740006849359
258.36381,0.259857,-42.237385,9699.387013,9700.34375638162
258.37381,0.26005,-42.236376,9698.964644,9699.015949544802
258.38381,0.260242,-42.235366,9698.542285,9700.173547205597
258.39381,0.260433,-42.234357,9698.119936,9698.039326221538
258.40381,0.260624,-42.233348,9697.697598,9698.363326609306
258.41381,0.260815,-42.232338,9697.275269,9695.655860142564
258.42381,0.261005,-42.231329,9696.852951,9700.338882105996
258.43381,0.261195,-42.23032,9696.430643,9696.854641787097
258.44381,0.261384,-42.229311,9696.008345,9697.588973155409
258.45381,0.261573,-42.228302,9695.586057,9699.15930559917
258.46381,0.261762,-42.227294,9695.163779,9696.671321124048
258.47381,0.26195,-42.226285,9694.741511,9692.915034235555
258.48381,0.262138,-42.225276,9694.319253,9696.492182565178
258.49381,0.262325,-42.224267,9693.897005,9697.144000388453
258.50381,0.262512,-42.223259,9693.474768,9696.967343008695
258.51381,0.262699,-42.22225,9693.05254,9696.654151174913
258.52381,0.262885,-42.221242,9692.630323,9693.829472608499
258.53381,0.26307,-42.220234,9692.208115,9690.820005335072
258.54381,0.263256,-42.219225,9691.785918,9693.21157881003
258.55381,0.263441,-42.218217,9691.363731,9690.508780064858
258.56381,0.263625,-42.217209,9690.941554,9690.334716602561
258.57381,0.263809,-42.216201,9690.519387,9691.38415981693
258.58381,0.263993,-42.215193,9690.09723,9688.562872160024
258.59381,0.264176,-42.214185,9689.675083,9688.951349426918
258.60381,0.264359,-42.213177,9689.252946,9690.772691654878
258.61381,0.264541,-42.212169,9688.830819,9688.981177095333
258.62381,0.264723,-42.211162,9688.408702,9689.931618802124
258.63381,0.264905,-42.210154,9687.986596,9688.08836525577
258.64381,0.265086,-42.209147,9687.564499,9688.492623383769
258.65381,0.265267,-42.208139,9687.142413,9686.395443695736
258.66381,0.265448,-42.207132,9686.720337,9687.031551456323
258.67381,0.265628,-42.206125,9686.29827,9689.799253086667
258.68381,0.265807,-42.205117,9685.876214,9686.663038477618
258.69381,0.265987,-42.20411,9685.454168,9688.723616789399
258.70381,0.266165,-42.203103,9685.032132,9687.206806084127
258.71381,0.266344,-42.202096,9684.610106,9685.81519917693
258.72381,0.266522,-42.201089,9684.18809,9685.053295154761
258.73381,0.2667,-42.200082,9683.766084,9683.992004119775
258.74381,0.266877,-42.199075,9683.344088,9684.327207870616
258.75381,0.267054,-42.198069,9682.922103,9682.967393508909
258.76381,0.26723,-42.197062,9682.500127,9684.34308326434
258.77381,0.267407,-42.196056,9682.078161,9683.35287411817
258.78381,0.267582,-42.195049,9681.656206,9684.015743974185
258.79381,0.267758,-42.194043,9681.23426,9683.000726341454
258.80381,0.267933,-42.193036,9680.812325,9681.074707222955
258.81381,0.268107,-42.19203,9680.3904,9680.526291226102
258.82381,0.268281,-42.191024,9679.968484,9679.669729301195
258.83381,0.268455,-42.190018,9679.546579,9679.940622149836
258.84381,0.268629,-42.189012,9679.124684,9680.687020876474
258.85381,0.268802,-42.188006,9678.702799,9680.9496435742
258.86381,0.268974,-42.187,9678.280924,9680.959003561087
258.87381,0.269146,-42.185994,9677.859059,9678.987211052328
258.88381,0.269318,-42.184988,9677.437204,9676.563147379695
258.89381,0.26949,-42.183983,9677.015359,9678.378318236528
258.90381,0.269661,-42.182977,9676.593524,9677.428070974267
258.91381,0.269832,-42.181972,9676.1717,9678.454926617747
258.92381,0.270002,-42.180966,9675.749885,9677.561894894567
258.93381,0.270172,-42.179961,9675.32808,9677.944253763488
258.94381,0.270342,-42.178956,9674.906286,9674.14039854082
258.95381,0.270511,-42.177951,9674.484501,9674.169741770776
258.96381,0.27068,-42.176946,9674.062727,9676.55085847009
258.97381,0.270848,-42.175941,9673.640962,9676.478072048518
258.98381,0.271016,-42.174936,9673.219208,9672.804447062328
258.99381,0.271184,-42.173931,9672.797464,9672.889533257105
259.00381,0.271351,-42.172926,9672.375729,9675.03892381729
259.01381,0.271518,-42.171921,9671.954005,9674.341754044875
259.02381,0.271685,-42.170917,9671.532291,9673.10270781608
259.03381,0.271851,-42.169912,9671.110587,9674.613994350424
259.04381,0.272017,-42.168908,9670.688893,9672.48941834575
259.05381,0.272182,-42.167903,9670.267209,9669.114207324297
259.06381,0.272347,-42.166899,9669.845535,9671.747877039405
259.07381,0.272512,-42.165895,9669.423871,9673.002305416807
259.08381,0.272676,-42.164891,9669.002217,9670.91876221154
259.09381,0.27284,-42.163887,9668.580573,9666.738728355764
259.10381,0.273004,-42.162883,9668.158939,9670.176831127828
259.11381,0.273167,-42.161879,9667.737315,9666.442240394757
259.12381,0.27333,-42.160875,9667.315701,9667.398331632463
259.13381,0.273493,-42.159871,9666.894098,9668.243784167043
259.14381,0.273655,-42.158868,9666.472504,9666.162888991923
259.15381,0.273817,-42.157864,9666.05092,9667.763785693722
259.16381,0.273978,-42.156861,9665.629347,9667.530403596948
259.17381,0.274139,-42.155857,9665.207783,9664.821364870046
259.18381,0.2743,-42.154854,9664.786229,9662.162427239473
259.19381,0.27446,-42.153851,9664.364686,9665.417011400037
259.20381,0.27462,-42.152848,9663.943152,9666.179423696758
259.21381,0.27478,-42.151844,9663.521629,9664.57344905394
259.22381,0.274939,-42.150841,9663.100116,9664.212720959636
259.23381,0.275098,-42.149839,9662.678612,9662.679036662134
259.24381,0.275256,-42.148836,9662.257119,9660.571530994162
259.25381,0.275415,-42.147833,9661.835635,9663.19337985856
259.26381,0.275572,-42.14683,9661.414162,9663.86826162553
259.27381,0.27573,-42.145828,9660.992699,9662.198535185456
259.28381,0.275887,-42.144825,9660.571246,9659.2339403784
259.29381,0.276044,-42.143823,9660.149802,9659.558787798464
259.30381,0.2762,-42.142821,9659.728369,9663.133915158201
259.31381,0.276356,-42.141818,9659.306946,9661.18614336748
259.32381,0.276512,-42.140816,9658.885533,9660.398152356644
259.33381,0.276667,-42.139814,9658.46413,9660.869063248889
259.34381,0.276822,-42.138812,9658.042736,9656.991486246354
259.35381,0.276977,-42.13781,9657.621353,9658.059777030987
259.36381,0.277131,-42.136808,9657.19998,9657.949385155971
259.37381,0.277285,-42.135807,9656.778617,9658.611562071743
259.38381,0.277439,-42.134805,9656.357264,9655.478594260889
259.39381,0.277592,-42.133803,9655.935921,9656.523726364758
259.40381,0.277745,-42.132802,9655.514588,9655.62707102346
259.41381,0.277898,-42.1318,9655.093265,9655.283069751
259.42381,0.27805,-42.130799,9654.671952,9655.77561920571
259.43381,0.278202,-42.129798,9654.250649,9654.44527058472
259.44381,0.278353,-42.128797,9653.829356,9654.053017353037
259.45381,0.278505,-42.127796,9653.408073,9656.138354726689
259.46381,0.278655,-42.126795,9652.9868,9652.176720334319
259.47381,0.278806,-42.125794,9652.565537,9654.170895311689
259.48381,0.278956,-42.124793,9652.144284,9652.39137777556
259.49381,0.279106,-42.123792,9651.723041,9654.037519733947
259.50381,0.279255,-42.122792,9651.301808,9650.841335714298
259.51381,0.279405,-42.121791,9650.880586,9651.337118193853
259.52381,0.279553,-42.120791,9650.459373,9652.712396815074
259.53381,0.279702,-42.11979,9650.03817,9650.585920389134
259.54381,0.27985,-42.11879,9649.616977,9649.8294202979
259.55381,0.279998,-42.11779,9649.195794,9648.26366652433
259.56381,0.280145,-42.11679,9648.774621,9647.691465128828
259.57381,0.280292,-42.115789,9648.353458,9649.021319459489
259.58381,0.280439,-42.11479,9647.932305,9651.179141231298
259.59381,0.280586,-42.11379,9647.511162,9646.46308521786
259.60381,0.280732,-42.11279,9647.090029,9650.087198927207
259.61381,0.280878,-42.11179,9646.668907,9647.513013452266
259.62381,0.281023,-42.110791,9646.247794,9646.637870485256
259.63381,0.281168,-42.109791,9645.826691,9648.137220274537
259.64381,0.281313,-42.108792,9645.405598,9646.890200745256
259.65381,0.281457,-42.107792,9644.984515,9648.193330435213
259.66381,0.281602,-42.106793,9644.563442,9644.861758301797
259.67381,0.281745,-42.105794,9644.142379,9644.044640782759
259.68381,0.281889,-42.104795,9643.721326,9644.673644626191
259.69381,0.282032,-42.103796,9643.300283,9645.351635189652
259.70381,0.282175,-42.102797,9642.87925,9643.35088960549
259.71381,0.282317,-42.101798,9642.458227,9643.60174124364
259.72381,0.28246,-42.100799,9642.037214,9641.572272124413
259.73381,0.282601,-42.099801,9641.616211,9642.42788026286
259.74381,0.282743,-42.098802,9641.195218,9641.852176245815
259.75381,0.282884,-42.097804,9640.774235,9639.29249690897
259.76381,0.283025,-42.096805,9640.353262,9640.55685786442
259.77381,0.283166,-42.095807,9639.932299,9639.925475819799
259.78381,0.283306,-42.094809,9639.511346,9641.045041727895
259.79381,0.283446,-42.093811,9639.090403,9641.249334034494
259.80381,0.283585,-42.092812,9638.66947,9639.71947955176
259.81381,0.283725,-42.091815,9638.248547,9640.393756672504
259.82381,0.283864,-42.090817,9637.827634,9636.363076003749
259.83381,0.284002,-42.089819,9637.40673,9637.804145007716
259.84381,0.284141,-42.088821,9636.985837,9635.111156905175
259.85381,0.284279,-42.087824,9636.564954,9638.696125413227
259.86381,0.284416,-42.086826,9636.144081,9638.072818622122
259.87381,0.284554,-42.085829,9635.723217,9636.264227375475
259.88381,0.284691,-42.084831,9635.302364,9632.386180440759
259.89381,0.284827,-42.083834,9634.881521,9634.765615385013
259.90381,0.284964,-42.082837,9634.460687,9636.628773629818
259.91381,0.2851,-42.08184,9634.039864,9636.728081268038
259.92381,0.285236,-42.080843,9633.619051,9634.505456815976
259.93381,0.285371,-42.079846,9633.198247,9634.193587522848
259.94381,0.285506,-42.078849,9632.777454,9630.579868093528
259.95381,0.285641,-42.077853,9632.35667,9634.678137069934
259.96381,0.285776,-42.076856,9631.935897,9634.480270585611
259.97381,0.28591,-42.075859,9631.515133,9628.789335721869
259.98381,0.286044,-42.074863,9631.094379,9630.757091479047
259.99381,0.286178,-42.073867,9630.673636,9632.975129466731
260.00381,0.286269,-42.07287,9630.252902,9628.980511898866
260.01381,0.286337,-42.071874,9629.832178,9634.18778425225
260.02381,0.286405,-42.070878,9629.411465,9629.936995033828
260.03381,0.286474,-42.069882,9628.990761,9626.806245849928
260.04381,0.286542,-42.068886,9628.570067,9631.44477866187
260.05381,0.28661,-42.067891,9628.149383,9627.649988580531
260.06381,0.286679,-42.066895,9627.728709,9631.225216524266
260.07381,0.286748,-42.0659,9627.308045,9628.46576302727
260.08381,0.286817,-42.064904,9626.887391,9626.542310804734
260.09381,0.286886,-42.063909,9626.466747,9626.199379405913
260.10381,0.286955,-42.062914,9626.046113,9626.241111226502
260.11381,0.287024,-42.061919,9625.625489,9625.392734487967
260.12381,0.287093,-42.060924,9625.204875,9627.372772208888
260.13381,0.287163,-42.059929,9624.78427,9624.354782574055
260.14381,0.287232,-42.058934,9624.363676,9625.34440068566
260.15381,0.287302,-42.05794,9623.943092,9625.481686853078
260.16381,0.287371,-42.056945,9623.522517,9626.316773306684
260.17381,0.287441,-42.055951,9623.101953,9624.783485008396
260.18381,0.287511,-42.054957,9622.681398,9625.375494660113
260.19381,0.287581,-42.053962,9622.260854,9621.961682007466
260.20381,0.287652,-42.052968,9621.840319,9621.832589741362
260.21381,0.287722,-42.051974,9621.419794,9622.974386085394
260.22381,0.287792,-42.050981,9620.99928,9620.260103125767
260.23381,0.287863,-42.049987,9620.578775,9622.216830615078
260.24381,0.287933,-42.048993,9620.15828,9620.533672774638
260.25381,0.288004,-42.048,9619.737795,9619.216846653002
260.26381,0.288075,-42.047006,9619.31732,9619.989057982419
260.27381,0.288145,-42.046013,9618.896855,9620.38020580487
260.28381,0.288216,-42.04502,9618.4764,9619.829038908334
260.29381,0.288287,-42.044027,9618.055954,9618.784395336546
260.30381,0.288359,-42.043034,9617.635519,9619.462656771428
260.31381,0.28843,-42.042041,9617.215094,9615.160293428584
260.32381,0.288501,-42.041048,9616.794678,9617.568595314337
260.33381,0.288572,-42.040055,9616.374273,9616.676549440974
260.34381,0.288644,-42.039063,9615.953877,9616.27879646715
260.35381,0.288714,-42.03807,9615.533491,9614.752206085532
260.36381,0.288784,-42.037078,9615.113116,9616.47449754724
260.37381,0.288854,-42.036086,9614.69275,9614.678866413353
260.38381,0.288924,-42.035094,9614.272394,9614.949007948333
260.39381,0.288995,-42.034102,9613.852048,9614.209327427383
260.40381,0.289065,-42.033111,9613.431712,9615.272024115708
260.41381,0.289135,-42.032119,9613.011386,9614.83679932084
260.42381,0.289206,-42.031128,9612.591069,9612.429170449133
260.43381,0.289277,-42.030136,9612.170763,9611.423773561099
260.44381,0.289347,-42.029145,9611.750467,9610.08370002262
260.45381,0.289418,-42.028154,9611.33018,9614.525207229808
260.46381,0.289489,-42.027164,9610.909904,9612.076750420047
260.47381,0.28956,-42.026173,9610.489637,9610.185457792302
260.48381,0.289631,-42.025182,9610.06938,9611.89943052601
260.49381,0.289702,-42.024192,9609.649133,9609.350262576525
260.50381,0.289773,-42.023202,9609.228896,9610.028661877863
260.51381,0.289844,-42.022212,9608.808669,9607.690756724165
260.52381,0.289915,-42.021222,9608.388452,9609.620588363023
260.53381,0.289987,-42.020232,9607.968245,9608.738310305596
260.54381,0.290058,-42.019242,9607.548048,9610.244712916416
260.55381,0.29013,-42.018253,9607.12786,9610.013762847075
260.56381,0.290201,-42.017263,9606.707682,9609.292855526868
260.57381,0.290273,-42.016274,9606.287515,9608.43482302226
260.58381,0.290344,-42.015285,9605.867357,9605.454562790226
260.59381,0.290416,-42.014296,9605.447209,9604.81034148361
260.60381,0.290487,-42.013307,9605.027071,9605.780755967651
260.61381,0.290559,-42.012319,9604.606943,9603.826752546878
260.62381,0.290631,-42.01133,9604.186825,9603.916211763166
260.63381,0.290703,-42.010342,9603.766716,9603.61626890675
260.64381,0.290775,-42.009353,9603.346618,9603.437277923935
260.65381,0.290847,-42.008365,9602.926529,9604.589939323178
260.66381,0.290918,-42.007377,9602.506451,9603.316888019777
260.67381,0.29099,-42.006389,9602.086382,9606.107273285053
260.68381,0.291062,-42.005402,9601.666323,9601.989267238621
260.69381,0.291135,-42.004414,9601.246274,9600.901272126097
260.70381,0.291207,-42.003427,9600.826234,9602.160210113865
260.71381,0.291279,-42.002439,9600.406205,9598.87066977942
260.72381,0.291351,-42.001452,9599.986186,9600.78128151701
260.73381,0.291423,-42.000465,9599.566176,9599.981866991127
260.74381,0.291495,-41.999478,9599.146176,9599.83527113009
260.75381,0.291568,-41.998492,9598.726187,9598.777412106936
260.76381,0.29164,-41.997505,9598.306207,9599.9372136199
260.77381,0.291712,-41.996519,9597.886236,9598.728146073336
260.78381,0.291785,-41.995532,9597.466276,9598.763193761115
260.79381,0.291857,-41.994546,9597.046326,9599.18602697363
260.80381,0.29193,-41.99356,9596.626385,9598.784184524504
260.81381,0.292002,-41.992574,9596.206455,9596.108692616845
260.82381,0.292074,-41.991588,9595.786534,9595.38849909819
260.83381,0.292147,-41.990603,9595.366623,9595.487055711763
260.84381,0.292219,-41.989617,9594.946722,9591.956104242045
260.85381,0.292292,-41.988632,9594.52683,9596.724715772803
260.86381,0.292364,-41.987647,9594.106949,9598.057320428097
260.87381,0.292437,-41.986661,9593.687078,9595.331841239118
260.88381,0.29251,-41.985676,9593.267216,9594.314451198374
260.89381,0.292582,-41.984692,9592.847364,9595.13243615136
260.90381,0.292655,-41.983707,9592.427522,9593.845079048548
260.91381,0.292727,-41.982722,9592.00769,9592.276467097989
260.92381,0.2928,-41.981738,9591.587868,9593.168733822735
260.93381,0.292873,-41.980754,9591.168055,9591.809473523484
260.94381,0.292945,-41.979769,9590.748253,9589.866606559795
260.95381,0.293018,-41.978785,9590.32846,9591.103543896388
260.96381,0.293091,-41.977801,9589.908677,9588.25136396029
260.97381,0.293163,-41.976818,9589.488904,9589.971116978779
260.98381,0.293236,-41.975834,9589.06914,9590.120873592354
260.99381,0.293309,-41.97485,9588.649387,9589.293987881074
261.00381,0.293381,-41.973867,9588.229643,9586.93027032182
261.01381,0.293454,-41.972884,9587.80991,9588.326116094453
261.02381,0.293527,-41.971901,9587.390186,9589.883648425752
261.03381,0.2936,-41.970918,9586.970472,9589.766185356502
261.04381,0.293672,-41.969935,9586.550767,9587.407513026517
261.05381,0.293745,-41.968952,9586.131073,9587.050067618316
261.06381,0.293818,-41.96797,9585.711388,9586.828865806197
261.07381,0.29389,-41.966987,9585.291714,9586.35600060102
261.08381,0.293963,-41.966005,9584.872049,9586.281135068672
261.09381,0.294036,-41.965023,9584.452393,9583.601613383458
261.10381,0.293335,-41.964041,9584.032748,9582.255803695049
261.11381,0.292481,-41.963059,9583.613113,9587.881594455024
261.12381,0.291632,-41.962078,9583.193487,9584.978241011475
261.13381,0.29079,-41.961097,9582.773871,9583.1647003255
261.14381,0.289953,-41.960117,9582.354265,9584.18919085795
261.15381,0.289123,-41.959137,9581.934669,9583.708200700929
261.16381,0.288298,-41.958157,9581.515082,9586.335359881889
261.17381,0.28748,-41.957178,9581.095506,9583.699691305383
261.18381,0.286667,-41.956199,9580.675939,9583.04275509761
261.19381,0.28586,-41.955221,9580.256382,9580.317033912586
261.20381,0.28506,-41.954243,9579.836834,9581.096667624417
261.21381,0.284265,-41.953265,9579.417297,9578.742908465176
261.22381,0.283476,-41.952288,9578.997769,9580.469745295659
261.23381,0.282693,-41.951311,9578.578251,9577.564906419006
261.24381,0.281916,-41.950335,9578.158743,9580.4256977589
261.25381,0.281146,-41.949359,9577.739244,9578.427892613572
261.26381,0.280381,-41.948383,9577.319756,9576.85651720872
261.27381,0.279622,-41.947408,9576.900277,9579.210902117395
261.28381,0.278869,-41.946432,9576.480807,9577.618941031957
261.29381,0.278122,-41.945458,9576.061348,9578.980969681294
261.30381,0.277382,-41.944483,9575.641898,9575.894556937637
261.31381,0.276647,-41.943509,9575.222458,9575.279902712593
261.32381,0.275918,-41.942536,9574.803028,9575.978791756315
261.33381,0.275195,-41.941562,9574.383608,9574.726093628125
261.34381,0.274478,-41.940589,9573.964197,9573.654946592535
261.35381,0.273767,-41.939617,9573.544796,9574.938395308372
261.36381,0.273062,-41.938644,9573.125405,9576.799934435267
261.37381,0.272364,-41.937672,9572.706023,9574.865436388289
261.38381,0.271671,-41.9367,9572.286651,9573.518191142082
261.39381,0.270984,-41.935729,9571.867289,9571.586026838448
261.40381,0.270303,-41.934758,9571.447936,9572.154999593882
261.41381,0.269628,-41.933787,9571.028594,9572.184515745314
261.42381,0.268959,-41.932817,9570.609261,9571.129244672651
261.43381,0.268297,-41.931847,9570.189937,9569.955033567116
261.44381,0.267637,-41.930877,9569.770624,9570.243024633332
261.45381,0.266982,-41.929907,9569.35132,9570.090064391521
261.46381,0.266332,-41.928938,9568.932026,9569.304370549386
261.47381,0.265688,-41.92797,9568.512741,9568.573412693799
261.48381,0.265051,-41.927001,9568.093466,9569.171576443325
261.49381,0.264419,-41.926033,9567.674201,9567.854973866259
261.50381,0.263794,-41.925066,9567.254946,9568.029356599698
261.51381,0.263174,-41.924099,9566.8357,9564.062125422437
261.52381,0.262561,-41.923132,9566.416464,9569.16193392303
261.53381,0.261953,-41.922166,9565.997237,9567.53021378274
261.54381,0.261352,-41.9212,9565.57802,9566.889462701316
261.55381,0.260756,-41.920235,9565.158813,9564.543619475324
261.56381,0.260166,-41.91927,9564.739616,9566.312474671313
261.57381,0.259583,-41.918305,9564.320428,9563.088191686804
261.58381,0.259005,-41.917341,9563.90125,9563.862337667102
261.59381,0.258433,-41.916377,9563.482081,9567.633056965136
261.60381,0.257868,-41.915413,9563.062922,9564.45030219348
261.61381,0.257308,-41.91445,9562.643773,9562.240863620123
261.62381,0.256754,-41.913487,9562.224633,9563.670304983625
261.63381,0.256206,-41.912525,9561.805503,9561.988089662696
261.64381,0.255665,-41.911563,9561.386382,9563.36344016203
261.65381,0.255129,-41.910601,9560.967272,9562.272491507123
261.66381,0.254599,-41.909639,9560.54817,9561.781795356883
261.67381,0.254075,-41.908678,9560.129079,9561.680126847576
261.68381,0.253557,-41.907717,9559.709997,9559.276219679236
261.69381,0.253045,-41.906757,9559.290925,9562.89248035146
261.70381,0.252538,-41.905797,9558.871862,9558.736935921172
261.71381,0.252038,-41.904837,9558.452809,9558.09051334439
261.72381,0.251544,-41.903878,9558.033765,9555.762512091946
261.73381,0.251055,-41.902919,9557.614731,9563.097734142653
261.74381,0.250573,-41.90196,9557.195707,9554.913972632938
261.75381,0.250096,-41.901001,9556.776692,9558.885561483368
261.76381,0.249625,-41.900043,9556.357687,9559.341153022358
261.77381,0.24916,-41.899085,9555.938691,9555.629619368328
261.78381,0.248701,-41.898128,9555.519705,9556.41218823254
261.79381,0.248248,-41.897171,9555.100728,9555.204187545192
261.80381,0.2478,-41.896214,9554.681761,9556.305319614483
261.81381,0.247359,-41.895257,9554.262804,9556.606962613303
261.82381,0.246923,-41.894301,9553.843856,9553.996078154474
261.83381,0.246493,-41.893345,9553.424918,9554.689818980307
261.84381,0.246069,-41.892389,9553.005989,9555.562922583846
261.85381,0.245651,-41.891434,9552.58707,9554.615621079118
261.86381,0.245238,-41.890479,9552.168161,9550.644900334575
261.87381,0.244832,-41.889524,9551.749261,9551.55250506116
261.88381,0.244431,-41.88857,9551.33037,9549.000331072883
261.89381,0.244036,-41.887615,9550.911489,9551.862796805632
261.90381,0.243646,-41.886661,9550.492618,9551.199115187523
261.91381,0.243262,-41.885708,9550.073756,9547.894516443801
261.92381,0.242884,-41.884754,9549.654904,9550.03770481686
261.93381,0.242512,-41.883801,9549.236061,9547.457359083932
261.94381,0.242146,-41.882848,9548.817228,9548.56015103811
261.95381,0.241785,-41.881896,9548.398404,9547.302279239302
261.96381,0.24143,-41.880944,9547.97959,9550.182726947432
261.97381,0.24108,-41.879991,9547.560785,9548.241639891789
261.98381,0.240736,-41.87904,9547.14199,9546.031491562804
261.99381,0.240398,-41.878088,9546.723204,9548.144185763924
262.00381,0.240065,-41.877137,9546.304428,9547.044978471582
262.01381,0.239738,-41.876186,9545.885662,9550.14599464505
262.02381,0.239417,-41.875235,9545.466905,9547.040701821084
262.03381,0.239101,-41.874285,9545.048157,9545.512987937178
262.04381,0.23879,-41.873334,9544.629419,9545.087960947485
262.05381,0.238485,-41.872384,9544.21069,9545.828610788692
262.06381,0.238186,-41.871434,9543.791971,9543.947883735562
262.07381,0.237892,-41.870485,9543.373262,9543.018232421578
262.08381,0.237604,-41.869536,9542.954561,9544.844586189181
262.09381,0.237321,-41.868587,9542.535871,9541.3766898724
262.10381,0.237044,-41.867638,9542.11719,9543.162057202808
262.11381,0.236772,-41.866689,9541.698518,9542.808400155229
262.12381,0.236506,-41.865741,9541.279856,9543.855684267868
262.13381,0.236245,-41.864793,9540.861203,9541.477770158974
262.14381,0.235989,-41.863845,9540.44256,9542.969607871617
262.15381,0.235739,-41.862897,9540.023926,9540.629303806434
262.16381,0.235494,-41.86195,9539.605302,9541.204523647084
262.17381,0.235254,-41.861002,9539.186687,9539.78690688738
262.18381,0.23502,-41.860055,9538.768082,9540.961478730953
262.19381,0.234791,-41.859109,9538.349486,9538.758355447459
262.20381,0.234567,-41.858162,9537.9309,9538.702576989741
262.21381,0.234348,-41.857216,9537.512323,9540.892221302443
262.22381,0.234135,-41.856269,9537.093756,9536.832133950105
262.23381,0.233927,-41.855323,9536.675198,9537.814399699386
262.24381,0.233724,-41.854378,9536.256649,9538.150591572767
262.25381,0.233527,-41.853432,9535.83811,9534.774624259337
262.26381,0.233334,-41.852487,9535.419581,9537.38653513735
262.27381,0.233147,-41.851542,9535.00106,9535.56283195171
262.28381,0.232964,-41.850597,9534.58255,9536.923735437453
262.29381,0.232787,-41.849652,9534.164048,9536.41246609212
262.30381,0.232615,-41.848707,9533.745557,9532.899729655152
262.31381,0.232448,-41.847763,9533.327074,9535.805983182316
262.32381,0.232286,-41.846819,9532.908601,9532.555894876881
262.33381,0.232129,-41.845875,9532.490138,9531.368375184704
262.34381,0.231977,-41.844931,9532.071684,9533.699530436917
262.35381,0.23183,-41.843987,9531.653239,9533.321566956574
262.36381,0.231688,-41.843044,9531.234804,9531.049458747306
262.37381,0.23155,-41.842101,9530.816378,9531.38515257247
262.38381,0.231418,-41.841158,9530.397962,9532.29888781075
262.39381,0.23129,-41.840215,9529.979555,9532.644378461475
262.40381,0.231168,-41.839272,9529.561158,9530.09296849081
262.41381,0.23105,-41.83833,9529.14277,9531.36898659959
262.42381,0.230937,-41.837387,9528.724391,9530.511002150926
262.43381,0.230828,-41.836445,9528.306022,9528.466687905608
262.44381,0.230725,-41.835503,9527.887662,9528.620704581672
262.45381,0.230626,-41.834561,9527.469312,9528.657704779964
262.46381,0.230532,-41.83362,9527.050971,9528.654493014572
262.47381,0.230442,-41.832678,9526.63264,9528.60233906062
262.48381,0.230357,-41.831737,9526.214318,9529.087708494977
262.49381,0.230277,-41.830796,9525.796005,9528.485647230562
262.50381,0.230201,-41.829855,9525.377702,9524.16987236417
262.51381,0.23013,-41.828914,9524.959408,9526.339087123677
262.52381,0.230063,-41.827973,9524.541123,9524.82944480385
262.53381,0.230001,-41.827033,9524.122848,9524.279920598534
262.54381,0.229944,-41.826092,9523.704583,9523.927077851815
262.55381,0.22989,-41.825152,9523.286326,9524.030932371554
262.56381,0.229842,-41.824212,9522.86808,9528.351916213502
262.57381,0.229797,-41.823272,9522.449842,9524.684482335162
262.58381,0.229757,-41.822332,9522.031614,9522.925344368066
262.59381,0.229722,-41.821393,9521.613396,9520.938780599063
262.60381,0.22969,-41.820453,9521.195186,9521.735956304345
262.61381,0.229663,-41.819514,9520.776987,9523.469060741978
262.62381,0.229641,-41.818575,9520.358796,9521.511037150127
262.63381,0.229622,-41.817636,9519.940615,9522.336471218094
262.64381,0.229608,-41.816697,9519.522443,9517.574380313401
262.65381,0.229598,-41.815758,9519.104281,9518.889385332792
262.66381,0.229592,-41.81482,9518.686128,9520.104606696033
262.67381,0.22959,-41.813881,9518.267985,9521.077062702025
262.68381,0.229592,-41.812943,9517.849851,9518.266102171885
262.69381,0.229598,-41.812005,9517.431726,9516.353171751247
262.70381,0.229609,-41.811067,9517.01361,9518.382132703027
262.71381,0.229623,-41.810129,9516.595505,9518.771314273563
262.72381,0.229642,-41.809191,9516.177408,9520.080850482103
262.73381,0.229664,-41.808253,9515.759321,9516.470708738445
262.74381,0.22969,-41.807316,9515.341243,9515.761754694975
262.75381,0.22972,-41.806378,9514.923174,9515.43283784784
262.76381,0.229754,-41.805441,9514.505115,9513.907904083017
262.77381,0.229792,-41.804504,9514.087066,9513.639599217842
262.78381,0.229834,-41.803567,9513.669025,9512.197512389097
262.79381,0.22988,-41.80263,9513.250994,9513.801515945997
262.80381,0.229929,-41.801693,9512.832973,9511.89089935228
262.81381,0.229982,-41.800757,9512.41496,9512.7812511898
262.82381,0.230039,-41.79982,9511.996957,9512.757435335117
262.83381,0.230099,-41.798884,9511.578964,9508.13756574743
262.84381,0.230163,-41.797947,9511.16098,9513.013664089389
262.85381,0.230231,-41.797011,9510.743005,9511.56934864995
262.86381,0.230302,-41.796075,9510.32504,9510.336216124955
262.87381,0.230377,-41.795139,9509.907083,9511.309584632334
262.88381,0.230455,-41.794204,9509.489137,9509.001180420246
262.89381,0.230537,-41.793268,9509.071199,9509.58701418838
262.90381,0.230622,-41.792332,9508.653271,9509.651850329463
262.91381,0.230711,-41.791397,9508.235353,9508.10945163491
262.92381,0.230803,-41.790461,9507.817443,9508.036843301832
262.93381,0.230899,-41.789526,9507.399544,9510.195110730201
262.94381,0.230998,-41.788591,9506.981653,9508.466519853138
262.95381,0.2311,-41.787656,9506.563772,9506.993403031767
262.96381,0.231205,-41.786721,9506.1459,9506.48030413296
262.97381,0.231314,-41.785786,9505.728037,9507.273987870438
262.98381,0.231426,-41.784852,9505.310184,9507.275374133658
262.99381,0.231542,-41.783917,9504.89234,9506.063630792554
263.00381,0.23166,-41.782982,9504.474506,9504.738312682548
263.01381,0.231782,-41.782048,9504.056681,9505.861847212931
263.02381,0.231907,-41.781114,9503.638865,9500.767996145343
263.03381,0.232035,-41.78018,9503.221058,9505.969445065426
263.04381,0.232166,-41.779245,9502.803261,9504.461921381306
263.05381,0.2323,-41.778311,9502.385473,9503.539974209552
263.06381,0.232437,-41.777378,9501.967695,9503.918549755977
263.07381,0.232577,-41.776444,9501.549926,9501.075255452202
263.08381,0.23272,-41.77551,9501.132166,9501.080119764238
263.09381,0.232866,-41.774576,9500.714416,9503.903418117603
263.10381,0.233015,-41.773643,9500.296675,9499.962820544964
263.11381,0.233167,-41.77271,9499.878943,9501.904713832708
263.12381,0.233322,-41.771776,9499.46122,9501.11801853507
263.13381,0.233479,-41.770843,9499.043507,9499.097117157042
263.14381,0.233639,-41.76991,9498.625804,9500.136351057436
263.15381,0.233802,-41.768977,9498.208109,9498.005707294467
263.16381,0.233968,-41.768044,9497.790424,9499.115643765606
263.17381,0.234137,-41.767111,9497.372748,9496.9550464194
263.18381,0.234308,-41.766178,9496.955082,9497.637862415742
263.19381,0.234482,-41.765245,9496.537425,9497.796224807056
263.20381,0.234659,-41.764313,9496.119777,9495.634164654271
263.21381,0.234838,-41.76338,9495.702138,9494.09664124617
263.22381,0.23502,-41.762448,9495.284509,9496.513048084073
263.23381,0.235204,-41.761516,9494.866889,9495.48394532473
263.24381,0.235391,-41.760583,9494.449279,9494.387435339433
263.25381,0.23558,-41.759651,9494.031678,9496.235762287839
263.26381,0.235772,-41.758719,9493.614086,9492.946957646578
263.27381,0.235967,-41.757787,9493.196503,9493.772749312482
263.28381,0.236163,-41.756855,9492.77893,9491.435884008419
263.29381,0.236363,-41.755923,9492.361366,9492.63164413741
263.30381,0.236564,-41.754991,9491.943812,9495.91237060914
263.31381,0.236768,-41.75406,9491.526266,9490.635985589766
263.32381,0.236974,-41.753128,9491.108731,9492.75372431591
263.33381,0.237183,-41.752197,9490.691204,9490.718772827277
263.34381,0.237394,-41.751265,9490.273687,9491.399525902747
263.35381,0.237607,-41.750334,9489.856179,9493.58152636419
263.36381,0.237822,-41.749402,9489.43868,9489.202139498182
263.37381,0.23804,-41.748471,9489.021191,9491.770529501244
263.38381,0.23826,-41.74754,9488.60371,9489.056684001991
263.39381,0.238481,-41.746609,9488.18624,9489.793632958934
263.40381,0.238705,-41.745678,9487.768778,9490.468047119124
263.41381,0.238932,-41.744747,9487.351326,9488.848809947714
263.42381,0.23916,-41.743816,9486.933883,9484.113141937816
263.43381,0.23939,-41.742885,9486.51645,9484.672451596913
263.44381,0.239622,-41.741955,9486.099026,9486.240978101783
263.45381,0.239857,-41.741024,9485.681611,9485.447984308008
263.46381,0.240093,-41.740093,9485.264205,9487.104628718545
263.47381,0.240331,-41.739163,9484.846809,9485.147118039626
263.48381,0.240572,-41.738232,9484.429422,9483.953791127891
263.49381,0.240814,-41.737302,9484.012044,9485.918788862558
263.50381,0.241058,-41.736372,9483.594676,9485.493249129458
263.51381,0.241304,-41.735442,9483.177317,9483.316162084577
263.52381,0.241552,-41.734511,9482.759967,9484.213702871552
263.53381,0.241801,-41.733581,9482.342627,9483.005567183161
263.54381,0.242053,-41.732651,9481.925295,9482.256555937634
263.55381,0.242306,-41.731721,9481.507974,9486.436650983236
263.56381,0.242561,-41.730791,9481.090661,9484.244532424562
263.57381,0.242818,-41.729862,9480.673358,9480.331730912598
263.58381,0.243076,-41.728932,9480.256064,9479.491129907467
263.59381,0.243336,-41.728002,9479.838779,9480.021674228296
263.60381,0.243598,-41.727073,9479.421504,9478.229615083483
263.61381,0.243862,-41.726143,9479.004238,9481.243853490136
263.62381,0.244127,-41.725213,9478.586981,9481.19933438242
263.63381,0.244394,-41.724284,9478.169733,9480.07150800302
263.64381,0.244662,-41.723355,9477.752495,9478.11309606915
263.65381,0.244932,-41.722425,9477.335266,9479.55249313551
263.66381,0.245203,-41.721496,9476.918047,9478.485875722907
263.67381,0.245476,-41.720567,9476.500836,9478.703078028322
263.68381,0.245751,-41.719638,9476.083635,9478.947560986499
263.69381,0.246027,-41.718709,9475.666444,9477.66865836997
263.70381,0.246304,-41.71778,9475.249261,9476.320166502457
263.71381,0.246583,-41.716851,9474.832088,9476.247611807028
263.72381,0.246863,-41.715922,9474.414924,9477.648240658555
263.73381,0.247145,-41.714993,9473.99777,9472.831580307025
263.74381,0.247428,-41.714064,9473.580624,9474.92702016359
263.75381,0.247713,-41.713135,9473.163488,9472.821812107202
263.76381,0.247999,-41.712207,9472.746362,9473.1081336471
263.77381,0.248286,-41.711278,9472.329244,9472.165670514443
263.78381,0.248574,-41.71035,9471.912136,9472.222608947774
263.79381,0.248864,-41.709421,9471.495037,9471.294260330431
263.80381,0.249155,-41.708493,9471.077948,9469.677144064772
263.81381,0.249448,-41.707564,9470.660867,9470.908515681997
263.82381,0.249741,-41.706636,9470.243796,9469.749978157637
263.83381,0.250036,-41.705708,9469.826735,9473.283304048102
263.84381,0.250332,-41.704779,9469.409682,9470.562740322144
263.85381,0.250629,-41.703851,9468.992639,9468.15171937864
263.86381,0.250927,-41.702923,9468.575605,9468.15777840549
263.87381,0.251227,-41.701995,9468.158581,9469.368090557211
263.88381,0.251528,-41.701067,9467.741565,9469.17248748888
263.89381,0.251829,-41.700139,9467.324559,9468.67037353199
263.90381,0.252132,-41.699211,9466.907562,9467.785707637522
263.91381,0.252436,-41.698283,9466.490575,9465.109773819519
263.92381,0.252741,-41.697356,9466.073597,9466.619816244352
263.93381,0.253047,-41.696428,9465.656628,9469.270250539019
263.94381,0.253354,-41.6955,9465.239668,9464.014520289607
263.95381,0.253663,-41.694573,9464.822718,9465.98220693087
263.96381,0.253972,-41.693645,9464.405777,9465.299857566391
263.97381,0.254282,-41.692718,9463.988845,9465.262769142757
263.98381,0.254593,-41.69179,9463.571922,9464.245665242272
263.99381,0.254905,-41.690863,9463.155009,9465.452383519098
264.00381,0.255218,-41.689935,9462.738105,9463.724933717609
264.01381,0.255532,-41.689008,9462.32121,9462.576835367905
264.02381,0.255846,-41.688081,9461.904325,9463.260700189447
264.03381,0.256162,-41.687153,9461.487449,9460.405553509476
264.04381,0.256479,-41.686226,9461.070582,9460.658951719675
264.05381,0.256796,-41.685299,9460.653724,9460.387461806851
264.06381,0.257114,-41.684372,9460.236876,9461.503448607642
264.07381,0.257433,-41.683445,9459.820037,9457.591382981196
264.08381,0.257753,-41.682518,9459.403207,9460.059175963635
264.09381,0.258074,-41.681591,9458.986386,9459.536853107156
264.10381,0.258395,-41.680664,9458.569575,9460.102220118251
264.11381,0.258718,-41.679737,9458.152773,9456.746401357292
264.12381,0.259041,-41.678811,9457.73598,9459.716614078725
264.13381,0.259364,-41.677884,9457.319197,9457.007136431122
264.14381,0.259689,-41.676957,9456.902423,9458.530089622433
264.15381,0.260014,-41.676031,9456.485658,9455.07449787136
264.16381,0.26034,-41.675104,9456.068902,9457.119596707804
264.17381,0.260666,-41.674177,9455.652156,9455.209584515356
264.18381,0.260994,-41.673251,9455.235419,9456.172133191681
264.19381,0.261321,-41.672325,9454.818691,9455.34660630242
264.20381,0.26165,-41.671398,9454.401972,9455.378934454166
264.21381,0.261979,-41.670472,9453.985263,9454.730614779764
264.22381,0.262309,-41.669545,9453.568563,9456.000355768574
264.23381,0.262639,-41.668619,9453.151872,9453.542838562687
264.24381,0.26297,-41.667693,9452.73519,9450.887806281233
264.25381,0.263302,-41.666767,9452.318518,9452.075372891773
264.26381,0.263634,-41.665841,9451.901855,9452.604815080953
264.27381,0.263967,-41.664915,9451.485201,9454.080612412123
264.28381,0.2643,-41.663989,9451.068557,9452.95975899523
264.29381,0.264634,-41.663063,9450.651921,9452.040382771089
264.30381,0.264968,-41.662137,9450.235295,9451.166387736594
264.31381,0.265303,-41.661211,9449.818679,9450.086716602527
264.32381,0.265638,-41.660285,9449.402071,9450.639531069703
264.33381,0.265974,-41.659359,9448.985473,9450.431715341103
264.34381,0.266311,-41.658433,9448.568884,9447.699613033074
264.35381,0.266647,-41.657508,9448.152304,9448.051183015305
264.36381,0.266985,-41.656582,9447.735734,9448.650657842976
264.37381,0.267322,-41.655656,9447.319173,9446.504178014922
264.38381,0.267557,-41.654731,9446.902621,9446.669330070416
264.39381,0.267274,-41.653805,9446.486078,9446.798592593179
264.40381,0.266991,-41.65288,9446.069545,9445.09996699953
264.41381,0.26671,-41.651955,9445.65302,9444.404991189465
264.42381,0.26643,-41.65103,9445.236506,9446.27538749689
264.43381,0.266151,-41.650106,9444.82,9447.867004390666
264.44381,0.265873,-41.649181,9444.403503,9445.490546269455
264.45381,0.265596,-41.648257,9443.987016,9444.902272581518
264.46381,0.26532,-41.647333,9443.570538,9444.142031931126
264.47381,0.265046,-41.646409,9443.15407,9444.171931176836
264.48381,0.264772,-41.645486,9442.73761,9442.405276533404
264.49381,0.2645,-41.644563,9442.32116,9443.123566494985
264.50381,0.264228,-41.643639,9441.904719,9442.86252377846
264.51381,0.263958,-41.642717,9441.488287,9441.44150836697
264.52381,0.263689,-41.641794,9441.071865,9443.098345265933
264.53381,0.263421,-41.640871,9440.655451,9440.391323710579
264.54381,0.263154,-41.639949,9440.239047,9441.981073071429
264.55381,0.262888,-41.639027,9439.822652,9441.725222820744
264.56381,0.262623,-41.638105,9439.406267,9442.0202982594
264.57381,0.262359,-41.637183,9438.98989,9441.20901266026
264.58381,0.262096,-41.636262,9438.573523,9439.322708738073
264.59381,0.261834,-41.63534,9438.157165,9439.851069558243
264.60381,0.261574,-41.634419,9437.740816,9436.832758513447
264.61381,0.261314,-41.633498,9437.324477,9439.44373592804
264.62381,0.261056,-41.632577,9436.908146,9437.996351492293
264.63381,0.260798,-41.631657,9436.491825,9437.855159673476
264.64381,0.260542,-41.630737,9436.075513,9436.612131981734
264.65381,0.260286,-41.629816,9435.65921,9439.5897231899
264.66381,0.260032,-41.628896,9435.242917,9437.958560711038
264.67381,0.259778,-41.627977,9434.826632,9435.711475490327
264.68381,0.259526,-41.627057,9434.410357,9437.196471664345
264.69381,0.259275,-41.626138,9433.994091,9439.272921474356
264.70381,0.259024,-41.625218,9433.577834,9433.237191422626
264.71381,0.258775,-41.624299,9433.161587,9435.465274285314
264.72381,0.258531,-41.62338,9432.745348,9433.028338596356
264.73381,0.258292,-41.622461,9432.329119,9434.90489999324
264.74381,0.258053,-41.621543,9431.912899,9431.813610814675
264.75381,0.257815,-41.620624,9431.496688,9432.928255525885
264.76381,0.257578,-41.619705,9431.080487,9430.84189910132
264.77381,0.257342,-41.618786,9430.664294,9430.834823074067
264.78381,0.257108,-41.617867,9430.248111,9432.829990965185
264.79381,0.256874,-41.616948,9429.831937,9428.19670535429
264.80381,0.256641,-41.616029,9429.415772,9432.67117496073
264.81381,0.256409,-41.61511,9428.999616,9430.615675311361
264.82381,0.256178,-41.614191,9428.58347,9428.215233534149
264.83381,0.255948,-41.613272,9428.167333,9428.12797889506
264.84381,0.255719,-41.612353,9427.751204,9428.943405919184
264.85381,0.255491,-41.611434,9427.335085,9428.600588886253
264.86381,0.255264,-41.610514,9426.918976,9425.425676787352
264.87381,0.255037,-41.609595,9426.502875,9426.297658997488
264.88381,0.254812,-41.608676,9426.086784,9426.070755957657
264.89381,0.254588,-41.607757,9425.670702,9424.996814667576
264.90381,0.254364,-41.606838,9425.254629,9425.277417308629
264.91381,0.254142,-41.605919,9424.838565,9425.524699955493
264.92381,0.25392,-41.605,9424.42251,9425.349395314282
264.93381,0.2537,-41.60408,9424.006465,9426.644948721849
264.94381,0.25348,-41.603161,9423.590429,9423.399187472816
264.95381,0.253261,-41.602242,9423.174402,9425.843743365598
264.96381,0.253044,-41.601323,9422.758384,9423.464239903775
264.97381,0.252827,-41.600404,9422.342375,9422.900650901707
264.98381,0.252611,-41.599484,9421.926376,9421.477442652547
264.99381,0.252396,-41.598565,9421.510386,9423.734655514076
265.00381,0.252182,-41.597646,9421.094404,9422.203892377956
265.01381,0.251968,-41.596727,9420.678433,9421.619724266573
265.02381,0.251756,-41.595807,9420.26247,9423.515086317375
265.03381,0.251544,-41.594888,9419.846516,9419.275058752679
265.04381,0.251334,-41.593969,9419.430572,9420.520086609238
265.05381,0.251124,-41.593049,9419.014637,9420.370972955106
265.06381,0.250915,-41.59213,9418.598711,9419.118520386663
265.07381,0.250708,-41.591211,9418.182794,9418.419419283262
265.08381,0.250501,-41.590291,9417.766887,9419.320563023206
265.09381,0.250294,-41.589372,9417.350989,9416.509014757594
265.10381,0.250089,-41.588453,9416.9351,9417.309540793254
265.11381,0.249885,-41.587533,9416.51922,9414.231804009629
265.12381,0.249681,-41.586614,9416.103349,9419.784876745509
265.13381,0.249479,-41.585695,9415.687487,9416.201573630346
265.14381,0.249277,-41.584775,9415.271635,9417.246469806807
265.15381,0.249076,-41.583856,9414.855792,9417.652613420807
265.16381,0.248876,-41.582936,9414.439958,9415.364978870222
265.17381,0.248677,-41.582017,9414.024133,9415.191576210487
265.18381,0.248479,-41.581097,9413.608318,9414.529299335634
265.19381,0.248281,-41.580178,9413.192511,9412.38287780103
265.20381,0.248085,-41.579259,9412.776714,9414.681020897859
265.21381,0.247889,-41.578339,9412.360926,9414.384784122925
265.22381,0.247694,-41.57742,9411.945147,9412.16340926023
265.23381,0.2475,-41.5765,9411.529378,9410.678743411618
265.24381,0.247307,-41.575581,9411.113617,9410.093197272385
265.25381,0.247114,-41.574661,9410.697866,9412.125260015328
265.26381,0.246923,-41.573742,9410.282124,9411.414836149224
265.27381,0.246732,-41.572822,9409.866391,9413.171773893431
265.28381,0.246542,-41.571903,9409.450668,9412.084247228207
265.29381,0.246353,-41.570983,9409.034953,9411.826241612649
265.30381,0.246165,-41.570063,9408.619248,9408.409897456464
265.31381,0.245978,-41.569144,9408.203552,9410.774408901809
265.32381,0.245791,-41.568224,9407.787865,9410.836780830512
265.33381,0.245605,-41.567305,9407.372187,9407.374145270898
265.34381,0.24542,-41.566385,9406.956519,9406.17330127406
265.35381,0.245236,-41.565466,9406.54086,9407.745974648902
265.36381,0.245053,-41.564546,9406.12521,9408.3184880859
265.37381,0.24487,-41.563627,9405.709569,9405.537007101462
265.38381,0.244688,-41.562707,9405.293937,9406.400830401986
265.39381,0.244507,-41.561787,9404.878315,9404.611410500287
265.40381,0.244327,-41.560868,9404.462701,9405.472054452606
265.41381,0.244148,-41.559948,9404.047097,9405.391052651958
265.42381,0.243969,-41.559029,9403.631502,9405.164585193485
265.43381,0.243792,-41.558109,9403.215917,9405.81212007352
265.44381,0.243615,-41.557189,9402.80034,9403.829940303925
265.45381,0.243438,-41.55627,9402.384773,9402.280781612213
265.46381,0.243263,-41.55535,9401.969215,9403.78235432844
265.47381,0.243088,-41.55443,9401.553666,9402.079121152192
265.48381,0.242914,-41.553511,9401.138126,9401.267699076447
265.49381,0.242741,-41.552591,9400.722596,9401.209622874398
265.50381,0.242569,-41.551672,9400.307074,9401.02434028644
265.51381,0.242397,-41.550752,9399.891562,9403.003022434845
265.52381,0.242227,-41.549832,9399.476059,9399.967632286065
265.53381,0.242056,-41.548913,9399.060566,9400.536659760846
265.54381,0.241887,-41.547993,9398.645081,9398.746784118808
265.55381,0.241719,-41.547073,9398.229606,9397.27461319027
265.56381,0.241551,-41.546154,9397.81414,9400.75086484812
265.57381,0.241384,-41.545234,9397.398683,9399.577676938046
265.58381,0.241217,-41.544314,9396.983235,9394.317468842839
265.59381,0.241052,-41.543395,9396.567796,9399.954376198195
265.60381,0.240887,-41.542475,9396.152367,9397.904729047816
265.61381,0.240723,-41.541555,9395.736947,9393.718387074096
265.62381,0.24056,-41.540636,9395.321536,9396.204382497124
265.63381,0.240397,-41.539716,9394.906134,9395.958276853817
265.64381,0.240235,-41.538796,9394.490742,9396.71581828615
265.65381,0.240074,-41.537877,9394.075358,9394.800290836169
265.66381,0.239914,-41.536957,9393.659984,9394.514918263896
265.67381,0.239754,-41.536037,9393.244619,9392.064874671682
265.68381,0.239595,-41.535118,9392.829263,9394.22886355548
265.69381,0.239437,-41.534198,9392.413917,9394.768779651593
265.70381,0.239279,-41.533278,9391.998579,9392.51278670256
265.71381,0.239122,-41.532359,9391.583251,9392.411378349798
265.72381,0.238966,-41.531439,9391.167932,9392.961612594876
265.73381,0.238811,-41.530519,9390.752622,9391.208416357418
265.74381,0.238656,-41.5296,9390.337322,9392.581325296826
265.75381,0.238502,-41.52868,9389.92203,9390.490625854549
265.76381,0.238349,-41.52776,9389.506748,9388.493468353412
265.77381,0.238196,-41.526841,9389.091475,9391.231698641323
265.78381,0.238044,-41.525921,9388.676211,9388.160570646703
265.79381,0.237893,-41.525001,9388.260957,9389.56992019155
265.80381,0.237743,-41.524082,9387.845711,9390.466073390717
265.81381,0.237593,-41.523162,9387.430475,9387.539804846487
265.82381,0.237444,-41.522242,9387.015248,9386.130727713766
265.83381,0.237295,-41.521323,9386.60003,9386.187616187372
265.84381,0.237147,-41.520403,9386.184822,9386.089404034228
265.85381,0.237,-41.519483,9385.769622,9386.850497626232
265.86381,0.236854,-41.518564,9385.354432,9387.11436582952
265.87381,0.236708,-41.517644,9384.939251,9383.73847550593
265.88381,0.236563,-41.516724,9384.524079,9385.322157950503
265.89381,0.236419,-41.515805,9384.108916,9384.455419433772
265.90381,0.236275,-41.514885,9383.693763,9384.13958763889
265.91381,0.236132,-41.513965,9383.278619,9387.721240715306
265.92381,0.235989,-41.513046,9382.863484,9384.96897436186
265.93381,0.235848,-41.512126,9382.448358,9383.576711956544
265.94381,0.235706,-41.511206,9382.033241,9382.690150654546
265.95381,0.235566,-41.510287,9381.618134,9381.933871984413
265.96381,0.235426,-41.509367,9381.203035,9382.549470135747
265.97381,0.235287,-41.508447,9380.787946,9383.63767830914
265.98381,0.235148,-41.507528,9380.372866,9378.599593727702
265.99381,0.235011,-41.506608,9379.957796,9380.606973192387
266.00381,0.234873,-41.505689,9379.542734,9378.898446814315
266.01381,0.234737,-41.504769,9379.127682,9377.929023718965
266.02381,0.234601,-41.503849,9378.712639,9379.925599287924
266.03381,0.234465,-41.50293,9378.297605,9379.654888278908
266.04381,0.234331,-41.50201,9377.88258,9379.716540012703
266.05381,0.234197,-41.501091,9377.467565,9376.466579282036
266.06381,0.234063,-41.500171,9377.052559,9378.00986719248
266.07381,0.23393,-41.499252,9376.637561,9379.52392202516
266.08381,0.233798,-41.498332,9376.222573,9375.18544008306
266.09381,0.233667,-41.497412,9375.807595,9374.475366707182
266.10381,0.233536,-41.496493,9375.392625,9374.702869569353
266.11381,0.233405,-41.495573,9374.977665,9377.069033593129
266.12381,0.233276,-41.494654,9374.562714,9374.01773943799
266.13381,0.233147,-41.493734,9374.147772,9375.72017503045
266.14381,0.233018,-41.492815,9373.732839,9373.215985320401
266.15381,0.23289,-41.491895,9373.317916,9371.336606123295
266.16381,0.232763,-41.490976,9372.903001,9374.618556170806
266.17381,0.232636,-41.490056,9372.488096,9371.798248283707
266.18381,0.23251,-41.489137,9372.0732,9370.013888276872
266.19381,0.232384,-41.488217,9371.658313,9371.642461526926
266.20381,0.23226,-41.487298,9371.243436,9371.6234035707
266.21381,0.232135,-41.486378,9370.828567,9371.940415766212
266.22381,0.232011,-41.485459,9370.413708,9370.25761649616
266.23381,0.231888,-41.48454,9369.998858,9371.409831325154
266.24381,0.231766,-41.48362,9369.584017,9368.680678254792
266.25381,0.231644,-41.482701,9369.169186,9370.435181838622
266.26381,0.231522,-41.481781,9368.754363,9370.498944183953
266.27381,0.231401,-41.480862,9368.33955,9367.971133000221
266.28381,0.231281,-41.479942,9367.924746,9366.847653356086
266.29381,0.231162,-41.479023,9367.509951,9368.603062362548
266.30381,0.231042,-41.478104,9367.095166,9366.469595911449
266.31381,0.230924,-41.477184,9366.680389,9367.598388096552
266.32381,0.230806,-41.476265,9366.265622,9368.909054725053
266.33381,0.230689,-41.475346,9365.850864,9368.555726698623
266.34381,0.230572,-41.474426,9365.436115,9362.548102699466
266.35381,0.230455,-41.473507,9365.021375,9366.104739981074
266.36381,0.23034,-41.472588,9364.606645,9365.465255795318
266.37381,0.230224,-41.471668,9364.191924,9362.040540368458
266.38381,0.23011,-41.470749,9363.777212,9363.17366494156
266.39381,0.229996,-41.46983,9363.362509,9360.519027378583
266.40381,0.229882,-41.468911,9362.947815,9363.559022305839
266.41381,0.229769,-41.467991,9362.53313,9364.395469080375
266.42381,0.229657,-41.467072,9362.118455,9362.819155558365
266.43381,0.229545,-41.466153,9361.703789,9360.707845148387
266.44381,0.229434,-41.465234,9361.289132,9362.71161145085
266.45381,0.229323,-41.464314,9360.874484,9359.406277275377
266.46381,0.229213,-41.463395,9360.459846,9360.832222108233
266.47381,0.229103,-41.462476,9360.045216,9360.759217926601
266.48381,0.228994,-41.461557,9359.630596,9359.790281142345
266.49381,0.228885,-41.460638,9359.215985,9361.375553258056
266.50381,0.228777,-41.459719,9358.801383,9359.878830434685
266.51381,0.228669,-41.4588,9358.386791,9359.342241295226
266.52381,0.228562,-41.45788,9357.972207,9359.302036935129
266.53381,0.228455,-41.456961,9357.557633,9359.355777205343
266.54381,0.228349,-41.456042,9357.143068,9355.830894816087
266.55381,0.228244,-41.455123,9356.728512,9357.443965173008
266.56381,0.228139,-41.454204,9356.313966,9357.062430600998
266.57381,0.228034,-41.453285,9355.899428,9356.140932463439
266.58381,0.22793,-41.452366,9355.4849,9356.162325592586
266.59381,0.227827,-41.451447,9355.070381,9355.380586685673
266.60381,0.227724,-41.450528,9354.655871,9354.51376926011
266.61381,0.227621,-41.449609,9354.24137,9352.94654454053
266.62381,0.227519,-41.44869,9353.826879,9353.574644250732
266.63381,0.227418,-41.447771,9353.412397,9349.937601695832
266.64381,0.227317,-41.446852,9352.997924,9353.98921082533
266.65381,0.227216,-41.445933,9352.58346,9354.494874746735
266.66381,0.227116,-41.445015,9352.169005,9355.047251589453
266.67381,0.227017,-41.444096,9351.754559,9350.862683876694
266.68381,0.226918,-41.443177,9351.340123,9353.693057085135
266.69381,0.226819,-41.442258,9350.925696,9348.29025209279
266.70381,0.226721,-41.441339,9350.511278,9351.825435512112
266.71381,0.226624,-41.44042,9350.096869,9348.898628257535
266.72381,0.226526,-41.439502,9349.682469,9350.716399554365
266.73381,0.22643,-41.438583,9349.268079,9350.331048351969
266.74381,0.226334,-41.437664,9348.853698,9348.344828035728
266.75381,0.226238,-41.436745,9348.439326,9351.563530879062
266.76381,0.226143,-41.435827,9348.024963,9346.285842119622
266.77381,0.226048,-41.434908,9347.610609,9349.985365489223
266.78381,0.225954,-41.433989,9347.196265,9346.760508756755
266.79381,0.22586,-41.433071,9346.781929,9346.373478897216
266.80381,0.225767,-41.432152,9346.367603,9346.092750711856
266.81381,0.225674,-41.431233,9345.953286,9345.161283975365
266.82381,0.225582,-41.430315,9345.538979,9347.261188861248
266.83381,0.22549,-41.429396,9345.12468,9347.701638682493
266.84381,0.225398,-41.428478,9344.710391,9345.905539280939
266.85381,0.225307,-41.427559,9344.29611,9346.10316205162
266.86381,0.225217,-41.426641,9343.881839,9347.326135144098
266.87381,0.225127,-41.425722,9343.467578,9345.523325644193
266.88381,0.225037,-41.424804,9343.053325,9344.52777741879
266.89381,0.224948,-41.423885,9342.639082,9344.715803775103
266.90381,0.224859,-41.422967,9342.224847,9339.15129996553
266.91381,0.224771,-41.422048,9341.810622,9344.275995963695
266.92381,0.224683,-41.42113,9341.396406,9341.313476337355
266.93381,0.224596,-41.420211,9340.9822,9340.81874197631
266.94381,0.224509,-41.419293,9340.568002,9341.062862602956
266.95381,0.224422,-41.418375,9340.153814,9340.610793033416
266.96381,0.224336,-41.417456,9339.739635,9344.729169518969
266.97381,0.22425,-41.416538,9339.325465,9340.265903221523
266.98381,0.224165,-41.41562,9338.911304,9339.096511886477
266.99381,0.22408,-41.414702,9338.497152,9338.355662852122
267.00381,0.223996,-41.413783,9338.08301,9339.197128398959
267.01381,0.223912,-41.412865,9337.668877,9337.334115461916
267.02381,0.223828,-41.411947,9337.254753,9339.717604092417
267.03381,0.223745,-41.411029,9336.840638,9336.495141938703
267.04381,0.223663,-41.410111,9336.426532,9339.58963569763
267.05381,0.22358,-41.409193,9336.012435,9335.277170037747
267.06381,0.223397,-41.408275,9335.598348,9336.470805070283
267.07381,0.222409,-41.407357,9335.18427,9337.834518614016
267.08381,0.221425,-41.406439,9334.770201,9332.386405443362
267.09381,0.220445,-41.405521,9334.356141,9334.270427294312
267.10381,0.219469,-41.404604,9333.942091,9334.573642966423
267.11381,0.218496,-41.403687,9333.528049,9332.772260925169
267.12381,0.217528,-41.40277,9333.114017,9331.205908217982
267.13381,0.216563,-41.401854,9332.699994,9329.877000701836
267.14381,0.215602,-41.400937,9332.28598,9332.213028094515
267.15381,0.214646,-41.400021,9331.871975,9331.309925122372
267.16381,0.213693,-41.399105,9331.457979,9330.276688987788
267.17381,0.212744,-41.398189,9331.043993,9331.478250052647
267.18381,0.211799,-41.397274,9330.630016,9331.547514369722
267.19381,0.210858,-41.396358,9330.216047,9332.344048117433
267.20381,0.209921,-41.395443,9329.802088,9332.569808846521
267.21381,0.208987,-41.394528,9329.388139,9328.752440154363
267.22381,0.208058,-41.393613,9328.974198,9333.348427563604
267.23381,0.207133,-41.392699,9328.560266,9328.169150454076
267.24381,0.206212,-41.391784,9328.146344,9328.11672626988
267.25381,0.205294,-41.39087,9327.732431,9325.595198285655
267.26381,0.204381,-41.389956,9327.318526,9329.392833225931
267.27381,0.203472,-41.389042,9326.904631,9328.452354404066
267.28381,0.202566,-41.388129,9326.490746,9324.80750480765
267.29381,0.201665,-41.387215,9326.076869,9326.17837290331
267.30381,0.200768,-41.386302,9325.663001,9323.966745378146
267.31381,0.199875,-41.385389,9325.249143,9326.049627856251
267.32381,0.198986,-41.384476,9324.835294,9326.961070793757
267.33381,0.1981,-41.383563,9324.421453,9326.775147113696
267.34381,0.197219,-41.38265,9324.007622,9324.935394997041
267.35381,0.196342,-41.381738,9323.5938,9323.81307443372
267.36381,0.195469,-41.380825,9323.179987,9325.17331190636
267.37381,0.1946,-41.379913,9322.766184,9323.776160560772
267.38381,0.193736,-41.379001,9322.352389,9324.889456257552
267.39381,0.192875,-41.37809,9321.938604,9323.56652717866
267.40381,0.192014,-41.377178,9321.524827,9322.920019202456
267.41381,0.191158,-41.376267,9321.11106,9319.747510373425
267.42381,0.190307,-41.375355,9320.697302,9321.2787243955
267.43381,0.189459,-41.374444,9320.283553,9321.278422336887
267.44381,0.188615,-41.373534,9319.869813,9320.563162806733
267.45381,0.187776,-41.372623,9319.456082,9319.806630467287
267.46381,0.18694,-41.371713,9319.042361,9319.992856746978
267.47381,0.186109,-41.370803,9318.628648,9320.577120285945
267.48381,0.185282,-41.369893,9318.214945,9320.708804750087
267.49381,0.18446,-41.368983,9317.80125,9318.805982219745
267.50381,0.183641,-41.368074,9317.387565,9318.384615456716
267.51381,0.182827,-41.367165,9316.973889,9315.144822784556
267.52381,0.182017,-41.366256,9316.560222,9317.424619255557
267.53381,0.181211,-41.365347,9316.146564,9318.245556482569
267.54381,0.180409,-41.364438,9315.732915,9315.411634271071
267.55381,0.179612,-41.36353,9315.319275,9318.316104597863
267.56381,0.178819,-41.362622,9314.905644,9312.661774824797
267.57381,0.17803,-41.361713,9314.492023,9316.664659042808
267.58381,0.177245,-41.360806,9314.07841,9314.987604936881
267.59381,0.176465,-41.359898,9313.664806,9316.49335205151
267.60381,0.175689,-41.35899,9313.251212,9315.18608803054
267.61381,0.174918,-41.358083,9312.837627,9313.74717816296
267.62381,0.174151,-41.357176,9312.42405,9312.256708326477
267.63381,0.173388,-41.356269,9312.010483,9315.260868662908
267.64381,0.172629,-41.355362,9311.596925,9312.100743441331
267.65381,0.171875,-41.354456,9311.183376,9312.00317530463
267.66381,0.171125,-41.353549,9310.769836,9311.45615361891
267.67381,0.17038,-41.352643,9310.356305,9310.000137715302
267.68381,0.169639,-41.351737,9309.942783,9307.927821442494
267.69381,0.168903,-41.350831,9309.52927,9308.55605217505
267.70381,0.168171,-41.349926,9309.115766,9313.510156449862
267.71381,0.167443,-41.34902,9308.702272,9310.215135621702
267.72381,0.16672,-41.348115,9308.288786,9305.88526441008
267.73381,0.166002,-41.347209,9307.875309,9305.473769853652
267.74381,0.165287,-41.346304,9307.461842,9307.658345886503
267.75381,0.164578,-41.3454,9307.048383,9308.632886177107
267.76381,0.163873,-41.344495,9306.634934,9308.248805627143
267.77381,0.163172,-41.34359,9306.221493,9308.656902855288
267.78381,0.162476,-41.342686,9305.808062,9305.061595577088
267.79381,0.161785,-41.341782,9305.39464,9303.86512307441
267.80381,0.161098,-41.340878,9304.981226,9306.441202938238
267.81381,0.160416,-41.339974,9304.567822,9307.037852206944
267.82381,0.159738,-41.33907,9304.154427,9303.629016209487
267.83381,0.159065,-41.338166,9303.741041,9305.52108885168
267.84381,0.158397,-41.337263,9303.327663,9305.567550372052
267.85381,0.157734,-41.336359,9302.914295,9300.72614878008
267.86381,0.157075,-41.335456,9302.500936,9302.897048382201
267.87381,0.15642,-41.334553,9302.087586,9301.862381831761
267.88381,0.155771,-41.33365,9301.674245,9304.161277671117
267.89381,0.155126,-41.332747,9301.260913,9300.86774046382
267.90381,0.154486,-41.331845,9300.84759,9299.625175159847
267.91381,0.15385,-41.330942,9300.434276,9297.113711807184
267.92381,0.15322,-41.33004,9300.020971,9300.77903762571
267.93381,0.152594,-41.329137,9299.607676,9301.332445946442
267.94381,0.151973,-41.328235,9299.194389,9300.694533821043
267.95381,0.151357,-41.327333,9298.781111,9299.975113228202
267.96381,0.150745,-41.326431,9298.367842,9295.793681920324
267.97381,0.150139,-41.32553,9297.954582,9298.459931375839
267.98381,0.149537,-41.324628,9297.541331,9298.425197987046
267.99381,0.14894,-41.323727,9297.12809,9297.319270789796
268.00381,0.148348,-41.322825,9296.714857,9298.831658054682
268.01381,0.147761,-41.321924,9296.301633,9297.345308918084
268.02381,0.147179,-41.321023,9295.888418,9297.653164543708
268.03381,0.146601,-41.320122,9295.475213,9295.551555265898
268.04381,0.146029,-41.319221,9295.062016,9295.578204188896
268.05381,0.145462,-41.31832,9294.648828,9295.648035633418
268.06381,0.144899,-41.31742,9294.23565,9296.462166103543
268.07381,0.144342,-41.316519,9293.82248,9296.346081830674
268.08381,0.14379,-41.315619,9293.409319,9294.425874436221
268.09381,0.143242,-41.314718,9292.996168,9292.441983495444
268.10381,0.1427,-41.313818,9292.583025,9292.54528714447
268.11381,0.142163,-41.312918,9292.169891,9294.324489111737
268.12381,0.14163,-41.312018,9291.756766,9292.344939043407
268.13381,0.141103,-41.311118,9291.343651,9292.641536725074
268.14381,0.140581,-41.310219,9290.930544,9290.632000326095
268.15381,0.140064,-41.309319,9290.517446,9290.996766978027
268.16381,0.139552,-41.308419,9290.104358,9292.069456501316
268.17381,0.139046,-41.30752,9289.691278,9290.83594152816
268.18381,0.138544,-41.306621,9289.278207,9288.186719131287
268.19381,0.138048,-41.305721,9288.865146,9290.84390962686
268.20381,0.137556,-41.304822,9288.452093,9290.279640514613
268.21381,0.13707,-41.303923,9288.039049,9288.56540732682
268.22381,0.136589,-41.303024,9287.626014,9287.194561834423
268.23381,0.136114,-41.302126,9287.212989,9287.168895646091
268.24381,0.135643,-41.301227,9286.799972,9286.348807506998
268.25381,0.135178,-41.300328,9286.386964,9284.76199999114
268.26381,0.134718,-41.29943,9285.973965,9287.704742410882
268.27381,0.134263,-41.298531,9285.560976,9284.757340719296
268.28381,0.133814,-41.297633,9285.147995,9286.823576313258
268.29381,0.13337,-41.296734,9284.735023,9284.533217361819
268.30381,0.132931,-41.295836,9284.32206,9287.62998598967
268.31381,0.132497,-41.294938,9283.909106,9284.807441896432
268.32381,0.132069,-41.29404,9283.496161,9285.230558216444
268.33381,0.131646,-41.293142,9283.083225,9284.449058933737
268.34381,0.131228,-41.292244,9282.670298,9284.254879908676
268.35381,0.130816,-41.291347,9282.25738,9280.16411915279
268.36381,0.130409,-41.290449,9281.844471,9282.792169307191
268.37381,0.130008,-41.289551,9281.431571,9281.032357389255
268.38381,0.129611,-41.288654,9281.01868,9279.856322472142
268.39381,0.129221,-41.287756,9280.605798,9280.795321404976
268.40381,0.128835,-41.286859,9280.192925,9281.712253465013
268.41381,0.128455,-41.285962,9279.780061,9280.61259115385
268.42381,0.128081,-41.285065,9279.367206,9281.810665498599
268.43381,0.127711,-41.284168,9278.95436,9281.381670292118
268.44381,0.127348,-41.283271,9278.541523,9276.612690503098
268.45381,0.126989,-41.282374,9278.128695,9277.425983609435
268.46381,0.126636,-41.281477,9277.715875,9278.09596550975
268.47381,0.126289,-41.28058,9277.303065,9276.361524579628
268.48381,0.125947,-41.279683,9276.890264,9276.237839260584
268.49381,0.12561,-41.278786,9276.477471,9278.536951682821
268.50381,0.125279,-41.27789,9276.064688,9276.55697566181
268.51381,0.124953,-41.276993,9275.651914,9275.195953038961
268.52381,0.124633,-41.276097,9275.239148,9273.904926475758
268.53381,0.124318,-41.275201,9274.826392,9272.77687417104
268.54381,0.124008,-41.274304,9274.413644,9274.765714298135
268.55381,0.123704,-41.273408,9274.000906,9276.288027524375
268.56381,0.123406,-41.272512,9273.588176,9271.431440733182
268.57381,0.123113,-41.271616,9273.175455,9274.875487899335
268.58381,0.122825,-41.27072,9272.762744,9276.710218559227
268.59381,0.122543,-41.269824,9272.350041,9274.313762993688
268.60381,0.122266,-41.268928,9271.937347,9272.530344542249
268.61381,0.121995,-41.268032,9271.524662,9272.26778257073
268.62381,0.121729,-41.267136,9271.111986,9272.147623580326
268.63381,0.121469,-41.266241,9270.69932,9273.244360380986
268.64381,0.121214,-41.265345,9270.286662,9268.195224379266
268.65381,0.120965,-41.264449,9269.874013,9272.01997081267
268.66381,0.120721,-41.263554,9269.461373,9269.819764598731
268.67381,0.120482,-41.262658,9269.048742,9271.381357355142
268.68381,0.120249,-41.261763,9268.63612,9270.048712339183
268.69381,0.120021,-41.260868,9268.223506,9266.895770794492
268.70381,0.119799,-41.259972,9267.810902,9264.88529637794
268.71381,0.119582,-41.259077,9267.398307,9264.469773126117
268.72381,0.11937,-41.258182,9266.985721,9268.026308495118
268.73381,0.119164,-41.257287,9266.573143,9269.69604658284
268.74381,0.118963,-41.256392,9266.160575,9268.504493315877
268.75381,0.118768,-41.255497,9265.748015,9267.839528743296
268.76381,0.118578,-41.254602,9265.335465,9264.160097948212
268.77381,0.118393,-41.253707,9264.922923,9264.320538657379
268.78381,0.118214,-41.252812,9264.510391,9264.273824280865
268.79381,0.11804,-41.251917,9264.097867,9262.896761988155
268.80381,0.117871,-41.251022,9263.685352,9265.811227103011
268.81381,0.117708,-41.250128,9263.272847,9263.179001046392
268.82381,0.11755,-41.249233,9262.86035,9263.282180584967
268.83381,0.117397,-41.248338,9262.447862,9261.162513207042
268.84381,0.117249,-41.247444,9262.035383,9261.626129245411
268.85381,0.117107,-41.246549,9261.622913,9261.058450313132
268.86381,0.116969,-41.245655,9261.210452,9260.16668785154
268.87381,0.116837,-41.244761,9260.798,9260.900489548496
268.88381,0.116711,-41.243866,9260.385557,9261.077871411122
268.89381,0.116589,-41.242972,9259.973123,9259.867429271888
268.90381,0.116473,-41.242078,9259.560698,9259.160656648384
268.91381,0.116361,-41.241183,9259.148281,9259.872867562704
268.92381,0.116255,-41.240289,9258.735874,9259.772254622352
268.93381,0.116154,-41.239395,9258.323475,9257.544359839378
268.94381,0.116058,-41.238501,9257.911086,9259.128979280955
268.95381,0.115967,-41.237607,9257.498705,9256.641445159621
268.96381,0.115881,-41.236713,9257.086334,9255.901950173307
268.97381,0.1158,-41.235819,9256.673971,9259.457343795386
268.98381,0.115724,-41.234925,9256.261617,9259.794453419305
268.99381,0.115653,-41.234031,9255.849273,9256.27339374349
269.00381,0.115586,-41.233138,9255.436937,9257.50026403854
269.01381,0.115525,-41.232244,9255.02461,9258.33520986608
269.02381,0.115469,-41.23135,9254.612292,9254.65208668913
269.03381,0.115417,-41.230456,9254.199983,9256.782216111102
269.04381,0.115371,-41.229563,9253.787683,9254.74589956502
269.05381,0.115329,-41.228669,9253.375392,9254.531025715525
269.06381,0.115292,-41.227776,9252.963109,9253.63086657445
269.07381,0.115259,-41.226882,9252.550836,9252.35124035111
269.08381,0.115232,-41.225989,9252.138572,9250.790701316148
269.09381,0.115209,-41.225095,9251.726316,9254.837295068139
269.10381,0.11519,-41.224202,9251.31407,9254.378997851847
269.11381,0.115177,-41.223308,9250.901832,9251.042161801337
269.12381,0.115168,-41.222415,9250.489604,9252.515207181932
269.13381,0.115163,-41.221522,9250.077384,9249.481203420492
269.14381,0.115163,-41.220628,9249.665173,9248.04810292018
269.15381,0.115168,-41.219735,9249.252971,9250.53901132531
269.16381,0.115177,-41.218842,9248.840779,9247.894115027571
269.17381,0.11519,-41.217949,9248.428595,9251.03591693911
269.18381,0.115208,-41.217056,9248.01642,9248.863319031994
269.19381,0.11523,-41.216163,9247.604254,9246.384737893226
269.20381,0.115257,-41.21527,9247.192096,9245.72909028756
269.21381,0.115288,-41.214377,9246.779948,9248.63759375392
269.22381,0.115323,-41.213484,9246.367809,9249.67407822895
269.23381,0.115362,-41.212591,9245.955678,9247.301940222778
269.24381,0.115406,-41.211698,9245.543557,9248.349854656431
269.25381,0.115454,-41.210805,9245.131444,9248.180696779977
269.26381,0.115506,-41.209912,9244.719341,9244.538370041124
269.27381,0.115562,-41.209019,9244.307246,9242.414006072837
269.28381,0.115622,-41.208126,9243.895161,9245.7754409123
269.29381,0.115686,-41.207234,9243.483084,9244.868407675292
269.30381,0.115755,-41.206341,9243.071016,9244.496403079655
269.31381,0.115827,-41.205448,9242.658957,9242.213212527826
269.32381,0.115903,-41.204556,9242.246907,9242.554614923334
269.33381,0.115983,-41.203663,9241.834866,9241.072911702382
269.34381,0.116067,-41.20277,9241.422834,9242.627070011595
269.35381,0.116155,-41.201878,9241.01081,9241.374185748016
269.36381,0.116246,-41.200985,9240.598796,9242.453002552567
269.37381,0.116341,-41.200093,9240.186791,9239.362639298535
269.38381,0.11644,-41.1992,9239.774794,9242.386565857722
269.39381,0.116543,-41.198308,9239.362807,9241.137349686976
269.40381,0.116649,-41.197416,9238.950828,9239.017725923459
269.41381,0.116759,-41.196523,9238.538858,9237.702059578527
269.42381,0.116873,-41.195631,9238.126898,9238.12592578819
269.43381,0.11699,-41.194739,9237.714946,9237.266331736719
269.44381,0.11711,-41.193846,9237.303003,9237.276956994869
269.45381,0.117234,-41.192954,9236.891069,9240.08518574952
269.46381,0.117362,-41.192062,9236.479144,9237.657827683612
269.47381,0.117492,-41.19117,9236.067228,9238.394723896352
269.48381,0.117627,-41.190277,9235.65532,9236.417169468796
269.49381,0.117764,-41.189385,9235.243422,9237.728344728173
269.50381,0.117905,-41.188493,9234.831533,9236.037873730751
269.51381,0.118049,-41.187601,9234.419652,9233.128741257713
269.52381,0.118196,-41.186709,9234.007781,9235.230827574804
269.53381,0.118346,-41.185817,9233.595918,9235.449802052577
269.54381,0.1185,-41.184925,9233.184064,9234.167105790266
269.55381,0.118656,-41.184033,9232.772219,9233.491618723137
269.56381,0.118816,-41.183141,9232.360384,9235.84881760024
269.57381,0.118978,-41.182249,9231.948557,9234.268029090197
269.58381,0.119144,-41.181357,9231.536739,9230.644278640833
269.59381,0.119313,-41.180465,9231.12493,9230.508839365393
269.60381,0.119484,-41.179573,9230.713129,9231.575847410355
269.61381,0.119659,-41.178682,9230.301338,9229.108481418416
269.62381,0.119836,-41.17779,9229.889556,9227.756862504879
269.63381,0.120016,-41.176898,9229.477782,9231.680019760483
269.64381,0.120199,-41.176006,9229.066018,9227.443480902575
269.65381,0.120384,-41.175114,9228.654262,9228.682885440028
269.66381,0.120572,-41.174223,9228.242515,9231.012701073532
269.67381,0.120763,-41.173331,9227.830778,9229.274230081905
269.68381,0.120957,-41.172439,9227.419049,9228.459823383377
269.69381,0.121153,-41.171548,9227.007329,9228.565855458439
269.70381,0.121352,-41.170656,9226.595618,9229.452147215787
269.71381,0.121553,-41.169765,9226.183916,9228.047174862259
269.72381,0.121756,-41.168873,9225.772223,9227.568057333861
269.73381,0.121963,-41.167982,9225.360538,9224.614280340385
269.74381,0.122171,-41.16709,9224.948863,9226.585603776512
269.75381,0.122382,-41.166199,9224.537196,9226.34673595729
269.76381,0.122596,-41.165307,9224.125539,9227.450968832462
269.77381,0.122811,-41.164416,9223.71389,9226.30130172992
269.78381,0.123029,-41.163524,9223.302251,9224.551244044515
269.79381,0.123249,-41.162633,9222.89062,9224.397954671502
269.80381,0.123472,-41.161741,9222.478998,9225.392185201288
269.81381,0.123696,-41.16085,9222.067385,9219.828317280057
269.82381,0.123923,-41.159959,9221.655781,9225.508284909802
269.83381,0.124152,-41.159067,9221.244186,9220.703093714937
269.84381,0.124383,-41.158176,9220.8326,9218.591798480822
269.85381,0.124616,-41.157285,9220.421022,9221.017430552016
269.86381,0.124851,-41.156394,9220.009454,9222.920272901549
269.87381,0.125088,-41.155503,9219.597894,9217.480594139963
269.88381,0.125328,-41.154611,9219.186344,9219.036478681246
269.89381,0.125569,-41.15372,9218.774802,9219.445447230719
269.90381,0.125812,-41.152829,9218.363269,9217.302707395447
269.91381,0.126056,-41.151938,9217.951746,9217.94169315912
269.92381,0.126303,-41.151047,9217.540231,9216.307700183464
269.93381,0.126552,-41.150156,9217.128725,9219.96030482061
269.94381,0.126802,-41.149265,9216.717228,9219.96266443765
269.95381,0.127054,-41.148374,9216.305739,9217.13177922833
269.96381,0.127308,-41.147483,9215.89426,9218.18831432222
269.97381,0.127563,-41.146592,9215.48279,9216.01367173009
269.98381,0.127821,-41.145701,9215.071328,9216.383449573845
269.99381,0.128079,-41.14481,9214.659876,9213.674311110351
270.00381,0.12834,-41.143919,9214.248432,9212.367267888749
270.01381,0.128602,-41.143028,9213.836997,9215.765596023479
270.02381,0.128866,-41.142137,9213.425572,9212.295299197294
270.03381,0.129131,-41.141246,9213.014155,9212.785612523652
270.04381,0.129398,-41.140356,9212.602747,9212.031523567193
270.05381,0.129666,-41.139465,9212.191348,9210.345921518483
270.06381,0.129936,-41.138574,9211.779957,9211.55466439684
270.07381,0.130207,-41.137683,9211.368576,9213.270041546146
270.08381,0.130479,-41.136792,9210.957204,9209.301102786969
270.09381,0.130753,-41.135902,9210.54584,9211.279430015742
270.10381,0.131028,-41.135011,9210.134486,9213.527097376515
270.11381,0.131305,-41.13412,9209.72314,9207.810749266977
270.12381,0.131583,-41.13323,9209.311803,9208.323341488429
270.13381,0.131862,-41.132339,9208.900475,9209.567780251327
270.14381,0.132143,-41.131449,9208.489156,9209.095201471056
270.15381,0.132425,-41.130558,9208.077846,9212.50554086757
270.16381,0.132708,-41.129667,9207.666545,9207.00414881979
270.17381,0.132992,-41.128777,9207.255253,9207.153719765274
270.18381,0.133277,-41.127886,9206.84397,9206.787078208268
270.19381,0.133564,-41.126996,9206.432695,9207.717618445375
270.20381,0.133851,-41.126105,9206.02143,9205.178773101869
270.21381,0.13414,-41.125215,9205.610173,9206.056858977152
270.22381,0.13443,-41.124325,9205.198926,9205.599151656357
270.23381,0.134721,-41.123434,9204.787687,9205.438878812174
270.24381,0.135013,-41.122544,9204.376457,9206.11714899312
270.25381,0.135305,-41.121653,9203.965236,9203.867310463782
270.26381,0.135599,-41.120763,9203.554024,9205.532134319408
270.27381,0.135894,-41.119873,9203.142821,9204.700670199603
270.28381,0.13619,-41.118982,9202.731626,9202.648690304773
270.29381,0.136487,-41.118092,9202.320441,9202.364783844501
270.30381,0.136785,-41.117202,9201.909264,9202.247134141766
270.31381,0.137083,-41.116312,9201.498097,9202.061857724868
270.32381,0.137383,-41.115422,9201.086938,9201.666955464292
270.33381,0.137683,-41.114531,9200.675788,9201.498668924374
270.34381,0.137984,-41.113641,9200.264648,9201.059000809846
270.35381,0.138286,-41.112751,9199.853516,9201.586535502638
270.36381,0.138589,-41.111861,9199.442393,9198.250001748864
270.37381,0.138893,-41.110971,9199.031278,9200.671805402526
270.38381,0.139197,-41.110081,9198.620173,9197.969477383285
270.39381,0.139502,-41.109191,9198.209077,9195.248792966684
270.40381,0.139808,-41.108301,9197.797989,9198.643274217544
270.41381,0.140115,-41.107411,9197.386911,9196.527347490115
270.42381,0.140422,-41.106521,9196.975841,9197.606859811352
270.43381,0.14073,-41.105631,9196.56478,9198.464527853088
270.44381,0.141038,-41.104741,9196.153729,9196.893332646947
270.45381,0.141348,-41.103851,9195.742686,9196.213104611816
270.46381,0.141657,-41.102961,9195.331652,9194.258590361944
270.47381,0.141968,-41.102071,9194.920626,9196.469386875946
270.48381,0.142279,-41.101181,9194.50961,9191.71871685217
270.49381,0.142591,-41.100292,9194.098603,9193.08298134871
270.50381,0.142903,-41.099402,9193.687604,9192.735472143882
270.51381,0.143215,-41.098512,9193.276615,9195.416642008919
270.52381,0.143529,-41.097622,9192.865634,9195.977442680949
270.53381,0.143842,-41.096733,9192.454662,9189.24204014676
270.54381,0.144157,-41.095843,9192.043699,9191.71186300399
270.55381,0.144472,-41.094953,9191.632745,9192.014503735321
270.56381,0.144787,-41.094064,9191.2218,9191.072161541853
270.57381,0.145102,-41.093174,9190.810864,9191.866940905295
270.58381,0.145419,-41.092284,9190.399937,9190.150837098792
270.59381,0.145735,-41.091395,9189.989018,9192.804266247647
270.60381,0.146052,-41.090505,9189.578109,9190.663580859966
270.61381,0.14637,-41.089616,9189.167208,9188.900725540598
270.62381,0.146687,-41.088726,9188.756317,9190.668425043861
270.63381,0.147006,-41.087837,9188.345434,9190.224723410698
270.64381,0.147324,-41.086947,9187.93456,9187.637908995734
270.65381,0.147643,-41.086058,9187.523695,9187.418540560999
270.66381,0.147962,-41.085169,9187.112839,9187.24841414023
270.67381,0.148282,-41.084279,9186.701991,9190.903835053085
270.68381,0.148601,-41.08339,9186.291153,9186.557347004018
270.69381,0.148922,-41.082501,9185.880324,9188.62130802081
270.70381,0.149242,-41.081611,9185.469503,9184.808755083117
270.71381,0.149563,-41.080722,9185.058691,9183.287127458714
270.72381,0.149884,-41.079833,9184.647889,9185.649475183212
270.73381,0.150205,-41.078943,9184.237095,9185.076697032486
270.74381,0.150526,-41.078054,9183.82631,9183.303960897998
270.75381,0.150848,-41.077165,9183.415534,9185.36771049882
270.76381,0.15117,-41.076276,9183.004767,9182.067308430884
270.77381,0.151492,-41.075387,9182.594008,9182.965249550138
270.78381,0.151814,-41.074498,9182.183259,9182.349273136011
270.79381,0.152137,-41.073609,9181.772518,9181.437382524542
270.80381,0.152459,-41.07272,9181.361787,9182.219848260913
270.81381,0.152782,-41.071831,9180.951064,9181.313183099815
270.82381,0.153105,-41.070942,9180.54035,9183.140203471225
270.83381,0.153428,-41.070053,9180.129645,9183.24890321723
270.84381,0.153752,-41.069164,9179.718949,9176.76571826734
270.85381,0.154075,-41.068275,9179.308262,9180.695156162727
270.86381,0.154398,-41.067386,9178.897583,9178.27825294578
270.87381,0.154722,-41.066497,9178.486914,9179.89141854559
270.88381,0.155046,-41.065608,9178.076253,9179.086685098831
270.89381,0.155369,-41.064719,9177.665602,9177.197147837636
270.90381,0.155693,-41.063831,9177.254959,9178.83520341028
270.91381,0.156017,-41.062942,9176.844325,9176.594605889424
270.92381,0.156341,-41.062053,9176.4337,9178.376349504057
270.93381,0.156665,-41.061164,9176.023084,9176.461237515832
270.94381,0.156989,-41.060276,9175.612477,9176.116662828254
270.95381,0.157313,-41.059387,9175.201879,9175.599215087877
270.96381,0.157637,-41.058499,9174.791289,9172.777013742818
270.97381,0.157961,-41.05761,9174.380709,9174.790407787925
270.98381,0.158286,-41.056721,9173.970137,9176.121268586387
270.99381,0.15861,-41.055833,9173.559574,9175.63178409241
271.00381,0.158934,-41.054944,9173.14902,9175.21912698054
271.01381,0.159258,-41.054056,9172.738475,9173.01905860187
271.02381,0.159582,-41.053167,9172.327939,9174.054032866667
271.03381,0.159906,-41.052279,9171.917412,9173.383577857949
271.04381,0.16023,-41.051391,9171.506894,9170.337837453573
271.05381,0.160554,-41.050502,9171.096384,9170.110709958728
271.06381,0.160878,-41.049614,9170.685884,9168.402889377816
271.07381,0.161202,-41.048726,9170.275392,9172.719985199556
271.08381,0.161526,-41.047837,9169.864909,9171.555124931981
271.09381,0.161849,-41.046949,9169.454435,9170.812732385153
271.10381,0.162173,-41.046061,9169.04397,9169.199854427618
271.11381,0.162496,-41.045173,9168.633514,9169.159513660139
271.12381,0.16282,-41.044285,9168.223067,9168.825657717009
271.13381,0.163143,-41.043396,9167.812628,9170.283727360526
271.14381,0.163466,-41.042508,9167.402199,9165.940654126953
271.15381,0.163789,-41.04162,9166.991778,9167.943748181944
271.16381,0.164112,-41.040732,9166.581366,9166.557739884734
271.17381,0.164435,-41.039844,9166.170963,9164.37669787483
271.18381,0.164758,-41.038956,9165.760569,9165.195879099732
271.19381,0.16508,-41.038068,9165.350184,9166.038259649958
271.20381,0.165403,-41.03718,9164.939808,9164.672460145392
271.21381,0.165725,-41.036293,9164.529441,9165.179863669031
271.22381,0.166047,-41.035405,9164.119082,9162.098774847274
271.23381,0.166369,-41.034517,9163.708733,9163.790759369398
271.24381,0.166691,-41.033629,9163.298392,9162.0919358667
271.25381,0.167012,-41.032741,9162.88806,9161.211239959855
271.26381,0.167334,-41.031854,9162.477737,9161.26620090889
271.27381,0.167655,-41.030966,9162.067423,9163.825982179998
271.28381,0.167976,-41.030078,9161.657118,9161.888155349248
271.29381,0.168297,-41.029191,9161.246821,9160.40010555174
271.30381,0.168617,-41.028303,9160.836534,9159.55430290839
271.31381,0.168938,-41.027415,9160.426255,9162.71515767629
271.32381,0.169258,-41.026528,9160.015986,9162.293601289663
271.33381,0.169578,-41.02564,9159.605725,9162.751279047005
271.34381,0.169898,-41.024753,9159.195473,9159.107440538957
271.35381,0.170217,-41.023865,9158.78523,9159.119556364198
271.36381,0.170537,-41.022978,9158.374996,9158.955073146086
271.37381,0.170856,-41.022091,9157.96477,9157.37651060751
271.38381,0.171174,-41.021203,9157.554554,9157.905932029551
271.39381,0.171493,-41.020316,9157.144346,9158.666715417476
271.40381,0.171811,-41.019429,9156.734147,9156.281552504843
271.41381,0.172129,-41.018542,9156.323958,9157.64590478734
271.42381,0.172447,-41.017654,9155.913777,9158.706395206238
271.43381,0.172765,-41.016767,9155.503604,9154.207762377926
271.44381,0.173082,-41.01588,9155.093441,9155.365840453915
271.45381,0.173399,-41.014993,9154.683287,9157.203280536964
271.46381,0.173716,-41.014106,9154.273141,9153.591504652952
271.47381,0.174032,-41.013219,9153.863005,9153.880641263604
271.48381,0.174348,-41.012332,9153.452877,9150.617198313099
271.49381,0.174664,-41.011445,9153.042758,9154.325437005395
271.50381,0.17498,-41.010558,9152.632648,9155.577245725668
271.51381,0.175295,-41.009671,9152.222547,9151.716608045026
271.52381,0.17561,-41.008784,9151.812455,9153.696222452292
271.53381,0.175925,-41.007897,9151.402371,9151.833119360994
271.54381,0.176239,-41.007011,9150.992297,9150.642086468928
271.55381,0.176553,-41.006124,9150.582231,9152.85409998929
271.56381,0.176867,-41.005237,9150.172174,9152.272383267806
271.57381,0.17718,-41.00435,9149.762126,9148.946677171849
271.58381,0.177493,-41.003464,9149.352087,9153.968158975731
271.59381,0.177806,-41.002577,9148.942057,9149.760822686685
271.60381,0.178118,-41.001691,9148.532036,9149.459285656694
271.61381,0.178431,-41.000804,9148.122023,9146.833176167876
271.62381,0.178742,-40.999918,9147.71202,9148.323989628487
271.63381,0.179054,-40.999031,9147.302025,9148.02813852159
271.64381,0.179365,-40.998145,9146.892039,9149.0767855838
271.65381,0.179676,-40.997258,9146.482062,9147.511643475798
271.66381,0.179986,-40.996372,9146.072094,9148.801260975859
271.67381,0.180296,-40.995486,9145.662135,9146.059588169624
271.68381,0.180606,-40.994599,9145.252184,9146.326164475218
271.69381,0.180915,-40.993713,9144.842243,9148.367896205316
271.70381,0.181224,-40.992827,9144.43231,9144.622018449369
271.71381,0.181533,-40.991941,9144.022386,9142.73248646236
271.72381,0.181841,-40.991055,9143.612471,9147.40680632959
271.73381,0.182149,-40.990168,9143.202565,9147.15648537302
271.74381,0.182457,-40.989282,9142.792668,9143.368522668503
271.75381,0.182764,-40.988396,9142.382779,9143.871052658584
271.76381,0.183071,-40.98751,9141.9729,9144.394867610094
271.77381,0.183377,-40.986624,9141.563029,9139.689150145876
271.78381,0.183683,-40.985739,9141.153167,9140.965185231607
271.79381,0.183989,-40.984853,9140.743314,9141.343699942518
271.80381,0.184294,-40.983967,9140.33347,9142.211224047009
271.81381,0.184599,-40.983081,9139.923635,9143.170120720877
271.82381,0.184903,-40.982195,9139.513809,9138.984620533567
271.83381,0.185208,-40.98131,9139.103991,9138.826197219125
271.84381,0.185511,-40.980424,9138.694182,9138.045208462498
271.85381,0.185815,-40.979538,9138.284383,9140.13499667021
271.86381,0.186118,-40.978653,9137.874592,9134.122479768665
271.87381,0.18642,-40.977767,9137.46481,9138.199664265114
271.88381,0.186722,-40.976882,9137.055036,9139.302193232597
271.89381,0.187024,-40.975996,9136.645272,9137.646619977715
271.90381,0.187325,-40.975111,9136.235516,9137.557748586825
271.91381,0.187626,-40.974225,9135.82577,9135.037879281166
271.92381,0.187927,-40.97334,9135.416032,9134.424860408302
271.93381,0.188227,-40.972455,9135.006303,9136.997131497572
271.94381,0.188527,-40.97157,9134.596583,9134.752274987763
271.95381,0.188826,-40.970684,9134.186871,9134.510770425137
271.96381,0.189125,-40.969799,9133.777169,9134.379149568796
271.97381,0.189423,-40.968914,9133.367475,9136.300279806237
271.98381,0.189721,-40.968029,9132.957791,9133.007832756366
271.99381,0.190019,-40.967144,9132.548115,9132.266396001432
272.00381,0.190316,-40.966259,9132.138448,9135.323584699923
272.01381,0.190613,-40.965374,9131.72879,9129.682878239355
272.02381,0.190909,-40.964489,9131.31914,9130.85939938219
272.03381,0.191205,-40.963604,9130.9095,9130.650894286135
272.04381,0.191501,-40.962719,9130.499868,9133.371132635102
272.05381,0.191796,-40.961835,9130.090246,9130.091035590733
272.06381,0.192091,-40.96095,9129.680632,9130.534636215376
272.07381,0.192385,-40.960065,9129.271027,9129.865277585335
272.08381,0.192679,-40.95918,9128.86143,9127.794271321936
272.09381,0.192972,-40.958296,9128.451843,9130.490098033479
272.10381,0.193265,-40.957411,9128.042264,9127.13627385115
272.11381,0.193557,-40.956527,9127.632695,9131.488665455952
272.12381,0.193849,-40.955642,9127.223134,9126.56410674034
272.13381,0.194141,-40.954758,9126.813582,9128.657265759268
272.14381,0.194432,-40.953873,9126.404039,9126.657842315437
272.15381,0.194723,-40.952989,9125.994504,9128.750415531753
272.16381,0.195013,-40.952105,9125.584979,9125.801418841782
272.17381,0.195303,-40.95122,9125.175462,9125.68342503766
272.18381,0.195593,-40.950336,9124.765955,9126.335863094911
272.19381,0.195881,-40.949452,9124.356456,9124.774860857293
272.20381,0.19617,-40.948568,9123.946966,9122.57406959161
272.21381,0.196458,-40.947684,9123.537484,9120.99659608432
272.22381,0.196746,-40.9468,9123.128012,9123.12365479438
272.23381,0.197033,-40.945916,9122.718548,9122.077390178265
272.24381,0.197319,-40.945032,9122.309094,9120.558797991265
272.25381,0.197606,-40.944148,9121.899648,9122.561993215826
272.26381,0.197892,-40.943264,9121.490211,9121.188951423906
272.27381,0.198177,-40.94238,9121.080782,9122.677049203754
272.28381,0.198462,-40.941496,9120.671363,9121.225199080725
272.29381,0.198746,-40.940613,9120.261952,9121.990127489342
272.30381,0.19903,-40.939729,9119.852551,9121.62152003811
272.31381,0.199314,-40.938845,9119.443158,9121.196763887516
272.32381,0.199597,-40.937962,9119.033774,9118.431435433858
272.33381,0.199879,-40.937078,9118.624399,9118.775198087287
272.34381,0.200162,-40.936195,9118.215032,9118.309465325623
272.35381,0.200443,-40.935311,9117.805675,9116.547313598548
272.36381,0.200724,-40.934428,9117.396326,9120.239275916614
272.37381,0.201005,-40.933545,9116.986986,9116.489776230368
272.38381,0.201285,-40.932661,9116.577655,9116.270586519971
272.39381,0.201565,-40.931778,9116.168333,9118.318939503692
272.40381,0.201793,-40.930895,9115.75902,9114.628273370648
272.41381,0.201992,-40.930012,9115.349715,9119.051063197392
272.42381,0.202195,-40.929129,9114.940419,9115.909084079138
272.43381,0.202403,-40.928246,9114.531132,9116.330151013413
272.44381,0.202616,-40.927363,9114.121854,9116.108241672036
272.45381,0.202833,-40.92648,9113.712585,9115.83784381745
272.46381,0.203054,-40.925597,9113.303325,9114.820470138231
272.47381,0.20328,-40.924714,9112.894073,9114.535025453402
272.48381,0.20351,-40.923832,9112.484831,9114.249843047606
272.49381,0.203744,-40.922949,9112.075597,9115.143161099413
272.50381,0.203982,-40.922067,9111.666372,9112.988268015333
272.51381,0.204225,-40.921184,9111.257155,9110.990454070461
272.52381,0.204471,-40.920302,9110.847948,9112.38677595177
272.53381,0.204722,-40.919419,9110.438749,9111.961514258928
272.54381,0.204977,-40.918537,9110.029559,9109.076151375386
272.55381,0.205235,-40.917655,9109.620379,9110.238234915245
272.56381,0.205498,-40.916772,9109.211206,9108.94268628895
272.57381,0.205764,-40.91589,9108.802043,9107.29434408733
272.58381,0.206034,-40.915008,9108.392889,9106.974731567276
272.59381,0.206308,-40.914126,9107.983743,9105.062868035826
272.60381,0.206586,-40.913244,9107.574606,9107.02027769759
272.61381,0.206868,-40.912362,9107.165478,9108.883096745894
272.62381,0.207153,-40.91148,9106.756359,9108.049549680207
272.63381,0.207441,-40.910599,9106.347248,9108.756113044848
272.64381,0.207733,-40.909717,9105.938147,9107.767424309417
272.65381,0.208029,-40.908835,9105.529054,9104.856306086687
272.66381,0.208328,-40.907953,9105.11997,9106.917921988223
272.67381,0.208631,-40.907072,9104.710895,9104.69094613103
272.68381,0.208937,-40.90619,9104.301829,9107.292883582353
272.69381,0.209246,-40.905309,9103.892771,9108.127506163062
272.70381,0.209558,-40.904427,9103.483723,9102.29128372751
272.71381,0.209874,-40.903546,9103.074683,9101.058993338673
272.72381,0.210204,-40.902664,9102.665652,9103.646786255931
272.73381,0.210538,-40.901782,9102.256629,9103.761907932943
272.74381,0.210876,-40.9009,9101.847616,9104.098750653238
272.75381,0.211217,-40.900018,9101.438611,9100.809398020408
272.76381,0.211561,-40.899135,9101.029616,9100.189987803906
272.77381,0.211908,-40.898253,9100.620629,9101.004050573007
272.78381,0.212257,-40.89737,9100.211651,9102.699844059742
272.79381,0.21261,-40.896486,9099.802681,9099.131184788206
272.80381,0.212965,-40.895603,9099.393721,9100.026207033194
272.81381,0.213323,-40.894719,9098.984769,9099.414545970929
272.82381,0.213683,-40.893835,9098.575826,9099.728798751856
272.83381,0.214046,-40.892951,9098.166893,9098.773214381137
272.84381,0.214412,-40.892066,9097.757967,9098.933296702537
272.85381,0.21478,-40.891182,9097.349051,9096.881172211019
272.86381,0.215151,-40.890297,9096.940144,9096.23783183389
272.87381,0.215524,-40.889411,9096.531245,9094.583046955222
272.88381,0.2159,-40.888526,9096.122356,9096.602275716159
272.89381,0.216278,-40.88764,9095.713475,9096.043169804494
272.90381,0.216659,-40.886754,9095.304603,9095.256180966087
272.91381,0.217042,-40.885868,9094.89574,9094.449308615533
272.92381,0.217427,-40.884981,9094.486885,9096.142161624233
272.93381,0.217814,-40.884095,9094.07804,9096.446776545872
272.94381,0.218204,-40.883208,9093.669204,9096.531823687867
272.95381,0.218595,-40.882321,9093.260376,9095.359279346805
272.96381,0.218989,-40.881433,9092.851557,9089.869380305614
272.97381,0.219385,-40.880546,9092.442747,9089.156141990907
272.98381,0.219784,-40.879658,9092.033946,9092.791632674362
272.99381,0.220184,-40.87877,9091.625154,9093.369764134904
273.00381,0.220586,-40.877881,9091.216371,9092.268426668767
273.01381,0.22099,-40.876993,9090.807596,9090.541285311561
273.02381,0.221396,-40.876104,9090.398831,9091.56692182005
273.03381,0.221804,-40.875215,9089.990074,9092.645643345817
273.04381,0.222214,-40.874326,9089.581327,9089.50370769492
273.05381,0.222626,-40.873436,9089.172588,9090.0585951436
273.06381,0.223039,-40.872547,9088.763858,9091.248932529854
273.07381,0.223454,-40.871657,9088.355137,9088.527989026574
273.08381,0.223872,-40.870767,9087.946425,9087.023113439336
273.09381,0.22429,-40.869876,9087.537722,9085.229278919413
273.10381,0.224711,-40.868986,9087.129027,9088.129488233073
273.11381,0.225133,-40.868095,9086.720342,9089.513717693859
273.12381,0.225557,-40.867204,9086.311665,9087.516718184177
273.13381,0.225982,-40.866312,9085.902998,9086.068748895676
273.14381,0.226409,-40.865421,9085.494339,9085.235413449744
273.15381,0.226837,-40.864529,9085.085689,9083.646360926869
273.16381,0.227267,-40.863637,9084.677049,9082.767835438532
273.17381,0.227698,-40.862745,9084.268417,9085.875955908776
273.18381,0.228131,-40.861853,9083.859794,9083.343701020729
273.19381,0.228565,-40.86096,9083.45118,9084.048721226387
273.20381,0.229001,-40.860067,9083.042574,9082.730360414786
273.21381,0.229438,-40.859174,9082.633978,9082.062066013545
273.22381,0.229876,-40.858281,9082.225391,9081.502574717411
273.23381,0.230316,-40.857388,9081.816813,9084.24969954938
273.24381,0.230757,-40.856494,9081.408243,9082.197568729922
273.25381,0.231199,-40.8556,9080.999683,9083.284472230574
273.26381,0.231642,-40.854706,9080.591131,9082.09339479763
273.27381,0.232087,-40.853812,9080.182589,9080.822731650329
273.28381,0.232533,-40.852917,9079.774055,9079.54631171798
273.29381,0.232979,-40.852022,9079.36553,9079.612652564883
273.30381,0.233427,-40.851127,9078.957015,9079.368125743445
273.31381,0.233876,-40.850232,9078.548508,9081.655264342968
273.32381,0.234327,-40.849337,9078.14001,9078.255085741666
273.33381,0.234778,-40.848441,9077.731521,9077.999240220866
273.34381,0.23523,-40.847546,9077.323041,9078.600103080911
273.35381,0.235683,-40.84665,9076.91457,9078.345406047993
273.36381,0.236138,-40.845754,9076.506108,9077.091121133839
273.37381,0.236593,-40.844857,9076.097655,9075.722920349375
273.38381,0.237049,-40.843961,9075.689211,9079.09284724098
273.39381,0.237506,-40.843064,9075.280776,9077.413609704698
273.40381,0.237964,-40.842167,9074.87235,9077.441412448654
273.41381,0.238423,-40.84127,9074.463932,9073.945313560962
273.42381,0.238882,-40.840372,9074.055524,9075.326542152421
273.43381,0.239343,-40.839475,9073.647125,9076.875677306523
273.44381,0.239804,-40.838577,9073.238735,9073.61507541664
273.45381,0.240266,-40.837679,9072.830353,9074.051952581553
273.46381,0.240729,-40.836781,9072.421981,9072.190221889765
273.47381,0.241192,-40.835883,9072.013618,9073.576813674155
273.48381,0.241656,-40.834984,9071.605264,9072.5935733251
273.49381,0.242121,-40.834085,9071.196918,9071.315401404832
273.50381,0.242587,-40.833186,9070.788582,9071.827857707922
273.51381,0.243053,-40.832287,9070.380254,9072.135350791063
273.52381,0.24352,-40.831388,9069.971936,9071.187396314912
273.53381,0.243987,-40.830488,9069.563627,9068.371903766612
273.54381,0.244455,-40.829589,9069.155326,9068.526693508773
273.55381,0.244924,-40.828689,9068.747035,9068.430719656808
273.56381,0.245393,-40.827789,9068.338753,9069.054390688423
273.57381,0.245863,-40.826889,9067.930479,9066.13119461808
273.58381,0.246333,-40.825988,9067.522215,9065.965683663055
273.59381,0.246804,-40.825088,9067.113959,9068.724073588575
273.60381,0.247276,-40.824187,9066.705713,9067.907364697006
273.61381,0.247747,-40.823286,9066.297476,9066.423836828164
273.62381,0.248219,-40.822385,9065.889247,9067.262557468986
273.63381,0.248692,-40.821483,9065.481028,9065.046994140193
273.64381,0.249165,-40.820582,9065.072818,9065.478658754244
273.65381,0.249639,-40.81968,9064.664616,9064.860973636592
273.66381,0.250113,-40.818778,9064.256424,9065.18217588678
273.67381,0.250587,-40.817876,9063.848241,9065.96248929789
273.68381,0.251061,-40.816974,9063.440066,9064.18451421016
273.69381,0.251536,-40.816072,9063.031901,9064.695807727989
273.70381,0.252012,-40.815169,9062.623745,9062.938092424432
273.71381,0.252487,-40.814266,9062.215598,9061.385673753348
273.72381,0.252963,-40.813363,9061.80746,9062.518341859994
273.73381,0.253439,-40.81246,9061.399331,9061.79079068566
273.74381,0.253915,-40.811557,9060.991211,9063.469316650424
273.75381,0.254392,-40.810654,9060.583099,9060.09036415075
273.76381,0.254869,-40.80975,9060.174997,9062.40023817173
273.77381,0.255346,-40.808846,9059.766904,9059.774877625789
273.78381,0.255823,-40.807942,9059.358821,9059.486371940966
273.79381,0.256301,-40.807038,9058.950746,9061.811784824626
273.80381,0.256779,-40.806134,9058.54268,9055.135777733401
273.81381,0.257256,-40.805229,9058.134623,9060.642746639582
273.82381,0.257734,-40.804325,9057.726575,9058.80680822212
273.83381,0.258212,-40.80342,9057.318536,9058.348319189263
273.84381,0.258691,-40.802515,9056.910507,9055.806581441544
273.85381,0.259169,-40.80161,9056.502486,9056.151166395903
273.86381,0.259648,-40.800705,9056.094475,9054.711709186791
273.87381,0.260126,-40.799799,9055.686472,9056.659918225274
273.88381,0.260605,-40.798894,9055.278479,9056.70729376635
273.89381,0.261083,-40.797988,9054.870494,9054.202094899727
273.90381,0.261562,-40.797082,9054.462519,9053.159996915872
273.91381,0.262041,-40.796176,9054.054553,9053.740580617106
273.92381,0.26252,-40.79527,9053.646595,9052.26818750623
273.93381,0.262998,-40.794363,9053.238647,9057.85223825773
273.94381,0.263477,-40.793457,9052.830708,9054.56782685563
273.95381,0.263956,-40.79255,9052.422778,9053.869406432796
273.96381,0.264435,-40.791643,9052.014857,9053.222885298072
273.97381,0.264914,-40.790736,9051.606945,9051.797402916096
273.98381,0.265392,-40.789829,9051.199042,9050.990995212798
273.99381,0.265871,-40.788922,9050.791149,9052.885397149066
274.00381,0.26635,-40.788015,9050.383264,9052.513959274416
274.01381,0.266828,-40.787107,9049.975388,9050.750201618193
274.02381,0.267307,-40.786199,9049.567522,9050.042969557682
274.03381,0.267785,-40.785291,9049.159664,9049.40330404466
274.04381,0.268263,-40.784383,9048.751816,9049.970547934838
274.05381,0.268741,-40.783475,9048.343977,9048.166586182318
274.06381,0.269219,-40.782567,9047.936146,9050.126725097703
274.07381,0.269697,-40.781658,9047.528325,9049.925196751316
274.08381,0.270175,-40.78075,9047.120513,9049.121958336606
274.09381,0.270653,-40.779841,9046.71271,9048.771432695716
274.10381,0.27113,-40.778932,9046.304916,9046.561986421368
274.11381,0.271607,-40.778023,9045.897132,9043.99787643584
274.12381,0.272084,-40.777114,9045.489356,9046.104905694237
274.13381,0.272561,-40.776205,9045.081589,9046.187579267322
274.14381,0.273038,-40.775295,9044.673832,9044.43863040774
274.15381,0.273515,-40.774386,9044.266083,9046.219050018835
274.16381,0.273991,-40.773476,9043.858344,9046.642862905574
274.17381,0.274467,-40.772566,9043.450614,9042.524296598027
274.18381,0.274943,-40.771656,9043.042893,9042.371297778358
274.19381,0.275418,-40.770746,9042.635181,9042.996838379822
274.20381,0.275894,-40.769836,9042.227478,9043.7871319431
274.21381,0.276369,-40.768925,9041.819784,9040.617489607184
274.22381,0.276844,-40.768015,9041.412099,9043.585721805031
274.23381,0.277318,-40.767104,9041.004424,9041.141522317646
274.24381,0.277793,-40.766193,9040.596757,9040.103548167817
274.25381,0.278267,-40.765283,9040.1891,9038.71973672193
274.26381,0.27874,-40.764372,9039.781452,9044.421046007299
274.27381,0.279214,-40.76346,9039.373813,9037.750906138597
274.28381,0.279687,-40.762549,9038.966182,9037.559409641044
274.29381,0.28016,-40.761638,9038.558562,9037.70939310458
274.30381,0.280632,-40.760726,9038.15095,9036.21313510335
274.31381,0.281104,-40.759814,9037.743347,9039.813561468123
274.32381,0.281576,-40.758903,9037.335753,9039.792436983338
274.33381,0.282048,-40.757991,9036.928169,9037.943584691491
274.34381,0.282519,-40.757079,9036.520594,9035.942350014608
274.35381,0.28299,-40.756167,9036.113027,9036.219743017064
274.36381,0.28346,-40.755254,9035.70547,9038.50554525498
274.37381,0.28393,-40.754342,9035.297922,9037.101482854752
274.38381,0.2844,-40.753429,9034.890383,9036.832781274974
274.39381,0.284869,-40.752517,9034.482854,9035.89479310078
274.40381,0.285338,-40.751604,9034.075333,9034.072487916812
274.41381,0.285806,-40.750691,9033.667822,9033.250082166587
274.42381,0.286275,-40.749778,9033.260319,9033.133798426841
274.43381,0.286742,-40.748865,9032.852826,9033.027777465546
274.44381,0.28721,-40.747952,9032.445342,9033.283238681432
274.45381,0.287677,-40.747039,9032.037867,9032.85722818172
274.46381,0.288143,-40.746125,9031.630401,9032.537718356201
274.47381,0.288609,-40.745212,9031.222945,9032.124950426998
274.48381,0.289075,-40.744298,9030.815497,9029.028655858217
274.49381,0.28954,-40.743384,9030.408059,9032.089415875686
274.50381,0.290005,-40.74247,9030.000629,9031.327555718372
274.51381,0.290469,-40.741556,9029.593209,9033.725169437803
274.52381,0.290933,-40.740642,9029.185798,9029.468713799644
274.53381,0.291397,-40.739728,9028.778396,9028.08767333547
274.54381,0.291859,-40.738814,9028.371004,9031.871232071557
274.55381,0.292322,-40.737899,9027.96362,9028.388880354232
274.56381,0.292784,-40.736985,9027.556246,9027.889632729115
274.57381,0.293246,-40.73607,9027.14888,9027.990342262287
274.58381,0.293707,-40.735155,9026.741524,9025.901994683038
274.59381,0.294167,-40.73424,9026.334177,9028.311531063568
274.60381,0.294627,-40.733326,9025.926839,9025.87176502053
274.61381,0.295087,-40.732411,9025.519511,9026.17856673768
274.62381,0.295546,-40.731495,9025.112191,9026.029302254468
274.63381,0.296005,-40.73058,9024.704881,9024.637516821515
274.64381,0.296463,-40.729665,9024.29758,9026.10698457333
274.65381,0.29692,-40.728749,9023.890288,9022.891081836278
274.66381,0.297378,-40.727834,9023.483005,9023.281197768041
274.67381,0.297834,-40.726918,9023.075731,9024.04852622318
274.68381,0.29829,-40.726003,9022.668466,9027.495066445628
274.69381,0.298746,-40.725087,9022.261211,9023.777090948097
274.70381,0.299201,-40.724171,9021.853965,9022.573253182392
274.71381,0.299655,-40.723255,9021.446727,9020.845568997851
274.72381,0.300109,-40.722339,9021.039499,9023.19066346582
274.73381,0.300563,-40.721423,9020.632281,9023.275918538451
274.74381,0.301015,-40.720506,9020.225071,9018.542418019555
274.75381,0.301468,-40.71959,9019.81787,9020.56221565189
274.76381,0.301919,-40.718673,9019.410679,9020.773320058066
274.77381,0.302371,-40.717757,9019.003497,9020.728740131655
274.78381,0.302821,-40.71684,9018.596324,9019.173046635737
274.79381,0.303271,-40.715924,9018.18916,9017.568154476281
274.80381,0.303721,-40.715007,9017.782006,9016.450265277024
274.81381,0.30417,-40.71409,9017.37486,9018.71575149158
274.82381,0.304618,-40.713173,9016.967724,9018.218238154055
274.83381,0.305066,-40.712256,9016.560597,9015.092698768578
274.84381,0.305513,-40.711339,9016.153479,9015.404749050535
274.85381,0.30596,-40.710421,9015.74637,9017.93340611826
274.86381,0.306406,-40.709504,9015.33927,9017.552792340308
274.87381,0.306851,-40.708587,9014.93218,9011.818183276351
274.88381,0.307296,-40.707669,9014.525098,9015.50953275028
274.89381,0.307741,-40.706752,9014.118026,9014.943313706588
274.90381,0.308184,-40.705834,9013.710963,9012.460668247804
274.91381,0.308628,-40.704916,9013.30391,9013.99817711111
274.92381,0.30907,-40.703998,9012.896865,9014.85445071473
274.93381,0.309512,-40.703081,9012.48983,9013.457100014388
274.94381,0.309953,-40.702163,9012.082804,9013.792978803063
274.95381,0.310394,-40.701245,9011.675786,9012.652357819254
274.96381,0.310834,-40.700327,9011.268779,9011.690868521819
274.97381,0.311274,-40.699408,9010.86178,9012.666457408253
274.98381,0.311713,-40.69849,9010.45479,9009.177680803707
274.99381,0.312151,-40.697572,9010.04781,9009.939396610787
275.00381,0.312588,-40.696653,9009.640839,9009.9647667542
275.01381,0.313025,-40.695735,9009.233877,9012.648255520025
275.02381,0.313462,-40.694816,9008.826924,9007.2221377585
275.03381,0.313898,-40.693898,9008.419981,9008.543292499546
275.04381,0.314333,-40.692979,9008.013046,9010.773421043774
275.05381,0.314767,-40.69206,9007.606121,9010.462886728954
275.06381,0.315201,-40.691142,9007.199205,9009.336395132816
275.07381,0.315635,-40.690223,9006.792298,9009.420689506216
275.08381,0.316067,-40.689304,9006.385401,9008.121058611841
275.09381,0.316499,-40.688385,9005.978512,9007.661397433594
275.10381,0.31693,-40.687466,9005.571633,9004.474040733294
275.11381,0.317361,-40.686546,9005.164763,9008.193740332408
275.12381,0.317791,-40.685627,9004.757902,9005.885968540699
275.13381,0.318221,-40.684708,9004.35105,9005.823641060979
275.14381,0.318649,-40.683789,9003.944208,9004.94959154534
275.15381,0.319078,-40.682869,9003.537375,9003.783752791918
275.16381,0.319505,-40.68195,9003.130551,9004.265939599436
275.17381,0.319932,-40.68103,9002.723736,9003.572460088886
275.18381,0.320358,-40.680111,9002.31693,9001.06042381743
275.19381,0.320784,-40.679191,9001.910133,8999.671578602942
275.20381,0.321209,-40.678271,9001.503346,9000.3036576859
275.21381,0.321633,-40.677352,9001.096568,9000.844183717656
275.22381,0.322056,-40.676432,9000.689799,9002.682086644225
275.23381,0.322479,-40.675512,9000.283039,8998.792187461682
275.24381,0.322901,-40.674592,8999.876289,8998.960411277181
275.25381,0.323323,-40.673672,8999.469548,8998.188000782467
275.26381,0.323744,-40.672752,8999.062815,9001.911646467592
275.27381,0.324164,-40.671832,8998.656092,8998.059360499223
275.28381,0.324584,-40.670912,8998.249379,8997.813937732304
275.29381,0.325003,-40.669992,8997.842674,8998.969012683134
275.30381,0.325421,-40.669071,8997.435979,8997.36071568204
275.31381,0.325839,-40.668151,8997.029293,8995.830239676012
275.32381,0.326255,-40.667231,8996.622616,8996.81426567714
275.33381,0.326672,-40.66631,8996.215948,8996.388686760478
275.34381,0.327087,-40.66539,8995.80929,8996.355939405334
275.35381,0.327502,-40.664469,8995.40264,8996.63828030875
275.36381,0.327916,-40.663549,8994.996,8996.90869556688
275.37381,0.32833,-40.662628,8994.589369,8993.965137884104
275.38381,0.328743,-40.661707,8994.182748,8992.139945810055
275.39381,0.329155,-40.660787,8993.776135,8994.778399263614
275.40381,0.329566,-40.659866,8993.369532,8993.469483981557
275.41381,0.329977,-40.658945,8992.962938,8991.649891308349
275.42381,0.330387,-40.658024,8992.556353,8994.108656587068
275.43381,0.330797,-40.657104,8992.149777,8993.247427546716
275.44381,0.331206,-40.656183,8991.743211,8993.405429773822
275.45381,0.331614,-40.655262,8991.336654,8992.207908458518
275.46381,0.332021,-40.654341,8990.930106,8993.31943346202
275.47381,0.332428,-40.65342,8990.523567,8992.410978691867
275.48381,0.332834,-40.652499,8990.117037,8992.54744789489
275.49381,0.333239,-40.651577,8989.710517,8991.402605695741
275.50381,0.333644,-40.650656,8989.304006,8989.73544427486
275.51381,0.334048,-40.649735,8988.897504,8990.744114080067
275.52381,0.334451,-40.648814,8988.491011,8990.466762715247
275.53381,0.334854,-40.647893,8988.084528,8986.58733406201
275.54381,0.335256,-40.646971,8987.678053,8989.728792619622
275.55381,0.335657,-40.64605,8987.271588,8989.852455280994
275.56381,0.336057,-40.645129,8986.865132,8986.757871326814
275.57381,0.336457,-40.644207,8986.458686,8988.713742101096
275.58381,0.336856,-40.643286,8986.052248,8987.22512977869
275.59381,0.337255,-40.642364,8985.64582,8985.852824268
275.60381,0.337653,-40.641443,8985.239401,8984.764612062268
275.61381,0.33805,-40.640521,8984.832991,8986.526980945942
275.62381,0.338446,-40.6396,8984.42659,8986.01084978079
275.63381,0.338842,-40.638678,8984.020199,8983.286191765677
275.64381,0.339237,-40.637756,8983.613817,8982.17548600373
275.65381,0.339631,-40.636835,8983.207444,8983.405052596647
275.66381,0.340025,-40.635913,8982.80108,8984.317355500585
275.67381,0.340417,-40.634991,8982.394726,8981.360686050999
275.68381,0.34081,-40.634069,8981.98838,8983.381859021338
275.69381,0.341201,-40.633148,8981.582044,8983.670081055407
275.70381,0.341592,-40.632226,8981.175717,8982.671986265459
275.71381,0.341982,-40.631304,8980.7694,8978.130942891868
275.72381,0.342371,-40.630382,8980.363091,8983.723146905368
275.73381,0.34276,-40.62946,8979.956792,8978.661276548823
275.74381,0.343148,-40.628538,8979.550502,8979.932443725738
275.75381,0.343536,-40.627616,8979.144221,8980.318567256549
275.76381,0.343922,-40.626694,8978.73795,8979.412589409676
275.77381,0.344308,-40.625772,8978.331688,8980.471116406472
275.78381,0.344693,-40.62485,8977.925434,8978.345326479992
275.79381,0.345078,-40.623928,8977.519191,8979.819111750036
275.80381,0.345462,-40.623006,8977.112956,8977.109760059708
275.81381,0.345845,-40.622084,8976.70673,8979.472020235316
275.82381,0.346227,-40.621162,8976.300514,8980.125127472696
275.83381,0.346609,-40.62024,8975.894307,8978.354074980392
275.84381,0.34699,-40.619318,8975.488109,8977.951074801176
275.85381,0.34737,-40.618395,8975.081921,8976.379904093645
275.86381,0.34775,-40.617473,8974.675741,8976.183010619401
275.87381,0.348129,-40.616551,8974.269571,8976.878667007066
275.88381,0.348507,-40.615629,8973.86341,8973.094961070536
275.89381,0.348885,-40.614707,8973.457259,8974.16250945602
275.90381,0.349262,-40.613784,8973.051116,8973.128382872796
275.91381,0.349638,-40.612862,8972.644983,8973.43060610275
275.92381,0.350013,-40.61194,8972.238859,8974.138058986888
275.93381,0.350388,-40.611018,8971.832744,8974.292747452202
275.94381,0.350762,-40.610095,8971.426639,8973.109987627302
275.95381,0.351135,-40.609173,8971.020542,8972.556242420062
275.96381,0.351508,-40.608251,8970.614455,8973.301441417969
275.97381,0.35188,-40.607328,8970.208377,8970.11153185895
275.98381,0.352251,-40.606406,8969.802309,8970.270465358242
275.99381,0.352622,-40.605483,8969.396249,8972.687699255088
276.00381,0.352992,-40.604561,8968.990199,8969.958524618545
276.01381,0.353361,-40.603639,8968.584158,8968.536961815314
276.02381,0.353729,-40.602716,8968.178126,8967.551812524382
276.03381,0.354097,-40.601794,8967.772104,8968.554661542137
276.04381,0.354464,-40.600871,8967.36609,8971.611675094293
276.05381,0.354831,-40.599949,8966.960086,8967.948219932323
276.06381,0.355196,-40.599027,8966.554091,8966.608542892509
276.07381,0.355561,-40.598104,8966.148106,8966.23673821872
276.08381,0.355925,-40.597182,8965.742129,8968.167196606304
276.09381,0.356289,-40.596259,8965.336162,8966.578791898415
276.10381,0.356652,-40.595337,8964.930204,8962.513814077609
276.11381,0.357014,-40.594414,8964.524255,8965.049073859707
276.12381,0.357376,-40.593492,8964.118316,8968.090940218257
276.13381,0.357737,-40.592569,8963.712386,8965.878160547714
276.14381,0.358097,-40.591647,8963.306464,8963.944045087257
276.15381,0.358456,-40.590724,8962.900553,8965.41420710489
276.16381,0.358815,-40.589802,8962.49465,8961.707250121066
276.17381,0.359173,-40.588879,8962.088757,8960.27383090181
276.18381,0.35953,-40.587957,8961.682872,8963.592749247215
276.19381,0.359887,-40.587034,8961.276997,8964.817818945847
276.20381,0.360243,-40.586112,8960.871132,8959.779392211569
276.21381,0.360598,-40.585189,8960.465275,8960.405193668805
276.22381,0.360953,-40.584267,8960.059428,8961.137889469283
276.23381,0.361307,-40.583344,8959.65359,8961.700189764933
276.24381,0.36166,-40.582422,8959.247761,8959.662697646321
276.25381,0.362012,-40.581499,8958.841941,8957.742519856632
276.26381,0.362364,-40.580577,8958.436131,8957.850503179596
276.27381,0.362715,-40.579655,8958.03033,8957.275028316895
276.28381,0.363066,-40.578732,8957.624538,8958.813350528886
276.29381,0.363416,-40.57781,8957.218755,8958.582795815146
276.30381,0.363765,-40.576887,8956.812982,8959.228812311509
276.31381,0.364113,-40.575965,8956.407217,8955.292322606685
276.32381,0.364461,-40.575042,8956.001462,8956.43448103776
276.33381,0.364808,-40.57412,8955.595717,8958.120570982761
276.34381,0.365154,-40.573197,8955.18998,8956.292014037033
276.35381,0.3655,-40.572275,8954.784253,8953.610093268757
276.36381,0.365845,-40.571352,8954.378535,8955.818983236106
276.37381,0.366189,-40.57043,8953.972826,8955.36520348149
276.38381,0.366532,-40.569508,8953.567126,8954.56328084638
276.39381,0.366875,-40.568585,8953.161435,8952.785209810412
276.40381,0.367218,-40.567663,8952.755754,8955.624986157278
276.41381,0.367559,-40.56674,8952.350082,8953.559432134647
276.42381,0.3679,-40.565818,8951.944419,8953.386397276186
276.43381,0.36824,-40.564896,8951.538766,8953.167706037495
276.44381,0.36858,-40.563973,8951.133122,8949.0181768664
276.45381,0.368919,-40.563051,8950.727486,8951.994732936744
276.46381,0.369257,-40.562129,8950.321861,8950.206002550953
276.47381,0.369594,-40.561206,8949.916244,8950.891446687927
276.48381,0.369931,-40.560284,8949.510636,8952.677638197496
276.49381,0.370267,-40.559362,8949.105038,8950.566598589483
276.50381,0.370603,-40.558439,8948.699449,8951.786684070936
276.51381,0.370937,-40.557517,8948.293869,8947.67957462659
276.52381,0.371271,-40.556595,8947.888299,8949.861071761916
276.53381,0.371605,-40.555673,8947.482737,8948.36748902671
276.54381,0.371938,-40.55475,8947.077185,8944.906600710532
276.55381,0.37227,-40.553828,8946.671642,8946.99535543512
276.56381,0.372601,-40.552906,8946.266109,8946.997313347023
276.57381,0.372932,-40.551984,8945.860584,8947.98859095218
276.58381,0.373262,-40.551062,8945.455069,8946.393017301814
276.59381,0.373591,-40.55014,8945.049563,8944.016612442074
276.60381,0.37392,-40.549217,8944.644066,8946.561388298021
276.61381,0.374248,-40.548295,8944.238579,8946.049042078304
276.62381,0.374575,-40.547373,8943.8331,8944.441852916494
276.63381,0.374902,-40.546451,8943.427631,8944.552498718855
276.64381,0.375228,-40.545529,8943.022171,8943.094846701251
276.65381,0.375553,-40.544607,8942.616721,8941.445262169505
276.66381,0.375878,-40.543685,8942.211279,8944.20532086287
276.67381,0.376202,-40.542763,8941.805847,8942.34578855611
276.68381,0.376526,-40.541841,8941.400424,8943.290334788408
276.69381,0.376848,-40.540919,8940.99501,8942.740414988848
276.70381,0.37717,-40.539997,8940.589606,8943.474363114525
276.71381,0.377492,-40.539075,8940.18421,8939.68359921464
276.72381,0.377812,-40.538154,8939.778824,8940.06048951947
276.73381,0.378132,-40.537232,8939.373447,8943.009574931713
276.74381,0.378452,-40.53631,8938.968079,8939.661158260196
276.75381,0.378771,-40.535388,8938.562721,8937.830332188756
276.76381,0.379089,-40.534466,8938.157372,8937.174349285555
276.77381,0.379406,-40.533545,8937.752032,8936.11035675
276.78381,0.379723,-40.532623,8937.346701,8937.607105948755
276.79381,0.380039,-40.531701,8936.941379,8936.56208745951
276.80381,0.380355,-40.530779,8936.536067,8937.64406124877
276.81381,0.380669,-40.529858,8936.130764,8936.383464845094
276.82381,0.380984,-40.528936,8935.72547,8938.219146497084
276.83381,0.381297,-40.528015,8935.320185,8937.58031042221
276.84381,0.38161,-40.527093,8934.914909,8934.478760686949
276.85381,0.381922,-40.526171,8934.509643,8937.913421275924
276.86381,0.382234,-40.52525,8934.104386,8935.501549701306
276.87381,0.382545,-40.524329,8933.699138,8935.899082353711
276.88381,0.382855,-40.523407,8933.293899,8933.284121106044
276.89381,0.383164,-40.522486,8932.88867,8937.203338860574
276.90381,0.383473,-40.521564,8932.48345,8934.582465386939
276.91381,0.383782,-40.520643,8932.078239,8931.70065271515
276.92381,0.384089,-40.519722,8931.673037,8933.03934476124
276.93381,0.384396,-40.5188,8931.267844,8934.41817012272
276.94381,0.384703,-40.517879,8930.862661,8931.138616676577
276.95381,0.385008,-40.516958,8930.457487,8927.805608879517
276.96381,0.385314,-40.516037,8930.052322,8931.797771007054
276.97381,0.385618,-40.515115,8929.647166,8930.240107296842
276.98381,0.385922,-40.514194,8929.242019,8928.662950096528
276.99381,0.386225,-40.513273,8928.836882,8932.843044123083
277.00381,0.386528,-40.512352,8928.431754,8929.385595472131
277.01381,0.386829,-40.511431,8928.026635,8927.792709582367
277.02381,0.387131,-40.51051,8927.621525,8929.199318132181
277.03381,0.387431,-40.509589,8927.216425,8927.0985718923
277.04381,0.387731,-40.508668,8926.811333,8927.087075982392
277.05381,0.388031,-40.507747,8926.406251,8930.21980736976
277.06381,0.388329,-40.506827,8926.001178,8930.217409538825
277.07381,0.388627,-40.505906,8925.596115,8927.954996011345
277.08381,0.388925,-40.504985,8925.19106,8925.06964764301
277.09381,0.389222,-40.504064,8924.786015,8922.721765160426
277.10381,0.389518,-40.503144,8924.380979,8924.88579149512
277.11381,0.389814,-40.502223,8923.975952,8927.4074826387
277.12381,0.390108,-40.501302,8923.570935,8925.78952173713
277.13381,0.390403,-40.500382,8923.165926,8925.362749455317
277.14381,0.390696,-40.499461,8922.760927,8923.97719794813
277.15381,0.39099,-40.498541,8922.355937,8922.65021436217
277.16381,0.391282,-40.49762,8921.950956,8921.94966129477
277.17381,0.391574,-40.4967,8921.545985,8923.575616917886
277.18381,0.391865,-40.495779,8921.141022,8922.0081157542
277.19381,0.392156,-40.494859,8920.736069,8919.535960049552
277.20381,0.392445,-40.493939,8920.331125,8921.92236531169
277.21381,0.392735,-40.493018,8919.92619,8920.746338917454
277.22381,0.393024,-40.492098,8919.521265,8917.73841780821
277.23381,0.393312,-40.491178,8919.116348,8917.45056511654
277.24381,0.393599,-40.490258,8918.711441,8920.744079837052
277.25381,0.393886,-40.489338,8918.306543,8920.044781099043
277.26381,0.394172,-40.488418,8917.901654,8919.211500910991
277.27381,0.394458,-40.487498,8917.496775,8920.217885176959
277.28381,0.394743,-40.486578,8917.091904,8916.88053299814
277.29381,0.395027,-40.485658,8916.687043,8915.381891361068
277.30381,0.395311,-40.484738,8916.282191,8914.135771936773
277.31381,0.395594,-40.483818,8915.877348,8916.709203134724
277.32381,0.395877,-40.482898,8915.472515,8916.551568622723
277.33381,0.396159,-40.481979,8915.06769,8916.733901563377
277.34381,0.39644,-40.481059,8914.662875,8913.709242231502
277.35381,0.396721,-40.480139,8914.258069,8913.12587340633
277.36381,0.397001,-40.47922,8913.853272,8915.071042745429
277.37381,0.39728,-40.4783,8913.448485,8911.400146649765
277.38381,0.397559,-40.477381,8913.043706,8914.935505154474
277.39381,0.397838,-40.476461,8912.638937,8912.50323623223
277.40381,0.398115,-40.475542,8912.234177,8914.029980514746
277.41381,0.398392,-40.474622,8911.829426,8910.812926017476
277.42381,0.398669,-40.473703,8911.424685,8913.279170593707
277.43381,0.398945,-40.472784,8911.019952,8915.854562409766
277.44381,0.39922,-40.471865,8910.615229,8911.114281406584
277.45381,0.399495,-40.470946,8910.210515,8910.885732604414
277.46381,0.399769,-40.470026,8909.80581,8912.149007677095
277.47381,0.400042,-40.469107,8909.401115,8910.523272913359
277.48381,0.400315,-40.468188,8908.996428,8909.039662375279
277.49381,0.400588,-40.467269,8908.591751,8909.51391589926
277.50381,0.400859,-40.46635,8908.187083,8908.739237193126
277.51381,0.401131,-40.465432,8907.782424,8908.485837292374
277.52381,0.401401,-40.464513,8907.377774,8906.855802397455
277.53381,0.401671,-40.463594,8906.973134,8907.377895964166
277.54381,0.40194,-40.462675,8906.568502,8906.878007303249
277.55381,0.402209,-40.461757,8906.16388,8909.289859790071
277.56381,0.402477,-40.460838,8905.759267,8907.064081752429
277.57381,0.402745,-40.45992,8905.354663,8906.677820116323
277.58381,0.403012,-40.459001,8904.950069,8905.367441998336
277.59381,0.403278,-40.458083,8904.545483,8906.046748599054
277.60381,0.403544,-40.457164,8904.140907,8903.352533454887
277.61381,0.40381,-40.456246,8903.73634,8904.92517346001
277.62381,0.404074,-40.455328,8903.331782,8903.874937395338
277.63381,0.404338,-40.454409,8902.927233,8906.57610151266
277.64381,0.404602,-40.453491,8902.522694,8903.146815465007
277.65381,0.404865,-40.452573,8902.118164,8905.311190409933
277.66381,0.405127,-40.451655,8901.713642,8900.660265421608
277.67381,0.405389,-40.450737,8901.30913,8901.535637066234
277.68381,0.40565,-40.449819,8900.904628,8902.993893403642
277.69381,0.405911,-40.448901,8900.500134,8902.577489478146
277.70381,0.406171,-40.447983,8900.09565,8903.074372130299
277.71381,0.40643,-40.447066,8899.691174,8900.3823265478
277.72381,0.406689,-40.446148,8899.286708,8898.35513281032
277.73381,0.406948,-40.44523,8898.882251,8899.844522777066
277.74381,0.407205,-40.444313,8898.477804,8898.646875965218
277.75381,0.407463,-40.443395,8898.073365,8900.984302194138
277.76381,0.407719,-40.442478,8897.668936,8899.309307906202
277.77381,0.407975,-40.44156,8897.264516,8900.360452686924
277.78381,0.408231,-40.440643,8896.860105,8897.923313154268
277.79381,0.408486,-40.439725,8896.455703,8896.997384728671
277.80381,0.40874,-40.438808,8896.05131,8897.73798108773
277.81381,0.408994,-40.437891,8895.646927,8895.176634256679
277.82381,0.409247,-40.436974,8895.242552,8895.256995696813
277.83381,0.4095,-40.436057,8894.838187,8896.533438850418
277.84381,0.409752,-40.43514,8894.433831,8895.571284118325
277.85381,0.410003,-40.434223,8894.029484,8895.355225793435
277.86381,0.410254,-40.433306,8893.625147,8893.070978601372
277.87381,0.410505,-40.432389,8893.220818,8892.180324579522
277.88381,0.410755,-40.431472,8892.816499,8893.421006196182
277.89381,0.411004,-40.430556,8892.412189,8894.564690418865
277.90381,0.411253,-40.429639,8892.007888,8893.500180806072
277.91381,0.411501,-40.428722,8891.603596,8892.103956115792
277.92381,0.411749,-40.427806,8891.199313,8890.273286929472
277.93381,0.411996,-40.426889,8890.79504,8891.071823717359
277.94381,0.412242,-40.425973,8890.390776,8891.149174058723
277.95381,0.412488,-40.425057,8889.98652,8891.11762480868
277.96381,0.412734,-40.42414,8889.582274,8890.431439853448
277.97381,0.412979,-40.423224,8889.178038,8890.243831334914
277.98381,0.413223,-40.422308,8888.77381,8891.671941270395
277.99381,0.413467,-40.421392,8888.369591,8888.75717013935
278.00381,0.41371,-40.420476,8887.965382,8888.389254163243
278.01381,0.413953,-40.41956,8887.561182,8888.337011104986
278.02381,0.414195,-40.418644,8887.156991,8887.930260024561
278.03381,0.414437,-40.417728,8886.752809,8888.14407886484
278.04381,0.414678,-40.416813,8886.348636,8883.391051355828
278.05381,0.414918,-40.415897,8885.944473,8886.727491686146
278.06381,0.415158,-40.414981,8885.540318,8886.998599928469
278.07381,0.415398,-40.414066,8885.136173,8886.681052529773
278.08381,0.415637,-40.41315,8884.732037,8883.979518059949
278.09381,0.415875,-40.412235,8884.32791,8886.676664271601
278.10381,0.416113,-40.41132,8883.923792,8886.409483071173
278.11381,0.416351,-40.410404,8883.519684,8883.952222730257
278.12381,0.416587,-40.409489,8883.115584,8883.947352005336
278.13381,0.416824,-40.408574,8882.711494,8881.21358967357
278.14381,0.417059,-40.407659,8882.307413,8881.978143745297
278.15381,0.417295,-40.406744,8881.903341,8885.304465534939
278.16381,0.417529,-40.405829,8881.499278,8881.224860945069
278.17381,0.417763,-40.404914,8881.095224,8879.751342716507
278.18381,0.417997,-40.403999,8880.69118,8880.493052074418
278.19381,0.41823,-40.403084,8880.287144,8881.447786800041
278.20381,0.418463,-40.40217,8879.883118,8882.744491522364
278.21381,0.418695,-40.401255,8879.479101,8880.346610442515
278.22381,0.418926,-40.400341,8879.075093,8879.300228426473
278.23381,0.419157,-40.399426,8878.671094,8876.503427615386
278.24381,0.419388,-40.398512,8878.267104,8877.767191594257
278.25381,0.419617,-40.397597,8877.863124,8878.005645094068
278.26381,0.419847,-40.396683,8877.459152,8877.303678779714
278.27381,0.420076,-40.395769,8877.05519,8880.770317217526
278.28381,0.420304,-40.394855,8876.651237,8877.578273744892
278.29381,0.420532,-40.393941,8876.247293,8878.144175038484
278.30381,0.420759,-40.393027,8875.843358,8876.694440022251
278.31381,0.420986,-40.392113,8875.439433,8874.453401430286
278.32381,0.421213,-40.391199,8875.035516,8875.435727140748
278.33381,0.421438,-40.390285,8874.631609,8875.848797709297
278.34381,0.421664,-40.389372,8874.22771,8873.091881529961
278.35381,0.421888,-40.388458,8873.823821,8875.46709197925
278.36381,0.422113,-40.387544,8873.419941,8875.58321995426
278.37381,0.422336,-40.386631,8873.01607,8875.256452097039
278.38381,0.42256,-40.385718,8872.612209,8874.487106828563
278.39381,0.422782,-40.384804,8872.208356,8874.229670878658
278.40381,0.423005,-40.383891,8871.804512,8871.564281562032
278.41381,0.423226,-40.382978,8871.400678,8871.6111641951
278.42381,0.423448,-40.382065,8870.996853,8872.525234247574
278.43381,0.423668,-40.381152,8870.593037,8869.896086575665
278.44381,0.423888,-40.380239,8870.18923,8873.497757720474
278.45381,0.424108,-40.379326,8869.785432,8870.698165898404
278.46381,0.424327,-40.378413,8869.381643,8870.790650556573
278.47381,0.424546,-40.3775,8868.977864,8868.141565969278
278.48381,0.424764,-40.376588,8868.574093,8870.01170992715
278.49381,0.424982,-40.375675,8868.170332,8870.13938694778
278.50381,0.425199,-40.374763,8867.76658,8868.01390050525
278.51381,0.425416,-40.37385,8867.362837,8869.107543477934
278.52381,0.425632,-40.372938,8866.959103,8868.240976765332
278.53381,0.425848,-40.372025,8866.555378,8867.242852820844
278.54381,0.426063,-40.371113,8866.151662,8867.955724614303
278.55381,0.426278,-40.370201,8865.747956,8866.01804849782
278.56381,0.426492,-40.369289,8865.344258,8864.865103374772
278.57381,0.426706,-40.368377,8864.94057,8866.416781796896
278.58381,0.426919,-40.367465,8864.536891,8864.138441739879
278.59381,0.427132,-40.366553,8864.133221,8865.481347930532
278.60381,0.427344,-40.365642,8863.72956,8865.263547129078
278.61381,0.427556,-40.36473,8863.325908,8862.848302075003
278.62381,0.427767,-40.363818,8862.922265,8862.222645010741
278.63381,0.427978,-40.362907,8862.518631,8864.643457848284
278.64381,0.428188,-40.361995,8862.115007,8863.608355301902
278.65381,0.428398,-40.361084,8861.711392,8858.712676057214
278.66381,0.428607,-40.360173,8861.307785,8859.718609048463
278.67381,0.428816,-40.359262,8860.904188,8861.877147282397
278.68381,0.429025,-40.35835,8860.5006,8861.062289082753
278.69381,0.429233,-40.357439,8860.097021,8860.735400097807
278.70381,0.42944,-40.356528,8859.693451,8860.406031941908
278.71381,0.429647,-40.355618,8859.28989,8860.931252340386
278.72381,0.428553,-40.354707,8858.886339,8862.894331878826
278.73381,0.427457,-40.353797,8858.482796,8861.858703450418
278.74381,0.426364,-40.352888,8858.079263,8857.716202448732
278.75381,0.425274,-40.351979,8857.675739,8856.779523987982
278.76381,0.424187,-40.351071,8857.272223,8858.201190107204
278.77381,0.423103,-40.350164,8856.868717,8855.075731039336
278.78381,0.422021,-40.349258,8856.46522,8857.09553074708
278.79381,0.420943,-40.348352,8856.061732,8857.018241375179
278.80381,0.419867,-40.347446,8855.658253,8856.23998422468
278.81381,0.418794,-40.346541,8855.254783,8857.455871619974
278.82381,0.417724,-40.345637,8854.851322,8855.006821655754
278.83381,0.416657,-40.344734,8854.44787,8855.60925554596
278.84381,0.415593,-40.343831,8854.044428,8854.285066297542
278.85381,0.414531,-40.342929,8853.640994,8854.31528375315
278.86381,0.413472,-40.342027,8853.237569,8852.049505721598
278.87381,0.412417,-40.341126,8852.834153,8849.803738937675
278.88381,0.411363,-40.340225,8852.430746,8853.218454209791
278.89381,0.410313,-40.339325,8852.027349,8853.81304508422
278.90381,0.409266,-40.338426,8851.62396,8852.232501312512
278.91381,0.408221,-40.337527,8851.22058,8852.930611758064
278.92381,0.407179,-40.336629,8850.817209,8851.882988584764
278.93381,0.40614,-40.335731,8850.413848,8849.646685896127
278.94381,0.405103,-40.334834,8850.010495,8850.948776428257
278.95381,0.404069,-40.333937,8849.607151,8850.632754536851
278.96381,0.403038,-40.333041,8849.203816,8850.00978023377
278.97381,0.40201,-40.332146,8848.80049,8848.268023145713
278.98381,0.400985,-40.331251,8848.397173,8850.47337294167
278.99381,0.399962,-40.330357,8847.993865,8847.818831700923
279.00381,0.398942,-40.329463,8847.590566,8846.985468640964
279.01381,0.397925,-40.328569,8847.187276,8848.497323507838
279.02381,0.396913,-40.327677,8846.783995,8847.568903890624
279.03381,0.395907,-40.326784,8846.380722,8848.623251645418
279.04381,0.394903,-40.325892,8845.977459,8845.620863612738
279.05381,0.393902,-40.325,8845.574204,8846.36355468379
279.06381,0.392904,-40.324108,8845.170959,8848.232987143192
279.07381,0.391909,-40.323217,8844.767722,8844.348241467367
279.08381,0.390916,-40.322326,8844.364495,8847.609339154256
279.09381,0.389925,-40.321436,8843.961276,8842.821879425923
279.10381,0.388938,-40.320545,8843.558066,8843.091287791292
279.11381,0.387953,-40.319655,8843.154865,8844.290767309132
279.12381,0.386971,-40.318765,8842.751673,8845.147846997941
279.13381,0.385991,-40.317876,8842.34849,8843.101986873435
279.14381,0.385014,-40.316986,8841.945315,8844.336164064413
279.15381,0.38404,-40.316097,8841.54215,8842.389910887292
279.16381,0.383068,-40.315208,8841.138993,8840.633904271072
279.17381,0.382099,-40.31432,8840.735846,8841.341816833647
279.18381,0.381133,-40.313432,8840.332707,8839.719204519535
279.19381,0.380169,-40.312544,8839.929577,8840.655168727395
279.20381,0.379208,-40.311656,8839.526456,8839.669910965249
279.21381,0.378249,-40.310769,8839.123344,8840.606318443864
279.22381,0.377293,-40.309881,8838.720241,8837.607476633813
279.23381,0.37634,-40.308995,8838.317146,8839.356369717494
279.24381,0.375389,-40.308108,8837.914061,8838.73499588329
279.25381,0.374441,-40.307221,8837.510984,8838.424688212452
279.26381,0.373495,-40.306335,8837.107916,8838.996246844481
279.27381,0.372552,-40.305449,8836.704857,8838.017741467489
279.28381,0.371612,-40.304563,8836.301807,8838.589964011959
279.29381,0.370674,-40.303678,8835.898766,8836.71207307316
279.30381,0.369738,-40.302793,8835.495734,8835.04903487264
279.31381,0.368806,-40.301908,8835.09271,8836.84765233937
279.32381,0.367875,-40.301023,8834.689696,8835.08397008169
279.33381,0.366948,-40.300138,8834.28669,8832.967851874251
279.34381,0.366022,-40.299254,8833.883693,8834.112451619012
279.35381,0.3651,-40.29837,8833.480705,8834.303868403751
279.36381,0.36418,-40.297486,8833.077725,8833.896934969956
279.37381,0.363262,-40.296602,8832.674755,8835.24130453765
279.38381,0.362347,-40.295719,8832.271793,8834.362686958948
279.39381,0.361435,-40.294835,8831.868841,8829.35523199348
279.40381,0.360525,-40.293952,8831.465897,8830.52471794919
279.41381,0.359617,-40.293069,8831.062962,8833.974660768587
279.42381,0.358712,-40.292187,8830.660035,8830.911294509591
279.43381,0.35781,-40.291304,8830.257118,8829.163277784543
279.44381,0.35691,-40.290422,8829.854209,8828.278870600061
279.45381,0.356012,-40.28954,8829.451309,8829.649705583444
279.46381,0.355117,-40.288658,8829.048418,8830.428010615264
279.47381,0.354224,-40.287776,8828.645536,8826.298314052936
279.48381,0.353334,-40.286895,8828.242663,8829.187774129416
279.49381,0.352447,-40.286013,8827.839798,8828.531435189685
279.50381,0.351562,-40.285132,8827.436943,8829.818196392273
279.51381,0.350679,-40.284251,8827.034096,8829.695919362974
279.52381,0.349799,-40.28337,8826.631258,8826.33635424724
279.53381,0.348921,-40.28249,8826.228428,8827.595272473432
279.54381,0.348045,-40.281609,8825.825608,8827.007770893
279.55381,0.347173,-40.280729,8825.422796,8823.608979787003
279.56381,0.346302,-40.279849,8825.019993,8826.398081382578
279.57381,0.345434,-40.278969,8824.617199,8827.332932200283
279.58381,0.344568,-40.278089,8824.214414,8824.369958235282
279.59381,0.343705,-40.27721,8823.811637,8823.461013843786
279.60381,0.342845,-40.27633,8823.40887,8823.890933043167
279.61381,0.341986,-40.275451,8823.006111,8824.78813361603
279.62381,0.34113,-40.274572,8822.603361,8823.13044342446
279.63381,0.340277,-40.273693,8822.200619,8822.262074823848
279.64381,0.339426,-40.272814,8821.797887,8822.532068116272
279.65381,0.338577,-40.271935,8821.395163,8821.603775160685
279.66381,0.337731,-40.271057,8820.992448,8823.202185704877
279.67381,0.336887,-40.270178,8820.589742,8822.441476319784
279.68381,0.336045,-40.2693,8820.187044,8821.384099716885
279.69381,0.335206,-40.268422,8819.784356,8820.80880545702
279.70381,0.334369,-40.267544,8819.381676,8818.976382355522
279.71381,0.333535,-40.266666,8818.979005,8818.1346306821
279.72381,0.332702,-40.265789,8818.576343,8816.08634825677
279.73381,0.331873,-40.264911,8818.173689,8818.808358915632
279.74381,0.331045,-40.264034,8817.771044,8817.835567403541
279.75381,0.33022,-40.263157,8817.368409,8816.420885672262
279.76381,0.329474,-40.26228,8816.965781,8816.279246357639
279.77381,0.328803,-40.261403,8816.563163,8816.301475803944
279.78381,0.328134,-40.260526,8816.160553,8815.88018472206
279.79381,0.327467,-40.259649,8815.757952,8817.302435532052
279.80381,0.326801,-40.258772,8815.35536,8813.25541370048
279.81381,0.326138,-40.257895,8814.952777,8815.266086979345
279.82381,0.325477,-40.257019,8814.550202,8812.464363705963
279.83381,0.324817,-40.256142,8814.147637,8813.95295856759
279.84381,0.32416,-40.255265,8813.74508,8817.006530927167
279.85381,0.323504,-40.254389,8813.342531,8810.028222759398
279.86381,0.322851,-40.253513,8812.939992,8812.086345328364
279.87381,0.322199,-40.252636,8812.537461,8812.281324766016
279.88381,0.321549,-40.25176,8812.134939,8810.11196318615
279.89381,0.320901,-40.250884,8811.732426,8812.726316265878
279.90381,0.320255,-40.250008,8811.329921,8814.456282875202
279.91381,0.319611,-40.249132,8810.927426,8808.761971036833
279.92381,0.318969,-40.248256,8810.524939,8814.767611030667
279.93381,0.318329,-40.24738,8810.122461,8810.751623368484
279.94381,0.317691,-40.246504,8809.719991,8809.025147689255
279.95381,0.317055,-40.245628,8809.317531,8807.964980610164
279.96381,0.31642,-40.244752,8808.915079,8808.880670127897
279.97381,0.315788,-40.243877,8808.512635,8810.75993873982
279.98381,0.315157,-40.243001,8808.110201,8808.071126980298
279.99381,0.314528,-40.242125,8807.707775,8808.700463004221
280.00381,0.313901,-40.24125,8807.305359,8809.70305728181
280.01381,0.313276,-40.240374,8806.90295,8806.414030947366
280.02381,0.312653,-40.239499,8806.500551,8805.636181948219
280.03381,0.312032,-40.238624,8806.09816,8806.040003088137
280.04381,0.311412,-40.237748,8805.695779,8806.428818327782
280.05381,0.310795,-40.236873,8805.293406,8804.790114915826
280.06381,0.310177,-40.235998,8804.891041,8805.730100050554
280.07381,0.309556,-40.235123,8804.488686,8806.185740347817
280.08381,0.308936,-40.234248,8804.086339,8804.072438115136
280.09381,0.308318,-40.233374,8803.684001,8804.007578817831
280.10381,0.307703,-40.2325,8803.281671,8800.915635861847
280.11381,0.307089,-40.231626,8802.879351,8802.026227589851
280.12381,0.306476,-40.230752,8802.477039,8802.093539517367
280.13381,0.305866,-40.229879,8802.074736,8802.808565401549
280.14381,0.305258,-40.229006,8801.672441,8803.406915438181
280.15381,0.304651,-40.228133,8801.270155,8799.303252152922
280.16381,0.304046,-40.227261,8800.867878,8801.88603073927
280.17381,0.303443,-40.226389,8800.46561,8802.548068589813
280.18381,0.302842,-40.225517,8800.063351,8800.610068993046
280.19381,0.302243,-40.224645,8799.6611,8800.414527508943
280.20381,0.301645,-40.223774,8799.258858,8799.825637511434
280.21381,0.30105,-40.222903,8798.856624,8798.380260382375
280.22381,0.300456,-40.222032,8798.4544,8796.758624246428
280.23381,0.299864,-40.221162,8798.052184,8799.618785179027
280.24381,0.299274,-40.220291,8797.649976,8797.973093072025
280.25381,0.298685,-40.219421,8797.247778,8798.37377547671
280.26381,0.298099,-40.218552,8796.845588,8798.117615810941
280.27381,0.297514,-40.217682,8796.443407,8798.499243745384
280.28381,0.296931,-40.216813,8796.041234,8796.994419787237
280.29381,0.29635,-40.215944,8795.639071,8795.573496492936
280.30381,0.29577,-40.215075,8795.236916,8794.342849116687
280.31381,0.295192,-40.214206,8794.834769,8794.053812586995
280.32381,0.294617,-40.213338,8794.432631,8794.576687527642
280.33381,0.294042,-40.21247,8794.030502,8793.00025273734
280.34381,0.29347,-40.211602,8793.628382,8794.952773473111
280.35381,0.292899,-40.210735,8793.22627,8793.578787982193
280.36381,0.292331,-40.209868,8792.824167,8795.659062913755
280.37381,0.291764,-40.209001,8792.422073,8794.642759247366
280.38381,0.291198,-40.208134,8792.019987,8791.974204017173
280.39381,0.290635,-40.207267,8791.61791,8791.136026551745
280.40381,0.290073,-40.206401,8791.215842,8793.701025591474
280.41381,0.289513,-40.205535,8790.813782,8794.19623620591
280.42381,0.288954,-40.204669,8790.411731,8792.115419605123
280.43381,0.288398,-40.203803,8790.009689,8793.75270817447
280.44381,0.287843,-40.202938,8789.607655,8790.638770246467
280.45381,0.28729,-40.202073,8789.20563,8789.497873487548
280.46381,0.286738,-40.201208,8788.803614,8791.826214167777
280.47381,0.286189,-40.200343,8788.401606,8786.9045663411
280.48381,0.285641,-40.199478,8787.999607,8787.188545621035
280.49381,0.285094,-40.198614,8787.597616,8789.368410498008
280.50381,0.28455,-40.19775,8787.195635,8786.53457187155
280.51381,0.284007,-40.196886,8786.793661,8786.26795953413
280.52381,0.283466,-40.196022,8786.391697,8787.263349929388
280.53381,0.282927,-40.195159,8785.989741,8784.64335309587
280.54381,0.282389,-40.194296,8785.587794,8785.12614087906
280.55381,0.281853,-40.193433,8785.185855,8783.940264342724
280.56381,0.281318,-40.19257,8784.783925,8784.196639148286
280.57381,0.280786,-40.191707,8784.382004,8786.240958113074
280.58381,0.280255,-40.190845,8783.980091,8783.298995000543
280.59381,0.279725,-40.189983,8783.578187,8785.299284965193
280.60381,0.279198,-40.189121,8783.176291,8784.483920508044
280.61381,0.278672,-40.188259,8782.774404,8781.428172719414
280.62381,0.278148,-40.187397,8782.372526,8783.801538736267
280.63381,0.277625,-40.186536,8781.970656,8783.325597743844
280.64381,0.277104,-40.185675,8781.568795,8781.252841908932
280.65381,0.276585,-40.184814,8781.166943,8780.544648959818
280.66381,0.276067,-40.183953,8780.765099,8780.884180056937
280.67381,0.275551,-40.183092,8780.363264,8779.975625126002
280.68381,0.275037,-40.182232,8779.961437,8779.711454791413
280.69381,0.274524,-40.181372,8779.559619,8779.236610056356
280.70381,0.274013,-40.180512,8779.15781,8779.730262332643
280.71381,0.273504,-40.179652,8778.756009,8777.83322479935
280.72381,0.272996,-40.178792,8778.354217,8777.63316944759
280.73381,0.27249,-40.177933,8777.952433,8779.223263280968
280.74381,0.271985,-40.177074,8777.550658,8777.927239528744
280.75381,0.271482,-40.176215,8777.148892,8777.317224688417
280.76381,0.270981,-40.175356,8776.747134,8775.660216406437
280.77381,0.270481,-40.174497,8776.345385,8775.034618638052
280.78381,0.269983,-40.173638,8775.943644,8777.204654191935
280.79381,0.269487,-40.17278,8775.541912,8777.250741986003
280.80381,0.268992,-40.171922,8775.140188,8777.060825858212
280.81381,0.268499,-40.171064,8774.738473,8775.238155742903
280.82381,0.268007,-40.170206,8774.336767,8774.476181881637
280.83381,0.267517,-40.169348,8773.935069,8778.008471238047
280.84381,0.267029,-40.168491,8773.53338,8775.27659020349
280.85381,0.266542,-40.167634,8773.131699,8771.158320684273
280.86381,0.266056,-40.166776,8772.730027,8772.442655724308
280.87381,0.265573,-40.165919,8772.328364,8774.451653062584
280.88381,0.265091,-40.165063,8771.926709,8773.78583514448
280.89381,0.26461,-40.164206,8771.525063,8772.879545078426
280.90381,0.264131,-40.16335,8771.123425,8771.721531361674
280.91381,0.263654,-40.162493,8770.721796,8772.530528774938
280.92381,0.263178,-40.161637,8770.320175,8772.721533687169
280.93381,0.262704,-40.160781,8769.918563,8769.454654359419
280.94381,0.262231,-40.159925,8769.516959,8769.41793954102
280.95381,0.26176,-40.15907,8769.115364,8769.752448810286
280.96381,0.26129,-40.158214,8768.713778,8771.67338381374
280.97381,0.260822,-40.157359,8768.3122,8770.871866956113
280.98381,0.260356,-40.156504,8767.910631,8770.276517583912
280.99381,0.259891,-40.155649,8767.50907,8767.922988063354
281.00381,0.259427,-40.154794,8767.107518,8765.37906887189
281.01381,0.258965,-40.153939,8766.705974,8769.559245195798
281.02381,0.258505,-40.153085,8766.304439,8768.53504733305
281.03381,0.258046,-40.15223,8765.902912,8766.545010552485
281.04381,0.257589,-40.151376,8765.501394,8766.895117560443
281.05381,0.257133,-40.150522,8765.099885,8765.610264087805
281.06381,0.256679,-40.149668,8764.698384,8764.507724845384
281.07381,0.256226,-40.148814,8764.296892,8764.533567853681
281.08381,0.255775,-40.14796,8763.895408,8766.4859284406
281.09381,0.255325,-40.147107,8763.493932,8765.451799131153
281.10381,0.254877,-40.146254,8763.092466,8765.628316679815
281.11381,0.254431,-40.1454,8762.691007,8763.006449612962
281.12381,0.253985,-40.144547,8762.289558,8761.611166656869
281.13381,0.253542,-40.143694,8761.888116,8762.7398280645
281.14381,0.253099,-40.142842,8761.486684,8761.977693830282
281.15381,0.252659,-40.141989,8761.085259,8760.668000137832
281.16381,0.25222,-40.141136,8760.683844,8760.79571002119
281.17381,0.251782,-40.140284,8760.282437,8761.172267796535
281.18381,0.251346,-40.139432,8759.881038,8760.651707012701
281.19381,0.250911,-40.13858,8759.479648,8759.571180346376
281.20381,0.250478,-40.137728,8759.078267,8759.974911619882
281.21381,0.250046,-40.136876,8758.676894,8760.971990328975
281.22381,0.249615,-40.136024,8758.275529,8761.082163104988
281.23381,0.249186,-40.135173,8757.874173,8759.426957241385
281.24381,0.248759,-40.134321,8757.472826,8758.897039755064
281.25381,0.248333,-40.13347,8757.071487,8759.986674758758
281.26381,0.247908,-40.132619,8756.670156,8755.97261499158
281.27381,0.247485,-40.131768,8756.268834,8755.990327871408
281.28381,0.247064,-40.130917,8755.867521,8754.786443798283
281.29381,0.246644,-40.130066,8755.466216,8755.728809931088
281.30381,0.246225,-40.129216,8755.06492,8755.001937515257
281.31381,0.245808,-40.128365,8754.663632,8752.535074605003
281.32381,0.245392,-40.127515,8754.262352,8756.869046748454
281.33381,0.244977,-40.126665,8753.861081,8752.281962745668
281.34381,0.244564,-40.125814,8753.459819,8755.43180810888
281.35381,0.244153,-40.124964,8753.058565,8756.422011420995
281.36381,0.243743,-40.124115,8752.65732,8753.206580299237
281.37381,0.243334,-40.123265,8752.256083,8753.429343688129
281.38381,0.242927,-40.122415,8751.854854,8751.537706208243
281.39381,0.242521,-40.121566,8751.453634,8754.471532145953
281.40381,0.242116,-40.120716,8751.052423,8752.66401220871
281.41381,0.241713,-40.119867,8750.65122,8751.966401546211
281.42381,0.241311,-40.119018,8750.250026,8752.954707543064
281.43381,0.240911,-40.118169,8749.84884,8750.915063230997
281.44381,0.240512,-40.11732,8749.447662,8750.165366111507
281.45381,0.240115,-40.116471,8749.046493,8750.911296323351
281.46381,0.239719,-40.115623,8748.645333,8750.029021207714
281.47381,0.239324,-40.114774,8748.244181,8746.508320604602
281.48381,0.238931,-40.113926,8747.843037,8746.321383717044
281.49381,0.238539,-40.113077,8747.441902,8750.444141480959
281.50381,0.238148,-40.112229,8747.040776,8747.398417729968
281.51381,0.237759,-40.111381,8746.639658,8745.916380381712
281.52381,0.237371,-40.110533,8746.238548,8748.85378576729
281.53381,0.236985,-40.109685,8745.837447,8745.668768807436
281.54381,0.2366,-40.108837,8745.436355,8746.37581027079
281.55381,0.236216,-40.10799,8745.03527,8744.927592846663
281.56381,0.235834,-40.107142,8744.634195,8745.262115176854
281.57381,0.235453,-40.106295,8744.233128,8744.742138156646
281.58381,0.235073,-40.105447,8743.832069,8746.232039367842
281.59381,0.234695,-40.1046,8743.431019,8745.475293846064
281.60381,0.234318,-40.103753,8743.029977,8742.706203332635
281.61381,0.233942,-40.102906,8742.628944,8744.709478821535
281.62381,0.233568,-40.102059,8742.227919,8742.861896400667
281.63381,0.233195,-40.101212,8741.826902,8741.88153300585
281.64381,0.232823,-40.100365,8741.425894,8741.87850830923
281.65381,0.232453,-40.099519,8741.024895,8742.436827926449
281.66381,0.232084,-40.098672,8740.623904,8741.188190705236
281.67381,0.231717,-40.097826,8740.222922,8743.243313852414
281.68381,0.23135,-40.09698,8739.821948,8740.561590412897
281.69381,0.230985,-40.096133,8739.420982,8741.504577216392
281.70381,0.230622,-40.095287,8739.020025,8738.45963042927
281.71381,0.23026,-40.094441,8738.619076,8739.92087653017
281.72381,0.229899,-40.093595,8738.218136,8740.479906250479
281.73381,0.229539,-40.09275,8737.817204,8738.41350086143
281.74381,0.22918,-40.091904,8737.416281,8739.69256044209
281.75381,0.228823,-40.091058,8737.015366,8738.237351046302
281.76381,0.228468,-40.090213,8736.61446,8739.01939240281
281.77381,0.228113,-40.089367,8736.213562,8738.019787257175
281.78381,0.22776,-40.088522,8735.812673,8733.865573452907
281.79381,0.227408,-40.087677,8735.411792,8734.972897850395
281.80381,0.227057,-40.086832,8735.010919,8734.586668926251
281.81381,0.226708,-40.085987,8734.610055,8734.260131705418
281.82381,0.22636,-40.085142,8734.209199,8734.842102526716
281.83381,0.226013,-40.084297,8733.808352,8734.086245354349
281.84381,0.225668,-40.083452,8733.407513,8735.388364771228
281.85381,0.225323,-40.082607,8733.006683,8735.462525557752
281.86381,0.22498,-40.081763,8732.605861,8733.982673504133
281.87381,0.224639,-40.080918,8732.205048,8734.286390509196
281.88381,0.224298,-40.080074,8731.804243,8731.270560699279
281.89381,0.223959,-40.07923,8731.403446,8731.782792715041
281.90381,0.223621,-40.078385,8731.002658,8732.048588709366
281.91381,0.223284,-40.077541,8730.601879,8732.092806130411
281.92381,0.222949,-40.076697,8730.201107,8730.721075079653
281.93381,0.222615,-40.075853,8729.800345,8730.694665407085
281.94381,0.222282,-40.07501,8729.39959,8731.067322416193
281.95381,0.22195,-40.074166,8728.998845,8729.35181819125
281.96381,0.22162,-40.073322,8728.598107,8728.605580008212
281.97381,0.22129,-40.072479,8728.197378,8728.100418586886
281.98381,0.220963,-40.071635,8727.796658,8726.720932206774
281.99381,0.220636,-40.070792,8727.395945,8727.732589956064
282.00381,0.22031,-40.069948,8726.995242,8729.002995296367
282.01381,0.219986,-40.069105,8726.594546,8729.0587966169
282.02381,0.219663,-40.068262,8726.19386,8727.787832947082
282.03381,0.219341,-40.067419,8725.793181,8726.211495492462
282.04381,0.21902,-40.066576,8725.392511,8727.900144951383
282.05381,0.218701,-40.065733,8724.99185,8727.471562994264
282.06381,0.218383,-40.06489,8724.591197,8726.218706330003
282.07381,0.218066,-40.064047,8724.190552,8725.779302439678
282.08381,0.21775,-40.063204,8723.789916,8724.323463426266
282.09381,0.217435,-40.062362,8723.389288,8724.537109364644
282.10381,0.217122,-40.061519,8722.988668,8723.907907222567
282.11381,0.216809,-40.060677,8722.588057,8723.78939096923
282.12381,0.216498,-40.059835,8722.187455,8723.590932735724
282.13381,0.216188,-40.058992,8721.786861,8723.868070119608
282.14381,0.21588,-40.05815,8721.386275,8724.177023262144
282.15381,0.215572,-40.057308,8720.985698,8720.508406086668
282.16381,0.215266,-40.056466,8720.585129,8721.351059728173
282.17381,0.214961,-40.055624,8720.184568,8721.003857918371
282.18381,0.214657,-40.054782,8719.784016,8720.144252942046
282.19381,0.214354,-40.05394,8719.383473,8719.794879994433
282.20381,0.214052,-40.053099,8718.982938,8718.557443520818
282.21381,0.213752,-40.052257,8718.582411,8718.883928961217
282.22381,0.213452,-40.051415,8718.181892,8720.484250618836
282.23381,0.213154,-40.050574,8717.781382,8717.537651472745
282.24381,0.212857,-40.049732,8717.380881,8720.336924508243
282.25381,0.212561,-40.048891,8716.980388,8716.021560930387
282.26381,0.212267,-40.04805,8716.579903,8717.41829115754
282.27381,0.211973,-40.047208,8716.179427,8718.430351377903
282.28381,0.211681,-40.046367,8715.778959,8717.77661594505
282.29381,0.211389,-40.045526,8715.378499,8716.63428307826
282.30381,0.211099,-40.044685,8714.978048,8718.200668690295
282.31381,0.21081,-40.043844,8714.577606,8715.626324877097
282.32381,0.210522,-40.043003,8714.177172,8715.50548987702
282.33381,0.210236,-40.042163,8713.776746,8716.595471492876
282.34381,0.20995,-40.041322,8713.376328,8711.935702253008
282.35381,0.209666,-40.040481,8712.975919,8713.70002430417
282.36381,0.209382,-40.039641,8712.575519,8713.842929361108
282.37381,0.2091,-40.0388,8712.175126,8711.695473534919
282.38381,0.208819,-40.03796,8711.774743,8712.723941942106
282.39381,0.208539,-40.037119,8711.374367,8711.37315198609
282.40381,0.20826,-40.036279,8710.974,8711.61823029314
282.41381,0.207982,-40.035439,8710.573642,8712.401542743297
282.42381,0.207705,-40.034599,8710.173291,8712.211807747892
282.43381,0.20743,-40.033759,8709.77295,8705.689519579593
282.44381,0.207155,-40.032919,8709.372616,8707.574623619312
282.45381,0.206882,-40.032079,8708.972291,8709.985275142562
282.46381,0.206609,-40.031239,8708.571975,8710.933432801314
282.47381,0.206338,-40.030399,8708.171667,8709.478377579671
282.48381,0.206068,-40.029559,8707.771367,8707.373763687669
282.49381,0.205799,-40.02872,8707.371075,8707.713520806934
282.50381,0.205531,-40.02788,8706.970792,8706.884862296778
282.51381,0.205264,-40.02704,8706.570518,8704.935259723386
282.52381,0.204998,-40.026201,8706.170252,8707.22016448415
282.53381,0.204733,-40.025362,8705.769994,8709.013741413397
282.54381,0.204469,-40.024522,8705.369744,8705.337036724572
282.55381,0.204207,-40.023683,8704.969503,8706.99446182435
282.56381,0.203945,-40.022844,8704.569271,8704.560228130733
282.57381,0.203684,-40.022005,8704.169046,8706.312571815837
282.58381,0.203425,-40.021165,8703.768831,8704.104293353783
282.59381,0.203166,-40.020326,8703.368623,8705.350934661943
282.60381,0.202909,-40.019487,8702.968424,8703.107503877227
282.61381,0.202653,-40.018649,8702.568233,8703.91195753494
282.62381,0.202397,-40.01781,8702.168051,8704.86940658993
282.63381,0.202143,-40.016971,8701.767877,8704.262232870491
282.64381,0.20189,-40.016132,8701.367712,8702.955993432348
282.65381,0.201638,-40.015294,8700.967554,8700.084529969721
282.66381,0.201387,-40.014455,8700.567406,8700.769510702421
282.67381,0.201136,-40.013616,8700.167265,8701.253318614867
282.68381,0.200887,-40.012778,8699.767133,8700.60523208103
282.69381,0.200639,-40.01194,8699.36701,8700.335348200271
282.70381,0.200392,-40.011101,8698.966895,8699.883673450471
282.71381,0.200146,-40.010263,8698.566788,8699.291816022833
282.72381,0.199901,-40.009425,8698.166689,8697.916276463275
282.73381,0.199657,-40.008587,8697.766599,8699.219463124087
282.74381,0.199414,-40.007748,8697.366518,8699.16343636481
282.75381,0.199172,-40.00691,8696.966444,8697.992132276822
282.76381,0.198931,-40.006072,8696.566379,8697.282233012089
282.77381,0.198691,-40.005235,8696.166323,8698.511696236645
282.78381,0.198452,-40.004397,8695.766275,8696.023631372764
282.79381,0.198214,-40.003559,8695.366235,8697.316092707179
282.80381,0.197977,-40.002721,8694.966204,8695.78503129714
282.81381,0.197741,-40.001883,8694.566181,8693.052113854097
282.82381,0.197506,-40.001046,8694.166166,8691.32176577992
282.83381,0.197272,-40.000208,8693.76616,8694.840300093658
282.84381,0.197039,-39.999371,8693.366162,8693.754724228289
282.85381,0.196807,-39.998533,8692.966172,8694.135439591244
282.86381,0.196576,-39.997696,8692.566191,8694.45644854438
282.87381,0.196346,-39.996859,8692.166218,8692.561491087203
282.88381,0.196117,-39.996021,8691.766254,8693.847560561335
282.89381,0.195888,-39.995184,8691.366298,8693.640712423205
282.90381,0.195661,-39.994347,8690.96635,8692.074027290375
282.91381,0.195435,-39.99351,8690.566411,8691.053032676178
282.92381,0.19521,-39.992673,8690.16648,8692.632565896929
282.93381,0.194985,-39.991836,8689.766557,8693.54570978092
282.94381,0.194762,-39.990999,8689.366643,8691.02735372012
282.95381,0.194539,-39.990162,8688.966737,8688.421144937089
282.96381,0.194318,-39.989325,8688.56684,8692.093013540667
282.97381,0.194097,-39.988488,8688.166951,8686.376869578344
282.98381,0.193878,-39.987652,8687.76707,8689.117849635979
282.99381,0.193659,-39.986815,8687.367198,8686.586653266197
283.00381,0.193441,-39.985978,8686.967334,8687.950749861913
283.01381,0.193224,-39.985142,8686.567478,8687.41383441466
283.02381,0.193009,-39.984305,8686.167631,8684.917537186977
283.03381,0.192794,-39.983469,8685.767792,8687.363497893388
283.04381,0.19258,-39.982632,8685.367962,8687.113741280327
283.05381,0.192367,-39.981796,8684.96814,8684.114761693574
283.06381,0.192154,-39.98096,8684.568326,8685.997770687009
283.07381,0.191943,-39.980123,8684.16852,8684.942805346147
283.08381,0.191733,-39.979287,8683.768723,8685.163500344606
283.09381,0.191523,-39.978451,8683.368935,8682.488919860332
283.10381,0.191315,-39.977615,8682.969154,8680.847110433679
283.11381,0.191107,-39.976779,8682.569382,8683.348177618047
283.12381,0.1909,-39.975943,8682.169619,8683.150848322353
283.13381,0.190695,-39.975107,8681.769864,8683.47589665365
283.14381,0.19049,-39.974271,8681.370117,8682.166937933687
283.15381,0.190286,-39.973436,8680.970378,8681.023732254149
283.16381,0.190083,-39.9726,8680.570648,8681.14375042352
283.17381,0.18988,-39.971764,8680.170926,8679.991393651459
283.18381,0.189679,-39.970928,8679.771213,8683.439734537113
283.19381,0.189478,-39.970093,8679.371508,8681.020524847112
283.20381,0.189279,-39.969257,8678.971811,8678.91645255108
283.21381,0.18908,-39.968422,8678.572122,8678.182683140813
283.22381,0.188882,-39.967586,8678.172442,8677.50285514847
283.23381,0.188685,-39.966751,8677.772771,8679.494903526449
283.24381,0.188489,-39.965916,8677.373107,8677.340552654798
283.25381,0.188294,-39.96508,8676.973452,8676.108062297291
283.26381,0.1881,-39.964245,8676.573806,8675.668988194839
283.27381,0.187906,-39.96341,8676.174167,8676.51785737279
283.28381,0.187714,-39.962575,8675.774538,8676.93209214226
283.29381,0.187522,-39.96174,8675.374916,8676.408585233043
283.30381,0.187331,-39.960905,8674.975303,8675.687873601013
283.31381,0.187141,-39.96007,8674.575698,8677.723060372029
283.32381,0.186952,-39.959235,8674.176101,8676.656011228455
283.33381,0.186763,-39.9584,8673.776513,8674.217121360598
283.34381,0.186576,-39.957565,8673.376933,8674.973235687563
283.35381,0.186389,-39.95673,8672.977362,8673.35302155975
283.36381,0.186203,-39.955896,8672.577799,8674.638942350555
283.37381,0.186018,-39.955061,8672.178244,8671.771577286763
283.38381,0.185834,-39.954226,8671.778698,8671.287926424007
283.39381,0.185651,-39.953392,8671.379159,8674.546448804329
283.40381,0.185468,-39.952557,8670.97963,8671.81271897536
283.41381,0.185286,-39.951723,8670.580108,8673.471793322891
283.42381,0.185105,-39.950888,8670.180595,8670.820594078596
283.43381,0.184925,-39.950054,8669.781091,8671.484173980236
283.44381,0.184746,-39.949219,8669.381594,8670.10686519128
283.45381,0.184568,-39.948385,8668.982106,8671.225561930214
283.46381,0.18439,-39.947551,8668.582626,8669.618527682593
283.47381,0.184213,-39.946717,8668.183155,8671.64508989899
283.48381,0.184037,-39.945883,8667.783692,8670.921834008206
283.49381,0.183862,-39.945049,8667.384237,8669.401251494215
283.50381,0.183688,-39.944214,8666.984791,8665.625353049478
283.51381,0.183514,-39.94338,8666.585353,8667.265534810072
283.52381,0.183341,-39.942547,8666.185924,8665.842780349709
283.53381,0.183169,-39.941713,8665.786502,8664.639975305518
283.54381,0.182998,-39.940879,8665.387089,8663.317572715358
283.55381,0.182828,-39.940045,8664.987685,8667.428761312105
283.56381,0.182658,-39.939211,8664.588288,8665.678250878731
283.57381,0.182489,-39.938378,8664.1889,8665.22568594811
283.58381,0.182321,-39.937544,8663.789521,8667.55744483433
283.59381,0.182154,-39.93671,8663.39015,8664.954963837537
283.60381,0.181987,-39.935877,8662.990787,8666.20434646206
283.61381,0.181822,-39.935043,8662.591432,8666.441470334159
283.62381,0.181657,-39.93421,8662.192086,8664.191989298082
283.63381,0.181492,-39.933376,8661.792748,8661.478957310765
283.64381,0.181329,-39.932543,8661.393418,8658.008817751901
283.65381,0.181166,-39.93171,8660.994097,8664.794596163074
283.66381,0.181004,-39.930876,8660.594784,8659.14919446684
283.67381,0.180843,-39.930043,8660.195479,8664.471389629696
283.68381,0.180683,-39.92921,8659.796183,8661.0619404218
283.69381,0.180523,-39.928377,8659.396895,8661.27954152796
283.70381,0.180364,-39.927544,8658.997616,8658.05067333529
283.71381,0.180206,-39.926711,8658.598344,8659.280748761363
283.72381,0.180048,-39.925878,8658.199081,8656.91983553959
283.73381,0.179892,-39.925045,8657.799827,8654.02741444751
283.74381,0.179736,-39.924212,8657.400581,8656.105156944514
283.75381,0.179581,-39.923379,8657.001343,8656.747206569931
283.76381,0.179426,-39.922546,8656.602113,8658.429232039043
283.77381,0.179272,-39.921713,8656.202892,8657.536972669763
283.78381,0.179119,-39.920881,8655.803679,8657.779073139776
283.79381,0.178967,-39.920048,8655.404474,8656.709469504363
283.80381,0.178815,-39.919215,8655.005278,8658.833094659487
283.81381,0.178665,-39.918383,8654.60609,8658.234561813342
283.82381,0.178514,-39.91755,8654.20691,8655.377329372512
283.83381,0.178365,-39.916718,8653.807739,8655.041384205399
283.84381,0.178216,-39.915885,8653.408576,8653.531990425554
283.85381,0.178068,-39.915053,8653.009421,8653.457876830424
283.86381,0.177921,-39.914221,8652.610275,8653.119710187635
283.87381,0.177775,-39.913388,8652.211137,8655.237341687625
283.88381,0.177629,-39.912556,8651.812007,8655.026973495114
283.89381,0.177483,-39.911724,8651.412885,8653.056822111219
283.90381,0.177339,-39.910892,8651.013772,8652.352455451657
283.91381,0.177195,-39.91006,8650.614668,8652.224063405825
283.92381,0.177052,-39.909228,8650.215571,8651.407420717065
283.93381,0.17691,-39.908396,8649.816483,8648.888854197445
283.94381,0.176768,-39.907564,8649.417403,8649.158886851872
283.95381,0.176627,-39.906732,8649.018332,8648.585238320647
283.96381,0.176487,-39.9059,8648.619269,8649.355300632653
283.97381,0.176347,-39.905068,8648.220214,8647.104400748716
283.98381,0.176208,-39.904236,8647.821167,8646.960127276347
283.99381,0.17607,-39.903405,8647.422129,8649.630777767818
284.00381,0.175932,-39.902573,8647.023099,8647.88240198813
284.01381,0.175795,-39.901741,8646.624078,8649.816440787023
284.02381,0.175659,-39.90091,8646.225064,8647.662544957864
284.03381,0.175523,-39.900078,8645.826059,8643.942810239354
284.04381,0.175388,-39.899247,8645.427063,8645.425961059575
284.05381,0.175254,-39.898415,8645.028075,8646.485788426213
284.06381,0.17512,-39.897584,8644.629095,8643.609629375991
284.07381,0.174988,-39.896752,8644.230123,8644.333794794931
284.08381,0.174855,-39.895921,8643.831159,8645.033499813497
284.09381,0.174724,-39.89509,8643.432204,8642.577417261693
284.10381,0.174593,-39.894258,8643.033258,8642.794005559397
284.11381,0.174462,-39.893427,8642.634319,8644.515024241447
284.12381,0.174332,-39.892596,8642.235389,8642.974479885432
284.13381,0.174203,-39.891765,8641.836467,8643.660571611323
284.14381,0.174075,-39.890934,8641.437554,8639.741979193968
284.15381,0.173947,-39.890103,8641.038649,8644.327474220801
284.16381,0.17382,-39.889272,8640.639752,8641.052892380356
284.17381,0.173693,-39.888441,8640.240863,8640.506544787704
284.18381,0.173568,-39.88761,8639.841983,8643.1333955175
284.19381,0.173442,-39.886779,8639.443111,8640.533529543096
284.20381,0.173318,-39.885949,8639.044247,8641.006609328018
284.21381,0.173194,-39.885118,8638.645392,8637.748074422812
284.22381,0.17307,-39.884287,8638.246545,8637.850040804538
284.23381,0.172947,-39.883456,8637.847706,8638.716127022424
284.24381,0.172825,-39.882626,8637.448876,8637.286022904276
284.25381,0.172704,-39.881795,8637.050054,8636.011617868322
284.26381,0.172583,-39.880965,8636.65124,8633.46195224519
284.27381,0.172462,-39.880134,8636.252434,8637.656092668503
284.28381,0.172343,-39.879304,8635.853637,8635.938312066803
284.29381,0.172224,-39.878473,8635.454848,8635.17894314051
284.30381,0.172105,-39.877643,8635.056068,8634.448085659154
284.31381,0.171987,-39.876813,8634.657296,8633.355525131117
284.32381,0.17187,-39.875983,8634.258532,8632.993705204593
284.33381,0.171753,-39.875152,8633.859776,8637.450645494893
284.34381,0.171637,-39.874322,8633.461029,8634.309099465128
284.35381,0.171521,-39.873492,8633.062289,8634.847181163046
284.36381,0.171407,-39.872662,8632.663559,8633.944562662566
284.37381,0.171292,-39.871832,8632.264836,8630.959759293828
284.38381,0.171178,-39.871002,8631.866122,8628.143737276247
284.39381,0.171065,-39.870172,8631.467416,8631.922606489983
284.40381,0.170953,-39.869342,8631.068719,8630.873816162595
284.41381,0.170841,-39.868512,8630.670029,8630.630953486394
284.42381,0.170729,-39.867683,8630.271348,8633.812104847555
284.43381,0.170618,-39.866853,8629.872676,8633.635520423055
284.44381,0.170508,-39.866023,8629.474011,8629.070492408808
284.45381,0.170398,-39.865193,8629.075355,8630.712490346086
284.46381,0.170289,-39.864364,8628.676707,8627.29971571403
284.47381,0.17018,-39.863534,8628.278068,8628.543167073909
284.48381,0.170072,-39.862705,8627.879437,8628.090251691096
284.49381,0.169965,-39.861875,8627.480814,8627.53713713358
284.50381,0.169858,-39.861046,8627.082199,8624.551481246095
284.51381,0.169751,-39.860216,8626.683593,8627.809163866745
284.52381,0.169646,-39.859387,8626.284995,8625.841471888718
284.53381,0.16954,-39.858558,8625.886405,8624.844699223882
284.54381,0.169436,-39.857729,8625.487824,8627.306861033838
284.55381,0.169331,-39.856899,8625.089251,8624.808177807005
284.56381,0.169228,-39.85607,8624.690686,8626.063380914356
284.57381,0.169125,-39.855241,8624.292129,8625.275470273553
284.58381,0.169022,-39.854412,8623.893581,8625.934754676806
284.59381,0.16892,-39.853583,8623.495041,8624.568790223977
284.60381,0.168819,-39.852754,8623.096509,8623.622439695326
284.61381,0.168718,-39.851925,8622.697986,8624.082648961692
284.62381,0.168617,-39.851096,8622.299471,8621.562928556816
284.63381,0.168517,-39.850267,8621.900964,8622.820088877354
284.64381,0.168418,-39.849438,8621.502465,8621.67706940157
284.65381,0.168319,-39.84861,8621.103975,8620.799100523676
284.66381,0.168221,-39.847781,8620.705493,8623.636995765224
284.67381,0.168123,-39.846952,8620.30702,8620.923663430234
284.68381,0.168026,-39.846124,8619.908554,8620.988812208307
284.69381,0.167929,-39.845295,8619.510097,8621.367742763541
284.70381,0.167833,-39.844467,8619.111648,8618.487750180922
284.71381,0.167737,-39.843638,8618.713208,8618.837178112652
284.72381,0.167642,-39.84281,8618.314776,8619.601939639322
284.73381,0.167547,-39.841981,8617.916352,8620.220549254725
284.74381,0.167453,-39.841153,8617.517936,8618.176905269913
284.75381,0.167359,-39.840325,8617.119529,8621.326998883793
284.76381,0.167266,-39.839496,8616.721129,8620.18280380976
284.77381,0.167173,-39.838668,8616.322739,8618.863041524648
284.78381,0.167081,-39.83784,8615.924356,8620.572081947923
284.79381,0.166989,-39.837012,8615.525982,8617.118250173646
284.80381,0.166898,-39.836184,8615.127616,8614.190534389954
284.81381,0.166807,-39.835356,8614.729258,8617.831314857227
284.82381,0.166717,-39.834528,8614.330909,8615.309172122987
284.83381,0.166627,-39.8337,8613.932568,8614.954831615116
284.84381,0.166538,-39.832872,8613.534235,8614.371521785657
284.85381,0.166449,-39.832044,8613.13591,8615.11074628552
284.86381,0.166361,-39.831216,8612.737594,8611.454034603163
284.87381,0.166273,-39.830388,8612.339286,8612.843362869375
284.88381,0.166186,-39.829561,8611.940986,8613.005859205361
284.89381,0.166099,-39.828733,8611.542695,8611.558922605334
284.90381,0.166013,-39.827905,8611.144411,8610.509838831542
284.91381,0.165927,-39.827078,8610.746137,8610.763756562663
284.92381,0.165841,-39.82625,8610.34787,8610.787178480212
284.93381,0.165756,-39.825423,8609.949612,8612.138179912683
284.94381,0.165672,-39.824595,8609.551361,8606.888600250693
284.95381,0.165588,-39.823768,8609.15312,8610.07604470421
284.96381,0.165504,-39.82294,8608.754886,8608.690788610751
284.97381,0.165421,-39.822113,8608.356661,8607.580327405374
284.98381,0.165338,-39.821286,8607.958444,8610.140221654388
284.99381,0.165256,-39.820459,8607.560235,8609.217866272827
285.00381,0.165174,-39.819631,8607.162035,8608.340594036556
285.01381,0.165093,-39.818804,8606.763842,8608.697793581829
285.02381,0.165012,-39.817977,8606.365659,8606.122240958683
285.03381,0.164932,-39.81715,8605.967483,8606.142797818246
285.04381,0.164852,-39.816323,8605.569316,8605.863657330276
285.05381,0.164772,-39.815496,8605.171156,8605.429839804787
285.06381,0.164693,-39.814669,8604.773006,8607.64041825396
285.07381,0.164614,-39.813842,8604.374863,8607.23723704716
285.08381,0.164536,-39.813016,8603.976729,8604.273340486507
285.09381,0.164458,-39.812189,8603.578603,8605.293485230428
285.10381,0.164381,-39.811362,8603.180485,8603.591673271014
285.11381,0.164304,-39.810535,8602.782376,8603.049673236022
285.12381,0.164228,-39.809709,8602.384274,8603.138788027949
285.13381,0.164152,-39.808882,8601.986181,8602.42060383556
285.14381,0.164076,-39.808056,8601.588097,8602.885871476357
285.15381,0.164001,-39.807229,8601.19002,8602.566668786685
285.16381,0.163926,-39.806403,8600.791952,8602.23822948094
285.17381,0.163852,-39.805576,8600.393892,8602.128011366769
285.18381,0.163778,-39.80475,8599.995841,8601.237914041032
285.19381,0.163704,-39.803924,8599.597797,8598.091744638583
285.20381,0.163631,-39.803097,8599.199762,8599.578770830996
285.21381,0.163558,-39.802271,8598.801735,8601.570299025718
285.22381,0.163486,-39.801445,8598.403717,8599.411153338817
285.23381,0.163414,-39.800619,8598.005706,8598.299685488262
285.24381,0.163343,-39.799793,8597.607704,8597.553290598955
285.25381,0.163272,-39.798967,8597.20971,8599.009682873393
285.26381,0.163201,-39.798141,8596.811725,8595.900993564612
285.27381,0.163131,-39.797315,8596.413748,8596.64757140858
285.28381,0.163061,-39.796489,8596.015779,8598.189037843542
285.29381,0.162991,-39.795663,8595.617818,8598.436745627263
285.30381,0.162922,-39.794837,8595.219865,8597.686994623462
285.31381,0.162854,-39.794011,8594.821921,8596.81122103343
285.32381,0.162785,-39.793186,8594.423985,8596.624749014994
285.33381,0.162717,-39.79236,8594.026057,8596.198411173727
285.34381,0.16265,-39.791534,8593.628138,8592.456406291574
285.35381,0.162583,-39.790709,8593.230227,8593.894371951323
285.36381,0.162516,-39.789883,8592.832324,8593.686057220799
285.37381,0.16245,-39.789058,8592.434429,8594.290472956867
285.38381,0.162384,-39.788232,8592.036543,8592.887388082818
285.39381,0.162318,-39.787407,8591.638664,8591.142398052983
285.40381,0.162253,-39.786582,8591.240795,8591.907164358896
285.41381,0.162188,-39.785756,8590.842933,8590.194621058172
285.42381,0.162124,-39.784931,8590.445079,8592.068831448369
285.43381,0.16206,-39.784106,8590.047234,8590.224697299773
285.44381,0.161996,-39.783281,8589.649397,8591.230636546314
285.45381,0.161933,-39.782456,8589.251569,8591.13632618721
285.46381,0.16187,-39.781631,8588.853748,8587.721057909012
285.47381,0.161807,-39.780806,8588.455936,8588.304121747537
285.48381,0.161745,-39.779981,8588.058132,8589.476494540771
285.49381,0.161683,-39.779156,8587.660336,8587.46571928898
285.50381,0.161622,-39.778331,8587.262549,8588.84558002957
285.51381,0.161561,-39.777506,8586.86477,8586.680926272678
285.52381,0.1615,-39.776681,8586.466999,8587.391379143233
285.53381,0.161439,-39.775856,8586.069236,8588.24513219477
285.54381,0.161379,-39.775032,8585.671482,8586.726103717263
285.55381,0.16132,-39.774207,8585.273735,8586.18717372885
285.56381,0.16126,-39.773383,8584.875998,8586.989938998031
285.57381,0.161201,-39.772558,8584.478268,8585.808083258094
285.58381,0.161143,-39.771733,8584.080546,8582.590104764697
285.59381,0.161084,-39.770909,8583.682833,8584.220316193976
285.60381,0.161026,-39.770085,8583.285128,8584.150682737843
285.61381,0.160969,-39.76926,8582.887431,8584.323438990792
285.62381,0.160912,-39.768436,8582.489743,8583.218661380064
285.63381,0.160855,-39.767612,8582.092063,8580.882016343803
285.64381,0.160798,-39.766787,8581.694391,8579.45542967091
285.65381,0.160742,-39.765963,8581.296727,8581.315767649387
285.66381,0.160686,-39.765139,8580.899071,8581.347774688442
285.67381,0.16063,-39.764315,8580.501424,8585.251551893582
285.68381,0.160575,-39.763491,8580.103785,8582.063005448374
285.69381,0.16052,-39.762667,8579.706154,8578.529463056382
285.70381,0.160466,-39.761843,8579.308532,8578.226966617038
285.71381,0.160411,-39.761019,8578.910918,8582.175710805213
285.72381,0.160357,-39.760195,8578.513311,8579.840159953757
285.73381,0.160304,-39.759372,8578.115714,8578.934404111258
285.74381,0.160251,-39.758548,8577.718124,8578.852757522878
285.75381,0.160198,-39.757724,8577.320543,8579.249101462161
285.76381,0.160145,-39.756901,8576.92297,8577.203355415293
285.77381,0.160093,-39.756077,8576.525405,8576.306815012547
285.78381,0.160041,-39.755253,8576.127848,8574.789255014508
285.79381,0.159989,-39.75443,8575.7303,8576.182587949015
285.80381,0.159938,-39.753607,8575.332759,8574.959689035317
285.81381,0.159887,-39.752783,8574.935227,8574.198811738082
285.82381,0.159836,-39.75196,8574.537704,8573.993124567985
285.83381,0.159785,-39.751136,8574.140188,8575.227473309405
285.84381,0.159735,-39.750313,8573.742681,8574.457536978196
285.85381,0.159685,-39.74949,8573.345182,8575.775788562225
285.86381,0.159636,-39.748667,8572.947691,8572.672344767676
285.87381,0.159587,-39.747844,8572.550209,8574.976585971928
285.88381,0.159538,-39.747021,8572.152734,8574.14182748742
285.89381,0.159489,-39.746198,8571.755268,8573.15894864761
285.90381,0.159441,-39.745375,8571.35781,8572.943750360064
285.91381,0.159393,-39.744552,8570.960361,8573.668690219849
285.92381,0.159345,-39.743729,8570.562919,8571.873875673155
285.93381,0.159298,-39.742906,8570.165486,8571.669723383515
285.94381,0.159251,-39.742083,8569.768061,8571.837279306865
285.95381,0.159204,-39.741261,8569.370644,8568.530193305865
285.96381,0.159157,-39.740438,8568.973236,8569.580795510536
285.97381,0.159111,-39.739615,8568.575836,8567.834470866817
285.98381,0.159065,-39.738793,8568.178444,8567.239615385399
285.99381,0.159019,-39.73797,8567.78106,8566.228411003347
286.00381,0.158974,-39.737148,8567.383684,8569.400864883331
286.01381,0.158929,-39.736325,8566.986317,8566.7232015921
286.02381,0.158884,-39.735503,8566.588958,8563.856964833749
286.03381,0.15884,-39.73468,8566.191607,8567.374688037065
286.04381,0.158795,-39.733858,8565.794264,8565.809013014506
286.05381,0.158751,-39.733036,8565.39693,8568.707090690623
286.06381,0.158708,-39.732214,8564.999603,8566.135179069415
286.07381,0.158664,-39.731392,8564.602285,8564.400372539034
286.08381,0.158621,-39.730569,8564.204976,8562.12850277582
286.09381,0.158578,-39.729747,8563.807674,8561.80936921356
286.10381,0.158536,-39.728925,8563.410381,8561.588420043056
286.11381,0.158493,-39.728104,8563.013096,8565.773750974126
286.12381,0.158451,-39.727282,8562.615819,8563.7863066241
286.13381,0.158409,-39.72646,8562.21855,8559.024248718357
286.14381,0.158368,-39.725638,8561.821289,8564.434523447575
286.15381,0.158327,-39.724816,8561.424037,8562.958579178314
286.16381,0.158286,-39.723995,8561.026793,8561.75449895028
286.17381,0.158245,-39.723173,8560.629557,8561.25591424057
286.18381,0.158204,-39.722351,8560.23233,8560.987698888737
286.19381,0.158164,-39.72153,8559.83511,8563.81726883664
286.20381,0.158124,-39.720708,8559.437899,8558.210999664016
286.21381,0.158084,-39.719887,8559.040696,8557.57801788624
286.22381,0.158045,-39.719065,8558.643501,8560.051358294853
286.23381,0.158006,-39.718244,8558.246315,8557.41420963994
286.24381,0.157967,-39.717423,8557.849136,8559.6943238979
286.25381,0.157928,-39.716601,8557.451966,8556.237106643704
286.26381,0.15789,-39.71578,8557.054804,8556.58739284964
286.27381,0.157851,-39.714959,8556.657651,8556.424075939987
286.28381,0.157813,-39.714138,8556.260505,8558.245646330324
286.29381,0.157776,-39.713317,8555.863368,8555.77286475124
286.30381,0.157738,-39.712496,8555.466239,8557.838216075212
286.31381,0.157701,-39.711675,8555.069118,8558.121120496768
286.32381,0.157664,-39.710854,8554.672005,8552.922809807951
286.33381,0.157627,-39.710033,8554.274901,8555.857703013999
286.34381,0.157591,-39.709212,8553.877805,8554.272448620359
286.35381,0.157555,-39.708392,8553.480717,8555.381293399825
286.36381,0.157519,-39.707571,8553.083637,8553.67701190063
286.37381,0.157483,-39.70675,8552.686565,8553.445217460374
286.38381,0.157447,-39.70593,8552.289502,8552.883891646155
286.39381,0.157412,-39.705109,8551.892447,8552.500288432168
286.40381,0.157377,-39.704289,8551.4954,8550.182838786082
286.41381,0.157342,-39.703468,8551.098361,8552.645196297193
286.42381,0.157307,-39.702648,8550.70133,8551.30981154197
286.43381,0.157273,-39.701827,8550.304308,8551.210594944981
286.44381,0.157239,-39.701007,8549.907294,8549.99077466838
286.45381,0.157205,-39.700187,8549.510288,8549.834869544558
286.46381,0.157171,-39.699367,8549.11329,8549.28911071152
286.47381,0.157138,-39.698546,8548.7163,8546.986237185325
286.48381,0.157104,-39.697726,8548.319319,8548.042317090918
286.49381,0.157071,-39.696906,8547.922346,8550.300143449525
286.50381,0.157039,-39.696086,8547.525381,8548.442001547393
286.51381,0.156883,-39.695266,8547.128424,8549.726718676438
286.52381,0.156695,-39.694446,8546.731476,8548.157850365938
286.53381,0.156507,-39.693627,8546.334535,8543.989087567616
286.54381,0.15632,-39.692807,8545.937603,8548.358297675964
286.55381,0.156134,-39.691987,8545.540679,8546.271856808618
286.56381,0.155949,-39.691168,8545.143763,8548.052896299872
286.57381,0.155765,-39.690348,8544.746856,8545.44727869881
286.58381,0.155582,-39.689529,8544.349956,8546.551741026178
286.59381,0.1554,-39.68871,8543.953065,8545.476654761324
286.60381,0.155219,-39.68789,8543.556182,8543.068457374937
286.61381,0.155039,-39.687071,8543.159307,8543.12851934399
286.62381,0.154859,-39.686252,8542.762441,8543.70877074929
286.63381,0.154681,-39.685433,8542.365582,8544.585970554015
286.64381,0.154503,-39.684614,8541.968732,8544.343397278906
286.65381,0.154327,-39.683795,8541.57189,8541.004093448375
286.66381,0.154151,-39.682976,8541.175056,8542.385448919142
286.67381,0.153976,-39.682158,8540.778231,8544.191793426564
286.68381,0.153802,-39.681339,8540.381413,8539.124750595436
286.69381,0.153629,-39.68052,8539.984604,8540.26032667941
286.70381,0.153457,-39.679702,8539.587803,8541.791815080822
286.71381,0.153286,-39.678883,8539.19101,8541.69185193993
286.72381,0.153115,-39.678065,8538.794225,8540.505424127365
286.73381,0.152946,-39.677247,8538.397448,8538.648179020885
286.74381,0.152777,-39.676429,8538.00068,8538.82549128468
286.75381,0.152609,-39.67561,8537.60392,8541.038953958245
286.76381,0.152442,-39.674792,8537.207168,8536.319006308873
286.77381,0.152277,-39.673974,8536.810424,8533.959733956477
286.78381,0.152111,-39.673156,8536.413688,8536.817338385592
286.79381,0.151947,-39.672339,8536.016961,8536.434783128745
286.80381,0.151787,-39.671521,8535.620242,8538.233773146398
286.81381,0.151628,-39.670703,8535.22353,8538.591574907565
286.82381,0.151469,-39.669885,8534.826828,8536.93363381798
286.83381,0.151311,-39.669067,8534.430133,8534.328394039283
286.84381,0.151155,-39.66825,8534.033446,8534.66639334019
286.85381,0.150999,-39.667432,8533.636768,8531.878961906154
286.86381,0.150844,-39.666614,8533.240098,8535.347106737387
286.87381,0.150689,-39.665796,8532.843436,8532.177634777017
286.88381,0.150536,-39.664979,8532.446782,8532.175058064802
286.89381,0.150383,-39.664161,8532.050136,8533.647732262862
286.90381,0.150232,-39.663343,8531.653498,8532.481525455767
286.91381,0.150081,-39.662526,8531.256869,8531.91247004471
286.92381,0.14993,-39.661708,8530.860248,8529.814206049117
286.93381,0.149781,-39.66089,8530.463635,8531.155527519579
286.94381,0.149633,-39.660073,8530.06703,8532.023521406858
286.95381,0.149485,-39.659255,8529.670433,8532.142331822793
286.96381,0.149338,-39.658438,8529.273845,8529.44389059984
286.97381,0.149192,-39.65762,8528.877265,8529.832168776764
286.98381,0.149047,-39.656802,8528.480693,8528.93541188554
286.99381,0.148902,-39.655985,8528.084129,8529.547359501177
287.00381,0.148759,-39.655167,8527.687573,8529.148841843733
287.01381,0.148616,-39.65435,8527.291025,8529.671142308578
287.02381,0.148474,-39.653532,8526.894486,8527.033537275212
287.03381,0.148333,-39.652715,8526.497955,8528.867008116977
287.04381,0.148192,-39.651897,8526.101432,8529.45352125185
287.05381,0.148052,-39.65108,8525.704917,8527.659088483477
287.06381,0.147913,-39.650262,8525.30841,8527.592278013564
287.07381,0.147775,-39.649445,8524.911911,8525.882786829801
287.08381,0.147638,-39.648628,8524.515421,8524.756534762397
287.09381,0.147501,-39.64781,8524.118939,8523.729484028163
287.10381,0.147366,-39.646993,8523.722465,8523.721664914478
287.11381,0.147231,-39.646175,8523.325999,8524.109511718234
287.12381,0.147096,-39.645358,8522.929541,8525.434538852276
287.13381,0.146963,-39.644541,8522.533092,8523.883011111708
287.14381,0.14683,-39.643723,8522.136651,8523.562025081907
287.15381,0.146698,-39.642906,8521.740217,8522.068878211549
287.16381,0.146567,-39.642089,8521.343792,8522.46164624185
287.17381,0.146436,-39.641272,8520.947376,8521.603759025473
287.18381,0.146307,-39.640454,8520.550967,8523.23085827059
287.19381,0.146178,-39.639637,8520.154567,8519.763919731304
287.20381,0.146049,-39.63882,8519.758174,8521.664107224207
287.21381,0.145922,-39.638003,8519.36179,8520.913878456402
287.22381,0.145795,-39.637185,8518.965414,8520.710684996435
287.23381,0.145669,-39.636368,8518.569046,8519.206656507751
287.24381,0.145544,-39.635551,8518.172687,8518.147008372174
287.25381,0.145419,-39.634734,8517.776335,8519.380890892482
287.26381,0.145296,-39.633917,8517.379992,8520.12996306603
287.27381,0.145173,-39.6331,8516.983657,8515.037822395549
287.28381,0.14505,-39.632283,8516.58733,8515.028706188928
287.29381,0.144929,-39.631466,8516.191011,8520.321176200947
287.30381,0.144808,-39.630649,8515.794701,8519.379108259885
287.31381,0.144687,-39.629832,8515.398398,8515.575207709591
287.32381,0.144568,-39.629015,8515.002104,8516.329665120189
287.33381,0.144449,-39.628198,8514.605818,8516.884906318239
287.34381,0.144331,-39.627381,8514.20954,8515.865616112997
287.35381,0.144214,-39.626564,8513.813271,8514.69034420547
287.36381,0.144097,-39.625747,8513.417009,8513.078854699983
287.37381,0.143981,-39.62493,8513.020756,8513.74886110662
287.38381,0.143866,-39.624113,8512.62451,8513.800920060057
287.39381,0.143751,-39.623296,8512.228273,8513.329305416039
287.40381,0.143637,-39.622479,8511.832045,8512.636166074146
287.41381,0.143524,-39.621662,8511.435824,8510.635949376572
287.42381,0.143412,-39.620845,8511.039611,8512.194304557794
287.43381,0.1433,-39.620029,8510.643407,8513.268964866167
287.44381,0.143189,-39.619212,8510.247211,8511.243593998212
287.45381,0.143078,-39.618395,8509.851023,8509.244739911861
287.46381,0.142968,-39.617578,8509.454843,8507.998758133659
287.47381,0.142859,-39.616762,8509.058671,8509.86333972192
287.48381,0.142751,-39.615945,8508.662508,8508.484200645278
287.49381,0.142643,-39.615128,8508.266352,8510.401433042452
287.50381,0.142536,-39.614312,8507.870205,8507.056916629852
287.51381,0.142429,-39.613495,8507.474066,8506.4394995274
287.52381,0.142324,-39.612678,8507.077935,8508.062079317451
287.53381,0.142218,-39.611862,8506.681812,8506.437302581695
287.54381,0.142114,-39.611045,8506.285698,8505.39581559072
287.55381,0.14201,-39.610229,8505.889592,8505.389736998286
287.56381,0.141907,-39.609412,8505.493493,8506.10607662643
287.57381,0.141804,-39.608595,8505.097403,8503.064651835457
287.58381,0.141702,-39.607779,8504.701321,8501.867850623394
287.59381,0.141601,-39.606962,8504.305248,8507.187135139362
287.60381,0.141501,-39.606146,8503.909182,8503.009801532533
287.61381,0.141401,-39.60533,8503.513125,8505.43089007445
287.62381,0.141301,-39.604513,8503.117076,8503.225394367308
287.63381,0.141203,-39.603697,8502.721035,8500.823835229678
287.64381,0.141104,-39.60288,8502.325002,8502.216359382186
287.65381,0.141007,-39.602064,8501.928977,8503.03732840805
287.66381,0.14091,-39.601248,8501.53296,8504.445559741085
287.67381,0.140814,-39.600431,8501.136952,8501.152123713999
287.68381,0.140718,-39.599615,8500.740952,8499.59243808417
287.69381,0.140623,-39.598799,8500.34496,8499.64172852409
287.70381,0.140529,-39.597983,8499.948976,8502.617874833486
287.71381,0.140435,-39.597166,8499.553,8500.362681460161
287.72381,0.140342,-39.59635,8499.157032,8498.320761445297
287.73381,0.14025,-39.595534,8498.761073,8498.42858128045
287.74381,0.140158,-39.594718,8498.365122,8498.682252363185
287.75381,0.140066,-39.593902,8497.969179,8497.541608665195
287.76381,0.139976,-39.593086,8497.573244,8498.790631414218
287.77381,0.139885,-39.59227,8497.177317,8500.268494148691
287.78381,0.139796,-39.591453,8496.781398,8496.885470304607
287.79381,0.139707,-39.590637,8496.385488,8496.705630819828
287.80381,0.139619,-39.589821,8495.989586,8498.182586187406
287.81381,0.139531,-39.589005,8495.593691,8497.598171165098
287.82381,0.139444,-39.588189,8495.197805,8496.052536507077
287.83381,0.139357,-39.587374,8494.801928,8495.519265994359
287.84381,0.139271,-39.586558,8494.406058,8494.41635119664
287.85381,0.139185,-39.585742,8494.010196,8493.756623481862
287.86381,0.1391,-39.584926,8493.614343,8496.59829435902
287.87381,0.139016,-39.58411,8493.218498,8493.828138180503
287.88381,0.138932,-39.583294,8492.822661,8492.411874505518
287.89381,0.138849,-39.582478,8492.426832,8493.496770465737
287.90381,0.138767,-39.581663,8492.031011,8493.217211812278
287.91381,0.138684,-39.580847,8491.635199,8493.855074893776
287.92381,0.138603,-39.580031,8491.239394,8488.909479303822
287.93381,0.138522,-39.579215,8490.843598,8491.152329297835
287.94381,0.138442,-39.5784,8490.44781,8490.5518953008
287.95381,0.138362,-39.577584,8490.05203,8491.533054494967
287.96381,0.138282,-39.576768,8489.656258,8490.282650052652
287.97381,0.138204,-39.575953,8489.260495,8491.624134705884
287.98381,0.138125,-39.575137,8488.864739,8492.047323860328
287.99381,0.138048,-39.574322,8488.468992,8490.255651680032
288.00381,0.137971,-39.573506,8488.073253,8486.102706759317
288.01381,0.137894,-39.572691,8487.677522,8488.34198618767
288.02381,0.137818,-39.571875,8487.281799,8490.191239914482
288.03381,0.137742,-39.57106,8486.886084,8485.804719558573
288.04381,0.137667,-39.570244,8486.490378,8487.851441511768
288.05381,0.137593,-39.569429,8486.09468,8486.076319277066
288.06381,0.137519,-39.568614,8485.698989,8487.86270482342
288.07381,0.137446,-39.567798,8485.303307,8486.624968152382
288.08381,0.137373,-39.566983,8484.907633,8486.289290743916
288.09381,0.1373,-39.566168,8484.511968,8483.784544913682
288.10381,0.137228,-39.565352,8484.11631,8484.035923924614
288.11381,0.137157,-39.564537,8483.720661,8482.823018138015
288.12381,0.137086,-39.563722,8483.325019,8482.881491328762
288.13381,0.137016,-39.562907,8482.929386,8481.748257874679
288.14381,0.136946,-39.562092,8482.533761,8484.03068319459
288.15381,0.136877,-39.561276,8482.138144,8481.849278167605
288.16381,0.136808,-39.560461,8481.742536,8480.930392361699
288.17381,0.136739,-39.559646,8481.346935,8479.21142207332
288.18381,0.136672,-39.558831,8480.951343,8481.74166371066
288.19381,0.136604,-39.558016,8480.555758,8484.530991035614
288.20381,0.136537,-39.557201,8480.160182,8480.003115882231
288.21381,0.136471,-39.556386,8479.764614,8482.682375232213
288.22381,0.136405,-39.555571,8479.369055,8480.83807357623
288.23381,0.13634,-39.554756,8478.973503,8483.090879619866
288.24381,0.136275,-39.553942,8478.57796,8478.417841241075
288.25381,0.13621,-39.553127,8478.182424,8480.219321618877
288.26381,0.136146,-39.552312,8477.786897,8479.043143972756
288.27381,0.136083,-39.551497,8477.391378,8476.204812667684
288.28381,0.13602,-39.550682,8476.995867,8477.86770474938
288.29381,0.135957,-39.549868,8476.600364,8480.599415401362
288.30381,0.135895,-39.549053,8476.20487,8478.075976980095
288.31381,0.135834,-39.548238,8475.809383,8473.37994878783
288.32381,0.135773,-39.547424,8475.413905,8475.810729699328
288.33381,0.135712,-39.546609,8475.018435,8474.939722264247
288.34381,0.135652,-39.545794,8474.622973,8475.524820369033
288.35381,0.135592,-39.54498,8474.227519,8472.162649273683
288.36381,0.135533,-39.544165,8473.832073,8476.279229466547
288.37381,0.135474,-39.543351,8473.436636,8471.840990935203
288.38381,0.135415,-39.542536,8473.041206,8471.969711595395
288.39381,0.135357,-39.541722,8472.645785,8474.144497246554
288.40381,0.1353,-39.540907,8472.250372,8470.86567629102
288.41381,0.135243,-39.540093,8471.854967,8471.831273360192
288.42381,0.135186,-39.539279,8471.45957,8468.952002969827
288.43381,0.13513,-39.538464,8471.064181,8471.09342136737
288.44381,0.135074,-39.53765,8470.668801,8472.121913132713
288.45381,0.135019,-39.536836,8470.273428,8469.935355498612
288.46381,0.134964,-39.536022,8469.878064,8470.954743499076
288.47381,0.13491,-39.535207,8469.482708,8473.877572716294
288.48381,0.134856,-39.534393,8469.08736,8469.673992671414
288.49381,0.134802,-39.533579,8468.69202,8469.43140480458
288.50381,0.134749,-39.532765,8468.296688,8470.41412887619
288.51381,0.134696,-39.531951,8467.901365,8468.2938206272
288.52381,0.134644,-39.531137,8467.506049,8467.104961492316
288.53381,0.134592,-39.530323,8467.110742,8469.001794826436
288.54381,0.134541,-39.529509,8466.715443,8466.647649734607
288.55381,0.134489,-39.528695,8466.320152,8465.45322255116
288.56381,0.134439,-39.527881,8465.924869,8466.951455715976
288.57381,0.134389,-39.527067,8465.529594,8466.001027311062
288.58381,0.134372,-39.526253,8465.134327,8464.623797223123
288.59381,0.134481,-39.525439,8464.739069,8466.224883261722
288.60381,0.134597,-39.524625,8464.343819,8464.359942552512
288.61381,0.134719,-39.523812,8463.948576,8461.72561557782
288.62381,0.134847,-39.522998,8463.553342,8466.1484582704
288.63381,0.134983,-39.522184,8463.158116,8463.786880627675
288.64381,0.135124,-39.52137,8462.762899,8462.108610610692
288.65381,0.135272,-39.520556,8462.367689,8464.69387444861
288.66381,0.135427,-39.519742,8461.972488,8462.881731954914
288.67381,0.135587,-39.518929,8461.577294,8463.94896012716
288.68381,0.135754,-39.518115,8461.182109,8460.372033596406
288.69381,0.135926,-39.517301,8460.786932,8462.95973492633
288.70381,0.136105,-39.516487,8460.391763,8462.885432318892
288.71381,0.13629,-39.515673,8459.996602,8459.645768072116
288.72381,0.13648,-39.51486,8459.60145,8462.034396033872
288.73381,0.136677,-39.514046,8459.206305,8460.264862237034
288.74381,0.136879,-39.513232,8458.811169,8459.808738452188
288.75381,0.137087,-39.512418,8458.41604,8462.202734508663
288.76381,0.1373,-39.511604,8458.02092,8457.52675434681
288.77381,0.137519,-39.510791,8457.625808,8456.751588138208
288.78381,0.137743,-39.509977,8457.230704,8458.774891306979
288.79381,0.137973,-39.509163,8456.835609,8459.645966450735
288.80381,0.138208,-39.508349,8456.440521,8458.933086676174
288.81381,0.138448,-39.507535,8456.045442,8455.28369491206
288.82381,0.138694,-39.506722,8455.65037,8456.08027628461
288.83381,0.138944,-39.505908,8455.255307,8456.709716632713
288.84381,0.1392,-39.505094,8454.860252,8452.786841489482
288.85381,0.13946,-39.50428,8454.465205,8454.84232591535
288.86381,0.139726,-39.503466,8454.070167,8451.568275021045
288.87381,0.139996,-39.502652,8453.675136,8453.607789938369
288.88381,0.140271,-39.501838,8453.280114,8453.217225291908
288.89381,0.14055,-39.501025,8452.885099,8450.199139920489
288.90381,0.140834,-39.500211,8452.490093,8453.33489273887
288.91381,0.141123,-39.499397,8452.095095,8453.328655505056
288.92381,0.141416,-39.498583,8451.700105,8454.023807225984
288.93381,0.141713,-39.497769,8451.305123,8455.317843207278
288.94381,0.142015,-39.496955,8450.91015,8452.108428055886
288.95381,0.142321,-39.496141,8450.515184,8451.760618749764
288.96381,0.142631,-39.495327,8450.120227,8450.70713678864
288.97381,0.142946,-39.494514,8449.725278,8452.238047397772
288.98381,0.143264,-39.4937,8449.330337,8448.565202717744
288.99381,0.143587,-39.492886,8448.935404,8450.366868214493
289.00381,0.143913,-39.492072,8448.540479,8447.270136082825
289.01381,0.144244,-39.491258,8448.145562,8454.140110045813
289.02381,0.144578,-39.490444,8447.750654,8446.576637060965
289.03381,0.144916,-39.48963,8447.355753,8446.97566687453
289.04381,0.145258,-39.488816,8446.960861,8450.467611010823
289.05381,0.145603,-39.488002,8446.565977,8447.63584725858
289.06381,0.145952,-39.487188,8446.171101,8447.837302590451
289.07381,0.146305,-39.486374,8445.776233,8447.68267312229
289.08381,0.146661,-39.48556,8445.381374,8445.817394851212
289.09381,0.14702,-39.484746,8444.986522,8444.852329971822
289.10381,0.147383,-39.483932,8444.591679,8445.427758264042
289.11381,0.147749,-39.483118,8444.196844,8443.721107185052
289.12381,0.148119,-39.482304,8443.802016,8446.064731299633
289.13381,0.148491,-39.48149,8443.407197,8445.486045171485
289.14381,0.148867,-39.480676,8443.012387,8445.396950587934
289.15381,0.149245,-39.479862,8442.617584,8443.004390834276
289.16381,0.149627,-39.479048,8442.222789,8444.21198045529
289.17381,0.150011,-39.478234,8441.828003,8443.577757201634
289.18381,0.150399,-39.47742,8441.433225,8442.823575682345
289.19381,0.150789,-39.476606,8441.038455,8441.774026182864
289.20381,0.151182,-39.475792,8440.643693,8441.474707825173
289.21381,0.151578,-39.474978,8440.248939,8441.948445469028
289.22381,0.151976,-39.474163,8439.854193,8440.773695841717
289.23381,0.152378,-39.473349,8439.459455,8439.409508381104
289.24381,0.152781,-39.472535,8439.064726,8439.66431291828
289.25381,0.153188,-39.471721,8438.670005,8440.993156202154
289.26381,0.153596,-39.470907,8438.275292,8439.99322078516
289.27381,0.154007,-39.470092,8437.880587,8436.403178136165
289.28381,0.154421,-39.469278,8437.48589,8436.993681223403
289.29381,0.154837,-39.468464,8437.091201,8439.017002643635
289.30381,0.155255,-39.46765,8436.696521,8438.471576127715
289.31381,0.155675,-39.466835,8436.301848,8437.054429089363
289.32381,0.156098,-39.466021,8435.907184,8435.814327365311
289.33381,0.156522,-39.465207,8435.512528,8436.860442361676
289.34381,0.156949,-39.464393,8435.11788,8435.059321808776
289.35381,0.157378,-39.463578,8434.72324,8435.085871593026
289.36381,0.157809,-39.462764,8434.328608,8437.19018785977
289.37381,0.158242,-39.46195,8433.933985,8436.077516993877
289.38381,0.158676,-39.461135,8433.539369,8436.516581247019
289.39381,0.159113,-39.460321,8433.144762,8435.111993276121
289.40381,0.159551,-39.459506,8432.750163,8432.42483205708
289.41381,0.159992,-39.458692,8432.355572,8430.69157261424
289.42381,0.160434,-39.457878,8431.960989,8432.84772240127
289.43381,0.160877,-39.457063,8431.566414,8433.354172744162
289.44381,0.161323,-39.456249,8431.171848,8432.456132239717
289.45381,0.16177,-39.455434,8430.777289,8429.61717887874
289.46381,0.162218,-39.45462,8430.382739,8430.815867302612
289.47381,0.162668,-39.453805,8429.988197,8431.326147933825
289.48381,0.16312,-39.452991,8429.593663,8430.283506164358
289.49381,0.163573,-39.452176,8429.199137,8429.559770272097
289.50381,0.164028,-39.451361,8428.804619,8429.210533518464
289.51381,0.164484,-39.450547,8428.41011,8430.586540562786
289.52381,0.164941,-39.449732,8428.015608,8425.70842017124
289.53381,0.1654,-39.448918,8427.621115,8428.318259016762
289.54381,0.16586,-39.448103,8427.22663,8426.161953400695
289.55381,0.166321,-39.447288,8426.832153,8425.306544564002
289.56381,0.166783,-39.446474,8426.437684,8425.279500288965
289.57381,0.167247,-39.445659,8426.043224,8426.702251047003
289.58381,0.167712,-39.444844,8425.648771,8425.66053241479
289.59381,0.168178,-39.444029,8425.254327,8426.887056390187
289.60381,0.168645,-39.443215,8424.85989,8426.386207760463
289.61381,0.169113,-39.4424,8424.465462,8424.162237677212
289.62381,0.169582,-39.441585,8424.071042,8423.295582399185
289.63381,0.170053,-39.44077,8423.676631,8422.857954944142
289.64381,0.170524,-39.439956,8423.282227,8423.076039830505
289.65381,0.170996,-39.439141,8422.887832,8425.81594716799
289.66381,0.171469,-39.438326,8422.493444,8421.3234811658
289.67381,0.171943,-39.437511,8422.099065,8422.285653432564
289.68381,0.172418,-39.436696,8421.704694,8423.922846171163
289.69381,0.172893,-39.435881,8421.310331,8420.525268204614
289.70381,0.17337,-39.435066,8420.915976,8423.020265514857
289.71381,0.173847,-39.434251,8420.52163,8422.489890830677
289.72381,0.174325,-39.433436,8420.127291,8420.962815731325
289.73381,0.174804,-39.432621,8419.732961,8421.591697375641
289.74381,0.175283,-39.431806,8419.338639,8419.90813597625
289.75381,0.175763,-39.430991,8418.944325,8420.035621493067
289.76381,0.176244,-39.430176,8418.550019,8422.310037163761
289.77381,0.176726,-39.429361,8418.155721,8421.559128255103
289.78381,0.177208,-39.428546,8417.761432,8420.120068375309
289.79381,0.17769,-39.427731,8417.367151,8416.916906212618
289.80381,0.178173,-39.426916,8416.972877,8416.060704679061
289.81381,0.178657,-39.426101,8416.578612,8418.057942538668
289.82381,0.179141,-39.425286,8416.184355,8416.715915395886
289.83381,0.179626,-39.424471,8415.790106,8414.859191374324
289.84381,0.180111,-39.423655,8415.395866,8418.016185292307
289.85381,0.180596,-39.42284,8415.001633,8413.503864454737
289.86381,0.181082,-39.422025,8414.607409,8416.87416379682
289.87381,0.181569,-39.42121,8414.213193,8413.98181565717
289.88381,0.182056,-39.420395,8413.818985,8413.631273202858
289.89381,0.182543,-39.419579,8413.424785,8411.78868257307
289.90381,0.18303,-39.418764,8413.030593,8412.756478643752
289.91381,0.183518,-39.417949,8412.63641,8416.313441064714
289.92381,0.184006,-39.417133,8412.242234,8410.049968638195
289.93381,0.184494,-39.416318,8411.848067,8413.80002824619
289.94381,0.184983,-39.415503,8411.453908,8411.900599708748
289.95381,0.185472,-39.414687,8411.059757,8412.256237119336
289.96381,0.185961,-39.413872,8410.665614,8412.478410020258
289.97381,0.18645,-39.413057,8410.27148,8411.653970518862
289.98381,0.18694,-39.412241,8409.877353,8412.243018002253
289.99381,0.187429,-39.411426,8409.483235,8409.604153341244
290.00381,0.187919,-39.41061,8409.089125,8412.198684676388
290.01381,0.188409,-39.409795,8408.695023,8408.706281586095
290.02381,0.188899,-39.40898,8408.300929,8408.205920845907
290.03381,0.189389,-39.408164,8407.906843,8409.256964672466
290.04381,0.189879,-39.407349,8407.512765,8406.851749625248
290.05381,0.19037,-39.406533,8407.118696,8409.61233654885
290.06381,0.19086,-39.405718,8406.724635,8407.25442363211
290.07381,0.19135,-39.404902,8406.330582,8404.500847505898
290.08381,0.191841,-39.404086,8405.936537,8406.667722414422
290.09381,0.192331,-39.403271,8405.5425,8406.378109951342
290.10381,0.192822,-39.402455,8405.148471,8404.710425681333
290.11381,0.193312,-39.40164,8404.754451,8405.69728577222
290.12381,0.193803,-39.400824,8404.360438,8406.417974222863
290.13381,0.194293,-39.400008,8403.966434,8404.689899743773
290.14381,0.194783,-39.399193,8403.572438,8403.736913576955
290.15381,0.195273,-39.398377,8403.17845,8406.344018209988
290.16381,0.195763,-39.397561,8402.784471,8404.124638293131
290.17381,0.196253,-39.396746,8402.390499,8406.62195712986
290.18381,0.196743,-39.39593,8401.996536,8402.952141328133
290.19381,0.197233,-39.395114,8401.602581,8404.792652902452
290.20381,0.197723,-39.394299,8401.208634,8402.456273568068
290.21381,0.198212,-39.393483,8400.814695,8403.334382867399
290.22381,0.198702,-39.392667,8400.420764,8402.480742692305
290.23381,0.199191,-39.391851,8400.026841,8399.07605932158
290.24381,0.19968,-39.391036,8399.632927,8401.048623759227
290.25381,0.200168,-39.39022,8399.239021,8400.98064498421
290.26381,0.200657,-39.389404,8398.845122,8399.558934452249
290.27381,0.201145,-39.388588,8398.451232,8398.600260582169
290.28381,0.201633,-39.387772,8398.057351,8399.312813299426
290.29381,0.202121,-39.386957,8397.663477,8397.036180600666
290.30381,0.202609,-39.386141,8397.269612,8398.31422863581
290.31381,0.203096,-39.385325,8396.875754,8395.61309535684
290.32381,0.203583,-39.384509,8396.481905,8394.990528452903
290.33381,0.20407,-39.383693,8396.088064,8396.919884054862
290.34381,0.204556,-39.382877,8395.694231,8397.667206503958
290.35381,0.205042,-39.382061,8395.300407,8396.789927372482
290.36381,0.205528,-39.381245,8394.90659,8395.527667858792
290.37381,0.206014,-39.380429,8394.512782,8394.011338870076
290.38381,0.206499,-39.379614,8394.118981,8393.31351620352
290.39381,0.206984,-39.378798,8393.725189,8397.972270001848
290.40381,0.207468,-39.377982,8393.331405,8395.43746119776
290.41381,0.207953,-39.377166,8392.93763,8393.254250683458
290.42381,0.208436,-39.37635,8392.543862,8394.14976616626
290.43381,0.20892,-39.375534,8392.150103,8393.446868343677
290.44381,0.209403,-39.374718,8391.756351,8394.476285342742
290.45381,0.209885,-39.373902,8391.362608,8393.679000980708
290.46381,0.210368,-39.373086,8390.968873,8392.368420498242
290.47381,0.21085,-39.37227,8390.575147,8394.607471491583
290.48381,0.211331,-39.371454,8390.181428,8390.89177619411
290.49381,0.211812,-39.370638,8389.787718,8389.119356237967
290.50381,0.212293,-39.369822,8389.394015,8390.073358924
290.51381,0.212773,-39.369006,8389.000321,8386.937103695785
290.52381,0.213252,-39.36819,8388.606635,8390.932245561278
290.53381,0.213732,-39.367373,8388.212957,8389.960109203224
290.54381,0.21421,-39.366557,8387.819288,8387.76133714821
290.55381,0.214689,-39.365741,8387.425626,8386.662477587408
290.56381,0.215166,-39.364925,8387.031973,8388.365132351802
290.57381,0.215644,-39.364109,8386.638328,8386.732076082171
290.58381,0.216121,-39.363293,8386.244691,8387.986546029213
290.59381,0.216597,-39.362477,8385.851062,8391.043742752898
290.60381,0.217073,-39.361661,8385.457441,8387.714984579225
290.61381,0.217548,-39.360845,8385.063829,8384.480885332097
290.62381,0.218023,-39.360029,8384.670224,8387.566171263976
290.63381,0.218498,-39.359212,8384.276628,8385.672054661796
290.64381,0.218971,-39.358396,8383.88304,8384.21782626856
290.65381,0.219445,-39.35758,8383.48946,8385.117886020571
290.66381,0.219917,-39.356764,8383.095888,8383.285525020117
290.67381,0.22039,-39.355948,8382.702325,8384.535022038343
290.68381,0.220861,-39.355132,8382.308769,8384.999527829605
290.69381,0.221333,-39.354316,8381.915222,8380.820818321714
290.70381,0.221803,-39.353499,8381.521683,8381.956583899631
290.71381,0.222273,-39.352683,8381.128152,8385.826773035416
290.72381,0.222743,-39.351867,8380.734629,8383.593741763409
290.73381,0.223212,-39.351051,8380.341115,8380.974282891746
290.74381,0.22368,-39.350235,8379.947608,8382.117231659611
290.75381,0.224148,-39.349419,8379.55411,8379.314308476834
290.76381,0.224615,-39.348602,8379.16062,8379.06297355618
290.77381,0.225081,-39.347786,8378.767138,8380.53526362699
290.78381,0.225547,-39.34697,8378.373664,8378.619536448186
290.79381,0.226013,-39.346154,8377.980199,8376.045681854368
290.80381,0.226477,-39.345338,8377.586741,8380.164401203512
290.81381,0.226942,-39.344522,8377.193292,8379.579429547603
290.82381,0.227405,-39.343705,8376.799851,8378.482799703075
290.83381,0.227868,-39.342889,8376.406418,8377.083292773425
290.84381,0.22833,-39.342073,8376.012993,8374.752492809785
290.85381,0.228792,-39.341257,8375.619576,8378.892508113866
290.86381,0.229253,-39.340441,8375.226168,8377.106376772124
290.87381,0.229714,-39.339624,8374.832768,8375.717226600935
290.88381,0.230173,-39.338808,8374.439375,8375.66249115639
290.89381,0.230633,-39.337992,8374.045991,8376.127872129033
290.90381,0.231091,-39.337176,8373.652616,8376.126347503026
290.91381,0.231549,-39.33636,8373.259248,8374.38204200657
290.92381,0.232006,-39.335544,8372.865888,8373.031499559866
290.93381,0.232463,-39.334727,8372.472537,8371.841848452881
290.94381,0.232919,-39.333911,8372.079194,8373.022338636983
290.95381,0.233374,-39.333095,8371.685859,8372.81490269016
290.96381,0.233829,-39.332279,8371.292532,8370.761650476821
290.97381,0.234283,-39.331463,8370.899213,8372.450976519282
290.98381,0.234736,-39.330647,8370.505903,8370.672296720872
290.99381,0.235189,-39.32983,8370.1126,8371.878699846413
291.00381,0.235641,-39.329014,8369.719306,8370.735903824338
291.01381,0.236092,-39.328198,8369.32602,8367.9254989707
291.02381,0.236542,-39.327382,8368.932742,8369.97727060086
291.03381,0.236992,-39.326566,8368.539472,8369.213897039413
291.04381,0.237442,-39.32575,8368.146211,8369.337912190404
291.05381,0.23789,-39.324934,8367.752957,8369.586644862138
291.06381,0.238338,-39.324117,8367.359712,8368.418157039294
291.07381,0.238785,-39.323301,8366.966475,8368.398325955466
291.08381,0.239232,-39.322485,8366.573246,8366.099266382216
291.09381,0.239678,-39.321669,8366.180025,8370.798072152833
291.10381,0.240123,-39.320853,8365.786813,8365.246256301336
291.11381,0.240567,-39.320037,8365.393608,8366.053629779899
291.12381,0.241011,-39.319221,8365.000412,8365.424048851117
291.13381,0.241454,-39.318405,8364.607224,8364.51274789185
291.14381,0.241896,-39.317589,8364.214044,8365.85945609213
291.15381,0.242293,-39.316773,8363.820872,8366.062095251717
291.16381,0.242604,-39.315957,8363.427708,8365.046297355057
291.17381,0.242916,-39.315141,8363.034553,8360.990814213457
291.18381,0.243229,-39.314325,8362.641406,8364.548854018469
291.19381,0.243543,-39.313509,8362.248266,8361.818822353383
291.20381,0.243858,-39.312693,8361.855135,8363.916524526257
291.21381,0.244175,-39.311877,8361.462013,8361.987438828777
291.22381,0.244492,-39.311061,8361.068898,8362.829341232798
291.23381,0.24481,-39.310245,8360.675791,8362.161147492912
291.24381,0.245129,-39.30943,8360.282693,8361.24590409272
291.25381,0.24545,-39.308614,8359.889603,8361.66725728009
291.26381,0.245771,-39.307798,8359.496521,8358.759531010348
291.27381,0.246093,-39.306982,8359.103447,8359.896992969296
291.28381,0.246416,-39.306167,8358.710381,8360.530048372846
291.29381,0.24674,-39.305351,8358.317323,8358.316878941136
291.30381,0.247065,-39.304536,8357.924274,8357.711008316704
291.31381,0.247391,-39.30372,8357.531233,8358.94267622543
291.32381,0.247718,-39.302905,8357.1382,8359.118653556454
291.33381,0.248045,-39.302089,8356.745175,8355.026457362808
291.34381,0.248374,-39.301274,8356.352158,8358.765710684322
291.35381,0.248703,-39.300459,8355.959149,8355.359945443051
291.36381,0.249033,-39.299643,8355.566149,8356.171512021876
291.37381,0.249363,-39.298828,8355.173156,8357.841370797916
291.38381,0.249695,-39.298013,8354.780172,8354.117729321235
291.39381,0.250027,-39.297197,8354.387196,8352.300408300935
291.40381,0.25036,-39.296382,8353.994228,8354.94753824159
291.41381,0.250694,-39.295567,8353.601268,8353.628149811713
291.42381,0.251028,-39.294752,8353.208317,8353.89445333832
291.43381,0.251364,-39.293937,8352.815373,8351.132843613024
291.44381,0.251701,-39.293122,8352.422438,8353.40473983939
291.45381,0.252039,-39.292306,8352.029511,8350.064458068618
291.46381,0.252378,-39.291491,8351.636592,8351.687029012915
291.47381,0.252718,-39.290676,8351.243681,8352.866066652801
291.48381,0.253057,-39.289861,8350.850778,8351.024908630587
291.49381,0.253398,-39.289046,8350.457884,8349.076434033052
291.50381,0.253739,-39.288231,8350.064998,8351.960009628387
291.51381,0.254081,-39.287415,8349.672119,8348.517979317518
291.52381,0.254423,-39.2866,8349.279249,8348.746770438596
291.53381,0.254766,-39.285785,8348.886387,8347.969379800672
291.54381,0.255109,-39.284969,8348.493534,8349.493336644324
291.55381,0.255453,-39.284154,8348.100688,8351.61001922541
291.56381,0.255797,-39.283339,8347.70785,8349.263346151043
291.57381,0.256142,-39.282524,8347.315021,8347.074634196906
291.58381,0.256487,-39.281708,8346.9222,8346.7168505144
291.59381,0.256833,-39.280893,8346.529387,8347.314732128527
291.60381,0.257179,-39.280078,8346.136582,8348.038849605888
291.61381,0.257525,-39.279262,8345.743785,8346.142262775955
291.62381,0.257872,-39.278447,8345.350997,8347.080869396843
291.63381,0.25822,-39.277631,8344.958216,8345.482519745692
291.64381,0.258568,-39.276816,8344.565444,8343.446361746837
291.65381,0.258916,-39.276001,8344.17268,8343.281745749067
291.66381,0.259264,-39.275185,8343.779924,8343.076996991284
291.67381,0.259613,-39.27437,8343.387176,8344.480971217166
291.68381,0.259963,-39.273554,8342.994437,8345.674048974664
291.69381,0.260312,-39.272739,8342.601705,8347.954648003948
291.70381,0.260662,-39.271923,8342.208982,8343.708484094457
291.71381,0.261012,-39.271108,8341.816267,8342.744890545657
291.72381,0.261363,-39.270292,8341.42356,8342.29953087116
291.73381,0.261714,-39.269477,8341.030861,8345.672039626852
291.74381,0.262065,-39.268661,8340.63817,8342.143903304717
291.75381,0.262416,-39.267846,8340.245488,8339.514673830221
291.76381,0.262768,-39.26703,8339.852813,8340.670199210927
291.77381,0.26312,-39.266214,8339.460147,8342.074281523479
291.78381,0.263472,-39.265399,8339.067489,8338.355313817445
291.79381,0.263825,-39.264583,8338.674839,8338.188990794464
291.80381,0.264177,-39.263768,8338.282198,8339.115438552637
291.81381,0.26453,-39.262952,8337.889564,8340.668526229105
291.82381,0.264883,-39.262136,8337.496938,8340.522398517958
291.83381,0.265236,-39.261321,8337.104321,8338.409601697087
291.84381,0.26559,-39.260505,8336.711712,8337.920116563962
291.85381,0.265943,-39.25969,8336.319111,8336.209352602482
291.86381,0.266297,-39.258874,8335.926518,8337.355607480533
291.87381,0.266651,-39.258058,8335.533934,8334.757082877499
291.88381,0.267005,-39.257243,8335.141357,8337.143532883894
291.89381,0.267359,-39.256427,8334.748789,8336.01932555592
291.90381,0.267714,-39.255611,8334.356229,8335.824883892443
291.91381,0.268068,-39.254795,8333.963677,8336.165709858444
291.92381,0.268423,-39.25398,8333.571133,8333.355140528516
291.93381,0.268778,-39.253164,8333.178597,8333.236360278734
291.94381,0.269132,-39.252348,8332.786069,8334.99912348128
291.95381,0.269487,-39.251533,8332.39355,8336.66002659925
291.96381,0.269842,-39.250717,8332.001039,8329.92022174174
291.97381,0.270197,-39.249901,8331.608536,8332.965293496583
291.98381,0.270552,-39.249085,8331.216041,8331.791177978841
291.99381,0.270907,-39.24827,8330.823554,8331.62318033977
292.00381,0.271262,-39.247454,8330.431075,8330.33922464379
292.01381,0.271618,-39.246638,8330.038605,8330.484743780464
292.02381,0.271973,-39.245822,8329.646143,8328.995986207192
292.03381,0.272328,-39.245006,8329.253688,8329.184733897177
292.04381,0.272683,-39.244191,8328.861242,8330.963399641987
292.05381,0.273038,-39.243375,8328.468805,8330.672383781908
292.06381,0.273394,-39.242559,8328.076375,8329.548379084883
292.07381,0.273749,-39.241743,8327.683953,8329.809705297841
292.08381,0.274104,-39.240927,8327.29154,8326.72319013958
292.09381,0.274459,-39.240112,8326.899135,8326.777513132534
292.10381,0.274814,-39.239296,8326.506738,8330.014084389151
292.11381,0.27517,-39.23848,8326.114349,8325.50453197863
292.12381,0.275525,-39.237664,8325.721968,8323.219428123406
292.13381,0.27588,-39.236848,8325.329596,8325.766108733878
292.14381,0.276235,-39.236032,8324.937231,8327.06667349308
292.15381,0.27659,-39.235217,8324.544875,8324.235901888474
292.16381,0.276944,-39.234401,8324.152527,8325.59444153427
292.17381,0.277299,-39.233585,8323.760187,8323.963676975856
292.18381,0.277654,-39.232769,8323.367855,8325.086558408688
292.19381,0.278008,-39.231953,8322.975532,8324.93213769035
292.20381,0.278363,-39.231137,8322.583216,8325.103395253342
292.21381,0.278717,-39.230322,8322.190909,8322.302278529654
292.22381,0.279071,-39.229506,8321.79861,8320.577809932418
292.23381,0.279425,-39.22869,8321.406319,8321.58293391477
292.24381,0.279779,-39.227874,8321.014036,8322.342284328119
292.25381,0.280133,-39.227058,8320.621761,8320.509878527873
292.26381,0.280487,-39.226242,8320.229495,8321.221208520023
292.27381,0.280841,-39.225426,8319.837236,8321.68611665937
292.28381,0.281194,-39.224611,8319.444986,8320.181935431394
292.29381,0.281547,-39.223795,8319.052744,8318.392845697443
292.30381,0.2819,-39.222979,8318.66051,8319.079825931252
292.31381,0.282253,-39.222163,8318.268285,8319.107883705658
292.32381,0.282606,-39.221347,8317.876067,8316.552862317276
292.33381,0.282959,-39.220531,8317.483858,8317.885305202039
292.34381,0.283311,-39.219716,8317.091656,8318.65108774271
292.35381,0.283664,-39.2189,8316.699463,8316.676513999413
292.36381,0.284016,-39.218084,8316.307278,8317.355721252856
292.37381,0.284367,-39.217268,8315.915102,8314.963270708853
292.38381,0.284719,-39.216452,8315.522933,8314.19781126505
292.39381,0.285071,-39.215636,8315.130773,8313.604812756115
292.40381,0.285422,-39.21482,8314.73862,8314.986926299875
292.41381,0.285773,-39.214005,8314.346476,8313.966599371333
292.42381,0.286124,-39.213189,8313.95434,8316.50811525795
292.43381,0.286474,-39.212373,8313.562212,8314.823650385386
292.44381,0.286824,-39.211557,8313.170093,8315.090694475852
292.45381,0.287175,-39.210741,8312.777981,8312.04898043655
292.46381,0.287524,-39.209926,8312.385878,8314.541354796358
292.47381,0.287874,-39.20911,8311.993783,8313.272243137015
292.48381,0.288223,-39.208294,8311.601696,8310.643432708888
292.49381,0.288572,-39.207478,8311.209617,8311.51306986227
292.50381,0.288921,-39.206662,8310.817546,8310.669529911844
292.51381,0.28927,-39.205847,8310.425484,8309.628800849452
292.52381,0.289618,-39.205031,8310.033429,8308.696439381205
292.53381,0.289966,-39.204215,8309.641383,8310.662658084895
292.54381,0.290314,-39.203399,8309.249345,8309.90305064512
292.55381,0.290662,-39.202583,8308.857315,8309.25489845534
292.56381,0.291009,-39.201768,8308.465293,8311.731234822495
292.57381,0.291356,-39.200952,8308.07328,8309.781956398812
292.58381,0.291702,-39.200136,8307.681274,8306.085466950903
292.59381,0.292049,-39.199321,8307.289277,8306.42269635458
292.60381,0.292395,-39.198505,8306.897288,8306.300305541154
292.61381,0.29274,-39.197689,8306.505307,8305.454302649528
292.62381,0.293086,-39.196873,8306.113334,8305.866830720597
292.63381,0.293431,-39.196058,8305.721369,8305.719721250518
292.64381,0.293776,-39.195242,8305.329413,8306.685030761178
292.65381,0.29412,-39.194426,8304.937465,8304.028150724067
292.66381,0.294464,-39.193611,8304.545524,8306.81493135039
292.67381,0.294808,-39.192795,8304.153592,8304.605489323292
292.68381,0.295152,-39.191979,8303.761669,8304.907508392855
292.69381,0.295495,-39.191164,8303.369753,8304.373541508798
292.70381,0.295838,-39.190348,8302.977845,8305.636185638901
292.71381,0.29618,-39.189532,8302.585946,8303.002862839447
292.72381,0.296522,-39.188717,8302.194055,8303.694984920054
292.73381,0.296864,-39.187901,8301.802172,8301.054359403073
292.74381,0.297205,-39.187086,8301.410297,8303.386139062903
292.75381,0.297547,-39.18627,8301.01843,8302.698673134342
292.76381,0.297887,-39.185455,8300.626571,8300.817963310277
292.77381,0.298228,-39.184639,8300.234721,8301.328881773985
292.78381,0.298568,-39.183823,8299.842878,8302.673278211993
292.79381,0.298907,-39.183008,8299.451044,8300.496511368845
292.80381,0.299247,-39.182192,8299.059218,8298.92104638638
292.81381,0.299586,-39.181377,8298.6674,8299.96244931849
292.82381,0.299924,-39.180561,8298.275591,8297.708034575488
292.83381,0.300262,-39.179746,8297.883789,8297.404108931676
292.84381,0.3006,-39.178931,8297.491996,8297.451439322249
292.85381,0.300938,-39.178115,8297.100211,8294.99862327262
292.86381,0.301275,-39.1773,8296.708433,8296.453948810593
292.87381,0.301611,-39.176484,8296.316665,8298.946915597347
292.88381,0.301947,-39.175669,8295.924904,8298.752725800832
292.89381,0.302283,-39.174853,8295.533151,8297.634044230595
292.90381,0.302619,-39.174038,8295.141407,8295.673104994012
292.91381,0.302954,-39.173223,8294.74967,8295.713891407337
292.92381,0.303289,-39.172407,8294.357942,8295.57658627376
292.93381,0.303623,-39.171592,8293.966222,8293.009318569824
292.94381,0.303957,-39.170777,8293.57451,8294.757570932807
292.95381,0.30429,-39.169962,8293.182807,8293.998356909704
292.96381,0.304623,-39.169146,8292.791111,8295.229026044144
292.97381,0.304956,-39.168331,8292.399424,8291.235198884036
292.98381,0.305288,-39.167516,8292.007745,8291.920018848681
292.99381,0.30562,-39.166701,8291.616074,8293.760098355197
293.00381,0.305951,-39.165885,8291.224411,8294.98374766226
293.01381,0.306282,-39.16507,8290.832756,8291.254954244467
293.02381,0.306613,-39.164255,8290.441109,8293.357296527758
293.03381,0.306943,-39.16344,8290.049471,8290.130442194151
293.04381,0.307273,-39.162625,8289.65784,8290.610626730242
293.05381,0.307602,-39.16181,8289.266218,8291.839875328658
293.06381,0.307931,-39.160995,8288.874604,8290.084741903722
293.07381,0.308259,-39.16018,8288.482998,8289.879009948121
293.08381,0.308587,-39.159364,8288.091401,8286.888853138817
293.09381,0.308915,-39.158549,8287.699811,8289.764795963847
293.10381,0.309242,-39.157734,8287.30823,8289.592986372922
293.11381,0.309568,-39.156919,8286.916656,8290.234953328973
293.12381,0.309895,-39.156105,8286.525091,8284.956811767928
293.13381,0.31022,-39.15529,8286.133534,8287.533004714354
293.14381,0.310546,-39.154475,8285.741985,8287.45001080421
293.15381,0.31087,-39.15366,8285.350445,8287.19168392737
293.16381,0.311195,-39.152845,8284.958912,8284.533915748178
293.17381,0.311519,-39.15203,8284.567388,8285.51755853168
293.18381,0.311842,-39.151215,8284.175872,8286.632236615445
293.19381,0.312166,-39.1504,8283.784364,8285.08531939454
293.20381,0.312488,-39.149586,8283.392864,8285.361565209636
293.21381,0.31281,-39.148771,8283.001372,8282.733799807658
293.22381,0.313132,-39.147956,8282.609888,8283.500366462345
293.23381,0.313453,-39.147141,8282.218413,8281.484088232932
293.24381,0.313774,-39.146327,8281.826945,8281.8658555641
293.25381,0.314094,-39.145512,8281.435486,8282.510785321983
293.26381,0.314414,-39.144698,8281.044035,8283.869532856186
293.27381,0.314734,-39.143883,8280.652592,8284.05099786481
293.28381,0.315053,-39.143068,8280.261157,8279.51029297331
293.29381,0.315371,-39.142254,8279.869731,8279.172427928612
293.30381,0.315689,-39.141439,8279.478312,8277.275362561411
293.31381,0.316006,-39.140625,8279.086902,8282.808968246742
293.32381,0.316324,-39.13981,8278.6955,8280.67996921083
293.33381,0.31664,-39.138996,8278.304106,8281.351722477044
293.34381,0.316956,-39.138181,8277.91272,8275.95995017589
293.35381,0.317272,-39.137367,8277.521342,8280.548707967888
293.36381,0.317587,-39.136553,8277.129973,8278.185399176
293.37381,0.317902,-39.135738,8276.738611,8281.587756776522
293.38381,0.318216,-39.134924,8276.347258,8277.208372187937
293.39381,0.318529,-39.13411,8275.955913,8278.091633473527
293.40381,0.318843,-39.133295,8275.564576,8276.984621946283
293.41381,0.319155,-39.132481,8275.173247,8276.04522827286
293.42381,0.319468,-39.131667,8274.781926,8276.711967814766
293.43381,0.319779,-39.130853,8274.390613,8272.397621972423
293.44381,0.320091,-39.130039,8273.999309,8275.183689082067
293.45381,0.320402,-39.129225,8273.608013,8273.420534892224
293.46381,0.320712,-39.12841,8273.216725,8272.764776249216
293.47381,0.321022,-39.127596,8272.825444,8275.414954559716
293.48381,0.321331,-39.126782,8272.434173,8273.441108627665
293.49381,0.32164,-39.125968,8272.042909,8273.074682504925
293.50381,0.321948,-39.125154,8271.651653,8274.84773850208
293.51381,0.322256,-39.12434,8271.260406,8272.611788641892
293.52381,0.322563,-39.123527,8270.869166,8272.324859383873
293.53381,0.32287,-39.122713,8270.477935,8271.462042856623
293.54381,0.323177,-39.121899,8270.086712,8269.914552044154
293.55381,0.323483,-39.121085,8269.695497,8269.973385525047
293.56381,0.323788,-39.120271,8269.30429,8269.60298066472
293.57381,0.324093,-39.119458,8268.913092,8269.613841497305
293.58381,0.324397,-39.118644,8268.521901,8272.181011138053
293.59381,0.324701,-39.11783,8268.130719,8270.539368469168
293.60381,0.325004,-39.117017,8267.739545,8271.620709692039
293.61381,0.325307,-39.116203,8267.348379,8269.451828733296
293.62381,0.32561,-39.115389,8266.957221,8268.025313429329
293.63381,0.325912,-39.114576,8266.566071,8268.844331819782
293.64381,0.326213,-39.113762,8266.174929,8267.5199994533
293.65381,0.326514,-39.112949,8265.783796,8265.59139486578
293.66381,0.326814,-39.112135,8265.39267,8269.458106297301
293.67381,0.327114,-39.111322,8265.001553,8265.268001572555
293.68381,0.327544,-39.110509,8264.610444,8266.74184539146
293.69381,0.328445,-39.109695,8264.219343,8263.487630864047
293.70381,0.329345,-39.108881,8263.82825,8263.000749981053
293.71381,0.330246,-39.108068,8263.437165,8263.184085357449
293.72381,0.331147,-39.107254,8263.046088,8265.39186753304
293.73381,0.332048,-39.106439,8262.65502,8261.184725777217
293.74381,0.332949,-39.105625,8262.26396,8263.610063558803
293.75381,0.33385,-39.104811,8261.872907,8264.021971218008
293.76381,0.334751,-39.103996,8261.481863,8265.086174578784
293.77381,0.335652,-39.103181,8261.090828,8262.568518510976
293.78381,0.336553,-39.102366,8260.6998,8261.32395681043
293.79381,0.337454,-39.101551,8260.30878,8260.324724126158
293.80381,0.338355,-39.100735,8259.917769,8262.539301391902
293.81381,0.339255,-39.09992,8259.526766,8259.533487018067
293.82381,0.340156,-39.099104,8259.13577,8261.49120054036
293.83381,0.341056,-39.098288,8258.744783,8258.733989351816
293.84381,0.341956,-39.097472,8258.353805,8259.296537911634
293.85381,0.342856,-39.096656,8257.962834,8259.06893641928
293.86381,0.343756,-39.09584,8257.571872,8258.622554408483
293.87381,0.344655,-39.095023,8257.180917,8260.307442795003
293.88381,0.345554,-39.094206,8256.789971,8256.624520425032
293.89381,0.346453,-39.09339,8256.399033,8260.20105368909
293.90381,0.347351,-39.092572,8256.008103,8256.329386289864
293.91381,0.348249,-39.091755,8255.617182,8254.865738570239
293.92381,0.349147,-39.090938,8255.226268,8258.494657621384
293.93381,0.350044,-39.09012,8254.835363,8257.244357843045
293.94381,0.350941,-39.089303,8254.444466,8254.153790284263
293.95381,0.351837,-39.088485,8254.053577,8252.551959071554
293.96381,0.352733,-39.087667,8253.662696,8256.83131770477
293.97381,0.353629,-39.086848,8253.271824,8252.119110064119
293.98381,0.354525,-39.08603,8252.880959,8256.395336725278
293.99381,0.35542,-39.085211,8252.490103,8255.611338035937
294.00381,0.356314,-39.084393,8252.099255,8251.866107475294
294.01381,0.357208,-39.083574,8251.708415,8252.869231127055
294.02381,0.358101,-39.082755,8251.317583,8252.024176784154
294.03381,0.358993,-39.081935,8250.92676,8250.840466359525
294.04381,0.359885,-39.081116,8250.535945,8251.85888289241
294.05381,0.360777,-39.080296,8250.145138,8252.006236359748
294.06381,0.361667,-39.079476,8249.754339,8250.244299144459
294.07381,0.362557,-39.078656,8249.363548,8248.865221043921
294.08381,0.363446,-39.077836,8248.972766,8248.631559894868
294.09381,0.364335,-39.077015,8248.581991,8246.972576616992
294.10381,0.365223,-39.076195,8248.191225,8248.06615202317
294.11381,0.36611,-39.075374,8247.800468,8247.773573971743
294.12381,0.366996,-39.074553,8247.409718,8248.909937482173
294.13381,0.367882,-39.073732,8247.018976,8249.504913527559
294.14381,0.368766,-39.072911,8246.628243,8247.43586342123
294.15381,0.36965,-39.072089,8246.237518,8245.85118729358
294.16381,0.370534,-39.071268,8245.846801,8246.700865045694
294.17381,0.371416,-39.070446,8245.456093,8244.30070029915
294.18381,0.372297,-39.069624,8245.065393,8245.640903150788
294.19381,0.373178,-39.068802,8244.6747,8243.902497644563
294.20381,0.374058,-39.067979,8244.284017,8246.198450435439
294.21381,0.374937,-39.067157,8243.893341,8246.161496259441
294.22381,0.375815,-39.066334,8243.502673,8245.202091588524
294.23381,0.376692,-39.065511,8243.112014,8242.36728505863
294.24381,0.377568,-39.064688,8242.721363,8243.139190101267
294.25381,0.378443,-39.063865,8242.33072,8244.019384182922
294.26381,0.379317,-39.063042,8241.940086,8242.823318724353
294.27381,0.380191,-39.062218,8241.54946,8242.746796562476
294.28381,0.381063,-39.061394,8241.158841,8241.515638781868
294.29381,0.381934,-39.060571,8240.768232,8243.581175198216
294.30381,0.382805,-39.059747,8240.37763,8243.427671970552
294.31381,0.383674,-39.058922,8239.987037,8242.49767977416
294.32381,0.384543,-39.058098,8239.596452,8239.915160634702
294.33381,0.38541,-39.057273,8239.205875,8238.654410181322
294.34381,0.386277,-39.056449,8238.815306,8239.188633598282
294.35381,0.387142,-39.055624,8238.424746,8235.82322916347
294.36381,0.388006,-39.054799,8238.034194,8239.83889069939
294.37381,0.388869,-39.053974,8237.64365,8242.548123438653
294.38381,0.389732,-39.053148,8237.253114,8237.86989386423
294.39381,0.390593,-39.052323,8236.862587,8237.632075635704
294.40381,0.391453,-39.051497,8236.472068,8238.431825305646
294.41381,0.392312,-39.050672,8236.081557,8235.269358161679
294.42381,0.393169,-39.049846,8235.691054,8236.364957416079
294.43381,0.394026,-39.049019,8235.30056,8234.661508498853
294.44381,0.394882,-39.048193,8234.910074,8236.319880625937
294.45381,0.395736,-39.047367,8234.519596,8236.103512003034
294.46381,0.39659,-39.04654,8234.129127,8232.303443745774
294.47381,0.397442,-39.045714,8233.738665,8232.696658250787
294.48381,0.398293,-39.044887,8233.348212,8233.43409163457
294.49381,0.399143,-39.04406,8232.957768,8233.05184174953
294.50381,0.399991,-39.043232,8232.567331,8234.261503286576
294.51381,0.400839,-39.042405,8232.176903,8232.342726973404
294.52381,0.401685,-39.041578,8231.786483,8233.482974357352
294.53381,0.40253,-39.04075,8231.396071,8231.0203844873
294.54381,0.403374,-39.039922,8231.005668,8232.426673463582
294.55381,0.404217,-39.039094,8230.615273,8229.465202108064
294.56381,0.405059,-39.038266,8230.224886,8231.036958752413
294.57381,0.405899,-39.037438,8229.834508,8228.769802554178
294.58381,0.406738,-39.03661,8229.444137,8230.072627389896
294.59381,0.407576,-39.035781,8229.053775,8228.43732379209
294.60381,0.408413,-39.034953,8228.663422,8230.954247267337
294.61381,0.409249,-39.034124,8228.273076,8227.992735044207
294.62381,0.410083,-39.033295,8227.882739,8230.081868478574
294.63381,0.410916,-39.032466,8227.49241,8228.775038974793
294.64381,0.411748,-39.031637,8227.10209,8228.3941955186
294.65381,0.412578,-39.030807,8226.711778,8227.276623713913
294.66381,0.413407,-39.029978,8226.321474,8228.143924251544
294.67381,0.414235,-39.029148,8225.931178,8228.346119006485
294.68381,0.415062,-39.028319,8225.540891,8227.764269345955
294.69381,0.415887,-39.027489,8225.150612,8227.176782807017
294.70381,0.416711,-39.026659,8224.760341,8225.19492277989
294.71381,0.417534,-39.025829,8224.370079,8226.72380950056
294.72381,0.418356,-39.024998,8223.979825,8224.215868016454
294.73381,0.419176,-39.024168,8223.589579,8224.301719249655
294.74381,0.419995,-39.023337,8223.199341,8224.139146531386
294.75381,0.420813,-39.022507,8222.809112,8226.553064341075
294.76381,0.421629,-39.021676,8222.418891,8223.675948521768
294.77381,0.422444,-39.020845,8222.028678,8219.831323107634
294.78381,0.423258,-39.020014,8221.638474,8221.604691645234
294.79381,0.42407,-39.019183,8221.248278,8222.604346905413
294.80381,0.424881,-39.018351,8220.85809,8222.36257060556
294.81381,0.425691,-39.01752,8220.467911,8221.284317337713
294.82381,0.426499,-39.016688,8220.07774,8222.672955651216
294.83381,0.427306,-39.015857,8219.687577,8220.11333837344
294.84381,0.428112,-39.015025,8219.297423,8220.652965954923
294.85381,0.428917,-39.014193,8218.907277,8217.57826512809
294.86381,0.42972,-39.013361,8218.517139,8219.385629589258
294.87381,0.430521,-39.012529,8218.12701,8218.744009586733
294.88381,0.431322,-39.011696,8217.736889,8217.012955882667
294.89381,0.432121,-39.010864,8217.346776,8218.296404319139
294.90381,0.432918,-39.010031,8216.956671,8219.57894055566
294.91381,0.433715,-39.009199,8216.566575,8218.958462268172
294.92381,0.434509,-39.008366,8216.176487,8216.301025023393
294.93381,0.435303,-39.007533,8215.786408,8215.882702445842
294.94381,0.436095,-39.0067,8215.396337,8215.272622310691
294.95381,0.436886,-39.005867,8215.006274,8216.184276434507
294.96381,0.437675,-39.005034,8214.616219,8213.184754985468
294.97381,0.438463,-39.0042,8214.226173,8213.967408155828
294.98381,0.43925,-39.003367,8213.836135,8216.1706879683
294.99381,0.440035,-39.002533,8213.446106,8217.018340708753
295.00381,0.440819,-39.0017,8213.056085,8215.444013943357
295.01381,0.441602,-39.000866,8212.666072,8215.904577979381
295.02381,0.442383,-39.000032,8212.276067,8212.97587103807
295.03381,0.443163,-38.999198,8211.886071,8213.147303335172
295.04381,0.443941,-38.998364,8211.496083,8210.067920843021
295.05381,0.444718,-38.99753,8211.106104,8211.369557185768
295.06381,0.445494,-38.996696,8210.716133,8211.358539732915
295.07381,0.446268,-38.995861,8210.32617,8211.502928865926
295.08381,0.447041,-38.995027,8209.936215,8211.190932963471
295.09381,0.447812,-38.994192,8209.546269,8211.108248960323
295.10381,0.448582,-38.993357,8209.156332,8210.63063798422
295.11381,0.449351,-38.992522,8208.766402,8210.402651469276
295.12381,0.450118,-38.991688,8208.376481,8208.4607050462
295.13381,0.450884,-38.990853,8207.986568,8208.94696719786
295.14381,0.451648,-38.990017,8207.596664,8208.791600611437
295.15381,0.452411,-38.989182,8207.206768,8207.255765929269
295.16381,0.453173,-38.988347,8206.81688,8204.851559653656
295.17381,0.453933,-38.987512,8206.427001,8206.635457425022
295.18381,0.454692,-38.986676,8206.03713,8207.723948576739
295.19381,0.455449,-38.98584,8205.647268,8206.326387031024
295.20381,0.456205,-38.985005,8205.257413,8208.742994494345
295.21381,0.45696,-38.984169,8204.867568,8205.563689107274
295.22381,0.457713,-38.983333,8204.47773,8203.80452630357
295.23381,0.458464,-38.982497,8204.087901,8203.583007171375
295.24381,0.459215,-38.981661,8203.69808,8202.598043179449
295.25381,0.459964,-38.980825,8203.308268,8204.894019468864
295.26381,0.460711,-38.979989,8202.918464,8206.439533473434
295.27381,0.461457,-38.979152,8202.528668,8203.357834082943
295.28381,0.462202,-38.978316,8202.138881,8204.552867989853
295.29381,0.462945,-38.97748,8201.749102,8203.251240890098
295.30381,0.463687,-38.976643,8201.359331,8200.395052189888
295.31381,0.464427,-38.975806,8200.969569,8200.216265198565
295.32381,0.465166,-38.97497,8200.579815,8200.97587297618
295.33381,0.465904,-38.974133,8200.190069,8204.509114287948
295.34381,0.46664,-38.973296,8199.800332,8196.393552762505
295.35381,0.467375,-38.972459,8199.410603,8201.089532303478
295.36381,0.468108,-38.971622,8199.020883,8199.833906659005
295.37381,0.46884,-38.970785,8198.631171,8199.580152146193
295.38381,0.46957,-38.969947,8198.241467,8201.533913458668
295.39381,0.470299,-38.96911,8197.851772,8197.076710473513
295.40381,0.471027,-38.968273,8197.462085,8197.00505675687
295.41381,0.471753,-38.967435,8197.072407,8195.472734752962
295.42381,0.472478,-38.966598,8196.682736,8195.872264268637
295.43381,0.473201,-38.96576,8196.293075,8196.037152510668
295.44381,0.473923,-38.964923,8195.903421,8194.53907244617
295.45381,0.474644,-38.964085,8195.513776,8197.283537342142
295.46381,0.475363,-38.963247,8195.12414,8195.69601292505
295.47381,0.47608,-38.962409,8194.734511,8196.434894840153
295.48381,0.476797,-38.961571,8194.344891,8194.38635033509
295.49381,0.477511,-38.960733,8193.95528,8194.102613505582
295.50381,0.478225,-38.959895,8193.565677,8194.248470074253
295.51381,0.478937,-38.959057,8193.176082,8195.005779866924
295.52381,0.479647,-38.958219,8192.786496,8193.409969600698
295.53381,0.480357,-38.957381,8192.396918,8194.973553035012
295.54381,0.481064,-38.956542,8192.007348,8192.25461247641
295.55381,0.481771,-38.955704,8191.617787,8191.536223819838
295.56381,0.482476,-38.954865,8191.228234,8190.757047217629
295.57381,0.483179,-38.954027,8190.838689,8193.102709752415
295.58381,0.483881,-38.953188,8190.449153,8189.877165172162
295.59381,0.484582,-38.95235,8190.059626,8188.069344535881
295.60381,0.485281,-38.951511,8189.670106,8189.0801437594
295.61381,0.485979,-38.950672,8189.280595,8187.128581949553
295.62381,0.486675,-38.949833,8188.891093,8188.89108626839
295.63381,0.48737,-38.948994,8188.501599,8190.011281746666
295.64381,0.488064,-38.948155,8188.112113,8189.231017607608
295.65381,0.488756,-38.947316,8187.722636,8190.872558912967
295.66381,0.489447,-38.946477,8187.333167,8188.793013071411
295.67381,0.490136,-38.945638,8186.943706,8185.538791785476
295.68381,0.490824,-38.944799,8186.554254,8185.4821290786185
295.69381,0.491511,-38.94396,8186.16481,8188.865828996991
295.70381,0.492196,-38.943121,8185.775375,8186.096939302564
295.71381,0.492717,-38.942281,8185.385948,8187.294797553752
295.72381,0.492799,-38.941442,8184.996529,8179.723396867709
295.73381,0.492881,-38.940603,8184.607119,8184.90716133822
295.74381,0.492965,-38.939765,8184.217717,8185.353763002096
295.75381,0.493049,-38.938926,8183.828324,8183.238300609925
295.76381,0.493133,-38.938088,8183.438938,8183.863830083153
295.77381,0.493219,-38.93725,8183.049562,8182.857064472867
295.78381,0.493305,-38.936413,8182.660193,8183.429335846331
295.79381,0.493392,-38.935575,8182.270834,8182.792458597361
295.80381,0.49348,-38.934738,8181.881482,8183.085250802242
295.81381,0.493568,-38.933902,8181.492139,8182.707662948343
295.82381,0.493657,-38.933065,8181.102804,8181.20849444165
295.83381,0.493747,-38.932229,8180.713477,8182.3312660337215
295.84381,0.493837,-38.931393,8180.324159,8180.143027510132
295.85381,0.493928,-38.930557,8179.93485,8181.250011522693
295.86381,0.49402,-38.929721,8179.545548,8181.26820340383
295.87381,0.494112,-38.928886,8179.156255,8180.555538923934
295.88381,0.494205,-38.928051,8178.766971,8177.715063614121
295.89381,0.494299,-38.927216,8178.377694,8177.685801825813
295.90381,0.494393,-38.926382,8177.988426,8175.657550958156
295.91381,0.494488,-38.925547,8177.599167,8178.289712153591
295.92381,0.494583,-38.924713,8177.209915,8177.5165129136
295.93381,0.494679,-38.923879,8176.820672,8179.519180907943
295.94381,0.494776,-38.923046,8176.431438,8178.680494871532
295.95381,0.494873,-38.922212,8176.042211,8175.812329550068
295.96381,0.494971,-38.921379,8175.652993,8176.984163900598
295.97381,0.49507,-38.920546,8175.263784,8174.756054395234
295.98381,0.49517,-38.919714,8174.874582,8175.3933444126815
295.99381,0.495275,-38.918881,8174.485389,8175.564721233881
296.00381,0.49538,-38.918048,8174.096205,8178.084738415766
296.01381,0.495485,-38.917216,8173.707029,8174.457946392873
296.02381,0.495591,-38.916383,8173.317861,8177.218249592051
296.03381,0.495698,-38.915551,8172.928701,8174.892439938879
296.04381,0.495805,-38.914718,8172.53955,8173.586827268377
296.05381,0.495913,-38.913886,8172.150406,8172.570154455732
296.06381,0.496021,-38.913053,8171.761272,8170.700497767015
296.07381,0.496129,-38.91222,8171.372145,8171.838490512824
296.08381,0.496238,-38.911388,8170.983027,8172.980300821242
296.09381,0.496348,-38.910555,8170.593918,8170.551316757345
296.10381,0.496458,-38.909723,8170.204816,8168.407077007276
296.11381,0.496569,-38.90889,8169.815723,8169.374908001486
296.12381,0.49668,-38.908058,8169.426638,8171.384996815536
296.13381,0.496791,-38.907225,8169.037562,8167.616759819604
296.14381,0.496903,-38.906393,8168.648494,8166.820719806922
296.15381,0.497016,-38.90556,8168.259434,8171.253312543039
296.16381,0.497128,-38.904728,8167.870383,8167.509711709429
296.17381,0.497242,-38.903896,8167.48134,8165.180876170906
296.18381,0.497356,-38.903063,8167.092305,8165.712319739794
296.19381,0.49747,-38.902231,8166.703278,8169.421840893296
296.20381,0.497584,-38.901398,8166.31426,8168.409894205753
296.21381,0.4977,-38.900566,8165.92525,8166.727982107654
296.22381,0.497815,-38.899734,8165.536249,8167.540479627273
296.23381,0.497931,-38.898901,8165.147256,8164.446472636393
296.24381,0.498047,-38.898069,8164.758271,8166.670877992732
296.25381,0.498164,-38.897236,8164.369294,8166.717061571851
296.26381,0.498281,-38.896404,8163.980326,8165.391268551803
296.27381,0.498399,-38.895572,8163.591366,8164.558364924855
296.28381,0.498517,-38.894739,8163.202415,8162.748019683139
296.29381,0.498635,-38.893907,8162.813471,8164.40627206913
296.30381,0.498754,-38.893075,8162.424537,8164.744695327061
296.31381,0.498873,-38.892243,8162.03561,8161.216407708542
296.32381,0.498992,-38.89141,8161.646692,8159.505205787872
296.33381,0.499112,-38.890578,8161.257782,8162.851556606374
296.34381,0.499232,-38.889746,8160.86888,8161.620493950002
296.35381,0.499353,-38.888913,8160.479987,8161.704873834674
296.36381,0.499474,-38.888081,8160.091102,8162.365463251362
296.37381,0.499595,-38.887249,8159.702225,8161.087073863095
296.38381,0.499717,-38.886417,8159.313357,8161.659635560497
296.39381,0.499839,-38.885585,8158.924497,8161.395616331683
296.40381,0.499961,-38.884752,8158.535645,8159.736853945532
296.41381,0.500084,-38.88392,8158.146802,8161.23750656956
296.42381,0.500207,-38.883088,8157.757967,8156.119131099631
296.43381,0.50033,-38.882256,8157.36914,8156.901874946637
296.44381,0.500453,-38.881424,8156.980322,8157.012619095147
296.45381,0.500577,-38.880592,8156.591512,8155.293258628263
296.46381,0.500702,-38.879759,8156.20271,8156.805808206455
296.47381,0.500826,-38.878927,8155.813916,8157.092222588225
296.48381,0.500951,-38.878095,8155.425131,8158.039496005168
296.49381,0.501076,-38.877263,8155.036355,8156.367441750097
296.50381,0.501201,-38.876431,8154.647586,8155.827125910011
296.51381,0.501327,-38.875599,8154.258826,8155.720604696767
296.52381,0.501453,-38.874767,8153.870074,8153.291001099249
296.53381,0.50158,-38.873935,8153.481331,8153.14308857852
296.54381,0.501706,-38.873103,8153.092595,8154.242196593429
296.55381,0.501833,-38.872271,8152.703869,8156.281154793325
296.56381,0.50196,-38.871439,8152.31515,8152.418494513947
296.57381,0.502087,-38.870607,8151.92644,8153.021505840777
296.58381,0.502215,-38.869775,8151.537738,8151.875544524175
296.59381,0.502343,-38.868943,8151.149044,8152.529148666235
296.60381,0.502471,-38.868111,8150.760359,8149.501735184687
296.61381,0.502599,-38.867279,8150.371682,8151.529403214308
296.62381,0.502728,-38.866447,8149.983013,8151.276806558265
296.63381,0.502857,-38.865615,8149.594353,8155.29303992677
296.64381,0.502986,-38.864783,8149.205701,8149.0792451315865
296.65381,0.503115,-38.863952,8148.817057,8147.420895022307
296.66381,0.503245,-38.86312,8148.428422,8150.53197906642
296.67381,0.503375,-38.862288,8148.039795,8148.627896309624
296.68381,0.503505,-38.861456,8147.651176,8149.192198288103
296.69381,0.503635,-38.860624,8147.262566,8146.5809718993705
296.70381,0.503766,-38.859792,8146.873964,8146.830743889048
296.71381,0.503896,-38.858961,8146.48537,8149.17838285816
296.72381,0.502331,-38.858129,8146.096785,8147.587653834598
296.73381,0.500231,-38.857299,8145.708207,8148.340693246977
296.74381,0.498137,-38.85647,8145.319639,8146.423273199496
296.75381,0.496049,-38.855642,8144.931078,8146.320068499319
296.76381,0.493966,-38.854815,8144.542526,8142.804501045159
296.77381,0.49189,-38.853989,8144.153982,8145.397743438242
296.78381,0.489818,-38.853165,8143.765446,8144.935307087078
296.79381,0.487753,-38.852342,8143.376918,8143.879488509845
296.80381,0.485693,-38.851519,8142.988399,8146.07664320712
296.81381,0.483639,-38.850698,8142.599888,8142.663413378262
296.82381,0.48159,-38.849878,8142.211385,8143.203136362795
296.83381,0.479547,-38.849059,8141.82289,8143.169918482253
296.84381,0.47751,-38.848241,8141.434404,8140.812120653423
296.85381,0.475478,-38.847424,8141.045926,8141.69986931091
296.86381,0.473452,-38.846608,8140.657456,8140.197935310644
296.87381,0.471432,-38.845793,8140.268993,8141.448069722668
296.88381,0.469417,-38.84498,8139.88054,8140.827430467178
296.89381,0.467408,-38.844167,8139.492094,8141.17790831883
296.90381,0.465404,-38.843355,8139.103656,8140.575367261289
296.91381,0.463406,-38.842544,8138.715227,8138.449732772831
296.92381,0.461413,-38.841734,8138.326805,8140.890345360865
296.93381,0.459426,-38.840925,8137.938392,8139.135743610218
296.94381,0.457444,-38.840117,8137.549987,8136.380777099725
296.95381,0.455468,-38.83931,8137.16159,8139.773495060495
296.96381,0.453498,-38.838504,8136.773201,8135.303947776926
296.97381,0.451533,-38.837699,8136.38482,8135.203890276599
296.98381,0.449573,-38.836894,8135.996447,8136.533278448057
296.99381,0.447624,-38.836091,8135.608082,8133.754132040008
297.00381,0.44568,-38.835288,8135.219725,8137.988666819759
297.01381,0.443741,-38.834486,8134.831376,8134.923921403781
297.02381,0.441808,-38.833684,8134.443035,8135.150468260262
297.03381,0.43988,-38.832883,8134.054702,8136.098255582964
297.04381,0.437957,-38.832083,8133.666378,8133.649890668301
297.05381,0.436041,-38.831284,8133.278061,8131.366054709707
297.06381,0.434129,-38.830485,8132.889752,8132.963304188386
297.07381,0.432223,-38.829686,8132.501451,8130.535330503049
297.08381,0.430322,-38.828888,8132.113158,8135.792240783033
297.09381,0.428427,-38.828091,8131.724873,8131.246521185845
297.10381,0.426537,-38.827295,8131.336596,8128.491516283194
297.11381,0.424653,-38.826499,8130.948327,8131.004573141243
297.12381,0.422774,-38.825703,8130.560066,8133.185264175258
297.13381,0.4209,-38.824909,8130.171813,8130.896149453347
297.14381,0.419031,-38.824114,8129.783568,8132.529132348335
297.15381,0.417168,-38.823321,8129.395331,8127.864089820917
297.16381,0.415311,-38.822527,8129.007102,8129.861425665753
297.17381,0.413458,-38.821735,8128.61888,8129.32245912154
297.18381,0.411611,-38.820943,8128.230667,8127.8823825616555
297.19381,0.40977,-38.820151,8127.842462,8129.655186750443
297.20381,0.407934,-38.81936,8127.454264,8127.798922780684
297.21381,0.406103,-38.818569,8127.066074,8128.037193301118
297.22381,0.404277,-38.817779,8126.677893,8127.91394099375
297.23381,0.402456,-38.81699,8126.289719,8126.163248556701
297.24381,0.400641,-38.8162,8125.901553,8126.864162932428
297.25381,0.398832,-38.815412,8125.513395,8125.6310200067965
297.26381,0.397027,-38.814624,8125.125245,8121.8864019814755
297.27381,0.395228,-38.813836,8124.737102,8124.167725509414
297.28381,0.393434,-38.813049,8124.348968,8124.715899363525
297.29381,0.391645,-38.812262,8123.960841,8123.714713524422
297.30381,0.389862,-38.811475,8123.572723,8124.015279072332
297.31381,0.388084,-38.810689,8123.184612,8125.776850631644
297.32381,0.386311,-38.809904,8122.796509,8122.033957574883
297.33381,0.384543,-38.809118,8122.408414,8122.401072823319
297.34381,0.382781,-38.808334,8122.020326,8124.941362249838
297.35381,0.381024,-38.807549,8121.632247,8124.242151429956
297.36381,0.379272,-38.806765,8121.244175,8121.096411928898
297.37381,0.377525,-38.805982,8120.856112,8121.378474110931
297.38381,0.375784,-38.805198,8120.468056,8123.4138119894105
297.39381,0.374048,-38.804416,8120.080008,8120.626818096373
297.40381,0.372317,-38.803633,8119.691968,8119.7703308419605
297.41381,0.370591,-38.802851,8119.303935,8120.839457870143
297.42381,0.368871,-38.802069,8118.915911,8116.848833288862
297.43381,0.367155,-38.801288,8118.527894,8119.8760379853275
297.44381,0.365445,-38.800507,8118.139885,8117.729832584051
297.45381,0.36374,-38.799726,8117.751884,8119.244480819042
297.46381,0.362041,-38.798945,8117.36389,8115.312372663387
297.47381,0.360346,-38.798165,8116.975905,8118.769694815919
297.48381,0.358657,-38.797385,8116.587927,8118.510300618362
297.49381,0.356973,-38.796606,8116.199957,8117.751618626174
297.50381,0.355294,-38.795827,8115.811995,8117.0601927196885
297.51381,0.35362,-38.795048,8115.42404,8115.934850211286
297.52381,0.351952,-38.794269,8115.036094,8114.468568023817
297.53381,0.350289,-38.793491,8114.648155,8113.527462843701
297.54381,0.348631,-38.792713,8114.260224,8116.1368441675995
297.55381,0.346978,-38.791935,8113.872301,8116.657895938339
297.56381,0.34533,-38.791157,8113.484385,8114.504628908504
297.57381,0.343687,-38.79038,8113.096478,8112.733678277406
297.58381,0.34205,-38.789603,8112.708578,8112.634574271035
297.59381,0.340418,-38.788826,8112.320686,8115.9153441525505
297.60381,0.338791,-38.788049,8111.932801,8111.1664024096135
297.61381,0.337169,-38.787273,8111.544925,8114.423307338067
297.62381,0.335552,-38.786497,8111.157056,8113.1521504894745
297.63381,0.33394,-38.785721,8110.769195,8109.86557563996
297.64381,0.332334,-38.784946,8110.381341,8109.242124110197
297.65381,0.330733,-38.78417,8109.993496,8113.662000963406
297.66381,0.329137,-38.783395,8109.605658,8111.8341646685685
297.67381,0.327546,-38.78262,8109.217828,8111.388707551011
297.68381,0.32596,-38.781845,8108.830006,8109.396468228977
297.69381,0.32438,-38.78107,8108.442191,8108.755673680705
297.70381,0.322804,-38.780296,8108.054384,8108.686049484769
297.71381,0.321234,-38.779522,8107.666585,8109.375226962233
297.72381,0.319669,-38.778748,8107.278794,8109.734558625942
297.73381,0.318109,-38.777974,8106.89101,8106.48720671943
297.74381,0.316555,-38.7772,8106.503234,8107.907959370324
297.75381,0.315005,-38.776427,8106.115466,8108.435877312524
297.76381,0.313461,-38.775653,8105.727706,8105.234415062414
297.77381,0.311922,-38.77488,8105.339953,8107.293646819069
297.78381,0.310388,-38.774107,8104.952208,8106.799947524448
297.79381,0.308859,-38.773334,8104.564471,8104.407249430715
297.80381,0.307336,-38.772561,8104.176741,8105.561667172709
297.81381,0.305817,-38.771788,8103.78902,8105.230697048307
297.82381,0.304304,-38.771016,8103.401306,8101.210623095862
297.83381,0.302796,-38.770244,8103.013599,8103.974273070597
297.84381,0.301293,-38.769471,8102.625901,8102.630701112528
297.85381,0.299795,-38.768699,8102.23821,8103.018576884729
297.86381,0.298303,-38.767927,8101.850527,8102.77943750751
297.87381,0.296816,-38.767155,8101.462851,8103.3161246061345
297.88381,0.295334,-38.766383,8101.075184,8103.6965275943485
297.89381,0.293857,-38.765612,8100.687524,8102.586553643595
297.90381,0.292385,-38.76484,8100.299871,8101.818687689831
297.91381,0.290919,-38.764068,8099.912227,8102.036050835937
297.92381,0.289458,-38.763297,8099.52459,8101.51243726505
297.93381,0.288002,-38.762526,8099.136961,8100.6087561830955
297.94381,0.286551,-38.761754,8098.74934,8099.653807307006
297.95381,0.285106,-38.760983,8098.361726,8096.056309446423
297.96381,0.283666,-38.760212,8097.97412,8098.270816811605
297.97381,0.282231,-38.759441,8097.586522,8099.377964879731
297.98381,0.280801,-38.75867,8097.198931,8096.482616358474
297.99381,0.279377,-38.757899,8096.811348,8099.726457278581
298.00381,0.277957,-38.757128,8096.423773,8100.368513096496
298.01381,0.276544,-38.756358,8096.036206,8096.480571099554
298.02381,0.275135,-38.755587,8095.648646,8096.673795027188
298.03381,0.273732,-38.754816,8095.261094,8096.141585870691
298.04381,0.272334,-38.754046,8094.87355,8095.519954485937
298.05381,0.270941,-38.753275,8094.486013,8094.404762113012
298.06381,0.269553,-38.752504,8094.098484,8095.888457016283
298.07381,0.268171,-38.751734,8093.710963,8095.638507585955
298.08381,0.266795,-38.750963,8093.323449,8094.171500114505
298.09381,0.265423,-38.750193,8092.935944,8094.115926194874
298.10381,0.264057,-38.749423,8092.548446,8091.900380010525
298.11381,0.262696,-38.748652,8092.160955,8093.23701971944
298.12381,0.261341,-38.747882,8091.773473,8089.633323477211
298.13381,0.259991,-38.747111,8091.385998,8092.28070778702
298.14381,0.258646,-38.746341,8090.99853,8093.551034308093
298.15381,0.257307,-38.745571,8090.611071,8092.685255479842
298.16381,0.255973,-38.7448,8090.223619,8090.4889048072555
298.17381,0.254645,-38.74403,8089.836175,8090.726862502845
298.18381,0.253322,-38.74326,8089.448738,8092.220904424097
298.19381,0.252004,-38.742489,8089.06131,8090.631832476317
298.20381,0.250692,-38.741719,8088.673889,8091.907641690055
298.21381,0.249385,-38.740949,8088.286475,8090.476763047672
298.22381,0.248084,-38.740178,8087.89907,8089.875382466347
298.23381,0.246788,-38.739408,8087.511672,8087.344675338074
298.24381,0.245498,-38.738637,8087.124281,8086.307739775836
298.25381,0.244213,-38.737867,8086.736899,8088.297914404718
298.26381,0.242934,-38.737097,8086.349524,8086.976401116854
298.27381,0.241661,-38.736326,8085.962157,8085.434582771021
298.28381,0.240392,-38.735556,8085.574798,8086.726076408445
298.29381,0.23913,-38.734785,8085.187446,8087.072797635285
298.30381,0.237873,-38.734014,8084.800102,8084.826749143168
298.31381,0.236621,-38.733244,8084.412766,8084.580359725771
298.32381,0.235375,-38.732473,8084.025437,8085.640290503254
298.33381,0.234135,-38.731703,8083.638116,8084.472855942709
298.34381,0.232901,-38.730932,8083.250803,8085.124209086349
298.35381,0.231672,-38.730161,8082.863497,8082.207450939448
298.36381,0.230448,-38.72939,8082.4762,8083.282755012459
298.37381,0.229231,-38.728619,8082.08891,8080.872697244129
298.38381,0.228019,-38.727848,8081.701627,8082.8535816203575
298.39381,0.226813,-38.727078,8081.314353,8082.763845044141
298.40381,0.225612,-38.726306,8080.927086,8082.2310692520605
298.41381,0.224417,-38.725535,8080.539827,8081.838256583469
298.42381,0.223229,-38.724764,8080.152575,8079.116051071075
298.43381,0.222045,-38.723993,8079.765331,8080.91890033565
298.44381,0.220868,-38.723222,8079.378095,8080.672902930764
298.45381,0.219696,-38.72245,8078.990867,8080.509260264655
298.46381,0.218531,-38.721679,8078.603646,8078.110685894243
298.47381,0.217371,-38.720907,8078.216433,8080.75034752019
298.48381,0.216217,-38.720136,8077.829228,8079.637714442035
298.49381,0.215069,-38.719364,8077.442031,8080.10760338582
298.50381,0.213927,-38.718593,8077.054841,8078.349974722114
298.51381,0.212791,-38.717821,8076.667659,8076.892183308229
298.52381,0.21166,-38.717049,8076.280484,8078.933117108331
298.53381,0.210536,-38.716277,8075.893318,8077.361954294056
298.54381,0.209418,-38.715505,8075.506159,8078.153924031419
298.55381,0.208306,-38.714733,8075.119008,8075.164400700419
298.56381,0.207199,-38.71396,8074.731864,8075.418954166986
298.57381,0.206099,-38.713188,8074.344728,8073.956802025647
298.58381,0.205005,-38.712416,8073.9576,8073.133873770615
298.59381,0.203918,-38.711643,8073.57048,8073.472445449513
298.60381,0.202836,-38.71087,8073.183368,8075.487852272438
298.61381,0.20176,-38.710098,8072.796263,8073.963505928837
298.62381,0.200691,-38.709325,8072.409166,8074.199035253584
298.63381,0.199628,-38.708552,8072.022076,8072.846790911502
298.64381,0.198571,-38.707779,8071.634995,8072.2881736142135
298.65381,0.197521,-38.707006,8071.247921,8071.214472490142
298.66381,0.196476,-38.706232,8070.860854,8070.789633680133
298.67381,0.195438,-38.705459,8070.473796,8073.5029845114195
298.68381,0.194407,-38.704686,8070.086745,8070.734330395179
298.69381,0.193382,-38.703912,8069.699702,8070.911192596624
298.70381,0.192363,-38.703138,8069.312667,8073.394006710385
298.71381,0.19135,-38.702364,8068.925639,8068.744444466689
298.72381,0.190345,-38.701591,8068.53862,8070.299100247349
298.73381,0.189345,-38.700816,8068.151608,8070.464618998108
298.74381,0.188352,-38.700042,8067.764603,8066.21525454028
298.75381,0.187366,-38.699268,8067.377607,8066.2274635387175
298.76381,0.186386,-38.698494,8066.990618,8066.823937761687
298.77381,0.185413,-38.697719,8066.603637,8068.273437760143
298.78381,0.184447,-38.696944,8066.216664,8068.0743106983045
298.79381,0.183487,-38.696169,8065.829698,8064.206447127039
298.80381,0.182534,-38.695395,8065.44274,8063.23592654055
298.81381,0.181588,-38.694619,8065.05579,8065.378770980374
298.82381,0.180648,-38.693844,8064.668848,8068.5038644665365
298.83381,0.179716,-38.693069,8064.281913,8064.316687695309
298.84381,0.17879,-38.692293,8063.894986,8063.914908970386
298.85381,0.177871,-38.691518,8063.508067,8064.522219850136
298.86381,0.176959,-38.690742,8063.121156,8066.337952248194
298.87381,0.176054,-38.689966,8062.734253,8063.136211637106
298.88381,0.175155,-38.68919,8062.347357,8063.65146632417
298.89381,0.174264,-38.688414,8061.960469,8062.531620657951
298.90381,0.17338,-38.687638,8061.573589,8063.548526570164
298.91381,0.172503,-38.686861,8061.186716,8063.27362436775
298.92381,0.171633,-38.686085,8060.799851,8061.01165977188
298.93381,0.17077,-38.685308,8060.412994,8058.544347571454
298.94381,0.169915,-38.684531,8060.026145,8061.798717949808
298.95381,0.169066,-38.683754,8059.639304,8059.5141707243265
298.96381,0.168225,-38.682977,8059.25247,8060.200626021263
298.97381,0.167391,-38.682199,8058.865644,8058.89375810135
298.98381,0.166565,-38.681422,8058.478826,8059.084627156235
298.99381,0.165746,-38.680644,8058.092016,8061.701447072441
299.00381,0.164934,-38.679866,8057.705213,8057.300529363299
299.01381,0.16413,-38.679088,8057.318418,8057.647523019463
299.02381,0.163333,-38.67831,8056.931631,8058.897613394523
299.03381,0.162543,-38.677532,8056.544852,8057.451820384274
299.04381,0.161761,-38.676754,8056.158081,8056.4501525684655
299.05381,0.160987,-38.675975,8055.771317,8056.275592759492
299.06381,0.160221,-38.675196,8055.384561,8057.35786283351
299.07381,0.159462,-38.674418,8054.997813,8057.669732860538
299.08381,0.15871,-38.673638,8054.611073,8056.675608060714
299.09381,0.157967,-38.672859,8054.22434,8057.051517598466
299.10381,0.157231,-38.67208,8053.837616,8057.505076158052
299.11381,0.156503,-38.6713,8053.450899,8055.094484066129
299.12381,0.155783,-38.670521,8053.06419,8055.441703037436
299.13381,0.15507,-38.669741,8052.677488,8055.328443531795
299.14381,0.154366,-38.668961,8052.290795,8054.424767319267
299.15381,0.153669,-38.668181,8051.904109,8051.651465005711
299.16381,0.152981,-38.6674,8051.517431,8051.099173746082
299.17381,0.1523,-38.66662,8051.130761,8051.761529293178
299.18381,0.151628,-38.665839,8050.744099,8052.280978464656
299.19381,0.150963,-38.665058,8050.357444,8051.370477955107
299.20381,0.150307,-38.664277,8049.970798,8051.640981583197
299.21381,0.149659,-38.663496,8049.584159,8051.0958600231825
299.22381,0.149019,-38.662715,8049.197528,8050.748081933506
299.23381,0.148387,-38.661933,8048.810905,8049.439729842652
299.24381,0.147764,-38.661151,8048.424289,8049.739189412017
299.25381,0.147149,-38.66037,8048.037682,8047.9790764712125
299.26381,0.146542,-38.659587,8047.651082,8051.215895116909
299.27381,0.145943,-38.658805,8047.26449,8050.701747190505
299.28381,0.145353,-38.658023,8046.877906,8047.876368163701
299.29381,0.144772,-38.65724,8046.491329,8049.459395781243
299.30381,0.144198,-38.656458,8046.104761,8049.06707631453
299.31381,0.143634,-38.655675,8045.7182,8046.730381234679
299.32381,0.143077,-38.654892,8045.331647,8046.2721423906905
299.33381,0.14253,-38.654108,8044.945102,8045.639247567698
299.34381,0.14199,-38.653325,8044.558565,8044.8942394901305
299.35381,0.14146,-38.652541,8044.172036,8043.279211091718
299.36381,0.140938,-38.651757,8043.785514,8046.406166147259
299.37381,0.140424,-38.650973,8043.399001,8042.824616998914
299.38381,0.13992,-38.650189,8043.012495,8042.309290566876
299.39381,0.139423,-38.649405,8042.625997,8043.984141290519
299.40381,0.138936,-38.648621,8042.239507,8041.58994229176
299.41381,0.138458,-38.647836,8041.853025,8043.202446430085
299.42381,0.137988,-38.647051,8041.46655,8044.401127415856
299.43381,0.137527,-38.646266,8041.080084,8038.653322288227
299.44381,0.137074,-38.645481,8040.693625,8041.937161239899
299.45381,0.136631,-38.644695,8040.307174,8039.457756373405
299.46381,0.136196,-38.64391,8039.920731,8040.5610392206245
299.47381,0.13577,-38.643124,8039.534296,8040.952029911874
299.48381,0.135353,-38.642338,8039.147868,8037.006022651146
299.49381,0.134945,-38.641552,8038.761449,8041.976573364725
299.50381,0.134546,-38.640766,8038.375037,8042.299320481552
299.51381,0.134155,-38.639979,8037.988634,8036.451943444854
299.52381,0.133774,-38.639192,8037.602238,8035.725960043075
299.53381,0.133401,-38.638406,8037.21585,8038.614044259387
299.54381,0.133038,-38.637619,8036.82947,8035.497131058275
299.55381,0.132683,-38.636831,8036.443097,8034.61543931821
299.56381,0.132337,-38.636044,8036.056733,8038.532046532996
299.57381,0.132,-38.635256,8035.670377,8035.949253997281
299.58381,0.131672,-38.634469,8035.284028,8036.050447823678
299.59381,0.131353,-38.633681,8034.897687,8038.558142483103
299.60381,0.131043,-38.632893,8034.511354,8034.100399637778
299.61381,0.130742,-38.632104,8034.125029,8034.610603645153
299.62381,0.13045,-38.631316,8033.738712,8034.716447703636
299.63381,0.130166,-38.630527,8033.352403,8031.392536194861
299.64381,0.129892,-38.629738,8032.966102,8036.621883423797
299.65381,0.129626,-38.628949,8032.579808,8034.223987781588
299.66381,0.12937,-38.62816,8032.193523,8031.911397565774
299.67381,0.129122,-38.627371,8031.807245,8032.31746121389
299.68381,0.128883,-38.626581,8031.420975,8031.922340767152
299.69381,0.128653,-38.625791,8031.034713,8032.579209049387
299.70381,0.128431,-38.625001,8030.648459,8031.226728446088
299.71381,0.128219,-38.624211,8030.262213,8030.759744838037
299.72381,0.128015,-38.623421,8029.875975,8030.109129181719
299.73381,0.12782,-38.62263,8029.489745,8030.708284207818
299.74381,0.127634,-38.621839,8029.103523,8029.450668272919
299.75381,0.127457,-38.621049,8028.717308,8030.909156305145
299.76381,0.127288,-38.620258,8028.331102,8030.006861652016
299.77381,0.127128,-38.619466,8027.944903,8030.532539803562
299.78381,0.126976,-38.618675,8027.558712,8028.03187147171
299.79381,0.126833,-38.617883,8027.17253,8029.516954879546
299.80381,0.126699,-38.617091,8026.786355,8027.801779185943
299.81381,0.126573,-38.616299,8026.400188,8026.749934722678
299.82381,0.126456,-38.615507,8026.014029,8028.296339498659
299.83381,0.126347,-38.614715,8025.627878,8027.101879893966
299.84381,0.126246,-38.613922,8025.241734,8026.508644108983
299.85381,0.126154,-38.61313,8024.855599,8025.576739170315
299.86381,0.126071,-38.612337,8024.469472,8026.446337756705
299.87381,0.125995,-38.611544,8024.083352,8024.272333742562
299.88381,0.125928,-38.61075,8023.697241,8023.042681513847
299.89381,0.125869,-38.609957,8023.311137,8023.3224110619885
299.90381,0.125818,-38.609163,8022.925042,8022.657414406609
299.91381,0.125776,-38.608369,8022.538954,8024.690917403861
299.92381,0.125741,-38.607575,8022.152874,8026.6432299706075
299.93381,0.125714,-38.606781,8021.766803,8021.3415371274705
299.94381,0.125696,-38.605987,8021.380739,8025.05177469385
299.95381,0.125685,-38.605192,8020.994683,8022.582592246415
299.96381,0.125682,-38.604397,8020.608635,8019.902601932481
299.97381,0.125687,-38.603602,8020.222595,8019.110446279668
299.98381,0.1257,-38.602807,8019.836563,8020.422465122447
299.99381,0.12572,-38.602012,8019.450539,8022.935152795546
300.00381,0.125748,-38.601217,8019.064523,8018.7428890373985
300.01381,0.125783,-38.600421,8018.678514,8020.759492740111
300.02381,0.125826,-38.599625,8018.292514,8017.633749219604
300.03381,0.125876,-38.598829,8017.906522,8019.319333241612
300.04381,0.125934,-38.598033,8017.520538,8020.313476164189
300.05381,0.125999,-38.597236,8017.134561,8020.523937363229
300.06381,0.126072,-38.59644,8016.748593,8019.990341561177
300.07381,0.126151,-38.595643,8016.362633,8018.195831153863
300.08381,0.126238,-38.594846,8015.97668,8015.541588419492
300.09381,0.126331,-38.594049,8015.590736,8014.784794618887
300.10381,0.126432,-38.593252,8015.204799,8016.2334210184
300.11381,0.126539,-38.592454,8014.818871,8016.224562038626
300.12381,0.126654,-38.591657,8014.43295,8015.198293030236
300.13381,0.126775,-38.590859,8014.047037,8014.422121776796
300.14381,0.126902,-38.590061,8013.661133,8011.656277483377
300.15381,0.127037,-38.589263,8013.275236,8013.511337377715
300.16381,0.127178,-38.588464,8012.889348,8012.689432219534
300.17381,0.127325,-38.587666,8012.503467,8014.45188717554
300.18381,0.127479,-38.586867,8012.117594,8014.41651143683
300.19381,0.127639,-38.586068,8011.73173,8011.575532373651
300.20381,0.127805,-38.585269,8011.345873,8010.134854452555
300.21381,0.127978,-38.58447,8010.960024,8011.1532059736355
300.22381,0.128157,-38.58367,8010.574183,8011.559070197437
300.23381,0.128342,-38.582871,8010.188351,8009.808237861174
300.24381,0.128532,-38.582071,8009.802526,8010.207869755729
300.25381,0.128729,-38.581271,8009.416709,8009.565216970484
300.26381,0.128931,-38.580471,8009.030901,8009.727177850386
300.27381,0.129139,-38.579671,8008.6451,8006.221049766518
300.28381,0.129353,-38.57887,8008.259307,8008.459746921775
300.29381,0.129573,-38.578069,8007.873523,8009.391214161725
300.30381,0.129798,-38.577269,8007.487746,8008.599552568381
300.31381,0.130028,-38.576468,8007.101977,8006.16417722011
300.32381,0.130264,-38.575666,8006.716216,8008.411300487587
300.33381,0.130505,-38.574865,8006.330464,8006.651329129534
300.34381,0.130751,-38.574064,8005.944719,8009.482477247735
300.35381,0.131003,-38.573262,8005.558983,8006.525203146388
300.36381,0.131259,-38.57246,8005.173254,8005.891054084712
300.37381,0.131521,-38.571658,8004.787533,8005.954475244435
300.38381,0.131787,-38.570856,8004.401821,8005.657100736974
300.39381,0.132059,-38.570053,8004.016116,8004.809302008693
300.40381,0.132335,-38.569251,8003.63042,8002.230762517073
300.41381,0.132616,-38.568448,8003.244731,8004.361823466508
300.42381,0.132901,-38.567645,8002.859051,8003.136105105873
300.43381,0.133192,-38.566842,8002.473378,8001.768003532518
300.44381,0.133486,-38.566039,8002.087714,8003.261630980684
300.45381,0.133785,-38.565236,8001.702058,8000.671841899507
300.46381,0.134089,-38.564432,8001.316409,8000.7417681613515
300.47381,0.134396,-38.563628,8000.930769,8000.253342668365
300.48381,0.134708,-38.562824,8000.545137,8001.977676341988
300.49381,0.135024,-38.56202,8000.159512,8001.292399454841
300.50381,0.135344,-38.561216,7999.773896,8001.973219434343
300.51381,0.135669,-38.560412,7999.388288,7999.9653150109425
300.52381,0.135997,-38.559607,7999.002688,8000.503371019804
300.53381,0.136329,-38.558802,7998.617096,8002.30284975834
300.54381,0.136665,-38.557998,7998.231512,7998.939587227539
300.55381,0.137004,-38.557192,7997.845936,8001.544705775263
300.56381,0.137348,-38.556387,7997.460368,8000.5483476734125
300.57381,0.137695,-38.555582,7997.074808,7997.304390734675
300.58381,0.138045,-38.554776,7996.689256,7999.301347520683
300.59381,0.138399,-38.553971,7996.303713,7996.212247724328
300.60381,0.138757,-38.553165,7995.918177,7995.180140020354
300.61381,0.139117,-38.552359,7995.532649,7997.76302144058
300.62381,0.139482,-38.551553,7995.14713,7996.2663184083085
300.63381,0.139849,-38.550746,7994.761618,7995.415135012607
300.64381,0.14022,-38.54994,7994.376115,7991.979810487602
300.65381,0.140593,-38.549133,7993.99062,7992.064089926875
300.66381,0.14097,-38.548326,7993.605132,7994.520072362491
300.67381,0.14135,-38.547519,7993.219653,7995.064336017888
300.68381,0.141733,-38.546712,7992.834182,7994.351082730272
300.69381,0.142118,-38.545905,7992.448719,7992.969811794848
300.70381,0.142507,-38.545097,7992.063264,7992.850500489062
300.71381,0.142898,-38.54429,7991.677817,7990.650382703278
300.72381,0.143292,-38.543482,7991.292378,7989.24256072776
300.73381,0.143689,-38.542674,7990.906947,7991.419006555178
300.74381,0.144088,-38.541866,7990.521525,7990.034718650789
300.75381,0.14449,-38.541058,7990.13611,7991.484385905534
300.76381,0.144894,-38.540249,7989.750703,7987.212135386111
300.77381,0.145301,-38.539441,7989.365305,7991.67019345048
300.78381,0.145711,-38.538632,7988.979915,7992.098368820717
300.79381,0.146122,-38.537823,7988.594532,7989.455610313234
300.80381,0.146536,-38.537014,7988.209158,7985.227483825719
300.81381,0.146953,-38.536205,7987.823792,7990.173757559284
300.82381,0.147371,-38.535396,7987.438434,7988.924713168004
300.83381,0.147792,-38.534586,7987.053084,7987.670042143034
300.84381,0.148214,-38.533777,7986.667742,7986.765579335503
300.85381,0.148639,-38.532967,7986.282409,7988.130281963913
300.86381,0.149066,-38.532157,7985.897083,7986.776423493673
300.87381,0.149495,-38.531347,7985.511765,7987.653997668975
300.88381,0.149926,-38.530537,7985.126456,7986.211464957175
300.89381,0.150358,-38.529727,7984.741155,7987.432534599404
300.90381,0.150793,-38.528916,7984.355861,7985.497878394369
300.91381,0.151229,-38.528105,7983.970576,7986.185801762457
300.92381,0.151667,-38.527295,7983.585299,7986.134216117541
300.93381,0.152107,-38.526484,7983.20003,7981.336680399181
300.94381,0.152548,-38.525673,7982.81477,7980.869477670493
300.95381,0.152991,-38.524862,7982.429517,7982.484346998149
300.96381,0.153436,-38.52405,7982.044272,7983.420625957219
300.97381,0.153882,-38.523239,7981.659036,7980.842439718225
300.98381,0.15433,-38.522427,7981.273808,7982.808434166197
300.99381,0.154779,-38.521615,7980.888587,7981.293320399313
301.00381,0.15523,-38.520803,7980.503375,7980.300197912044
301.01381,0.155682,-38.519991,7980.118171,7980.458334401686
301.02381,0.156135,-38.519179,7979.732976,7981.83577269179
301.03381,0.15659,-38.518367,7979.347788,7978.848574618082
301.04381,0.157046,-38.517554,7978.962608,7980.856380195221
301.05381,0.157503,-38.516742,7978.577437,7978.4437363227635
301.06381,0.157962,-38.515929,7978.192273,7978.213546630384
301.07381,0.158421,-38.515116,7977.807118,7979.4429409710065
301.08381,0.158882,-38.514303,7977.421971,7979.383315480965
301.09381,0.159344,-38.51349,7977.036832,7978.138311542308
301.10381,0.159807,-38.512677,7976.651701,7976.765559152264
301.11381,0.160271,-38.511863,7976.266579,7974.953588185703
301.12381,0.160736,-38.51105,7975.881464,7977.185138692212
301.13381,0.161203,-38.510236,7975.496358,7976.812463214725
301.14381,0.16167,-38.509422,7975.111259,7976.521309903128
301.15381,0.162138,-38.508608,7974.726169,7976.193925993777
301.16381,0.162606,-38.507794,7974.341087,7973.785845993075
301.17381,0.163076,-38.50698,7973.956013,7974.399151915536
301.18381,0.163547,-38.506165,7973.570948,7974.288987545193
301.19381,0.164018,-38.505351,7973.18589,7974.557453371808
301.20381,0.16449,-38.504536,7972.800841,7974.277681868093
301.21381,0.164963,-38.503722,7972.415799,7976.085246509746
301.22381,0.165437,-38.502907,7972.030766,7974.283569080607
301.23381,0.165911,-38.502092,7971.645741,7972.257936869375
301.24381,0.166386,-38.501277,7971.260724,7971.321856583174
301.25381,0.166825,-38.500461,7970.875716,7972.728332308192
301.26381,0.167106,-38.499646,7970.490715,7972.962375912732
301.27381,0.16739,-38.49883,7970.105723,7969.980777913678
301.28381,0.167675,-38.498015,7969.720738,7971.898728048989
301.29381,0.167963,-38.497199,7969.335762,7968.846513740745
301.30381,0.168252,-38.496384,7968.950794,7971.402741069914
301.31381,0.168543,-38.495568,7968.565835,7967.841986401295
301.32381,0.168836,-38.494752,7968.180883,7968.613328017255
301.33381,0.16913,-38.493936,7967.79594,7972.209582446197
301.34381,0.169426,-38.49312,7967.411004,7967.639171831509
301.35381,0.169724,-38.492304,7967.026077,7967.419138443985
301.36381,0.170024,-38.491487,7966.641158,7967.300737553993
301.37381,0.170325,-38.490671,7966.256248,7969.619293540086
301.38381,0.170628,-38.489855,7965.871345,7964.6376837056605
301.39381,0.170932,-38.489038,7965.48645,7966.174166196318
301.40381,0.171238,-38.488222,7965.101564,7964.811754756203
301.41381,0.171546,-38.487405,7964.716686,7967.19919178816
301.42381,0.171855,-38.486588,7964.331816,7964.311767339563
301.43381,0.172166,-38.485771,7963.946954,7964.332782775435
301.44381,0.172477,-38.484954,7963.562101,7966.353385818224
301.45381,0.172791,-38.484137,7963.177255,7964.875547202672
301.46381,0.173106,-38.48332,7962.792418,7963.446135111603
301.47381,0.173422,-38.482503,7962.407589,7962.0760658568515
301.48381,0.173739,-38.481686,7962.022768,7959.960778848305
301.49381,0.174058,-38.480869,7961.637955,7963.49915284502
301.50381,0.174378,-38.480051,7961.25315,7962.589783582574
301.51381,0.174699,-38.479234,7960.868354,7960.499537902179
301.52381,0.175021,-38.478416,7960.483566,7962.194266743951
301.53381,0.175344,-38.477598,7960.098786,7963.40986936445
301.54381,0.175668,-38.476781,7959.714014,7960.742546378933
301.55381,0.175994,-38.475963,7959.32925,7961.319869628679
301.56381,0.176321,-38.475145,7958.944495,7961.398962591465
301.57381,0.176648,-38.474327,7958.559747,7958.105594986861
301.58381,0.176977,-38.473509,7958.175008,7955.489585888242
301.59381,0.177307,-38.472691,7957.790277,7957.69685106207
301.60381,0.177638,-38.471873,7957.405554,7958.807386536069
301.61381,0.17797,-38.471055,7957.020839,7957.668742851601
301.62381,0.178303,-38.470237,7956.636133,7954.885200801742
301.63381,0.178637,-38.469419,7956.251435,7957.256977646031
301.64381,0.178972,-38.4686,7955.866745,7958.317804822494
301.65381,0.179308,-38.467782,7955.482063,7952.925423209271
301.66381,0.179645,-38.466963,7955.097389,7955.294680300902
301.67381,0.179983,-38.466145,7954.712723,7956.962636600902
301.68381,0.180322,-38.465326,7954.328066,7952.6915424634035
301.69381,0.180662,-38.464508,7953.943417,7955.271834572293
301.70381,0.181002,-38.463689,7953.558776,7954.5034369810655
301.71381,0.181344,-38.46287,7953.174143,7952.970555496186
301.72381,0.181686,-38.462051,7952.789519,7954.2105143836625
301.73381,0.182029,-38.461233,7952.404902,7953.93234662357
301.74381,0.182372,-38.460414,7952.020294,7952.067293463722
301.75381,0.182717,-38.459595,7951.635694,7953.104774591675
301.76381,0.183062,-38.458776,7951.251102,7952.6759707197
301.77381,0.183408,-38.457957,7950.866518,7954.715770522969
301.78381,0.183755,-38.457137,7950.481943,7949.952889464275
301.79381,0.184102,-38.456318,7950.097376,7951.319743956001
301.80381,0.18445,-38.455499,7949.712817,7950.3076670296305
301.81381,0.184799,-38.45468,7949.328266,7948.6154372353585
301.82381,0.185148,-38.45386,7948.943723,7949.974570898231
301.83381,0.185498,-38.453041,7948.559188,7951.209480951083
301.84381,0.185849,-38.452221,7948.174662,7947.912802418326
301.85381,0.1862,-38.451402,7947.790144,7946.335408631701
301.86381,0.186551,-38.450582,7947.405634,7946.996285193155
301.87381,0.186904,-38.449763,7947.021132,7947.152633826747
301.88381,0.187256,-38.448943,7946.636639,7949.852916507504
301.89381,0.18761,-38.448123,7946.252153,7949.467638358009
301.90381,0.187963,-38.447303,7945.867676,7946.5925138611
301.91381,0.188318,-38.446483,7945.483207,7947.18566697268
301.92381,0.188672,-38.445664,7945.098747,7945.431901092101
301.93381,0.189027,-38.444844,7944.714294,7947.274101885136
301.94381,0.189383,-38.444024,7944.32985,7946.565675475882
301.95381,0.189739,-38.443203,7943.945414,7944.157115136013
301.96381,0.190096,-38.442383,7943.560986,7946.745971049199
301.97381,0.190452,-38.441563,7943.176566,7941.488616723588
301.98381,0.19081,-38.440743,7942.792154,7941.358513634103
301.99381,0.191167,-38.439923,7942.407751,7944.463641602123
302.00381,0.191525,-38.439102,7942.023356,7941.532768753216
302.01381,0.191883,-38.438282,7941.638969,7941.007684878042
302.02381,0.192242,-38.437462,7941.25459,7943.390825603458
302.03381,0.192601,-38.436641,7940.87022,7942.217583566225
302.04381,0.19296,-38.435821,7940.485858,7938.444211418275
302.05381,0.19332,-38.435,7940.101503,7940.79806450488
302.06381,0.193679,-38.434179,7939.717158,7940.527311451121
302.07381,0.19404,-38.433359,7939.33282,7939.338841708398
302.08381,0.1944,-38.432538,7938.94849,7940.29117384155
302.09381,0.19476,-38.431717,7938.564169,7940.791863148264
302.10381,0.195121,-38.430897,7938.179856,7939.3069048903
302.11381,0.195482,-38.430076,7937.795551,7939.696073190291
302.12381,0.195843,-38.429255,7937.411255,7939.551116397365
302.13381,0.196205,-38.428434,7937.026966,7939.076797420301
302.14381,0.196566,-38.427613,7936.642686,7940.603661099412
302.15381,0.196928,-38.426792,7936.258414,7935.35423016497
302.16381,0.19729,-38.425971,7935.87415,7938.953530964356
302.17381,0.197652,-38.42515,7935.489894,7935.798467130405
302.18381,0.198014,-38.424329,7935.105647,7936.378238505881
302.19381,0.198376,-38.423507,7934.721408,7935.5172148077345
302.20381,0.198738,-38.422686,7934.337177,7935.456570492274
302.21381,0.199101,-38.421865,7933.952954,7934.540313172036
302.22381,0.199463,-38.421044,7933.56874,7934.441942609923
302.23381,0.199826,-38.420222,7933.184533,7935.420677311402
302.24381,0.200189,-38.419401,7932.800335,7934.018457244323
302.25381,0.200552,-38.418579,7932.416145,7931.615229846486
302.26381,0.200914,-38.417758,7932.031964,7932.357323383622
302.27381,0.201277,-38.416936,7931.64779,7932.621956366327
302.28381,0.20164,-38.416115,7931.263625,7930.723088455813
302.29381,0.202003,-38.415293,7930.879468,7933.230602920609
302.30381,0.202366,-38.414472,7930.495319,7929.5450725835135
302.31381,0.202729,-38.41365,7930.111178,7931.0905747409
302.32381,0.203092,-38.412828,7929.727046,7928.1278226469585
302.33381,0.203454,-38.412007,7929.342922,7928.397865304193
302.34381,0.203817,-38.411185,7928.958806,7933.290127211569
302.35381,0.20418,-38.410363,7928.574698,7930.017074898684
302.36381,0.204543,-38.409541,7928.190599,7927.742602420167
302.37381,0.204906,-38.408719,7927.806507,7930.865312023336
302.38381,0.205268,-38.407897,7927.422424,7927.507037663858
302.39381,0.205631,-38.407075,7927.038349,7926.2962690720915
302.40381,0.205993,-38.406253,7926.654283,7929.7046242625
302.41381,0.206356,-38.405431,7926.270224,7926.315727144184
302.42381,0.206718,-38.404609,7925.886174,7926.186623715282
302.43381,0.20708,-38.403787,7925.502132,7929.782991247063
302.44381,0.207442,-38.402965,7925.118098,7927.497208930163
302.45381,0.207804,-38.402143,7924.734073,7925.166333238869
302.46381,0.208166,-38.401321,7924.350055,7925.267630786607
302.47381,0.208528,-38.400498,7923.966046,7925.211909468906
302.48381,0.20889,-38.399676,7923.582045,7925.03480690418
302.49381,0.209251,-38.398854,7923.198053,7923.555509092606
302.50381,0.209612,-38.398032,7922.814068,7922.684271206755
302.51381,0.209974,-38.397209,7922.430092,7923.972748647774
302.52381,0.210335,-38.396387,7922.046124,7922.831045582075
302.53381,0.210695,-38.395564,7921.662164,7920.93173555015
302.54381,0.211056,-38.394742,7921.278213,7922.113833441583
302.55381,0.211416,-38.39392,7920.89427,7921.1124232480315
302.56381,0.211777,-38.393097,7920.510335,7920.700482929512
302.57381,0.212137,-38.392274,7920.126408,7921.498552965436
302.58381,0.212497,-38.391452,7919.742489,7921.066690668539
302.59381,0.212856,-38.390629,7919.358579,7918.438289982258
302.60381,0.213216,-38.389807,7918.974676,7918.149365078498
302.61381,0.213575,-38.388984,7918.590782,7919.663854925746
302.62381,0.213934,-38.388161,7918.206897,7919.217673194614
302.63381,0.214292,-38.387339,7917.823019,7918.519855854957
302.64381,0.214651,-38.386516,7917.43915,7919.7794506744995
302.65381,0.215009,-38.385693,7917.055289,7916.7047680180685
302.66381,0.215367,-38.38487,7916.671436,7917.61481775877
302.67381,0.215725,-38.384048,7916.287592,7918.478400079615
302.68381,0.216082,-38.383225,7915.903755,7915.915865619897
302.69381,0.216439,-38.382402,7915.519927,7915.054652235101
302.70381,0.216796,-38.381579,7915.136107,7917.367459388598
302.71381,0.217153,-38.380756,7914.752295,7916.844779154116
302.72381,0.217509,-38.379933,7914.368492,7913.892998208259
302.73381,0.217865,-38.37911,7913.984697,7913.6321420576
302.74381,0.217536,-38.378288,7913.60091,7913.969077886774
302.75381,0.216622,-38.377465,7913.217131,7914.579584759197
302.76381,0.215714,-38.376642,7912.833361,7915.219713369127
302.77381,0.214813,-38.37582,7912.449598,7912.385796594897
302.78381,0.213919,-38.374998,7912.065844,7913.330267114771
302.79381,0.213031,-38.374177,7911.682098,7909.635617040943
302.80381,0.212151,-38.373355,7911.298361,7911.2159133245905
302.81381,0.211277,-38.372534,7910.914631,7911.808350175668
302.82381,0.21041,-38.371713,7910.53091,7911.632893126201
302.83381,0.20955,-38.370892,7910.147197,7909.061006202192
302.84381,0.208697,-38.370072,7909.763492,7909.011871325936
302.85381,0.207851,-38.369252,7909.379795,7912.133913112362
302.86381,0.207012,-38.368432,7908.996107,7908.148139038254
302.87381,0.206179,-38.367612,7908.612427,7907.725411645959
302.88381,0.205354,-38.366792,7908.228755,7910.318145207035
302.89381,0.204536,-38.365973,7907.845091,7907.072427509855
302.90381,0.203724,-38.365154,7907.461435,7908.88322348533
302.91381,0.20292,-38.364335,7907.077788,7908.3528007264385
302.92381,0.202123,-38.363516,7906.694149,7910.548427737191
302.93381,0.201333,-38.362698,7906.310518,7908.233100669156
302.94381,0.20055,-38.36188,7905.926895,7906.204872237056
302.95381,0.199774,-38.361061,7905.54328,7907.827752355968
302.96381,0.199005,-38.360244,7905.159673,7905.76000226958
302.97381,0.198243,-38.359426,7904.776075,7904.508403660841
302.98381,0.197488,-38.358608,7904.392485,7904.209099330815
302.99381,0.196741,-38.357791,7904.008903,7903.31941446127
303.00381,0.196004,-38.356974,7903.625329,7904.393305538777
303.01381,0.195275,-38.356157,7903.241763,7905.895901242041
303.02381,0.194553,-38.35534,7902.858206,7903.910912004469
303.03381,0.193838,-38.354523,7902.474657,7901.376613260919
303.04381,0.19313,-38.353706,7902.091115,7903.828725629827
303.05381,0.19243,-38.35289,7901.707582,7901.10435630257
303.06381,0.191737,-38.352073,7901.324058,7901.171083738683
303.07381,0.191051,-38.351256,7900.940541,7904.9358813964345
303.08381,0.190373,-38.35044,7900.557033,7900.586532682592
303.09381,0.189702,-38.349624,7900.173532,7900.591349927622
303.10381,0.189038,-38.348807,7899.79004,7899.834730272554
303.11381,0.188382,-38.347991,7899.406556,7901.168621479139
303.12381,0.187733,-38.347175,7899.02308,7900.404080250959
303.13381,0.187091,-38.346359,7898.639613,7898.366546484829
303.14381,0.186457,-38.345543,7898.256153,7900.693479278877
303.15381,0.18583,-38.344727,7897.872702,7896.15247059833
303.16381,0.185211,-38.343912,7897.489259,7899.740955902186
303.17381,0.184599,-38.343096,7897.105823,7897.863632469164
303.18381,0.183994,-38.34228,7896.722397,7898.271706957005
303.19381,0.183397,-38.341465,7896.338978,7896.175229456146
303.20381,0.182808,-38.340649,7895.955567,7894.4413076917845
303.21381,0.182226,-38.339834,7895.572165,7895.869739483938
303.22381,0.181651,-38.339018,7895.188771,7894.797458764173
303.23381,0.181085,-38.338203,7894.805385,7896.099687783329
303.24381,0.180525,-38.337387,7894.422007,7894.378786153931
303.25381,0.179973,-38.336572,7894.038637,7895.6648989882
303.26381,0.179429,-38.335757,7893.655275,7893.864336903863
303.27381,0.178892,-38.334942,7893.271922,7895.210144490824
303.28381,0.178363,-38.334127,7892.888576,7891.150244969428
303.29381,0.177841,-38.333312,7892.505239,7894.919481688898
303.30381,0.177327,-38.332497,7892.12191,7891.456404982171
303.31381,0.17682,-38.331682,7891.738589,7892.590736863402
303.32381,0.176321,-38.330867,7891.355276,7892.519382312564
303.33381,0.175829,-38.330052,7890.971972,7888.343566311099
303.34381,0.175346,-38.329237,7890.588675,7890.700999529788
303.35381,0.174869,-38.328422,7890.205387,7892.171777777811
303.36381,0.174401,-38.327608,7889.822107,7891.110881215967
303.37381,0.173939,-38.326793,7889.438835,7890.980670692089
303.38381,0.173486,-38.325978,7889.055571,7888.702370088149
303.39381,0.17304,-38.325164,7888.672315,7887.728545352349
303.40381,0.172602,-38.324349,7888.289068,7888.665819346271
303.41381,0.172171,-38.323534,7887.905828,7889.122185145549
303.42381,0.171748,-38.32272,7887.522597,7886.3161821558115
303.43381,0.171332,-38.321905,7887.139374,7886.419413777237
303.44381,0.170924,-38.321091,7886.756159,7887.33086085241
303.45381,0.170524,-38.320276,7886.372952,7884.8592968255625
303.46381,0.170131,-38.319462,7885.989753,7888.042980074877
303.47381,0.169746,-38.318647,7885.606563,7887.371674496899
303.48381,0.169368,-38.317833,7885.223381,7884.011574152198
303.49381,0.168998,-38.317019,7884.840206,7886.895665418788
303.50381,0.168635,-38.316204,7884.45704,7884.972682766186
303.51381,0.16828,-38.31539,7884.073882,7884.147697541729
303.52381,0.167933,-38.314576,7883.690732,7883.428257107923
303.53381,0.167593,-38.313761,7883.307591,7881.550312757401
303.54381,0.167261,-38.312947,7882.924457,7886.256184327087
303.55381,0.166936,-38.312133,7882.541332,7882.853336138856
303.56381,0.166618,-38.311318,7882.158214,7884.101912487181
303.57381,0.166308,-38.310504,7881.775105,7884.734606450478
303.58381,0.166006,-38.30969,7881.392004,7882.111583094545
303.59381,0.165711,-38.308876,7881.008912,7880.167458206129
303.60381,0.165423,-38.308061,7880.625827,7883.829795758759
303.61381,0.165143,-38.307247,7880.24275,7878.3171977664
303.62381,0.16487,-38.306433,7879.859682,7880.36029484878
303.63381,0.164605,-38.305619,7879.476622,7879.690874992498
303.64381,0.164347,-38.304805,7879.09357,7883.840728297505
303.65381,0.164096,-38.30399,7878.710526,7881.020437205579
303.66381,0.163853,-38.303176,7878.32749,7880.254115503028
303.67381,0.163617,-38.302362,7877.944462,7878.857687917678
303.68381,0.163388,-38.301548,7877.561443,7878.161268442698
303.69381,0.163167,-38.300733,7877.178431,7878.04162328153
303.70381,0.162953,-38.299919,7876.795428,7876.016400622631
303.71381,0.162746,-38.299105,7876.412433,7874.90566998727
303.72381,0.162546,-38.298291,7876.029446,7877.117122356169
303.73381,0.162353,-38.297476,7875.646467,7875.058632219316
303.74381,0.162168,-38.296662,7875.263496,7877.11288300439
303.75381,0.161989,-38.295848,7874.880534,7874.33488673988
303.76381,0.161818,-38.295034,7874.497579,7874.654032069704
303.77381,0.161654,-38.294219,7874.114633,7876.008741407229
303.78381,0.161497,-38.293405,7873.731695,7879.666946539433
303.79381,0.161346,-38.292591,7873.348765,7869.394668507135
303.80381,0.161203,-38.291777,7872.965843,7873.750230787464
303.81381,0.161067,-38.290962,7872.582929,7872.738047099753
303.82381,0.160937,-38.290148,7872.200024,7874.102214014723
303.83381,0.160815,-38.289334,7871.817126,7875.058792295307
303.84381,0.160699,-38.288519,7871.434237,7868.635936525623
303.85381,0.16059,-38.287705,7871.051356,7872.038915313072
303.86381,0.160488,-38.286891,7870.668483,7871.4875906771085
303.87381,0.160393,-38.286076,7870.285618,7869.998195369424
303.88381,0.160304,-38.285262,7869.902762,7870.195365690658
303.89381,0.160222,-38.284447,7869.519913,7871.8051340882985
303.90381,0.160147,-38.283633,7869.137073,7872.902478922985
303.91381,0.160078,-38.282818,7868.75424,7869.990681651863
303.92381,0.160016,-38.282004,7868.371416,7869.258103674649
303.93381,0.15996,-38.281189,7867.9886,7869.010652631972
303.94381,0.159911,-38.280375,7867.605792,7868.630229869021
303.95381,0.159868,-38.27956,7867.222993,7870.592368112126
303.96381,0.159831,-38.278746,7866.840201,7864.069663141967
303.97381,0.159801,-38.277931,7866.457418,7867.04035556516
303.98381,0.159777,-38.277117,7866.074643,7868.005726982365
303.99381,0.15976,-38.276302,7865.691876,7868.248322097374
304.00381,0.159748,-38.275487,7865.309117,7867.740235541526
304.01381,0.159743,-38.274673,7864.926366,7865.818126862963
304.02381,0.159744,-38.273858,7864.543623,7864.529373523004
304.03381,0.159751,-38.273043,7864.160889,7861.881648752273
304.04381,0.159764,-38.272228,7863.778162,7866.429210335093
304.05381,0.159783,-38.271413,7863.395444,7865.0730424733465
304.06381,0.159808,-38.270599,7863.012734,7864.449192703308
304.07381,0.159839,-38.269784,7862.630032,7863.055325212141
304.08381,0.159876,-38.268969,7862.247338,7859.2179915446495
304.09381,0.159918,-38.268154,7861.864653,7863.0099250496505
304.10381,0.159966,-38.267339,7861.481975,7859.89419970682
304.11381,0.16002,-38.266524,7861.099306,7862.4820221067475
304.12381,0.16008,-38.265709,7860.716645,7862.920463000863
304.13381,0.160145,-38.264894,7860.333992,7862.056469805807
304.14381,0.160216,-38.264079,7859.951347,7861.21481144387
304.15381,0.160292,-38.263264,7859.56871,7859.928765546882
304.16381,0.160374,-38.262449,7859.186082,7861.203977535114
304.17381,0.160461,-38.261634,7858.803461,7858.811999761199
304.18381,0.160554,-38.260818,7858.420849,7859.123554137134
304.19381,0.160651,-38.260003,7858.038245,7858.871171563799
304.20381,0.160755,-38.259188,7857.655649,7859.823778494141
304.21381,0.160863,-38.258373,7857.273061,7857.415809146867
304.22381,0.160976,-38.257557,7856.890481,7858.93815082189
304.23381,0.161095,-38.256742,7856.50791,7859.809825459077
304.24381,0.161219,-38.255926,7856.125347,7857.01334711319
304.25381,0.161347,-38.255111,7855.742791,7855.111596845843
304.26381,0.161481,-38.254295,7855.360244,7856.0986415715515
304.27381,0.161619,-38.25348,7854.977705,7854.80614358358
304.28381,0.161763,-38.252664,7854.595175,7855.774695686338
304.29381,0.161911,-38.251849,7854.212652,7855.50201446393
304.30381,0.162064,-38.251033,7853.830138,7854.487513458717
304.31381,0.162221,-38.250217,7853.447632,7854.537565232866
304.32381,0.162384,-38.249402,7853.065133,7852.5153175821015
304.33381,0.162551,-38.248586,7852.682643,7857.540600864565
304.34381,0.162722,-38.24777,7852.300162,7855.809176693923
304.35381,0.162898,-38.246954,7851.917688,7855.16928442587
304.36381,0.163078,-38.246139,7851.535223,7851.009440748128
304.37381,0.163263,-38.245323,7851.152765,7849.3764558206485
304.38381,0.163452,-38.244507,7850.770316,7852.08553026355
304.39381,0.163646,-38.243691,7850.387875,7848.973424336074
304.40381,0.163844,-38.242875,7850.005442,7851.741706902987
304.41381,0.164045,-38.242059,7849.623018,7850.878408865693
304.42381,0.164251,-38.241243,7849.240601,7847.382897094149
304.43381,0.164462,-38.240426,7848.858193,7852.3212443007205
304.44381,0.164676,-38.23961,7848.475793,7849.835599242627
304.45381,0.164894,-38.238794,7848.093401,7849.758291440684
304.46381,0.165116,-38.237978,7847.711017,7849.375464884099
304.47381,0.165342,-38.237161,7847.328641,7845.907115595363
304.48381,0.165572,-38.236345,7846.946274,7847.361689405003
304.49381,0.165806,-38.235529,7846.563914,7848.326915489167
304.50381,0.166043,-38.234712,7846.181563,7846.102034467209
304.51381,0.166284,-38.233896,7845.79922,7848.5844572849355
304.52381,0.166529,-38.233079,7845.416885,7848.81610724718
304.53381,0.166777,-38.232263,7845.034558,7844.206912706646
304.54381,0.167029,-38.231446,7844.65224,7843.418205551457
304.55381,0.167285,-38.230629,7844.269929,7847.775162937515
304.56381,0.167544,-38.229813,7843.887627,7844.544039498447
304.57381,0.167806,-38.228996,7843.505333,7844.494345384781
304.58381,0.168072,-38.228179,7843.123047,7844.847235407024
304.59381,0.168341,-38.227362,7842.74077,7841.405525367686
304.60381,0.168613,-38.226546,7842.3585,7842.019257430708
304.61381,0.168888,-38.225729,7841.976239,7844.333940599256
304.62381,0.169167,-38.224912,7841.593985,7842.6515539575375
304.63381,0.169449,-38.224095,7841.21174,7842.020464043109
304.64381,0.169734,-38.223278,7840.829504,7838.965585912347
304.65381,0.170022,-38.222461,7840.447275,7841.99857850398
304.66381,0.170313,-38.221643,7840.065054,7839.839618895546
304.67381,0.170607,-38.220826,7839.682842,7840.574394320856
304.68381,0.170903,-38.220009,7839.300638,7840.109450524769
304.69381,0.171203,-38.219192,7838.918442,7840.644718400857
304.70381,0.171506,-38.218375,7838.536254,7840.553509259518
304.71381,0.171811,-38.217557,7838.154074,7839.913568596766
304.72381,0.172119,-38.21674,7837.771903,7839.524390173703
304.73381,0.17243,-38.215922,7837.38974,7839.027108699979
304.74381,0.172743,-38.215105,7837.007584,7841.389537037184
304.75381,0.173059,-38.214287,7836.625437,7834.938005336247
304.76381,0.173378,-38.21347,7836.243299,7839.039072317765
304.77381,0.173699,-38.212652,7835.861168,7837.683537038038
304.78381,0.174022,-38.211835,7835.479046,7836.370466722221
304.79381,0.174348,-38.211017,7835.096931,7839.435147756322
304.80381,0.174677,-38.210199,7834.714825,7837.212589295018
304.81381,0.175008,-38.209381,7834.332727,7836.850490700315
304.82381,0.175341,-38.208564,7833.950638,7835.377147200401
304.83381,0.175676,-38.207746,7833.568556,7834.158105815236
304.84381,0.176014,-38.206928,7833.186483,7834.780449002694
304.85381,0.176354,-38.20611,7832.804418,7834.997772171213
304.86381,0.176696,-38.205292,7832.422361,7831.40860491773
304.87381,0.17704,-38.204474,7832.040312,7830.946526688547
304.88381,0.177387,-38.203656,7831.658271,7830.849820835156
304.89381,0.177735,-38.202837,7831.276239,7830.65020833833
304.90381,0.178086,-38.202019,7830.894214,7830.061521383636
304.91381,0.178438,-38.201201,7830.512198,7830.68229708457
304.92381,0.178792,-38.200383,7830.13019,7833.34671228906
304.93381,0.179149,-38.199565,7829.748191,7832.771479728343
304.94381,0.179507,-38.198746,7829.366199,7830.751762652
304.95381,0.179867,-38.197928,7828.984216,7827.384254738102
304.96381,0.180229,-38.197109,7828.60224,7828.886994414897
304.97381,0.180593,-38.196291,7828.220273,7827.659514513465
304.98381,0.180958,-38.195472,7827.838315,7827.768400773309
304.99381,0.181325,-38.194654,7827.456364,7827.679892092515
305.00381,0.181694,-38.193835,7827.074422,7827.348172355496
305.01381,0.182064,-38.193016,7826.692487,7826.1951960866045
305.02381,0.182436,-38.192198,7826.310561,7830.255849363377
305.03381,0.18281,-38.191379,7825.928643,7825.197973835993
305.04381,0.183185,-38.19056,7825.546734,7827.811498688445
305.05381,0.183562,-38.189741,7825.164832,7826.875401161367
305.06381,0.18394,-38.188923,7824.782939,7824.642540333137
305.07381,0.18432,-38.188104,7824.401054,7822.714325781825
305.08381,0.184701,-38.187285,7824.019177,7827.230603306361
305.09381,0.185084,-38.186466,7823.637308,7822.348790618032
305.10381,0.185468,-38.185647,7823.255447,7824.711195930995
305.11381,0.185853,-38.184828,7822.873595,7825.00005823117
305.12381,0.18624,-38.184008,7822.491751,7822.145299387157
305.13381,0.186628,-38.183189,7822.109915,7822.008586413496
305.14381,0.187017,-38.18237,7821.728087,7823.33857583676
305.15381,0.187407,-38.181551,7821.346267,7821.054889697095
305.16381,0.187799,-38.180732,7820.964456,7821.357302847116
305.17381,0.188192,-38.179912,7820.582653,7819.737721498275
305.18381,0.188586,-38.179093,7820.200858,7820.599080045996
305.19381,0.188981,-38.178273,7819.819071,7816.905057510089
305.20381,0.189377,-38.177454,7819.437292,7815.638048649614
305.21381,0.189774,-38.176635,7819.055522,7818.823991187897
305.22381,0.190173,-38.175815,7818.67376,7818.414403775893
305.23381,0.190769,-38.174995,7818.292006,7820.142353448635
305.24381,0.191438,-38.174176,7817.91026,7818.347397946812
305.25381,0.192108,-38.173356,7817.528522,7816.015885761157
305.26381,0.192779,-38.172536,7817.146793,7818.17858471105
305.27381,0.193451,-38.171716,7816.765071,7818.527198471395
305.28381,0.194124,-38.170896,7816.383358,7815.159766094697
305.29381,0.194798,-38.170076,7816.001653,7819.077401243651
305.30381,0.195472,-38.169256,7815.619957,7815.539773914767
305.31381,0.196147,-38.168435,7815.238268,7818.358303183778
305.32381,0.196824,-38.167615,7814.856588,7815.846597018861
305.33381,0.1975,-38.166794,7814.474916,7815.9639162782705
305.34381,0.198178,-38.165974,7814.093252,7815.108903410291
305.35381,0.198856,-38.165153,7813.711597,7814.295311565587
305.36381,0.199535,-38.164332,7813.329949,7815.283609384463
305.37381,0.200214,-38.163511,7812.94831,7814.765339593998
305.38381,0.200894,-38.16269,7812.566679,7815.091365215926
305.39381,0.201575,-38.161869,7812.185056,7815.356134265711
305.40381,0.202255,-38.161048,7811.803442,7810.242920136515
305.41381,0.202937,-38.160227,7811.421835,7809.620213506803
305.42381,0.203618,-38.159405,7811.040237,7812.832424335205
305.43381,0.204301,-38.158584,7810.658647,7810.318985515512
305.44381,0.204983,-38.157762,7810.277065,7812.703475829004
305.45381,0.205666,-38.156941,7809.895492,7811.985727567533
305.46381,0.206349,-38.156119,7809.513927,7811.949723721189
305.47381,0.207032,-38.155297,7809.132369,7809.703495413394
305.48381,0.207706,-38.154475,7808.750821,7808.120345881371
305.49381,0.208376,-38.153654,7808.36928,7810.477421582299
305.50381,0.209046,-38.152832,7807.987747,7806.570124576493
305.51381,0.209716,-38.152011,7807.606223,7807.8860269316065
305.52381,0.210386,-38.151191,7807.224707,7808.635141023062
305.53381,0.211057,-38.15037,7806.843199,7809.0508737719
305.54381,0.211728,-38.14955,7806.4617,7806.134368435765
305.55381,0.212399,-38.148729,7806.080208,7808.41565711638
305.56381,0.21307,-38.14791,7805.698725,7806.575721243095
305.57381,0.213741,-38.14709,7805.31725,7807.263904651916
305.58381,0.214413,-38.146271,7804.935783,7805.21414275151
305.59381,0.215084,-38.145451,7804.554325,7805.174028027761
305.60381,0.215756,-38.144632,7804.172874,7803.665762306907
305.61381,0.216427,-38.143814,7803.791432,7805.673316192829
305.62381,0.217099,-38.142995,7803.409998,7801.565066507983
305.63381,0.217771,-38.142177,7803.028572,7803.295540673347
305.64381,0.218442,-38.141359,7802.647155,7802.806593677749
305.65381,0.219114,-38.140541,7802.265745,7802.263342936534
305.66381,0.219785,-38.139724,7801.884344,7802.3780176986065
305.67381,0.220456,-38.138907,7801.502951,7802.008596081568
305.68381,0.221127,-38.13809,7801.121566,7800.776464481671
305.69381,0.221798,-38.137273,7800.740189,7800.766728158855
305.70381,0.222469,-38.136456,7800.35882,7803.141332018462
305.71381,0.22314,-38.13564,7799.97746,7797.809718341208
305.72381,0.22381,-38.134824,7799.596107,7800.807010730233
305.73381,0.22448,-38.134008,7799.214763,7800.592547307608
305.74381,0.22515,-38.133192,7798.833427,7800.469482833379
305.75381,0.22582,-38.132376,7798.452099,7799.4168841874425
305.76381,0.226489,-38.131561,7798.07078,7798.836443985396
305.77381,0.227158,-38.130746,7797.689468,7796.551482312478
305.78381,0.227827,-38.129931,7797.308165,7799.434632114289
305.79381,0.228496,-38.129117,7796.92687,7798.766528270829
305.80381,0.229164,-38.128302,7796.545582,7795.405294929095
305.81381,0.229831,-38.127488,7796.164304,7798.549816625256
305.82381,0.230498,-38.126674,7795.783033,7796.329632340963
305.83381,0.231165,-38.12586,7795.40177,7795.18386592389
305.84381,0.231832,-38.125047,7795.020516,7800.402612621462
305.85381,0.232498,-38.124233,7794.639269,7794.6623768876325
305.86381,0.233163,-38.12342,7794.258031,7794.116105396743
305.87381,0.233828,-38.122607,7793.876801,7793.179318889568
305.88381,0.234493,-38.121794,7793.495579,7793.898573201625
305.89381,0.235157,-38.120982,7793.114365,7792.939163130301
305.90381,0.235821,-38.12017,7792.733159,7794.32638245126
305.91381,0.236484,-38.119357,7792.351961,7793.530199999102
305.92381,0.237146,-38.118545,7791.970772,7791.132225062864
305.93381,0.237808,-38.117734,7791.589591,7792.887842530398
305.94381,0.23847,-38.116922,7791.208417,7792.54162205625
305.95381,0.23913,-38.116111,7790.827252,7793.406863028535
305.96381,0.239791,-38.1153,7790.446095,7792.091765809365
305.97381,0.24045,-38.114489,7790.064946,7790.064474809158
305.98381,0.241109,-38.113678,7789.683805,7789.693065044047
305.99381,0.241768,-38.112867,7789.302673,7789.765110016843
306.00381,0.242425,-38.112057,7788.921548,7790.213718298059
306.01381,0.243082,-38.111247,7788.540431,7787.328398382605
306.02381,0.243739,-38.110437,7788.159323,7787.479945786764
306.03381,0.244395,-38.109627,7787.778223,7787.846332974513
306.04381,0.24505,-38.108818,7787.39713,7788.587524075808
306.05381,0.245704,-38.108008,7787.016046,7787.509809103829
306.06381,0.246358,-38.107199,7786.63497,7790.059179841768
306.07381,0.247011,-38.10639,7786.253902,7786.997243610351
306.08381,0.247663,-38.105581,7785.872842,7787.983705540152
306.09381,0.248315,-38.104772,7785.491791,7787.9652482845795
306.10381,0.248965,-38.103964,7785.110747,7781.9409128651805
306.11381,0.249615,-38.103156,7784.729711,7784.49064769538
306.12381,0.250265,-38.102348,7784.348684,7786.022860961639
306.13381,0.250913,-38.10154,7783.967664,7786.3084243496805
306.14381,0.251561,-38.100732,7783.586653,7785.820042451022
306.15381,0.252208,-38.099924,7783.20565,7782.818796564453
306.16381,0.252854,-38.099117,7782.824655,7782.2809012661155
306.17381,0.253499,-38.09831,7782.443667,7783.451740738109
306.18381,0.254144,-38.097503,7782.062688,7782.811968234577
306.19381,0.254788,-38.096696,7781.681717,7784.406729480203
306.20381,0.25543,-38.095889,7781.300754,7785.207159649047
306.21381,0.256073,-38.095083,7780.9198,7782.982412916983
306.22381,0.256714,-38.094276,7780.538853,7783.095858401323
306.23381,0.257354,-38.09347,7780.157914,7778.043244195269
306.24381,0.257994,-38.092664,7779.776983,7780.967363809575
306.25381,0.258632,-38.091858,7779.396061,7781.344366586839
306.26381,0.25927,-38.091053,7779.015146,7781.115532316192
306.27381,0.259907,-38.090247,7778.63424,7783.8449457231045
306.28381,0.260543,-38.089442,7778.253341,7779.0720533952635
306.29381,0.261178,-38.088637,7777.872451,7776.602021588182
306.30381,0.261812,-38.087832,7777.491569,7776.78584747754
306.31381,0.262446,-38.087027,7777.110694,7777.459987363466
306.32381,0.263078,-38.086223,7776.729828,7776.032976592299
306.33381,0.26371,-38.085418,7776.34897,7777.8566193969955
306.34381,0.26434,-38.084614,7775.96812,7778.3219193365485
306.35381,0.26497,-38.08381,7775.587278,7775.84484832811
306.36381,0.265599,-38.083006,7775.206443,7775.427371673429
306.37381,0.266227,-38.082202,7774.825617,7773.22885176597
306.38381,0.266854,-38.081399,7774.444799,7776.114273301992
306.39381,0.267479,-38.080595,7774.063989,7777.482676320054
306.40381,0.268104,-38.079792,7773.683188,7773.402331330253
306.41381,0.268729,-38.078989,7773.302394,7775.241214324844
306.42381,0.269352,-38.078186,7772.921608,7773.966010179708
306.43381,0.269974,-38.077383,7772.54083,7775.229879673467
306.44381,0.270595,-38.07658,7772.16006,7768.808956653792
306.45381,0.271215,-38.075778,7771.779298,7772.995481889165
306.46381,0.271834,-38.074976,7771.398545,7770.113777792258
306.47381,0.272453,-38.074173,7771.017799,7771.004641185937
306.48381,0.27307,-38.073371,7770.637061,7774.064559557554
306.49381,0.273686,-38.07257,7770.256331,7771.021023568337
306.50381,0.274301,-38.071768,7769.87561,7769.872733091393
306.51381,0.274916,-38.070966,7769.494896,7770.45359785579
306.52381,0.275529,-38.070165,7769.11419,7766.339108463501
306.53381,0.276141,-38.069364,7768.733493,7769.57480509853
306.54381,0.276752,-38.068563,7768.352803,7771.780000000505
306.55381,0.277363,-38.067762,7767.972121,7768.5170243602615
306.56381,0.277972,-38.066961,7767.591448,7770.738289172413
306.57381,0.27858,-38.06616,7767.210782,7768.683096529557
306.58381,0.279187,-38.06536,7766.830125,7768.300632458358
306.59381,0.279793,-38.06456,7766.449475,7767.294588283828
306.60381,0.280399,-38.06376,7766.068833,7765.64701768161
306.61381,0.281003,-38.06296,7765.6882,7767.263327436987
306.62381,0.281606,-38.06216,7765.307574,7764.975753546193
306.63381,0.282208,-38.06136,7764.926957,7767.213490298132
306.64381,0.282809,-38.06056,7764.546347,7765.31774121059
306.65381,0.283409,-38.059761,7764.165745,7762.1854330605
306.66381,0.284008,-38.058962,7763.785152,7766.837267467486
306.67381,0.284606,-38.058163,7763.404566,7762.923672030172
306.68381,0.285203,-38.057364,7763.023989,7765.366737894794
306.69381,0.285798,-38.056565,7762.643419,7763.298471394778
306.70381,0.286393,-38.055766,7762.262857,7764.349649095753
306.71381,0.286987,-38.054968,7761.882304,7761.981832379334
306.72381,0.287579,-38.054169,7761.501758,7759.9286187009575
306.73381,0.288171,-38.053371,7761.12122,7761.236359469623
306.74381,0.288762,-38.052573,7760.74069,7763.827205343926
306.75381,0.289351,-38.051775,7760.360169,7759.536314602033
306.76381,0.289939,-38.050977,7759.979655,7761.33700563709
306.77381,0.290527,-38.05018,7759.599149,7759.197592665122
306.78381,0.291113,-38.049382,7759.218651,7761.398642217747
306.79381,0.291698,-38.048585,7758.838162,7759.210823788477
306.80381,0.292282,-38.047788,7758.45768,7758.055438022565
306.81381,0.292865,-38.046991,7758.077206,7755.389956356712
306.82381,0.293447,-38.046194,7757.69674,7762.021582317435
306.83381,0.294028,-38.045397,7757.316282,7756.986755639891
306.84381,0.294608,-38.0446,7756.935832,7758.046916009632
306.85381,0.295187,-38.043804,7756.55539,7761.022541277787
306.86381,0.295764,-38.043007,7756.174956,7757.86481144218
306.87381,0.296341,-38.042211,7755.79453,7755.399031573237
306.88381,0.296917,-38.041415,7755.414112,7757.033463664945
306.89381,0.297491,-38.040619,7755.033701,7757.319264432495
306.90381,0.298064,-38.039823,7754.653299,7754.9440285995515
306.91381,0.298637,-38.039028,7754.272905,7756.036732825323
306.92381,0.299208,-38.038232,7753.892519,7755.246145272381
306.93381,0.299778,-38.037437,7753.51214,7754.486788994454
306.94381,0.300347,-38.036642,7753.13177,7755.280525357925
306.95381,0.300915,-38.035846,7752.751407,7755.039737611496
306.96381,0.301482,-38.035051,7752.371053,7755.4949336347
306.97381,0.302047,-38.034257,7751.990706,7752.839914941585
306.98381,0.302612,-38.033462,7751.610368,7751.2945134147
306.99381,0.303176,-38.032667,7751.230037,7752.559882038317
307.00381,0.303738,-38.031873,7750.849715,7751.744675434731
307.01381,0.304299,-38.031079,7750.4694,7751.108173254777
307.02381,0.30486,-38.030284,7750.089093,7752.717142389124
307.03381,0.305419,-38.02949,7749.708794,7750.893155364083
307.04381,0.305977,-38.028696,7749.328503,7751.09579809279
307.05381,0.306534,-38.027903,7748.94822,7750.204658607806
307.06381,0.30709,-38.027109,7748.567945,7750.931910725011
307.07381,0.307645,-38.026316,7748.187678,7750.259746997283
307.08381,0.308198,-38.025522,7747.807419,7747.963171177506
307.09381,0.308751,-38.024729,7747.427168,7749.012286620917
307.10381,0.309303,-38.023936,7747.046924,7749.7185338528025
307.11381,0.309853,-38.023143,7746.666689,7750.731557487614
307.12381,0.310402,-38.02235,7746.286461,7746.514610225589
307.13381,0.310951,-38.021557,7745.906242,7747.777403409688
307.14381,0.311498,-38.020765,7745.52603,7745.763539172223
307.15381,0.312044,-38.019972,7745.145827,7747.2283051761815
307.16381,0.312589,-38.01918,7744.765631,7745.027269069452
307.17381,0.313133,-38.018388,7744.385443,7744.6705296785185
307.18381,0.313675,-38.017596,7744.005263,7744.493146620862
307.19381,0.314217,-38.016804,7743.625091,7743.8794770172635
307.20381,0.314758,-38.016012,7743.244927,7744.067296538666
307.21381,0.315297,-38.01522,7742.864771,7743.310711465878
307.22381,0.315835,-38.014429,7742.484623,7743.431157997786
307.23381,0.316373,-38.013637,7742.104482,7742.103431107748
307.24381,0.316909,-38.012846,7741.72435,7741.973060234139
307.25381,0.317444,-38.012055,7741.344225,7741.937429141036
307.26381,0.317978,-38.011264,7740.964109,7742.993173346722
307.27381,0.318511,-38.010473,7740.584,7739.452897751058
307.28381,0.319043,-38.009682,7740.203899,7739.318753410632
307.29381,0.319573,-38.008891,7739.823806,7740.486315696342
307.30381,0.320103,-38.008101,7739.443721,7740.477961936958
307.31381,0.320632,-38.00731,7739.063644,7739.989762466229
307.32381,0.321159,-38.00652,7738.683575,7740.298062409344
307.33381,0.321685,-38.00573,7738.303514,7738.252854988288
307.34381,0.322211,-38.00494,7737.923461,7740.691698018011
307.35381,0.322735,-38.00415,7737.543415,7737.729215221082
307.36381,0.323258,-38.00336,7737.163378,7739.768424680562
307.37381,0.32378,-38.002571,7736.783348,7740.3864680558245
307.38381,0.324301,-38.001781,7736.403326,7734.059980587729
307.39381,0.324821,-38.000992,7736.023312,7737.24020645539
307.40381,0.325339,-38.000202,7735.643306,7735.423973246288
307.41381,0.325857,-37.999413,7735.263308,7736.685103381617
307.42381,0.326373,-37.998624,7734.883318,7738.001270412154
307.43381,0.326889,-37.997835,7734.503336,7734.299943220856
307.44381,0.327403,-37.997046,7734.123361,7734.629621593023
307.45381,0.327917,-37.996258,7733.743395,7734.171767059187
307.46381,0.328429,-37.995469,7733.363436,7734.318207018925
307.47381,0.32894,-37.994681,7732.983485,7733.108279728442
307.48381,0.32945,-37.993893,7732.603543,7734.787991736111
307.49381,0.329959,-37.993104,7732.223608,7731.4661722502415
307.50381,0.330467,-37.992316,7731.843681,7734.313847813192
307.51381,0.330974,-37.991528,7731.463761,7731.665756324064
307.52381,0.331479,-37.990741,7731.08385,7731.765525116105
307.53381,0.331984,-37.989953,7730.703946,7732.883193171539
307.54381,0.332488,-37.989165,7730.324051,7732.9796571026
307.55381,0.33299,-37.988378,7729.944163,7728.9399375003895
307.56381,0.333492,-37.987591,7729.564283,7730.4822123755375
307.57381,0.333992,-37.986803,7729.184411,7733.923285101695
307.58381,0.334491,-37.986016,7728.804547,7727.916056101963
307.59381,0.334989,-37.985229,7728.424691,7727.565737728325
307.60381,0.335486,-37.984442,7728.044843,7726.548288819421
307.61381,0.335983,-37.983656,7727.665002,7728.615831902742
307.62381,0.336478,-37.982869,7727.28517,7728.254002513763
307.63381,0.336971,-37.982083,7726.905345,7729.185896319113
307.64381,0.337464,-37.981296,7726.525528,7726.121743029056
307.65381,0.337956,-37.98051,7726.145719,7727.106132819933
307.66381,0.338447,-37.979724,7725.765918,7727.023160455568
307.67381,0.338936,-37.978938,7725.386124,7727.714114756365
307.68381,0.339425,-37.978152,7725.006339,7727.575468132105
307.69381,0.339913,-37.977366,7724.626561,7722.618889245275
307.70381,0.340399,-37.976581,7724.246792,7727.355402106404
307.71381,0.340885,-37.975795,7723.86703,7724.617466797049
307.72381,0.341369,-37.97501,7723.487276,7725.722246352601
307.73381,0.341852,-37.974224,7723.10753,7725.4763671682595
307.74381,0.342334,-37.973439,7722.727791,7724.107757617057
307.75381,0.342816,-37.972654,7722.348061,7721.800434706172
307.76381,0.343296,-37.971869,7721.968338,7723.061177937358
307.77381,0.343775,-37.971084,7721.588623,7722.955513382741
307.78381,0.344253,-37.9703,7721.208916,7719.3670176007545
307.79381,0.34473,-37.969515,7720.829217,7722.296974565193
307.80381,0.345206,-37.968731,7720.449526,7720.740753453491
307.81381,0.345681,-37.967946,7720.069843,7722.31528597525
307.82381,0.346155,-37.967162,7719.690167,7721.363109511953
307.83381,0.346627,-37.966378,7719.3105,7719.284197168289
307.84381,0.347099,-37.965594,7718.93084,7719.434359990451
307.85381,0.34757,-37.96481,7718.551188,7720.6596475338165
307.86381,0.348039,-37.964026,7718.171543,7720.100824619818
307.87381,0.348508,-37.963243,7717.791907,7720.7376161168
307.88381,0.348976,-37.962459,7717.412279,7718.996801010676
307.89381,0.349442,-37.961676,7717.032658,7716.469086925001
307.90381,0.349908,-37.960892,7716.653045,7716.659358856527
307.91381,0.350372,-37.960109,7716.27344,7715.4676464669665
307.92381,0.350836,-37.959326,7715.893843,7716.035555421446
307.93381,0.351298,-37.958543,7715.514254,7716.013898508818
307.94381,0.35176,-37.95776,7715.134672,7715.046639390177
307.95381,0.35222,-37.956978,7714.755098,7715.208840088941
307.96381,0.352679,-37.956195,7714.375533,7713.112064822381
307.97381,0.353138,-37.955413,7713.995974,7713.991325141977
307.98381,0.353595,-37.95463,7713.616424,7716.0191182850385
307.99381,0.354051,-37.953848,7713.236882,7713.464187847087
308.00381,0.354506,-37.953066,7712.857347,7714.283641944928
308.01381,0.354961,-37.952284,7712.477821,7712.830782525309
308.02381,0.355414,-37.951502,7712.098302,7712.491620136182
308.03381,0.355866,-37.95072,7711.718791,7712.733688345316
308.04381,0.356317,-37.949938,7711.339287,7713.522497532937
308.05381,0.356767,-37.949157,7710.959792,7713.4253361046885
308.06381,0.357216,-37.948375,7710.580304,7711.985607365881
308.07381,0.357665,-37.947594,7710.200824,7712.273227200869
308.08381,0.358112,-37.946813,7709.821352,7711.000023379195
308.09381,0.358558,-37.946032,7709.441888,7708.986340353598
308.10381,0.359003,-37.945251,7709.062432,7710.9786315441
308.11381,0.359447,-37.94447,7708.682983,7711.569497221266
308.12381,0.35989,-37.943689,7708.303542,7706.009267844656
308.13381,0.360332,-37.942908,7707.924109,7705.902029284696
308.14381,0.360773,-37.942128,7707.544684,7708.8969734881875
308.15381,0.361213,-37.941347,7707.165267,7709.705751657467
308.16381,0.361653,-37.940567,7706.785857,7707.227315712339
308.17381,0.362091,-37.939787,7706.406455,7706.1815483592345
308.18381,0.362528,-37.939007,7706.027061,7708.1161337612075
308.19381,0.362964,-37.938227,7705.647675,7710.608044694861
308.20381,0.363255,-37.937447,7705.268297,7706.0609148115855
308.21381,0.361806,-37.936668,7704.888926,7705.89411170557
308.22381,0.360366,-37.935889,7704.509563,7705.58574212197
308.23381,0.358934,-37.935111,7704.130208,7703.948837798334
308.24381,0.35751,-37.934335,7703.750861,7703.942235174173
308.25381,0.356094,-37.933559,7703.371522,7701.937271983934
308.26381,0.354686,-37.932783,7702.99219,7705.287259853557
308.27381,0.353286,-37.932009,7702.612866,7705.18321818857
308.28381,0.351894,-37.931235,7702.23355,7702.539769140814
308.29381,0.35051,-37.930462,7701.854241,7704.9188256630605
308.30381,0.349134,-37.92969,7701.474941,7703.077488086571
308.31381,0.347766,-37.928919,7701.095648,7701.9617831209725
308.32381,0.346406,-37.928149,7700.716362,7698.407017169708
308.33381,0.345054,-37.927379,7700.337085,7702.866749405271
308.34381,0.343711,-37.92661,7699.957815,7699.468050460333
308.35381,0.342375,-37.925841,7699.578552,7701.619881190634
308.36381,0.341048,-37.925074,7699.199298,7695.186648315581
308.37381,0.339729,-37.924307,7698.820051,7698.8246852841075
308.38381,0.338417,-37.923541,7698.440812,7698.375585670964
308.39381,0.337114,-37.922775,7698.06158,7698.503544439203
308.40381,0.335819,-37.92201,7697.682356,7701.542301481992
308.41381,0.334533,-37.921246,7697.30314,7697.1111041435215
308.42381,0.333254,-37.920483,7696.923931,7697.782456782503
308.43381,0.331984,-37.91972,7696.54473,7697.1595956552455
308.44381,0.330722,-37.918958,7696.165537,7697.480524179499
308.45381,0.32947,-37.918196,7695.786351,7698.200160630033
308.46381,0.328229,-37.917435,7695.407173,7696.835160138666
308.47381,0.326996,-37.916675,7695.028002,7697.7004688914
308.48381,0.325771,-37.915915,7694.648839,7696.6839706876035
308.49381,0.324555,-37.915155,7694.269684,7696.481243405107
308.50381,0.323346,-37.914396,7693.890536,7694.233709750767
308.51381,0.322146,-37.913637,7693.511396,7690.59430858361
308.52381,0.320954,-37.912879,7693.132264,7694.948623650827
308.53381,0.319771,-37.912121,7692.753139,7696.736148653796
308.54381,0.318596,-37.911364,7692.374021,7691.314819199778
308.55381,0.317429,-37.910607,7691.994911,7690.276671482763
308.56381,0.316271,-37.90985,7691.615809,7695.3289983422155
308.57381,0.315121,-37.909094,7691.236714,7695.709235692971
308.58381,0.313979,-37.908338,7690.857627,7691.70299095106
308.59381,0.312846,-37.907583,7690.478548,7691.569322782262
308.60381,0.311721,-37.906828,7690.099475,7690.432907280978
308.61381,0.310605,-37.906073,7689.720411,7691.8836875891175
308.62381,0.309497,-37.905319,7689.341354,7689.169927563405
308.63381,0.308397,-37.904565,7688.962305,7692.877452189044
308.64381,0.307306,-37.903812,7688.583263,7689.4902956878195
308.65381,0.306223,-37.903059,7688.204228,7685.555111863114
308.66381,0.305149,-37.902306,7687.825202,7687.506745845917
308.67381,0.304083,-37.901554,7687.446182,7687.505290552601
308.68381,0.303026,-37.900802,7687.06717,7688.671608840515
308.69381,0.301977,-37.90005,7686.688166,7687.370316865721
308.70381,0.300937,-37.899299,7686.309169,7688.844597178088
308.71381,0.299905,-37.898548,7685.93018,7686.7556831817865
308.72381,0.298882,-37.897797,7685.551198,7683.936314173083
308.73381,0.297867,-37.897047,7685.172224,7685.873319927526
308.74381,0.296861,-37.896297,7684.793258,7683.171421201109
308.75381,0.295864,-37.895547,7684.414298,7684.391435719243
308.76381,0.294875,-37.894798,7684.035347,7684.401593828463
308.77381,0.293894,-37.894049,7683.656402,7688.179458230003
308.78381,0.292923,-37.8933,7683.277466,7685.169990584438
308.79381,0.291959,-37.892551,7682.898536,7684.972373779656
308.80381,0.291005,-37.891803,7682.519615,7684.445006013296
308.81381,0.290059,-37.891055,7682.1407,7684.223576848933
308.82381,0.289122,-37.890308,7681.761793,7683.954957762441
308.83381,0.288193,-37.88956,7681.382894,7685.0556330341715
308.84381,0.287273,-37.888813,7681.004002,7682.126612806347
308.85381,0.286362,-37.888066,7680.625118,7684.31450477403
308.86381,0.285459,-37.88732,7680.246241,7682.6524819838405
308.87381,0.284565,-37.886573,7679.867371,7680.537355051366
308.88381,0.28368,-37.885827,7679.488509,7679.807131473929
308.89381,0.282803,-37.885082,7679.109655,7680.235686056617
308.90381,0.281935,-37.884336,7678.730808,7678.807685923613
308.91381,0.281076,-37.883591,7678.351968,7678.696924674968
308.92381,0.280225,-37.882845,7677.973136,7676.739124967025
308.93381,0.279383,-37.882101,7677.594311,7678.45814045296
308.94381,0.27855,-37.881356,7677.215494,7678.769074246804
308.95381,0.277726,-37.880611,7676.836684,7680.540446986819
308.96381,0.27691,-37.879867,7676.457882,7677.839786239713
308.97381,0.276103,-37.879123,7676.079087,7678.962966355146
308.98381,0.275305,-37.878379,7675.700299,7677.498750532595
308.99381,0.274515,-37.877636,7675.321519,7674.152672049053
309.00381,0.273735,-37.876892,7674.942747,7677.3053618503145
309.01381,0.272963,-37.876149,7674.563981,7676.032924877518
309.02381,0.272199,-37.875406,7674.185224,7675.919789827816
309.03381,0.271445,-37.874663,7673.806473,7673.258154893991
309.04381,0.270699,-37.873921,7673.42773,7672.64148536036
309.05381,0.269962,-37.873178,7673.048995,7671.013170298647
309.06381,0.269234,-37.872436,7672.670267,7672.309099374332
309.07381,0.268515,-37.871694,7672.291546,7673.094768297371
309.08381,0.267804,-37.870952,7671.912833,7671.2378840799265
309.09381,0.267102,-37.87021,7671.534127,7672.775958884391
309.10381,0.266409,-37.869469,7671.155429,7672.765566203515
309.11381,0.265724,-37.868727,7670.776738,7672.993913983747
309.12381,0.265049,-37.867986,7670.398054,7672.112697630633
309.13381,0.264382,-37.867245,7670.019378,7671.311756148887
309.14381,0.263723,-37.866504,7669.640709,7670.10525927608
309.15381,0.263074,-37.865763,7669.262048,7671.6195829266235
309.16381,0.262433,-37.865022,7668.883394,7671.401150439954
309.17381,0.261801,-37.864282,7668.504747,7669.0991015379295
309.18381,0.261178,-37.863541,7668.126108,7669.450586373079
309.19381,0.260563,-37.862801,7667.747477,7670.704248345906
309.20381,0.259957,-37.862061,7667.368852,7667.825078658362
309.21381,0.25936,-37.861321,7666.990235,7667.62907845994
309.22381,0.258772,-37.860581,7666.611626,7667.303165773131
309.23381,0.258192,-37.859841,7666.233024,7667.085115026606
309.24381,0.257621,-37.859102,7665.854429,7668.038722580554
309.25381,0.257058,-37.858362,7665.475842,7667.612977611211
309.26381,0.256505,-37.857623,7665.097262,7665.800371022655
309.27381,0.25596,-37.856883,7664.718689,7664.869670667258
309.28381,0.255423,-37.856144,7664.340124,7665.273822679533
309.29381,0.254895,-37.855405,7663.961566,7665.577207960322
309.30381,0.254376,-37.854666,7663.583016,7662.006712927988
309.31381,0.253866,-37.853927,7663.204473,7665.235713492854
309.32381,0.253364,-37.853188,7662.825938,7663.472465756132
309.33381,0.25287,-37.85245,7662.447409,7663.232396926265
309.34381,0.252385,-37.851711,7662.068889,7661.103284981265
309.35381,0.251909,-37.850972,7661.690375,7664.509729041645
309.36381,0.251441,-37.850234,7661.311869,7662.665919980663
309.37381,0.250982,-37.849496,7660.93337,7658.800367763824
309.38381,0.250531,-37.848757,7660.554879,7661.135853622386
309.39381,0.250089,-37.848019,7660.176395,7660.757993063571
309.40381,0.249655,-37.847281,7659.797919,7659.417438767355
309.41381,0.24923,-37.846543,7659.41945,7662.267640562672
309.42381,0.248813,-37.845805,7659.040988,7659.296167143912
309.43381,0.248404,-37.845067,7658.662534,7657.8792180280325
309.44381,0.248004,-37.844329,7658.284087,7660.721275191093
309.45381,0.247612,-37.843591,7657.905647,7658.762804966718
309.46381,0.247229,-37.842853,7657.527215,7658.310819856913
309.47381,0.246854,-37.842115,7657.14879,7659.302155896858
309.48381,0.246487,-37.841378,7656.770372,7656.693230447496
309.49381,0.246129,-37.84064,7656.391962,7656.903375479464
309.50381,0.245778,-37.839903,7656.01356,7657.307680154723
309.51381,0.245436,-37.839165,7655.635164,7656.311457044031
309.52381,0.245102,-37.838428,7655.256776,7655.795495083606
309.53381,0.244777,-37.83769,7654.878396,7656.759089516722
309.54381,0.244459,-37.836953,7654.500023,7653.283942373156
309.55381,0.24415,-37.836215,7654.121657,7656.244917901177
309.56381,0.243848,-37.835478,7653.743298,7653.632131726521
309.57381,0.243555,-37.834741,7653.364947,7656.182983161889
309.58381,0.24327,-37.834004,7652.986603,7653.8274875533425
309.59381,0.242993,-37.833266,7652.608267,7651.997033772046
309.60381,0.242723,-37.832529,7652.229938,7652.847912504719
309.61381,0.242462,-37.831792,7651.851616,7655.899508552837
309.62381,0.242208,-37.831055,7651.473302,7653.1606898847385
309.63381,0.241963,-37.830318,7651.094995,7651.87805498577
309.64381,0.241725,-37.829581,7650.716696,7649.09778339199
309.65381,0.241495,-37.828843,7650.338404,7651.717148197441
309.66381,0.241273,-37.828106,7649.960119,7653.882638828778
309.67381,0.241059,-37.827369,7649.581842,7650.989275718015
309.68381,0.240852,-37.826632,7649.203572,7651.267509058275
309.69381,0.240653,-37.825895,7648.825309,7647.247254434946
309.70381,0.240461,-37.825158,7648.447054,7649.995073860762
309.71381,0.240277,-37.824421,7648.068806,7649.837092530149
309.72381,0.240101,-37.823684,7647.690565,7648.159280133396
309.73381,0.239932,-37.822947,7647.312332,7650.9349609674955
309.74381,0.239771,-37.82221,7646.934106,7649.14960477995
309.75381,0.239617,-37.821473,7646.555888,7647.767626574577
309.76381,0.239471,-37.820736,7646.177677,7648.3813408958185
309.77381,0.239332,-37.819999,7645.799473,7646.187001900472
309.78381,0.2392,-37.819262,7645.421277,7645.639367552066
309.79381,0.239075,-37.818525,7645.043088,7645.070220323193
309.80381,0.238958,-37.817788,7644.664906,7643.754299652539
309.81381,0.238848,-37.817051,7644.286732,7646.614306398568
309.82381,0.238745,-37.816314,7643.908565,7642.680234921341
309.83381,0.238649,-37.815577,7643.530406,7643.30369339765
309.84381,0.23856,-37.81484,7643.152254,7642.905750166135
309.85381,0.238479,-37.814103,7642.774109,7641.74670090505
309.86381,0.238404,-37.813365,7642.395972,7645.0269396680505
309.87381,0.238336,-37.812628,7642.017842,7645.313697778945
309.88381,0.238275,-37.811891,7641.639719,7642.749360586011
309.89381,0.238221,-37.811154,7641.261604,7643.866392290557
309.90381,0.238174,-37.810417,7640.883496,7641.1515668434
309.91381,0.238133,-37.809679,7640.505396,7640.362952588127
309.92381,0.2381,-37.808942,7640.127303,7639.375783466617
309.93381,0.238072,-37.808205,7639.749217,7641.740477469652
309.94381,0.238052,-37.807468,7639.371139,7639.2658060941285
309.95381,0.238038,-37.80673,7638.993068,7640.162353796364
309.96381,0.238031,-37.805993,7638.615004,7638.910829207338
309.97381,0.23803,-37.805255,7638.236948,7639.891330924583
309.98381,0.238035,-37.804518,7637.858899,7637.808396277907
309.99381,0.238047,-37.803781,7637.480857,7637.40635025711
310.00381,0.238065,-37.803043,7637.102823,7637.378637451162
310.01381,0.238089,-37.802306,7636.724796,7637.6747362624465
310.02381,0.23812,-37.801568,7636.346777,7638.059000383154
310.03381,0.238157,-37.80083,7635.968765,7638.359731568338
310.04381,0.2382,-37.800093,7635.59076,7637.345885346598
310.05381,0.238249,-37.799355,7635.212763,7633.935162244699
310.06381,0.238304,-37.798617,7634.834773,7635.083482796426
310.07381,0.238365,-37.797879,7634.456791,7633.612077763462
310.08381,0.238432,-37.797142,7634.078816,7638.156226733307
310.09381,0.238505,-37.796404,7633.700848,7634.053869608434
310.10381,0.238584,-37.795666,7633.322888,7635.554436123975
310.11381,0.238669,-37.794928,7632.944935,7634.399055586358
310.12381,0.238759,-37.79419,7632.566989,7631.16672502641
310.13381,0.238855,-37.793452,7632.189051,7633.109065641308
310.14381,0.238957,-37.792714,7631.81112,7631.838840034692
310.15381,0.239064,-37.791975,7631.433197,7632.697752009991
310.16381,0.239176,-37.791237,7631.055281,7630.1947588382
310.17381,0.239295,-37.790499,7630.677372,7629.26257620336
310.18381,0.239418,-37.789761,7630.299471,7630.811143275333
310.19381,0.239547,-37.789022,7629.921577,7628.55647366482
310.20381,0.239682,-37.788284,7629.54369,7632.542236003664
310.21381,0.239821,-37.787545,7629.165811,7632.856353398305
310.22381,0.239966,-37.786807,7628.787939,7631.75923693488
310.23381,0.240116,-37.786068,7628.410075,7630.590534688538
310.24381,0.240272,-37.785329,7628.032218,7627.54320151087
310.25381,0.240432,-37.784591,7627.654368,7628.858676962324
310.26381,0.240597,-37.783852,7627.276526,7625.841605526482
310.27381,0.240768,-37.783113,7626.898691,7631.274697672006
310.28381,0.240943,-37.782374,7626.520864,7627.1460986503325
310.29381,0.241123,-37.781635,7626.143044,7627.434216561753
310.30381,0.241308,-37.780896,7625.765231,7627.329285393021
310.31381,0.241498,-37.780157,7625.387426,7627.14588110116
310.32381,0.241692,-37.779418,7625.009628,7623.473312248359
310.33381,0.241891,-37.778679,7624.631838,7625.293305731155
310.34381,0.242095,-37.777939,7624.254054,7624.967358423097
310.35381,0.242304,-37.7772,7623.876279,7626.974379958956
310.36381,0.242517,-37.776461,7623.49851,7622.944174851294
310.37381,0.242734,-37.775721,7623.12075,7624.840019840902
310.38381,0.242956,-37.774982,7622.742996,7624.6260057452455
310.39381,0.243182,-37.774242,7622.36525,7623.976620237146
310.40381,0.243413,-37.773502,7621.987511,7625.52347015382
310.41381,0.243647,-37.772762,7621.60978,7620.628224718985
310.42381,0.243886,-37.772023,7621.232056,7621.9196342449195
310.43381,0.24413,-37.771283,7620.854339,7621.084808415991
310.44381,0.244377,-37.770543,7620.47663,7619.896950703884
310.45381,0.244629,-37.769803,7620.098929,7619.975501900844
310.46381,0.244884,-37.769062,7619.721234,7620.225391440462
310.47381,0.245144,-37.768322,7619.343547,7619.932974083178
310.48381,0.245407,-37.767582,7618.965868,7618.762786994567
310.49381,0.245675,-37.766842,7618.588196,7618.7509917870975
310.50381,0.245946,-37.766101,7618.210531,7617.926918767867
310.51381,0.246221,-37.765361,7617.832874,7619.613876695746
310.52381,0.2465,-37.76462,7617.455224,7618.0131273561055
310.53381,0.246782,-37.763879,7617.077581,7621.555902550583
310.54381,0.247069,-37.763139,7616.699946,7617.00007661981
310.55381,0.247359,-37.762398,7616.322318,7617.455155479074
310.56381,0.247652,-37.761657,7615.944698,7618.779182042937
310.57381,0.247949,-37.760916,7615.567085,7617.762620332432
310.58381,0.248249,-37.760175,7615.18948,7618.098860838343
310.59381,0.248553,-37.759434,7614.811882,7613.783841662208
310.60381,0.248861,-37.758693,7614.434291,7615.8139838057805
310.61381,0.249171,-37.757951,7614.056708,7611.198952748514
310.62381,0.249485,-37.75721,7613.679132,7612.884457099572
310.63381,0.249803,-37.756469,7613.301564,7615.454457642402
310.64381,0.250123,-37.755727,7612.924003,7614.702921303957
310.65381,0.250447,-37.754985,7612.546449,7614.083107710637
310.66381,0.250774,-37.754244,7612.168903,7612.482056335426
310.67381,0.251103,-37.753502,7611.791364,7610.668851596472
310.68381,0.251436,-37.75276,7611.413833,7610.899839190476
310.69381,0.251772,-37.752018,7611.036309,7611.226582386577
310.70381,0.252111,-37.751276,7610.658793,7609.63767776203
310.71381,0.252453,-37.750534,7610.281284,7611.45817779774
310.72381,0.252798,-37.749792,7609.903782,7611.002821352096
310.73381,0.253146,-37.74905,7609.526288,7609.506452927739
310.74381,0.253496,-37.748307,7609.148801,7610.683961775949
310.75381,0.253849,-37.747565,7608.771322,7611.761186117171
310.76381,0.254205,-37.746822,7608.39385,7611.9476897477825
310.77381,0.254564,-37.74608,7608.016385,7606.127650012682
310.78381,0.254925,-37.745337,7607.638928,7611.572205663232
310.79381,0.255289,-37.744594,7607.261478,7609.3580976232515
310.80381,0.255655,-37.743852,7606.884036,7606.832925808703
310.81381,0.256024,-37.743109,7606.506601,7605.131195539031
310.82381,0.256396,-37.742366,7606.129174,7606.560384884914
310.83381,0.25677,-37.741623,7605.751754,7609.522259880077
310.84381,0.257146,-37.740879,7605.374342,7605.386025531472
310.85381,0.257525,-37.740136,7604.996937,7605.946150973203
310.86381,0.257906,-37.739393,7604.619539,7607.358225704521
310.87381,0.258289,-37.738649,7604.242149,7604.708285065649
310.88381,0.258675,-37.737906,7603.864766,7605.326433749854
310.89381,0.259063,-37.737162,7603.487391,7603.037355905884
310.90381,0.259453,-37.736418,7603.110023,7605.223982813988
310.91381,0.259845,-37.735675,7602.732662,7602.911683202379
310.92381,0.26024,-37.734931,7602.355309,7603.542543201463
310.93381,0.260636,-37.734187,7601.977964,7600.31461558366
310.94381,0.261035,-37.733443,7601.600625,7604.2125348671525
310.95381,0.261435,-37.732699,7601.223295,7599.4601087401525
310.96381,0.261838,-37.731955,7600.845971,7602.760329232091
310.97381,0.262242,-37.73121,7600.468656,7601.411481634766
310.98381,0.262649,-37.730466,7600.091347,7601.4219830987595
310.99381,0.263057,-37.729721,7599.714046,7598.805853818994
311.00381,0.263467,-37.728977,7599.336753,7600.133996309597
311.01381,0.263879,-37.728232,7598.959467,7604.387686412008
311.02381,0.264293,-37.727488,7598.582188,7599.1673220570465
311.03381,0.264709,-37.726743,7598.204917,7599.457030460392
311.04381,0.265126,-37.725998,7597.827653,7597.3150078333
311.05381,0.265545,-37.725253,7597.450397,7599.775466108893
311.06381,0.265966,-37.724508,7597.073148,7596.261986688672
311.07381,0.266388,-37.723763,7596.695907,7594.536951381045
311.08381,0.266812,-37.723018,7596.318673,7596.797253302231
311.09381,0.267238,-37.722272,7595.941447,7594.837074405431
311.10381,0.267665,-37.721527,7595.564228,7595.814825141669
311.11381,0.268094,-37.720781,7595.187016,7594.985918053553
311.12381,0.268524,-37.720036,7594.809812,7595.143231826318
311.13381,0.268955,-37.71929,7594.432615,7595.879611285806
311.14381,0.269388,-37.718544,7594.055426,7596.054878586579
311.15381,0.26884,-37.717799,7593.678244,7594.355569794647
311.16381,0.268225,-37.717053,7593.30107,7598.16808908794
311.17381,0.267612,-37.716308,7592.923903,7590.392905546254
311.18381,0.267,-37.715563,7592.546744,7594.408331812237
311.19381,0.26639,-37.714818,7592.169592,7593.105000575754
311.20381,0.265781,-37.714073,7591.792448,7594.7763581636345
311.21381,0.265174,-37.713329,7591.415311,7591.71638039733
311.22381,0.264569,-37.712585,7591.038181,7593.038403476039
311.23381,0.263965,-37.71184,7590.661059,7590.373314383814
311.24381,0.263363,-37.711097,7590.283944,7591.8811550579085
311.25381,0.262763,-37.710353,7589.906837,7592.199148264358
311.26381,0.262164,-37.709609,7589.529737,7593.022113143636
311.27381,0.261566,-37.708866,7589.152645,7587.544582838704
311.28381,0.260971,-37.708123,7588.77556,7591.882722779828
311.29381,0.260377,-37.70738,7588.398482,7591.138536052476
311.30381,0.259784,-37.706637,7588.021412,7587.3471360331605
311.31381,0.259193,-37.705895,7587.64435,7586.861577034134
311.32381,0.258604,-37.705153,7587.267294,7584.991422079404
311.33381,0.258016,-37.70441,7586.890247,7588.569337743455
311.34381,0.257429,-37.703668,7586.513206,7588.474512112545
311.35381,0.256845,-37.702927,7586.136173,7587.808067563369
311.36381,0.256261,-37.702185,7585.759148,7585.755379640184
311.37381,0.25568,-37.701444,7585.382129,7587.280350250107
311.38381,0.2551,-37.700702,7585.005119,7587.29726852287
311.39381,0.254517,-37.699961,7584.628115,7583.505494707277
311.40381,0.253937,-37.699221,7584.25112,7582.251809413795
311.41381,0.253358,-37.69848,7583.874131,7581.280265801562
311.42381,0.25278,-37.69774,7583.49715,7583.287295834293
311.43381,0.252204,-37.697,7583.120176,7582.381925678812
311.44381,0.251629,-37.69626,7582.74321,7582.541079301879
311.45381,0.251057,-37.695521,7582.366251,7585.926138872139
311.46381,0.250485,-37.694782,7581.989299,7582.772366714421
311.47381,0.249915,-37.694043,7581.612355,7583.274183071437
311.48381,0.249347,-37.693305,7581.235419,7581.222557487147
311.49381,0.24878,-37.692567,7580.858489,7580.901107959397
311.50381,0.248214,-37.691829,7580.481567,7582.24230970187
311.51381,0.24765,-37.691091,7580.104653,7581.745467831311
311.52381,0.247088,-37.690353,7579.727745,7581.61175916187
311.53381,0.246527,-37.689616,7579.350846,7579.72195682498
311.54381,0.245968,-37.688879,7578.973953,7579.823899207328
311.55381,0.24541,-37.688143,7578.597068,7575.593836956974
311.56381,0.244853,-37.687406,7578.22019,7579.08837795658
311.57381,0.244298,-37.68667,7577.84332,7577.237595812297
311.58381,0.243745,-37.685934,7577.466457,7578.152902918914
311.59381,0.243193,-37.685199,7577.089601,7577.7234650350365
311.60381,0.242643,-37.684463,7576.712753,7576.184973202855
311.61381,0.242093,-37.683728,7576.335912,7577.497284030288
311.62381,0.241546,-37.682993,7575.959078,7575.323675482736
311.63381,0.241,-37.682259,7575.582252,7574.559104829941
311.64381,0.240455,-37.681524,7575.205433,7574.6251520584565
311.65381,0.239912,-37.68079,7574.828622,7574.760685305972
311.66381,0.23937,-37.680056,7574.451817,7576.9489005776495
311.67381,0.23883,-37.679323,7574.07502,7574.53925444201
311.68381,0.238291,-37.678589,7573.698231,7575.68893248658
311.69381,0.237754,-37.677856,7573.321449,7576.860448906957
311.70381,0.237218,-37.677123,7572.944674,7577.372872510946
311.71381,0.236683,-37.676391,7572.567906,7570.731177810522
311.72381,0.23615,-37.675658,7572.191146,7574.71016074896
311.73381,0.235618,-37.674926,7571.814393,7574.951678787684
311.74381,0.235088,-37.674194,7571.437647,7573.547540365942
311.75381,0.234559,-37.673462,7571.060909,7573.784168676648
311.76381,0.234032,-37.672731,7570.684178,7572.585347062965
311.77381,0.233506,-37.671999,7570.307455,7569.584918671828
311.78381,0.232981,-37.671268,7569.930738,7571.453913808764
311.79381,0.232458,-37.670537,7569.554029,7570.897593651986
311.80381,0.231936,-37.669807,7569.177327,7569.574084001235
311.81381,0.231416,-37.669076,7568.800633,7570.38352449485
311.82381,0.230897,-37.668346,7568.423946,7569.593456067478
311.83381,0.230379,-37.667616,7568.047266,7569.937290437344
311.84381,0.229863,-37.666886,7567.670594,7565.805930033925
311.85381,0.229348,-37.666157,7567.293928,7568.182080821916
311.86381,0.228835,-37.665428,7566.91727,7566.236627902162
311.87381,0.228323,-37.664698,7566.54062,7566.523943102389
311.88381,0.227812,-37.66397,7566.163976,7567.039225332299
311.89381,0.227303,-37.663241,7565.78734,7566.360138438139
311.90381,0.226795,-37.662512,7565.410712,7565.559859292564
311.91381,0.226288,-37.661784,7565.03409,7565.7247935492505
311.92381,0.225783,-37.661056,7564.657476,7566.868838047877
311.93381,0.225279,-37.660328,7564.280869,7565.811894647775
311.94381,0.224777,-37.6596,7563.904269,7565.920532914457
311.95381,0.224276,-37.658873,7563.527677,7563.141399052265
311.96381,0.223776,-37.658146,7563.151092,7563.758343739946
311.97381,0.223278,-37.657419,7562.774514,7563.184160655452
311.98381,0.222781,-37.656692,7562.397944,7561.620664432922
311.99381,0.222285,-37.655965,7562.02138,7561.903966432699
312.00381,0.221791,-37.655238,7561.644824,7564.167203800175
312.01381,0.221298,-37.654512,7561.268276,7562.30666711788
312.02381,0.220806,-37.653786,7560.891734,7562.207270535243
312.03381,0.220316,-37.65306,7560.5152,7562.15368815385
312.04381,0.219827,-37.652334,7560.138673,7561.770400377293
312.05381,0.219339,-37.651609,7559.762153,7560.702510930895
312.06381,0.218852,-37.650883,7559.385641,7562.825696103637
312.07381,0.218367,-37.650158,7559.009135,7558.902321645052
312.08381,0.217884,-37.649433,7558.632638,7559.714520603994
312.09381,0.217401,-37.648708,7558.256147,7560.085094666645
312.10381,0.21692,-37.647984,7557.879663,7559.234526613359
312.11381,0.21644,-37.647259,7557.503187,7559.488928653429
312.12381,0.215962,-37.646535,7557.126718,7558.647151333228
312.13381,0.215485,-37.645811,7556.750256,7554.435229256718
312.14381,0.215009,-37.645087,7556.373802,7558.161603100913
312.15381,0.214534,-37.644363,7555.997355,7554.799446729182
312.16381,0.214061,-37.64364,7555.620915,7557.849773763917
312.17381,0.213589,-37.642917,7555.244482,7558.995054242123
312.18381,0.213118,-37.642193,7554.868056,7556.236401713385
312.19381,0.212648,-37.64147,7554.491638,7557.28013704171
312.20381,0.21218,-37.640747,7554.115227,7555.114624804614
312.21381,0.211713,-37.640025,7553.738823,7554.9446084716665
312.22381,0.211248,-37.639302,7553.362426,7553.776012325589
312.23381,0.210783,-37.63858,7552.986037,7553.274640378701
312.24381,0.21032,-37.637858,7552.609655,7553.438849523842
312.25381,0.209858,-37.637136,7552.23328,7553.898436728608
312.26381,0.209398,-37.636414,7551.856912,7552.879372960283
312.27381,0.208938,-37.635692,7551.480552,7551.588375447956
312.28381,0.20848,-37.634971,7551.104198,7550.2726196623
312.29381,0.208023,-37.634249,7550.727852,7552.1718831736
312.30381,0.207568,-37.633528,7550.351513,7549.741230544112
312.31381,0.207113,-37.632807,7549.975182,7551.048059467077
312.32381,0.20666,-37.632086,7549.598857,7548.993205440271
312.33381,0.206209,-37.631365,7549.22254,7550.9469936191545
312.34381,0.205758,-37.630645,7548.84623,7551.113284355563
312.35381,0.205309,-37.629924,7548.469927,7548.795388073945
312.36381,0.20486,-37.629204,7548.093631,7548.811047231151
312.37381,0.204414,-37.628484,7547.717343,7548.83400848335
312.38381,0.203968,-37.627764,7547.341062,7548.112607967108
312.39381,0.203523,-37.627044,7546.964788,7548.043206284139
312.40381,0.20308,-37.626324,7546.588521,7546.429370390559
312.41381,0.202638,-37.625605,7546.212261,7549.2608175835585
312.42381,0.202197,-37.624885,7545.836009,7547.188007705915
312.43381,0.201758,-37.624166,7545.459763,7545.289313130684
312.44381,0.201319,-37.623447,7545.083525,7547.5118812020655
312.45381,0.200882,-37.622728,7544.707295,7542.430159520691
312.46381,0.200446,-37.622009,7544.331071,7546.446996107318
312.47381,0.200011,-37.621291,7543.954854,7544.269051433369
312.48381,0.199578,-37.620572,7543.578645,7546.467511254439
312.49381,0.199145,-37.619854,7543.202443,7546.1323658528745
312.50381,0.198714,-37.619136,7542.826248,7541.416059175925
312.51381,0.198284,-37.618418,7542.45006,7543.526912306882
312.52381,0.197855,-37.6177,7542.07388,7543.551085312977
312.53381,0.197428,-37.616982,7541.697706,7540.503756800947
312.54381,0.197001,-37.616264,7541.32154,7543.289272152041
312.55381,0.196576,-37.615547,7540.945381,7539.687653760256
312.56381,0.196152,-37.614829,7540.569229,7540.55513379052
312.57381,0.195729,-37.614112,7540.193084,7540.546922172696
312.58381,0.195307,-37.613395,7539.816947,7539.653270944666
312.59381,0.194887,-37.612678,7539.440816,7540.710853094752
312.60381,0.194467,-37.611961,7539.064693,7536.696722645742
312.61381,0.193925,-37.611245,7538.688577,7540.495464651601
312.62381,0.193298,-37.610528,7538.312468,7540.71229306434
312.63381,0.192686,-37.609812,7537.936367,7537.480104408277
312.64381,0.192091,-37.609095,7537.560272,7538.834537715951
312.65381,0.191511,-37.608379,7537.184185,7538.222014738208
312.66381,0.190947,-37.607663,7536.808104,7537.079987339227
312.67381,0.190399,-37.606948,7536.432031,7537.343630916098
312.68381,0.189867,-37.606232,7536.055966,7539.293286389808
312.69381,0.18935,-37.605517,7535.679907,7537.019570178692
312.70381,0.18885,-37.604801,7535.303855,7535.906678287293
312.71381,0.188365,-37.604086,7534.927811,7535.373331833778
312.72381,0.187896,-37.603371,7534.551773,7535.038980129472
312.73381,0.187443,-37.602656,7534.175743,7535.903022119046
312.74381,0.187006,-37.601941,7533.79972,7536.204694503758
312.75381,0.186585,-37.601226,7533.423705,7532.452823295693
312.76381,0.186179,-37.600512,7533.047696,7534.41008321862
312.77381,0.18579,-37.599797,7532.671694,7534.153005553068
312.78381,0.185416,-37.599083,7532.2957,7531.836125225517
312.79381,0.185058,-37.598368,7531.919713,7534.064788522501
312.80381,0.184715,-37.597654,7531.543733,7533.482703390462
312.81381,0.184389,-37.59694,7531.16776,7533.443686705691
312.82381,0.184078,-37.596226,7530.791794,7529.007822956131
312.83381,0.183782,-37.595512,7530.415835,7531.384570121764
312.84381,0.183503,-37.594798,7530.039883,7529.614994928655
312.85381,0.183245,-37.594084,7529.663939,7532.60106924139
312.86381,0.183003,-37.59337,7529.288002,7528.880649003534
312.87381,0.182777,-37.592656,7528.912072,7529.310646583276
312.88381,0.182566,-37.591942,7528.536149,7532.75437369287
312.89381,0.18237,-37.591228,7528.160233,7529.781403408002
312.90381,0.18219,-37.590514,7527.784324,7526.593230847013
312.91381,0.182025,-37.589799,7527.408423,7527.886376381573
312.92381,0.181875,-37.589085,7527.032528,7527.955293607433
312.93381,0.18174,-37.58837,7526.656641,7527.603622933561
312.94381,0.18162,-37.587655,7526.280761,7526.430613073411
312.95381,0.181515,-37.58694,7525.904888,7527.568410788475
312.96381,0.181425,-37.586225,7525.529022,7529.759582205522
312.97381,0.181349,-37.58551,7525.153163,7527.026284996303
312.98381,0.181288,-37.584795,7524.777312,7523.854694329256
312.99381,0.181242,-37.58408,7524.401467,7525.612448859535
313.00381,0.18121,-37.583364,7524.02563,7523.973175765542
313.01381,0.181192,-37.582649,7523.6498,7522.168471492027
313.02381,0.181189,-37.581933,7523.273977,7522.666374409842
313.03381,0.181199,-37.581217,7522.898161,7523.101901565854
313.04381,0.181224,-37.580501,7522.522353,7523.9273251120685
313.05381,0.181263,-37.579785,7522.146551,7525.239995215666
313.06381,0.181315,-37.579069,7521.770757,7520.992030880051
313.07381,0.181381,-37.578352,7521.39497,7523.693087223237
313.08381,0.181461,-37.577636,7521.01919,7523.178100745696
313.09381,0.181554,-37.576919,7520.643417,7520.922628868908
313.10381,0.181661,-37.576202,7520.267652,7521.192652307161
313.11381,0.18178,-37.575485,7519.891893,7520.266015504238
313.12381,0.181913,-37.574768,7519.516142,7522.625851705651
313.13381,0.182059,-37.574051,7519.140398,7522.158867170295
313.14381,0.182217,-37.573334,7518.764661,7519.822902672744
313.15381,0.182389,-37.572616,7518.388931,7515.923179146345
313.16381,0.182572,-37.571899,7518.013209,7518.193562612095
313.17381,0.182769,-37.571181,7517.637493,7517.962162489691
313.18381,0.182977,-37.570463,7517.261785,7517.370147652039
313.19381,0.183198,-37.569745,7516.886084,7516.353105787385
313.20381,0.18343,-37.569026,7516.51039,7516.0940614141755
313.21381,0.183675,-37.568308,7516.134703,7518.059764585602
313.22381,0.183931,-37.567589,7515.759024,7514.570822593536
313.23381,0.184199,-37.566871,7515.383352,7517.5309381784
313.24381,0.184478,-37.566152,7515.007687,7516.412022620711
313.25381,0.184769,-37.565433,7514.632029,7514.53396719242
313.26381,0.185071,-37.564713,7514.256378,7513.440591657444
313.27381,0.185384,-37.563994,7513.880734,7511.753267737052
313.28381,0.185707,-37.563274,7513.505098,7513.639180718925
313.29381,0.186042,-37.562555,7513.129469,7513.289308370842
313.30381,0.186387,-37.561835,7512.753847,7512.776614002032
313.31381,0.186742,-37.561115,7512.378232,7512.916286306127
313.32381,0.187108,-37.560394,7512.002625,7513.001306933786
313.33381,0.187484,-37.559674,7511.627024,7510.466570876942
313.34381,0.18787,-37.558953,7511.251431,7511.2801496924185
313.35381,0.188266,-37.558233,7510.875845,7512.181413743201
313.36381,0.188671,-37.557512,7510.500266,7509.977175799702
313.37381,0.189086,-37.556791,7510.124695,7510.599429484993
313.38381,0.18951,-37.556069,7509.749131,7511.926109777434
313.39381,0.189944,-37.555348,7509.373574,7510.050499859409
313.40381,0.190387,-37.554626,7508.998024,7509.271659401712
313.41381,0.190839,-37.553905,7508.622481,7509.874710401666
313.42381,0.1913,-37.553183,7508.246946,7508.542003300998
313.43381,0.191769,-37.552461,7507.871417,7506.690014696233
313.44381,0.192247,-37.551738,7507.495896,7508.173114173523
313.45381,0.192733,-37.551016,7507.120383,7508.201542649973
313.46381,0.193228,-37.550293,7506.744876,7510.107901682525
313.47381,0.193731,-37.54957,7506.369377,7505.390092960096
313.48381,0.194241,-37.548847,7505.993885,7506.817859791813
313.49381,0.19476,-37.548124,7505.6184,7506.967253212166
313.50381,0.195286,-37.5474,7505.242922,7506.950715627676
313.51381,0.19582,-37.546677,7504.867452,7504.557105915161
313.52381,0.196362,-37.545953,7504.491989,7506.251938155782
313.53381,0.196911,-37.545229,7504.116533,7503.997006191931
313.54381,0.197467,-37.544505,7503.741084,7506.381388174594
313.55381,0.198029,-37.543781,7503.365643,7504.504472801889
313.56381,0.198599,-37.543056,7502.990208,7505.142136191238
313.57381,0.199176,-37.542331,7502.614782,7500.4385712197745
313.58381,0.199759,-37.541606,7502.239362,7500.905150428609
313.59381,0.200349,-37.540881,7501.863949,7504.220261326971
313.60381,0.200946,-37.540156,7501.488544,7500.404811759404
313.61381,0.201548,-37.539431,7501.113146,7498.909117502927
313.62381,0.202157,-37.538705,7500.737756,7503.512067497794
313.63381,0.202772,-37.537979,7500.362372,7502.606604980251
313.64381,0.203393,-37.537253,7499.986996,7499.909146295927
313.65381,0.204019,-37.536527,7499.611627,7502.011184630736
313.66381,0.204651,-37.5358,7499.236265,7500.4606447923325
313.67381,0.205289,-37.535074,7498.860911,7498.264262067257
313.68381,0.205932,-37.534347,7498.485564,7499.588770621024
313.69381,0.206581,-37.53362,7498.110224,7499.586525158271
313.70381,0.207235,-37.532893,7497.734892,7497.004773976619
313.71381,0.207894,-37.532165,7497.359566,7496.43178445971
313.72381,0.208558,-37.531438,7496.984248,7499.2129220212
313.73381,0.209227,-37.53071,7496.608938,7496.6091747615355
313.74381,0.2099,-37.529982,7496.233634,7497.414363966878
313.75381,0.210579,-37.529254,7495.858338,7499.210001834245
313.76381,0.211261,-37.528525,7495.483049,7494.00140344598
313.77381,0.211949,-37.527797,7495.107767,7495.905883364314
313.78381,0.212641,-37.527068,7494.732493,7497.049713582498
313.79381,0.213337,-37.526339,7494.357226,7492.430943967915
313.80381,0.214037,-37.52561,7493.981966,7494.70771898695
313.81381,0.214741,-37.524881,7493.606714,7492.218750131536
313.82381,0.21545,-37.524151,7493.231469,7493.897963000881
313.83381,0.216162,-37.523421,7492.856231,7493.499519167711
313.84381,0.216878,-37.522691,7492.481,7494.653914645786
313.85381,0.217597,-37.521961,7492.105777,7491.613924204877
313.86381,0.218321,-37.521231,7491.730561,7492.380276586348
313.87381,0.219048,-37.5205,7491.355352,7491.4994325546495
313.88381,0.219778,-37.51977,7490.980151,7492.214754431033
313.89381,0.220512,-37.519039,7490.604957,7490.74503772704
313.90381,0.221249,-37.518308,7490.22977,7490.104196935278
313.91381,0.221989,-37.517576,7489.854591,7489.141537201012
313.92381,0.222732,-37.516845,7489.479419,7489.576549751687
313.93381,0.223478,-37.516113,7489.104254,7490.6128506177265
313.94381,0.224227,-37.515381,7488.729096,7490.978844466847
313.95381,0.224979,-37.514649,7488.353946,7491.875229242573
313.96381,0.225734,-37.513917,7487.978804,7488.8657902096065
313.97381,0.226492,-37.513184,7487.603668,7488.117219417861
313.98381,0.227252,-37.512452,7487.22854,7489.143291667372
313.99381,0.228015,-37.511719,7486.853419,7488.009174692333
314.00381,0.22878,-37.510986,7486.478305,7485.874193057542
314.01381,0.229547,-37.510252,7486.103199,7487.174111404659
314.02381,0.230317,-37.509519,7485.7281,7489.456204241984
314.03381,0.23109,-37.508785,7485.353009,7484.192267099186
314.04381,0.231864,-37.508051,7484.977925,7484.481706558453
314.05381,0.232641,-37.507317,7484.602848,7484.535714100132
314.06381,0.233419,-37.506583,7484.227778,7485.822015346846
314.07381,0.2342,-37.505848,7483.852716,7483.85164133763
314.08381,0.234983,-37.505114,7483.477661,7483.102285766276
314.09381,0.235767,-37.504379,7483.102614,7480.988101460748
314.10381,0.236554,-37.503644,7482.727574,7483.9633588457955
314.11381,0.237342,-37.502909,7482.352541,7481.940376833551
314.12381,0.238132,-37.502173,7481.977516,7480.938342042169
314.13381,0.238923,-37.501438,7481.602498,7483.404015302356
314.14381,0.239716,-37.500702,7481.227487,7481.370658865928
314.15381,0.240511,-37.499966,7480.852484,7481.905643563496
314.16381,0.241307,-37.499229,7480.477488,7477.923829061869
314.17381,0.242104,-37.498493,7480.102499,7479.308502723656
314.18381,0.242903,-37.497756,7479.727518,7480.42232812067
314.19381,0.243703,-37.49702,7479.352544,7481.887066067971
314.20381,0.244505,-37.496283,7478.977577,7480.464890454575
314.21381,0.245307,-37.495545,7478.602618,7477.266432359243
314.22381,0.246111,-37.494808,7478.227666,7478.120346772011
314.23381,0.246916,-37.49407,7477.852722,7478.488050285301
314.24381,0.247722,-37.493333,7477.477785,7482.458123237828
314.25381,0.248529,-37.492595,7477.102855,7478.046011742065
314.26381,0.249337,-37.491857,7476.727933,7477.495740892437
314.27381,0.250146,-37.491118,7476.353018,7475.2507984031745
314.28381,0.250955,-37.49038,7475.978111,7477.306884210228
314.29381,0.251766,-37.489641,7475.603211,7475.5718678572
314.30381,0.252577,-37.488902,7475.228318,7474.945723826998
314.31381,0.253389,-37.488163,7474.853433,7477.779553334083
314.32381,0.254202,-37.487424,7474.478555,7475.961318613085
314.33381,0.255016,-37.486684,7474.103684,7473.580506553561
314.34381,0.25583,-37.485944,7473.728821,7474.583054517897
314.35381,0.256644,-37.485205,7473.353965,7472.188799865602
314.36381,0.25746,-37.484464,7472.979117,7474.548450425172
314.37381,0.258275,-37.483724,7472.604276,7472.502609901336
314.38381,0.259091,-37.482984,7472.229442,7475.922627163828
314.39381,0.259908,-37.482243,7471.854616,7472.470950627023
314.40381,0.260725,-37.481502,7471.479798,7470.601577852812
314.41381,0.261542,-37.480761,7471.104986,7470.009744907359
314.42381,0.26236,-37.48002,7470.730182,7468.449891756805
314.43381,0.263178,-37.479279,7470.355386,7471.437324246203
314.44381,0.263996,-37.478537,7469.980597,7471.714348675316
314.45381,0.264815,-37.477796,7469.605815,7470.478726043904
314.46381,0.265633,-37.477054,7469.231041,7470.112464103498
314.47381,0.266452,-37.476312,7468.856274,7470.276249088277
314.48381,0.267271,-37.475569,7468.481515,7466.991194466088
314.49381,0.26809,-37.474827,7468.106763,7467.281247459274
314.50381,0.268909,-37.474084,7467.732018,7468.830802491722
314.51381,0.269728,-37.473341,7467.357281,7469.329581318073
314.52381,0.270547,-37.472598,7466.982551,7469.527819332037
314.53381,0.271366,-37.471855,7466.607829,7465.1652126336785
314.54381,0.272185,-37.471112,7466.233114,7466.2621712084365
314.55381,0.273004,-37.470368,7465.858407,7465.109621642289
314.56381,0.273823,-37.469624,7465.483707,7466.728334517063
314.57381,0.274642,-37.46888,7465.109014,7467.992040194439
314.58381,0.27546,-37.468136,7464.734329,7465.151625271329
314.59381,0.276279,-37.467392,7464.359652,7463.685054532696
314.60381,0.277097,-37.466648,7463.984981,7463.671296040536
314.61381,0.277915,-37.465903,7463.610319,7464.154727095748
314.62381,0.278733,-37.465158,7463.235663,7462.135976035657
314.63381,0.27955,-37.464413,7462.861015,7463.83541444233
314.64381,0.280367,-37.463668,7462.486375,7464.29817898848
314.65381,0.281184,-37.462923,7462.111742,7461.804602751931
314.66381,0.282,-37.462177,7461.737117,7461.829636553561
314.67381,0.282816,-37.461432,7461.362499,7464.15412464133
314.68381,0.283632,-37.460686,7460.987888,7460.288746104428
314.69381,0.284447,-37.45994,7460.613285,7458.717005701515
314.70381,0.285262,-37.459194,7460.238689,7459.121374981448
314.71381,0.286076,-37.458447,7459.864101,7461.612590065167
314.72381,0.28689,-37.457701,7459.48952,7460.843868061206
314.73381,0.287703,-37.456954,7459.114947,7459.481231355586
314.74381,0.288516,-37.456207,7458.740381,7460.95159195293
314.75381,0.289328,-37.45546,7458.365823,7460.089942115498
314.76381,0.29014,-37.454713,7457.991272,7460.240615847367
314.77381,0.290951,-37.453966,7457.616729,7458.587153231605
314.78381,0.291762,-37.453218,7457.242193,7459.464155252164
314.79381,0.292572,-37.45247,7456.867664,7457.267582535413
314.80381,0.293381,-37.451723,7456.493143,7455.304382359281
314.81381,0.29419,-37.450975,7456.11863,7459.332342705371
314.82381,0.294998,-37.450226,7455.744124,7456.238832031664
314.83381,0.295805,-37.449478,7455.369625,7455.689730314936
314.84381,0.296612,-37.448729,7454.995134,7454.881985279137
314.85381,0.297417,-37.447981,7454.620651,7456.771156504637
314.86381,0.298223,-37.447232,7454.246175,7453.959547916731
314.87381,0.299027,-37.446483,7453.871706,7453.904187994308
314.88381,0.299831,-37.445734,7453.497245,7453.33779863057
314.89381,0.300634,-37.444984,7453.122791,7453.336308123368
314.90381,0.301436,-37.444235,7452.748345,7453.942286037825
314.91381,0.302237,-37.443485,7452.373907,7452.77554065028
314.92381,0.303038,-37.442736,7451.999475,7453.756469686636
314.93381,0.303838,-37.441986,7451.625052,7452.284830495473
314.94381,0.304636,-37.441235,7451.250636,7452.002768734676
314.95381,0.305435,-37.440485,7450.876227,7449.7775652918535
314.96381,0.306232,-37.439735,7450.501826,7449.2069455696865
314.97381,0.307028,-37.438984,7450.127432,7450.780139621664
314.98381,0.307823,-37.438233,7449.753046,7449.258014742976
314.99381,0.308618,-37.437483,7449.378668,7451.637067278712
315.00381,0.309412,-37.436732,7449.004297,7448.745899623175
315.01381,0.310204,-37.43598,7448.629933,7448.754202514925
315.02381,0.310996,-37.435229,7448.255577,7449.257628075861
315.03381,0.311787,-37.434478,7447.881229,7446.711584883416
315.04381,0.312577,-37.433726,7447.506888,7448.5159593955905
315.05381,0.313366,-37.432974,7447.132554,7448.552395789885
315.06381,0.314154,-37.432222,7446.758228,7446.17400739539
315.07381,0.31494,-37.43147,7446.38391,7448.4481692178315
315.08381,0.315726,-37.430718,7446.009599,7445.295052029414
315.09381,0.316511,-37.429966,7445.635295,7448.413296013892
315.10381,0.317295,-37.429213,7445.260999,7446.5834608630785
315.11381,0.318078,-37.42846,7444.886711,7444.5341517406605
315.12381,0.31886,-37.427708,7444.51243,7446.580097915616
315.13381,0.319641,-37.426955,7444.138157,7441.054773057775
315.14381,0.320421,-37.426202,7443.763891,7442.98202642884
315.15381,0.321199,-37.425448,7443.389633,7447.20406847533
315.16381,0.321977,-37.424695,7443.015382,7445.570405690074
315.17381,0.322754,-37.423941,7442.641139,7444.03495396464
315.18381,0.323529,-37.423188,7442.266903,7445.936777034477
315.19381,0.324303,-37.422434,7441.892675,7443.495510984407
315.20381,0.325077,-37.42168,7441.518455,7440.97801363818
315.21381,0.325849,-37.420926,7441.144242,7441.776563454937
315.22381,0.32662,-37.420172,7440.770036,7442.344649879569
315.23381,0.32739,-37.419418,7440.395838,7440.841491813108
315.24381,0.328159,-37.418663,7440.021648,7441.378742942827
315.25381,0.328926,-37.417909,7439.647465,7443.975082935583
315.26381,0.329693,-37.417154,7439.27329,7437.076234567262
315.27381,0.330458,-37.416399,7438.899122,7442.152847251481
315.28381,0.331223,-37.415644,7438.524962,7438.386288697541
315.29381,0.331986,-37.414889,7438.150809,7436.749198970405
315.30381,0.332748,-37.414134,7437.776664,7437.545072001768
315.31381,0.333508,-37.413378,7437.402526,7436.459996455131
315.32381,0.334268,-37.412623,7437.028396,7437.000115428018
315.33381,0.335026,-37.411867,7436.654274,7434.9679662395665
315.34381,0.335784,-37.411111,7436.280159,7437.369999340592
315.35381,0.33654,-37.410355,7435.906052,7437.617325165731
315.36381,0.337294,-37.409599,7435.531952,7434.4337445375995
315.37381,0.338048,-37.408843,7435.15786,7436.910012164528
315.38381,0.3388,-37.408087,7434.783775,7434.303580974164
315.39381,0.339552,-37.40733,7434.409698,7434.7934465608105
315.40381,0.340302,-37.406574,7434.035628,7434.534584713306
315.41381,0.34105,-37.405817,7433.661566,7433.355625969148
315.42381,0.341798,-37.405061,7433.287512,7435.408278064001
315.43381,0.342544,-37.404304,7432.913465,7431.281667585548
315.44381,0.343289,-37.403547,7432.539426,7431.046168117674
315.45381,0.344033,-37.40279,7432.165394,7432.181033141058
315.46381,0.344775,-37.402032,7431.79137,7433.962292551552
315.47381,0.345517,-37.401275,7431.417354,7430.826661082501
315.48381,0.346257,-37.400518,7431.043345,7431.664259797822
315.49381,0.346995,-37.39976,7430.669343,7430.12050342718
315.50381,0.347733,-37.399002,7430.295349,7432.351209204484
315.51381,0.348469,-37.398244,7429.921363,7431.7631577224265
315.52381,0.349204,-37.397486,7429.547385,7429.115071498097
315.53381,0.349938,-37.396728,7429.173413,7428.132753799403
315.54381,0.35067,-37.39597,7428.79945,7428.831710315154
315.55381,0.351401,-37.395212,7428.425494,7429.81572947157
315.56381,0.352131,-37.394454,7428.051546,7427.13525410927
315.57381,0.35286,-37.393695,7427.677605,7426.551067635691
315.58381,0.353587,-37.392937,7427.303672,7427.327677337514
315.59381,0.354313,-37.392178,7426.929746,7430.461648360106
315.60381,0.355038,-37.391419,7426.555828,7427.571094379459
315.61381,0.355761,-37.39066,7426.181918,7427.177882513654
315.62381,0.356483,-37.389901,7425.808015,7428.236314704996
315.63381,0.357204,-37.389142,7425.43412,7428.121693655548
315.64381,0.357923,-37.388383,7425.060232,7429.2378735591565
315.65381,0.358642,-37.387623,7424.686352,7426.0271726312285
315.66381,0.359359,-37.386864,7424.31248,7426.5488930758975
315.67381,0.360074,-37.386104,7423.938615,7426.077763520092
315.68381,0.360788,-37.385345,7423.564758,7425.239604079685
315.69381,0.361501,-37.384585,7423.190908,7424.628098099168
315.70381,0.362213,-37.383825,7422.817066,7423.07914744724
315.71381,0.362923,-37.383065,7422.443232,7421.468243302674
315.72381,0.363632,-37.382305,7422.069405,7422.432890758633
315.73381,0.36434,-37.381545,7421.695585,7423.608826001491
315.74381,0.365046,-37.380785,7421.321774,7421.717737608424
315.75381,0.365751,-37.380025,7420.94797,7422.3871344184845
315.76381,0.366455,-37.379264,7420.574173,7423.254442839355
315.77381,0.367157,-37.378504,7420.200384,7419.966224641392
315.78381,0.367858,-37.377743,7419.826603,7421.362121498271
315.79381,0.368558,-37.376982,7419.45283,7421.453482700786
315.80381,0.369256,-37.376222,7419.079064,7422.38709988106
315.81381,0.369953,-37.375461,7418.705305,7419.31680360998
315.82381,0.370649,-37.3747,7418.331554,7419.278459643763
315.83381,0.371343,-37.373939,7417.957811,7417.1456297913755
315.84381,0.372036,-37.373178,7417.584076,7417.67848874705
315.85381,0.372728,-37.372416,7417.210348,7419.68315590553
315.86381,0.373418,-37.371655,7416.836627,7418.454914026094
315.87381,0.374107,-37.370894,7416.462914,7418.784268355987
315.88381,0.374794,-37.370132,7416.089209,7415.011608167906
315.89381,0.375481,-37.36937,7415.715512,7417.612937771352
315.90381,0.376166,-37.368609,7415.341822,7415.312996609416
315.91381,0.376849,-37.367847,7414.96814,7414.944642362458
315.92381,0.377531,-37.367085,7414.594465,7416.351650934964
315.93381,0.378212,-37.366323,7414.220798,7414.6554496752815
315.94381,0.378892,-37.365561,7413.847139,7417.52191739553
315.95381,0.37957,-37.364799,7413.473487,7413.53156249558
315.96381,0.380247,-37.364037,7413.099843,7415.1533905824845
315.97381,0.380922,-37.363275,7412.726206,7414.470797683353
315.98381,0.381597,-37.362512,7412.352577,7412.948700400695
315.99381,0.382269,-37.36175,7411.978956,7410.087746139896
316.00381,0.382941,-37.360988,7411.605342,7413.392417145971
316.01381,0.383611,-37.360225,7411.231736,7413.29263478555
316.02381,0.38428,-37.359462,7410.858138,7412.85025696717
316.03381,0.384947,-37.3587,7410.484547,7411.770471327195
316.04381,0.385613,-37.357937,7410.110964,7409.928975840534
316.05381,0.386278,-37.357174,7409.737388,7408.775667304898
316.06381,0.386941,-37.356411,7409.36382,7414.100033847943
316.07381,0.387603,-37.355648,7408.99026,7408.785689896098
316.08381,0.388264,-37.354885,7408.616707,7409.2331580859145
316.09381,0.388923,-37.354122,7408.243162,7408.7259522632485
316.10381,0.389581,-37.353359,7407.869625,7411.341605082274
316.11381,0.390238,-37.352596,7407.496095,7406.227365082554
316.12381,0.390893,-37.351832,7407.122573,7406.898603968817
316.13381,0.391547,-37.351069,7406.749058,7409.261802058666
316.14381,0.392199,-37.350305,7406.375551,7407.26447846675
316.15381,0.39285,-37.349542,7406.002052,7407.9393204731805
316.16381,0.3935,-37.348778,7405.628561,7405.8122930452655
316.17381,0.394149,-37.348015,7405.255077,7408.236238263764
316.18381,0.394796,-37.347251,7404.8816,7406.576205508343
316.19381,0.395442,-37.346487,7404.508132,7406.002910067253
316.20381,0.396086,-37.345723,7404.134671,7404.341096863312
316.21381,0.396729,-37.344959,7403.761217,7405.330484562201
316.22381,0.397371,-37.344195,7403.387771,7404.742655117003
316.23381,0.398011,-37.343431,7403.014333,7402.480655910163
316.24381,0.39865,-37.342667,7402.640903,7401.870580211789
316.25381,0.399288,-37.341903,7402.26748,7402.625931374198
316.26381,0.399925,-37.341139,7401.894065,7403.222597143765
316.27381,0.40056,-37.340375,7401.520657,7405.030837638294
316.28381,0.401193,-37.33961,7401.147257,7400.7504091233795
316.29381,0.401826,-37.338846,7400.773865,7401.459503658351
316.30381,0.402457,-37.338082,7400.40048,7400.401160395489
316.31381,0.403086,-37.337317,7400.027103,7401.951507132076
316.32381,0.403715,-37.336553,7399.653734,7401.754124600866
316.33381,0.404342,-37.335788,7399.280372,7400.928647631989
316.34381,0.404967,-37.335023,7398.907018,7399.419252201903
316.35381,0.405592,-37.334259,7398.533672,7399.322161974494
316.36381,0.406215,-37.333494,7398.160333,7399.607483318355
316.37381,0.406836,-37.332729,7397.787002,7397.998551446236
316.38381,0.407457,-37.331964,7397.413678,7399.388344529296
316.39381,0.408076,-37.3312,7397.040363,7397.836792983067
316.40381,0.408693,-37.330435,7396.667054,7398.2107981577365
316.41381,0.40931,-37.32967,7396.293754,7397.043261710605
316.42381,0.409925,-37.328905,7395.920461,7396.096550283783
316.43381,0.410538,-37.32814,7395.547176,7395.884325228157
316.44381,0.411151,-37.327375,7395.173898,7397.126722725447
316.45381,0.411762,-37.326609,7394.800628,7398.2595452180785
316.46381,0.412371,-37.325844,7394.427366,7395.273352381125
316.47381,0.41298,-37.325079,7394.054111,7396.460701681702
316.48381,0.413587,-37.324314,7393.680864,7397.41977450211
316.49381,0.414192,-37.323548,7393.307625,7396.269765519869
316.50381,0.414797,-37.322783,7392.934393,7393.502227263306
316.51381,0.4154,-37.322018,7392.561169,7393.0137337854685
316.52381,0.416002,-37.321252,7392.187953,7391.129786166449
316.53381,0.416602,-37.320487,7391.814744,7391.407554598232
316.54381,0.417201,-37.319721,7391.441543,7391.465217300014
316.55381,0.417799,-37.318956,7391.06835,7392.307668908684
316.56381,0.418395,-37.31819,7390.695164,7391.805531568839
316.57381,0.418991,-37.317424,7390.321986,7391.645702211287
316.58381,0.419585,-37.316659,7389.948816,7392.291571191923
316.59381,0.420177,-37.315893,7389.575653,7388.252983127496
316.60381,0.420768,-37.315127,7389.202498,7389.933406436913
316.61381,0.421358,-37.314362,7388.82935,7388.6342518966285
316.62381,0.421947,-37.313596,7388.456211,7388.331805410888
316.63381,0.422534,-37.31283,7388.083079,7391.168574283482
316.64381,0.42312,-37.312064,7387.709954,7387.505698613649
316.65381,0.423705,-37.311298,7387.336837,7388.02723397151
316.66381,0.424289,-37.310532,7386.963728,7390.713279554212
316.67381,0.424871,-37.309767,7386.590627,7387.618600398364
316.68381,0.425452,-37.309001,7386.217533,7387.208429887709
316.69381,0.426031,-37.308235,7385.844447,7386.128846934337
316.70381,0.426609,-37.307469,7385.471368,7385.981074696349
316.71381,0.427186,-37.306703,7385.098297,7386.512635690253
316.72381,0.427762,-37.305936,7384.725234,7386.68875492534
316.73381,0.428337,-37.30517,7384.352178,7388.318384580963
316.74381,0.42891,-37.304404,7383.979131,7382.985636505995
316.75381,0.429482,-37.303638,7383.60609,7382.892499464868
316.76381,0.430052,-37.302872,7383.233058,7384.315684047066
316.77381,0.430621,-37.302106,7382.860033,7382.7339440419155
316.78381,0.431189,-37.30134,7382.487016,7382.198915881888
316.79381,0.431756,-37.300573,7382.114006,7384.619988517954
316.80381,0.432322,-37.299807,7381.741004,7382.13628362374
316.81381,0.432886,-37.299041,7381.36801,7379.554546957843
316.82381,0.433449,-37.298275,7380.995023,7384.200029768709
316.83381,0.43401,-37.297508,7380.622045,7382.704807119651
316.84381,0.434571,-37.296742,7380.249073,7380.414098467461
316.85381,0.43513,-37.295976,7379.87611,7380.3317975698355
316.86381,0.435688,-37.295209,7379.503154,7384.040224678787
316.87381,0.436244,-37.294443,7379.130205,7381.55641238052
316.88381,0.436799,-37.293677,7378.757265,7377.114815073342
316.89381,0.437353,-37.29291,7378.384332,7380.263363946783
316.90381,0.437906,-37.292144,7378.011407,7378.812889031725
316.91381,0.438458,-37.291377,7377.638489,7378.597136428958
316.92381,0.439008,-37.290611,7377.265579,7374.641881092829
316.93381,0.439557,-37.289844,7376.892677,7375.857949684589
316.94381,0.440105,-37.289078,7376.519782,7375.08522252591
316.95381,0.440651,-37.288312,7376.146895,7377.437059025615
316.96381,0.441197,-37.287545,7375.774016,7376.242706605339
316.97381,0.441741,-37.286779,7375.401144,7375.20265449972
316.98381,0.442283,-37.286012,7375.02828,7375.107923060809
316.99381,0.442825,-37.285246,7374.655424,7375.361975242944
317.00381,0.443365,-37.284479,7374.282576,7373.562508628978
317.01381,0.443904,-37.283713,7373.909735,7376.154070646385
317.02381,0.444442,-37.282946,7373.536901,7375.446471337409
317.03381,0.444979,-37.28218,7373.164076,7372.957384373344
317.04381,0.445514,-37.281413,7372.791258,7374.666992674714
317.05381,0.446048,-37.280647,7372.418447,7372.697290649864
317.06381,0.446581,-37.27988,7372.045645,7372.518722273059
317.07381,0.447113,-37.279113,7371.67285,7371.625313560018
317.08381,0.447643,-37.278347,7371.300062,7375.998256094409
317.09381,0.448172,-37.27758,7370.927283,7372.23364728089
317.10381,0.4487,-37.276814,7370.554511,7370.071806011737
317.11381,0.449227,-37.276047,7370.181747,7371.171893109063
317.12381,0.449753,-37.275281,7369.80899,7369.643266650913
317.13381,0.450277,-37.274514,7369.436241,7370.217693320973
317.14381,0.4508,-37.273748,7369.0635,7368.316582919917
317.15381,0.451322,-37.272981,7368.690766,7369.924257155286
317.16381,0.451843,-37.272215,7368.31804,7372.100324734424
317.17381,0.452362,-37.271448,7367.945322,7368.437365706493
317.18381,0.452881,-37.270681,7367.572611,7368.652944197774
317.19381,0.453398,-37.269915,7367.199908,7369.283324650627
317.20381,0.453914,-37.269148,7366.827213,7367.228306067375
317.21381,0.454428,-37.268382,7366.454525,7368.176077950711
317.22381,0.454942,-37.267615,7366.081845,7365.177615470912
317.23381,0.455454,-37.266849,7365.709173,7365.534657684864
317.24381,0.455965,-37.266082,7365.336508,7366.582604218993
317.25381,0.456475,-37.265316,7364.963851,7363.665270277696
317.26381,0.456984,-37.264549,7364.591202,7365.785289179399
317.27381,0.457491,-37.263783,7364.21856,7364.437771411414
317.28381,0.457998,-37.263016,7363.845926,7365.731968547931
317.29381,0.458503,-37.26225,7363.4733,7361.993979751116
317.30381,0.459007,-37.261484,7363.100681,7364.239012416181
317.31381,0.45951,-37.260717,7362.72807,7362.336197576345
317.32381,0.460011,-37.259951,7362.355467,7363.488812335257
317.33381,0.460512,-37.259184,7361.982871,7362.714114578179
317.34381,0.461011,-37.258418,7361.610283,7363.355191367847
317.35381,0.461509,-37.257651,7361.237703,7360.586692393113
317.36381,0.462006,-37.256885,7360.86513,7358.801701199709
317.37381,0.462502,-37.256119,7360.492565,7362.396216314883
317.38381,0.462996,-37.255352,7360.120008,7361.141886159177
317.39381,0.46349,-37.254586,7359.747458,7360.947320408335
317.40381,0.463982,-37.25382,7359.374916,7361.479243830823
317.41381,0.464473,-37.253053,7359.002382,7361.536603962935
317.42381,0.464963,-37.252287,7358.629855,7357.760646486931
317.43381,0.465452,-37.251521,7358.257336,7359.739125509771
317.44381,0.46594,-37.250755,7357.884825,7359.39345389941
317.45381,0.466426,-37.249988,7357.512321,7357.434887107421
317.46381,0.466912,-37.249222,7357.139825,7358.937818924957
317.47381,0.467396,-37.248456,7356.767336,7357.200741867683
317.48381,0.467879,-37.24769,7356.394856,7357.654332523776
317.49381,0.468361,-37.246924,7356.022383,7355.131061455062
317.50381,0.468842,-37.246158,7355.649917,7355.6357553102835
317.51381,0.469321,-37.245391,7355.277459,7355.920129220981
317.52381,0.4698,-37.244625,7354.905009,7358.284647678652
317.53381,0.470277,-37.243859,7354.532567,7357.214691053001
317.54381,0.470753,-37.243093,7354.160132,7357.493090631239
317.55381,0.471229,-37.242327,7353.787705,7356.670045797489
317.56381,0.471703,-37.241561,7353.415286,7356.935481685913
317.57381,0.472175,-37.240795,7353.042874,7356.342715260508
317.58381,0.472647,-37.240029,7352.67047,7353.957708914157
317.59381,0.473118,-37.239263,7352.298073,7352.213470577025
317.60381,0.473587,-37.238497,7351.925684,7354.971045771563
317.61381,0.474056,-37.237732,7351.553303,7352.725069497941
317.62381,0.474523,-37.236966,7351.18093,7354.990216722672
317.63381,0.474989,-37.2362,7350.808564,7352.00496781109
317.64381,0.475454,-37.235434,7350.436206,7351.379493426308
317.65381,0.475918,-37.234668,7350.063855,7350.409465914824
317.66381,0.476381,-37.233903,7349.691512,7352.515060532334
317.67381,0.476843,-37.233137,7349.319177,7350.261700908437
317.68381,0.477303,-37.232371,7348.94685,7349.4580837988415
317.69381,0.477763,-37.231606,7348.57453,7349.9791016584495
317.70381,0.478221,-37.23084,7348.202218,7347.645356497265
317.71381,0.478679,-37.230075,7347.829913,7351.406008842486
317.72381,0.479135,-37.229309,7347.457616,7347.193069023285
317.73381,0.47959,-37.228543,7347.085327,7347.043608098202
317.74381,0.480044,-37.227778,7346.713045,7347.393382481066
317.75381,0.480497,-37.227013,7346.340771,7349.437642282143
317.76381,0.480949,-37.226247,7345.968505,7346.00731699255
317.77381,0.4814,-37.225482,7345.596246,7344.386212939313
317.78381,0.481849,-37.224716,7345.223995,7345.540175919286
317.79381,0.482298,-37.223951,7344.851752,7344.340343580027
317.80381,0.482745,-37.223186,7344.479516,7345.3618246534215
317.81381,0.483192,-37.222421,7344.107288,7344.191341923846
317.82381,0.483637,-37.221655,7343.735068,7342.286811008868
317.83381,0.484082,-37.22089,7343.362855,7343.507429352679
317.84381,0.484525,-37.220125,7342.99065,7342.758594459807
317.85381,0.484967,-37.21936,7342.618453,7341.938816832172
317.86381,0.485408,-37.218595,7342.246263,7344.824047097922
317.87381,0.485848,-37.21783,7341.874081,7341.539266701505
317.88381,0.486287,-37.217065,7341.501906,7344.672292390765
317.89381,0.486725,-37.2163,7341.129739,7341.981953859119
317.90381,0.487162,-37.215535,7340.75758,7341.161385391184
317.91381,0.487598,-37.21477,7340.385429,7340.261751440159
317.92381,0.488033,-37.214006,7340.013285,7339.934859385915
317.93381,0.488467,-37.213241,7339.641149,7340.526846105665
317.94381,0.488899,-37.212476,7339.26902,7338.066197723784
317.95381,0.489331,-37.211711,7338.896899,7339.734640136905
317.96381,0.489761,-37.210947,7338.524786,7340.016518852066
317.97381,0.490191,-37.210182,7338.15268,7337.918753865905
317.98381,0.49062,-37.209418,7337.780582,7339.5181292807865
317.99381,0.491047,-37.208653,7337.408492,7340.750230161967
318.00381,0.491473,-37.207889,7337.036409,7337.742241804894
318.01381,0.491899,-37.207124,7336.664334,7337.174308675845
318.02381,0.492323,-37.20636,7336.292267,7335.826405593609
318.03381,0.492747,-37.205595,7335.920207,7334.588506043896
318.04381,0.493169,-37.204831,7335.548155,7336.83059444139
318.05381,0.49359,-37.204067,7335.17611,7338.417908217521
318.06381,0.494011,-37.203303,7334.804073,7335.055980840528
318.07381,0.49443,-37.202539,7334.432044,7336.838996654336
318.08381,0.494848,-37.201775,7334.060023,7332.527203157802
318.09381,0.495265,-37.20101,7333.688009,7331.914772324323
318.10381,0.495681,-37.200246,7333.316002,7332.414429504665
318.11381,0.496097,-37.199483,7332.944004,7330.537334656682
318.12381,0.496511,-37.198719,7332.572013,7335.858251554506
318.13381,0.496924,-37.197955,7332.200029,7329.32293922115
318.14381,0.497336,-37.197191,7331.828054,7332.448128744294
318.15381,0.497747,-37.196427,7331.456086,7334.272619733802
318.16381,0.498157,-37.195664,7331.084125,7330.973686273057
318.17381,0.498567,-37.1949,7330.712172,7332.40986864248
318.18381,0.498975,-37.194136,7330.340227,7331.439259585615
318.19381,0.499382,-37.193373,7329.96829,7333.477676920326
318.20381,0.499788,-37.192609,7329.59636,7332.086144657357
318.21381,0.500193,-37.191846,7329.224437,7334.26399834456
318.22381,0.500598,-37.191082,7328.852523,7332.246794161928
318.23381,0.501001,-37.190319,7328.480616,7329.408863916754
318.24381,0.501403,-37.189556,7328.108716,7329.208094910633
318.25381,0.501804,-37.188793,7327.736825,7328.575922505679
318.26381,0.502204,-37.188029,7327.364941,7328.58210815462
318.27381,0.502604,-37.187266,7326.993064,7327.069992537964
318.28381,0.503002,-37.186503,7326.621195,7327.6522857055315
318.29381,0.503399,-37.18574,7326.249334,7326.973095277885
318.30381,0.503796,-37.184977,7325.87748,7327.370851883294
318.31381,0.504191,-37.184214,7325.505634,7326.93981931344
318.32381,0.504585,-37.183452,7325.133796,7323.227995113688
318.33381,0.504979,-37.182689,7324.761965,7326.893886848942
318.34381,0.505371,-37.181926,7324.390142,7324.922803192773
318.35381,0.505763,-37.181163,7324.018327,7323.755983977619
318.36381,0.506153,-37.180401,7323.646519,7325.909417304302
318.37381,0.506543,-37.179638,7323.274719,7323.749291824006
318.38381,0.506932,-37.178876,7322.902926,7324.552406781878
318.39381,0.507319,-37.178113,7322.531141,7322.178615526268
318.40381,0.507706,-37.177351,7322.159364,7322.413052650802
318.41381,0.508092,-37.176589,7321.787594,7324.75001516135
318.42381,0.508477,-37.175826,7321.415832,7321.555007685431
318.43381,0.508861,-37.175064,7321.044078,7320.934339282339
318.44381,0.509244,-37.174302,7320.672331,7318.902816796866
318.45381,0.509626,-37.17354,7320.300592,7322.8912745039215
318.46381,0.510007,-37.172778,7319.92886,7319.814539645951
318.47381,0.510387,-37.172016,7319.557136,7319.807453344022
318.48381,0.510766,-37.171254,7319.18542,7320.465093876728
318.49381,0.511144,-37.170492,7318.813711,7319.452445774479
318.50381,0.511521,-37.169731,7318.44201,7320.026468401027
318.51381,0.511898,-37.168969,7318.070317,7318.570820443571
318.52381,0.512273,-37.168207,7317.698631,7317.096097219144
318.53381,0.512648,-37.167446,7317.326952,7319.422834147491
318.54381,0.513021,-37.166684,7316.955282,7316.16356844407
318.55381,0.513394,-37.165923,7316.583619,7318.532688592854
318.56381,0.513766,-37.165162,7316.211963,7319.446905372023
318.57381,0.514137,-37.1644,7315.840315,7318.480530793609
318.58381,0.514507,-37.163639,7315.468675,7316.617520845183
318.59381,0.514876,-37.162878,7315.097043,7317.059497284089
318.60381,0.515244,-37.162117,7314.725418,7315.4154936487175
318.61381,0.515611,-37.161356,7314.3538,7316.139804331541
318.62381,0.515977,-37.160595,7313.982191,7314.568831003243
318.63381,0.516342,-37.159834,7313.610588,7315.649689775916
318.64381,0.516707,-37.159073,7313.238994,7312.6441124973535
318.65381,0.51707,-37.158312,7312.867407,7313.9583503663125
318.66381,0.517433,-37.157552,7312.495828,7313.429319347687
318.67381,0.517795,-37.156791,7312.124256,7312.405333312102
318.68381,0.518156,-37.156031,7311.752692,7314.838593359405
318.69381,0.518516,-37.15527,7311.381135,7312.6133394812705
318.70381,0.518875,-37.15451,7311.009586,7312.140807524842
318.71381,0.519233,-37.153749,7310.638045,7311.418166611344
318.72381,0.51959,-37.152989,7310.266511,7310.2490983655725
318.73381,0.519947,-37.152229,7309.894985,7309.632625103282
318.74381,0.520302,-37.151469,7309.523467,7311.683770499724
318.75381,0.520657,-37.150709,7309.151956,7312.4883396942905
318.76381,0.521011,-37.149949,7308.780453,7309.792768338395
318.77381,0.521363,-37.149189,7308.408957,7308.947882474444
318.78381,0.521715,-37.148429,7308.037469,7309.979071700611
318.79381,0.522067,-37.147669,7307.665988,7308.57635996955
318.80381,0.522417,-37.146909,7307.294516,7309.11551614744
318.81381,0.522766,-37.14615,7306.92305,7305.8023698238285
318.82381,0.523115,-37.14539,7306.551593,7307.257308162691
318.83381,0.523462,-37.144631,7306.180142,7306.351359879018
318.84381,0.523809,-37.143871,7305.8087,7304.720009070532
318.85381,0.524155,-37.143112,7305.437265,7306.300275337221
318.86381,0.5245,-37.142353,7305.065838,7302.625380880682
318.87381,0.524844,-37.141594,7304.694418,7305.828505538016
318.88381,0.525188,-37.140834,7304.323006,7308.055361504711
318.89381,0.52553,-37.140075,7303.951601,7304.501128602588
318.90381,0.525872,-37.139316,7303.580204,7304.28587082151
318.91381,0.52506,-37.138558,7303.208815,7306.956763259579
318.92381,0.522441,-37.1378,7302.837433,7303.62344705388
318.93381,0.519831,-37.137045,7302.466059,7301.903188797169
318.94381,0.517229,-37.136291,7302.094692,7302.749754201525
318.95381,0.514635,-37.135539,7301.723333,7301.921089267868
318.96381,0.512049,-37.134788,7301.351981,7300.622587212878
318.97381,0.509471,-37.134039,7300.980637,7300.965499118697
318.98381,0.506902,-37.133292,7300.609301,7301.343664838713
318.99381,0.504341,-37.132546,7300.237971,7302.135720661173
319.00381,0.501787,-37.131802,7299.86665,7301.513015840953
319.01381,0.499242,-37.131059,7299.495335,7299.876530627058
319.02381,0.496705,-37.130318,7299.124029,7300.351624484164
319.03381,0.494177,-37.129579,7298.752729,7298.738641525761
319.04381,0.491656,-37.128841,7298.381437,7298.598868685802
319.05381,0.489143,-37.128104,7298.010152,7300.093331218324
319.06381,0.486639,-37.127369,7297.638875,7298.096740799516
319.07381,0.484142,-37.126636,7297.267605,7300.6331707059335
319.08381,0.481654,-37.125903,7296.896342,7299.561097104652
319.09381,0.479174,-37.125173,7296.525087,7297.957699363177
319.10381,0.476702,-37.124443,7296.153839,7299.572714886129
319.11381,0.474237,-37.123715,7295.782598,7297.275823668707
319.12381,0.471781,-37.122989,7295.411364,7295.961660247172
319.13381,0.469334,-37.122263,7295.040138,7294.674406891218
319.14381,0.466893,-37.12154,7294.668919,7296.159435582001
319.15381,0.46446,-37.120817,7294.297707,7295.48120112967
319.16381,0.462035,-37.120096,7293.926503,7293.885026906468
319.17381,0.459618,-37.119376,7293.555305,7294.052391065442
319.18381,0.457209,-37.118658,7293.184115,7294.481776863771
319.19381,0.454808,-37.11794,7292.812932,7292.4891422504825
319.20381,0.452416,-37.117224,7292.441756,7291.2746628697
319.21381,0.450031,-37.11651,7292.070588,7291.12220216596
319.22381,0.447654,-37.115796,7291.699426,7293.586881459303
319.23381,0.445286,-37.115084,7291.328272,7291.344448635235
319.24381,0.442925,-37.114373,7290.957125,7292.490685089604
319.25381,0.440573,-37.113664,7290.585984,7292.478190654504
319.26381,0.438228,-37.112955,7290.214851,7290.4050156504045
319.27381,0.435892,-37.112248,7289.843725,7291.496119388951
319.28381,0.433563,-37.111542,7289.472606,7288.286336360054
319.29381,0.431243,-37.110837,7289.101494,7288.9779637491065
319.30381,0.428931,-37.110133,7288.73039,7291.026901721354
319.31381,0.426626,-37.10943,7288.359292,7286.878985914861
319.32381,0.42433,-37.108728,7287.988201,7287.689727521237
319.33381,0.422042,-37.108028,7287.617117,7290.195148111103
319.34381,0.419762,-37.107328,7287.24604,7288.150575081587
319.35381,0.417489,-37.10663,7286.874971,7288.38993377915
319.36381,0.415225,-37.105932,7286.503908,7288.238167095401
319.37381,0.412969,-37.105236,7286.132852,7286.382061339904
319.38381,0.410721,-37.104541,7285.761803,7284.070359592914
319.39381,0.408481,-37.103846,7285.390761,7284.744782453154
319.40381,0.40625,-37.103153,7285.019726,7284.185299225708
319.41381,0.404026,-37.102461,7284.648698,7284.8442500198835
319.42381,0.40181,-37.101769,7284.277677,7285.1233420371655
319.43381,0.399603,-37.101079,7283.906663,7284.202101325948
319.44381,0.397403,-37.100389,7283.535655,7286.336774607624
319.45381,0.395212,-37.099701,7283.164655,7282.613695270638
319.46381,0.393028,-37.099013,7282.793661,7284.055252081699
319.47381,0.390853,-37.098326,7282.422675,7280.3828488893205
319.48381,0.388686,-37.097641,7282.051695,7280.947791350333
319.49381,0.386527,-37.096956,7281.680722,7279.236609018476
319.50381,0.384376,-37.096271,7281.309756,7282.38644171176
319.51381,0.382234,-37.095588,7280.938796,7282.099553986258
319.52381,0.380099,-37.094906,7280.567844,7279.595063881082
319.53381,0.377973,-37.094224,7280.196898,7280.046538720448
319.54381,0.375854,-37.093543,7279.825959,7281.029197839866
319.55381,0.373744,-37.092863,7279.455027,7280.524426231642
319.56381,0.371643,-37.092184,7279.084102,7279.120924017314
319.57381,0.369549,-37.091506,7278.713184,7279.598894700017
319.58381,0.367464,-37.090828,7278.342272,7278.617008763378
319.59381,0.365386,-37.090151,7277.971367,7278.176500371515
319.60381,0.363318,-37.089475,7277.600469,7280.831961180943
319.61381,0.361257,-37.0888,7277.229578,7277.642666923435
319.62381,0.359205,-37.088125,7276.858693,7276.444334632009
319.63381,0.35716,-37.087451,7276.487815,7276.845593756084
319.64381,0.355125,-37.086778,7276.116944,7276.104497606806
319.65381,0.353097,-37.086105,7275.74608,7276.151307763232
319.66381,0.351078,-37.085434,7275.375222,7275.027479086898
319.67381,0.349067,-37.084762,7275.004371,7274.861315798772
319.68381,0.347065,-37.084092,7274.633527,7275.974122097692
319.69381,0.345071,-37.083422,7274.262689,7275.101052501857
319.70381,0.343085,-37.082753,7273.891858,7274.855178077556
319.71381,0.341108,-37.082084,7273.521034,7271.4285586422075
319.72381,0.33914,-37.081416,7273.150217,7273.936671260158
319.73381,0.337179,-37.080749,7272.779406,7272.809369964389
319.74381,0.335228,-37.080082,7272.408602,7273.155562245167
319.75381,0.333284,-37.079416,7272.037804,7274.6045912176205
319.76381,0.33135,-37.07875,7271.667013,7269.538927908344
319.77381,0.329424,-37.078085,7271.296229,7269.998541567619
319.78381,0.327506,-37.07742,7270.925452,7268.610634922588
319.79381,0.325597,-37.076756,7270.554681,7271.060904569408
319.80381,0.323697,-37.076093,7270.183916,7270.750262199341
319.81381,0.321805,-37.07543,7269.813159,7267.363318308793
319.82381,0.319922,-37.074768,7269.442408,7272.551352525661
319.83381,0.318048,-37.074106,7269.071663,7271.280855663887
319.84381,0.316182,-37.073445,7268.700926,7269.608695055238
319.85381,0.314325,-37.072784,7268.330195,7268.490304760991
319.86381,0.312477,-37.072123,7267.95947,7265.892503479922
319.87381,0.310638,-37.071463,7267.588752,7269.956877903088
319.88381,0.308808,-37.070804,7267.218041,7267.710092386362
319.89381,0.306986,-37.070145,7266.847336,7266.430073023373
319.90381,0.305174,-37.069487,7266.476638,7265.935529472355
319.91381,0.30337,-37.068828,7266.105946,7268.825598147623
319.92381,0.301576,-37.068171,7265.735261,7267.986140219375
319.93381,0.29979,-37.067514,7265.364583,7265.424975404743
319.94381,0.298013,-37.066857,7264.993911,7263.219051268064
319.95381,0.296246,-37.066201,7264.623246,7265.430521483418
319.96381,0.294488,-37.065545,7264.252587,7267.388191633577
319.97381,0.292738,-37.064889,7263.881935,7263.933619094728
319.98381,0.290998,-37.064234,7263.511289,7263.860586846213
319.99381,0.289267,-37.063579,7263.14065,7263.340530811519
320.00381,0.287546,-37.062925,7262.770018,7261.767780750882
320.01381,0.285834,-37.06227,7262.399392,7261.534241792078
320.02381,0.284131,-37.061617,7262.028772,7265.189178267151
320.03381,0.282437,-37.060963,7261.658159,7262.6148860656685
320.04381,0.280753,-37.06031,7261.287553,7262.728424645088
320.05381,0.279079,-37.059658,7260.916953,7262.41529368457
320.06381,0.277414,-37.059005,7260.54636,7259.818893732426
320.07381,0.275758,-37.058353,7260.175773,7260.853590035254
320.08381,0.274112,-37.057702,7259.805193,7256.659195578389
320.09381,0.272476,-37.05705,7259.434619,7260.053385508312
320.10381,0.270849,-37.056399,7259.064052,7259.9609072855455
320.11381,0.269232,-37.055748,7258.693491,7258.384321503397
320.12381,0.267625,-37.055098,7258.322937,7258.83702999582
320.13381,0.266028,-37.054447,7257.952389,7257.241821167558
320.14381,0.264441,-37.053797,7257.581848,7259.107504874209
320.15381,0.262863,-37.053148,7257.211313,7257.4830853112135
320.16381,0.261296,-37.052498,7256.840785,7258.19617477434
320.17381,0.259739,-37.051849,7256.470263,7258.2164173580095
320.18381,0.258191,-37.0512,7256.099748,7257.908000292495
320.19381,0.256654,-37.050551,7255.729239,7258.940636861217
320.20381,0.255128,-37.049903,7255.358737,7255.5357718647865
320.21381,0.253611,-37.049254,7254.988241,7258.703188021516
320.22381,0.252105,-37.048606,7254.617752,7255.268460208264
320.23381,0.250609,-37.047959,7254.247269,7256.342378962499
320.24381,0.249123,-37.047311,7253.876793,7253.854689050133
320.25381,0.247648,-37.046663,7253.506323,7252.006710345668
320.26381,0.246184,-37.046016,7253.135859,7254.292013563067
320.27381,0.24473,-37.045369,7252.765402,7252.458108217333
320.28381,0.243287,-37.044722,7252.394952,7252.160732066841
320.29381,0.241855,-37.044076,7252.024508,7250.097873545137
320.30381,0.240433,-37.043429,7251.65407,7251.142240174381
320.31381,0.239023,-37.042783,7251.283639,7251.693982549421
320.32381,0.237623,-37.042137,7250.913215,7250.632721694773
320.33381,0.236234,-37.041491,7250.542797,7253.58475587375
320.34381,0.234857,-37.040845,7250.172385,7251.8553735533715
320.35381,0.23349,-37.040199,7249.80198,7251.402658313904
320.36381,0.232135,-37.039553,7249.431581,7248.731048007203
320.37381,0.230791,-37.038908,7249.061189,7251.46707574532
320.38381,0.229458,-37.038263,7248.690803,7251.705305890735
320.39381,0.228137,-37.037617,7248.320423,7249.053247044739
320.40381,0.226827,-37.036972,7247.95005,7247.568382370209
320.41381,0.225529,-37.036327,7247.579684,7248.7369877272595
320.42381,0.224243,-37.035682,7247.209324,7250.03252916152
320.43381,0.222968,-37.035038,7246.83897,7247.569244457897
320.44381,0.221705,-37.034393,7246.468623,7251.363489751953
320.45381,0.220453,-37.033749,7246.098282,7245.925333678084
320.46381,0.219214,-37.033104,7245.727948,7245.447312528928
320.47381,0.217987,-37.03246,7245.35762,7247.74320550722
320.48381,0.216771,-37.031815,7244.987299,7247.354051967394
320.49381,0.215568,-37.031171,7244.616984,7246.9678114480275
320.50381,0.214378,-37.030527,7244.246676,7242.49774326604
320.51381,0.213199,-37.029883,7243.876374,7246.409248346774
320.52381,0.212033,-37.029239,7243.506078,7243.572901910132
320.53381,0.210879,-37.028595,7243.135789,7244.381832897702
320.54381,0.209738,-37.027951,7242.765506,7242.179532178663
320.55381,0.208609,-37.027307,7242.39523,7241.101315456129
320.56381,0.207493,-37.026663,7242.02496,7242.477367106332
320.57381,0.20639,-37.02602,7241.654696,7240.996087059393
320.58381,0.2053,-37.025376,7241.284439,7243.047812002695
320.59381,0.204223,-37.024732,7240.914189,7240.576183714812
320.60381,0.203158,-37.024089,7240.543945,7243.049531881644
320.61381,0.202107,-37.023445,7240.173707,7238.620838118127
320.62381,0.201069,-37.022801,7239.803476,7240.465506104964
320.63381,0.200044,-37.022158,7239.433251,7240.008719901535
320.64381,0.199032,-37.021514,7239.063033,7242.14952324279
320.65381,0.198034,-37.020871,7238.692821,7237.703648661694
320.66381,0.19705,-37.020227,7238.322615,7239.539342883957
320.67381,0.196078,-37.019583,7237.952416,7238.475100877341
320.68381,0.195121,-37.01894,7237.582224,7236.456328878056
320.69381,0.194177,-37.018296,7237.212038,7237.055918994063
320.70381,0.193247,-37.017653,7236.841858,7239.141261861297
320.71381,0.19233,-37.017009,7236.471684,7236.774950996498
320.72381,0.191428,-37.016366,7236.101518,7237.027619191608
320.73381,0.19054,-37.015722,7235.731357,7234.382905055418
320.74381,0.189665,-37.015078,7235.361203,7235.974699987578
320.75381,0.188805,-37.014435,7234.991056,7233.025231815119
320.76381,0.187959,-37.013791,7234.620914,7236.174853166821
320.77381,0.187127,-37.013147,7234.25078,7235.689122757347
320.78381,0.186309,-37.012503,7233.880652,7234.379951170605
320.79381,0.185506,-37.01186,7233.51053,7234.74655733737
320.80381,0.184718,-37.011216,7233.140414,7233.039477931575
320.81381,0.183943,-37.010572,7232.770305,7233.95816842977
320.82381,0.183184,-37.009928,7232.400203,7229.879525854267
320.83381,0.182439,-37.009284,7232.030107,7231.703753924284
320.84381,0.181708,-37.00864,7231.660017,7230.319238114553
320.85381,0.180993,-37.007996,7231.289934,7233.8762860247425
320.86381,0.180292,-37.007352,7230.919857,7234.167845024642
320.87381,0.179606,-37.006707,7230.549787,7230.206274735767
320.88381,0.178935,-37.006063,7230.179723,7231.90267227755
320.89381,0.178278,-37.005419,7229.809666,7231.463766385624
320.90381,0.177637,-37.004774,7229.439615,7228.613821009294
320.91381,0.177011,-37.00413,7229.06957,7229.900193322694
320.92381,0.176399,-37.003485,7228.699532,7228.671450375447
320.93381,0.175803,-37.002841,7228.329501,7229.428614767993
320.94381,0.175222,-37.002196,7227.959475,7230.278014448052
320.95381,0.174656,-37.001551,7227.589457,7228.720340895735
320.96381,0.174105,-37.000906,7227.219444,7226.412069731581
320.97381,0.17357,-37.000261,7226.849438,7227.487370035981
320.98381,0.173049,-36.999616,7226.479439,7227.178446501254
320.99381,0.172544,-36.998971,7226.109446,7229.238830102313
321.00381,0.172054,-36.998326,7225.73946,7226.542853571363
321.01381,0.171579,-36.99768,7225.36948,7226.101560994413
321.02381,0.17112,-36.997035,7224.999506,7223.001123193627
321.03381,0.170675,-36.996389,7224.629539,7224.031840933721
321.04381,0.170246,-36.995744,7224.259578,7224.622090110508
321.05381,0.169833,-36.995098,7223.889624,7223.118515236103
321.06381,0.169434,-36.994452,7223.519676,7224.276869949939
321.07381,0.169051,-36.993806,7223.149735,7224.011553205101
321.08381,0.168683,-36.99316,7222.7798,7222.067186940152
321.09381,0.16833,-36.992514,7222.409872,7221.792282409733
321.10381,0.167992,-36.991867,7222.03995,7219.547198635255
321.11381,0.16767,-36.991221,7221.670035,7223.720336070271
321.12381,0.167363,-36.990574,7221.300126,7222.905202623604
321.13381,0.16707,-36.989927,7220.930223,7220.854169698289
321.14381,0.166793,-36.98928,7220.560327,7220.969128992312
321.15381,0.166531,-36.988634,7220.190437,7217.649025157532
321.16381,0.166284,-36.987986,7219.820554,7220.611322797583
321.17381,0.166052,-36.987339,7219.450678,7220.011321397698
321.18381,0.165835,-36.986692,7219.080808,7221.713746505768
321.19381,0.165632,-36.986044,7218.710944,7221.014540556545
321.20381,0.165444,-36.985397,7218.341087,7220.526195085848
321.21381,0.165271,-36.984749,7217.971236,7219.139576544041
321.22381,0.165113,-36.984101,7217.601392,7217.258615454771
321.23381,0.164969,-36.983453,7217.231554,7219.80818434784
321.24381,0.16484,-36.982805,7216.861723,7219.667200612159
321.25381,0.164726,-36.982156,7216.491898,7216.781237218957
321.26381,0.164625,-36.981508,7216.12208,7216.061783058333
321.27381,0.164539,-36.980859,7215.752268,7215.930416743203
321.28381,0.164467,-36.98021,7215.382462,7216.5728836214885
321.29381,0.16441,-36.979561,7215.012663,7216.737486321674
321.30381,0.164366,-36.978912,7214.642871,7214.200578203681
321.31381,0.164336,-36.978263,7214.273085,7214.858994663576
321.32381,0.16432,-36.977613,7213.903306,7216.091320289146
321.33381,0.164318,-36.976964,7213.533533,7214.721910901124
321.34381,0.16433,-36.976314,7213.163767,7214.414635289625
321.35381,0.164354,-36.975664,7212.794007,7212.732689725114
321.36381,0.164393,-36.975014,7212.424253,7214.1524969142065
321.37381,0.164445,-36.974364,7212.054506,7213.425159152187
321.38381,0.16451,-36.973713,7211.684766,7211.532528315183
321.39381,0.164588,-36.973063,7211.315032,7213.100753572434
321.40381,0.164678,-36.972412,7210.945305,7208.764970230059
321.41381,0.164782,-36.971761,7210.575584,7209.903028627941
321.42381,0.164899,-36.97111,7210.20587,7212.2132891938145
321.43381,0.165028,-36.970459,7209.836162,7209.681309631469
321.44381,0.16517,-36.969807,7209.46646,7210.845231869323
321.45381,0.165324,-36.969156,7209.096766,7209.91418304818
321.46381,0.16549,-36.968504,7208.727077,7208.492350816802
321.47381,0.165668,-36.967852,7208.357395,7207.811904323039
321.48381,0.165858,-36.9672,7207.98772,7206.860130944129
321.49381,0.16606,-36.966548,7207.618051,7207.180833613721
321.50381,0.166274,-36.965895,7207.248389,7208.720868064133
321.51381,0.166499,-36.965242,7206.878734,7205.17400876711
321.52381,0.166736,-36.96459,7206.509084,7208.742009742569
321.53381,0.166984,-36.963937,7206.139442,7205.280230688659
321.54381,0.167243,-36.963283,7205.769806,7207.2938755955865
321.55381,0.167513,-36.96263,7205.400176,7205.375907241019
321.56381,0.167794,-36.961976,7205.030553,7202.723546460559
321.57381,0.168085,-36.961323,7204.660937,7206.389289132937
321.58381,0.168387,-36.960669,7204.291327,7206.052198419798
321.59381,0.1687,-36.960015,7203.921723,7205.304657746895
321.60381,0.169022,-36.95936,7203.552126,7203.846957893391
321.61381,0.169355,-36.958706,7203.182536,7203.774249860733
321.62381,0.169698,-36.958051,7202.812952,7204.009006178734
321.63381,0.170051,-36.957396,7202.443375,7201.639206565996
321.64381,0.170413,-36.956741,7202.073804,7202.043521572753
321.65381,0.170785,-36.956086,7201.70424,7200.22000683048
321.66381,0.171167,-36.95543,7201.334683,7200.551189255819
321.67381,0.171558,-36.954775,7200.965132,7202.579488845565
321.68381,0.171957,-36.954119,7200.595587,7200.481280010872
321.69381,0.172366,-36.953463,7200.226049,7202.5397785383675
321.70381,0.172784,-36.952807,7199.856518,7200.449186908492
321.71381,0.17321,-36.95215,7199.486993,7200.886546862216
321.72381,0.173645,-36.951493,7199.117475,7198.984967220597
321.73381,0.174088,-36.950837,7198.747963,7196.275637648722
321.74381,0.174539,-36.95018,7198.378458,7197.060379259524
321.75381,0.174999,-36.949522,7198.00896,7200.199936850521
321.76381,0.175466,-36.948865,7197.639468,7196.64656996294
321.77381,0.175942,-36.948207,7197.269982,7197.114295257477
321.78381,0.176425,-36.947549,7196.900504,7196.608214981363
321.79381,0.176916,-36.946891,7196.531031,7196.908201884252
321.80381,0.177414,-36.946233,7196.161566,7197.1694601384015
321.81381,0.177919,-36.945575,7195.792107,7196.631782509366
321.82381,0.178432,-36.944916,7195.422654,7199.189967122842
321.83381,0.178951,-36.944257,7195.053208,7193.71912031502
321.84381,0.179478,-36.943598,7194.683769,7193.157982020385
321.85381,0.180011,-36.942939,7194.314336,7192.50893175966
321.86381,0.180551,-36.94228,7193.94491,7194.063323028821
321.87381,0.181098,-36.94162,7193.575491,7195.521576304046
321.88381,0.181651,-36.94096,7193.206078,7193.375021743015
321.89381,0.18221,-36.9403,7192.836672,7194.286237478794
321.90381,0.182775,-36.93964,7192.467272,7193.126933536179
321.91381,0.183346,-36.938979,7192.097879,7190.538365900257
321.92381,0.183924,-36.938319,7191.728492,7193.337501893269
321.93381,0.184506,-36.937658,7191.359112,7191.080967373467
321.94381,0.185095,-36.936997,7190.989739,7192.30649157175
321.95381,0.185689,-36.936335,7190.620372,7191.629207451715
321.96381,0.186289,-36.935674,7190.251012,7189.981149296189
321.97381,0.186894,-36.935012,7189.881659,7186.756986019614
321.98381,0.187504,-36.93435,7189.512312,7192.142858444833
321.99381,0.188119,-36.933688,7189.142972,7186.787423848319
322.00381,0.188739,-36.933026,7188.773638,7189.783882690046
322.01381,0.189364,-36.932363,7188.404311,7186.352877620519
322.02381,0.189994,-36.931701,7188.034991,7191.4973361166385
322.03381,0.190628,-36.931038,7187.665677,7189.881792537027
322.04381,0.191267,-36.930375,7187.29637,7185.409911812047
322.05381,0.191911,-36.929711,7186.92707,7187.618193089911
322.06381,0.192558,-36.929048,7186.557776,7187.684783643994
322.07381,0.19321,-36.928384,7186.188489,7187.089763402002
322.08381,0.193867,-36.92772,7185.819208,7185.394473812419
322.09381,0.194527,-36.927056,7185.449935,7187.3048263254
322.10381,0.195191,-36.926391,7185.080667,7186.101115245356
322.11381,0.195859,-36.925727,7184.711407,7184.03104810846
322.12381,0.196531,-36.925062,7184.342153,7184.709831319603
322.13381,0.197206,-36.924397,7183.972906,7186.002935325637
322.14381,0.197885,-36.923732,7183.603665,7181.274101083313
322.15381,0.198568,-36.923066,7183.234431,7183.782310447132
322.16381,0.199253,-36.922401,7182.865204,7182.963787012695
322.17381,0.199943,-36.921735,7182.495983,7182.4889406353
322.18381,0.200635,-36.921069,7182.126769,7182.046682908311
322.19381,0.201331,-36.920403,7181.757562,7183.823739528675
322.20381,0.202029,-36.919736,7181.388361,7183.5546067227615
322.21381,0.202731,-36.919069,7181.019167,7181.910870321914
322.22381,0.203435,-36.918403,7180.649979,7180.430726155387
322.23381,0.204143,-36.917735,7180.280799,7179.983371325653
322.24381,0.204853,-36.917068,7179.911625,7178.580843233591
322.25381,0.205565,-36.916401,7179.542457,7184.2572733919305
322.26381,0.206281,-36.915733,7179.173297,7176.547839092143
322.27381,0.206907,-36.915065,7178.804143,7180.053769804632
322.28381,0.207498,-36.914397,7178.434995,7180.170600284034
322.29381,0.208088,-36.913729,7178.065855,7180.087648947908
322.30381,0.208677,-36.91306,7177.696721,7178.2958334
322.31381,0.209264,-36.912392,7177.327594,7178.445059995529
322.32381,0.20985,-36.911723,7176.958473,7178.489848404135
322.33381,0.210434,-36.911054,7176.589359,7175.10587747056
322.34381,0.211017,-36.910385,7176.220252,7176.572444986816
322.35381,0.211599,-36.909715,7175.851151,7178.405041379747
322.36381,0.21218,-36.909046,7175.482058,7175.986495187936
322.37381,0.212759,-36.908376,7175.11297,7175.083957070514
322.38381,0.213337,-36.907706,7174.74389,7174.563681713468
322.39381,0.213913,-36.907036,7174.374816,7175.129610923082
322.40381,0.214488,-36.906366,7174.005749,7172.929781181585
322.41381,0.215062,-36.905696,7173.636689,7173.161080253435
322.42381,0.215635,-36.905025,7173.267635,7172.529303097408
322.43381,0.216206,-36.904354,7172.898589,7172.551445160995
322.44381,0.216776,-36.903684,7172.529548,7173.278162025323
322.45381,0.217345,-36.903013,7172.160515,7170.833064717937
322.46381,0.217912,-36.902341,7171.791488,7174.4615184045
322.47381,0.218478,-36.90167,7171.422468,7172.808292675686
322.48381,0.219043,-36.900998,7171.053455,7170.168692987729
322.49381,0.219613,-36.900327,7170.684448,7171.852958945484
322.50381,0.220183,-36.899654,7170.315448,7172.3790064299155
322.51381,0.220752,-36.898982,7169.946455,7172.006828302484
322.52381,0.221319,-36.898309,7169.577469,7170.823221295204
322.53381,0.221885,-36.897636,7169.208489,7171.203886379951
322.54381,0.222449,-36.896962,7168.839516,7168.55363882265
322.55381,0.223012,-36.896288,7168.47055,7169.886588267749
322.56381,0.223574,-36.895613,7168.10159,7168.842847609333
322.57381,0.224134,-36.894938,7167.732637,7166.094482869766
322.58381,0.224693,-36.894263,7167.363691,7167.610738303893
322.59381,0.225251,-36.893587,7166.994752,7164.7338401544885
322.60381,0.225807,-36.892911,7166.62582,7169.197445054705
322.61381,0.226362,-36.892235,7166.256894,7167.296499898234
322.62381,0.226916,-36.891558,7165.887975,7169.640414796349
322.63381,0.227468,-36.890881,7165.519063,7163.521084590314
322.64381,0.228019,-36.890203,7165.150157,7165.1223899849
322.65381,0.228569,-36.889525,7164.781259,7167.142455158592
322.66381,0.229117,-36.888847,7164.412367,7162.535951373074
322.67381,0.229664,-36.888169,7164.043482,7165.507311720487
322.68381,0.230209,-36.88749,7163.674603,7164.6359796731385
322.69381,0.230754,-36.88681,7163.305732,7164.265226267528
322.70381,0.231297,-36.886131,7162.936867,7163.576830355749
322.71381,0.231838,-36.885451,7162.568009,7163.960655912438
322.72381,0.232379,-36.88477,7162.199158,7164.324216377233
322.73381,0.232918,-36.884089,7161.830314,7163.229598416976
322.74381,0.233456,-36.883408,7161.461476,7163.411740990197
322.75381,0.233992,-36.882727,7161.092646,7162.397917615654
322.76381,0.234527,-36.882045,7160.723822,7160.087722613878
322.77381,0.235061,-36.881363,7160.355005,7162.533625481662
322.78381,0.235593,-36.88068,7159.986195,7162.484611758806
322.79381,0.236125,-36.879998,7159.617391,7158.497051639903
322.80381,0.236654,-36.879314,7159.248595,7158.55634548992
322.81381,0.237183,-36.878631,7158.879805,7162.315322564543
322.82381,0.23771,-36.877947,7158.511022,7159.084013201449
322.83381,0.238236,-36.877263,7158.142246,7160.677379241814
322.84381,0.238761,-36.876578,7157.773477,7157.471008960149
322.85381,0.239285,-36.875894,7157.404714,7157.300656459325
322.86381,0.239807,-36.875209,7157.035959,7157.643140887944
322.87381,0.240328,-36.874523,7156.66721,7157.955458372516
322.88381,0.240847,-36.873837,7156.298468,7156.986990294978
322.89381,0.241366,-36.873151,7155.929733,7157.512103973769
322.90381,0.241883,-36.872465,7155.561005,7154.401115222412
322.91381,0.242398,-36.871778,7155.192284,7156.248513490471
322.92381,0.242913,-36.871091,7154.82357,7153.287623170023
322.93381,0.243426,-36.870404,7154.454862,7154.47509242986
322.94381,0.243938,-36.869716,7154.086162,7153.862762350476
322.95381,0.244449,-36.869028,7153.717468,7154.77813730604
322.96381,0.244958,-36.86834,7153.348781,7153.32911947899
322.97381,0.245467,-36.867651,7152.980101,7156.050891926079
322.98381,0.245974,-36.866962,7152.611428,7151.505107354407
322.99381,0.246479,-36.866273,7152.242762,7153.945958977415
323.00381,0.246984,-36.865584,7151.874103,7154.117191987053
323.01381,0.247487,-36.864894,7151.50545,7153.413552785579
323.02381,0.247989,-36.864204,7151.136805,7152.317583132007
323.03381,0.24849,-36.863514,7150.768166,7148.523475139312
323.04381,0.24899,-36.862823,7150.399535,7153.168758216276
323.05381,0.249488,-36.862132,7150.03091,7150.360499847384
323.06381,0.249985,-36.861441,7149.662292,7150.907576942516
323.07381,0.250481,-36.860749,7149.293681,7147.302527196524
323.08381,0.250975,-36.860057,7148.925077,7150.0092405837895
323.09381,0.251469,-36.859365,7148.55648,7148.482057450824
323.10381,0.251961,-36.858673,7148.18789,7149.136085274725
323.11381,0.252452,-36.85798,7147.819306,7150.478901728247
323.12381,0.252942,-36.857287,7147.45073,7146.58501929569
323.13381,0.25343,-36.856594,7147.082161,7145.349037524369
323.14381,0.253918,-36.855901,7146.713598,7146.724710131969
323.15381,0.254404,-36.855207,7146.345043,7146.159612505938
323.16381,0.254889,-36.854513,7145.976494,7148.537346016608
323.17381,0.255372,-36.853819,7145.607952,7147.660895267655
323.18381,0.255855,-36.853124,7145.239418,7145.8688512859
323.19381,0.256336,-36.852429,7144.87089,7145.644612866819
323.20381,0.256816,-36.851734,7144.502369,7146.429200954831
323.21381,0.257295,-36.851039,7144.133855,7146.273327294893
323.22381,0.257773,-36.850344,7143.765348,7143.824851190952
323.23381,0.25825,-36.849648,7143.396848,7144.470420826648
323.24381,0.258725,-36.848952,7143.028355,7143.868291939259
323.25381,0.259199,-36.848255,7142.659869,7146.511600940019
323.26381,0.259672,-36.847559,7142.29139,7140.903364298134
323.27381,0.260144,-36.846862,7141.922918,7140.406261181791
323.28381,0.260615,-36.846165,7141.554453,7144.120680543341
323.29381,0.261084,-36.845467,7141.185995,7140.019760698692
323.30381,0.261553,-36.84477,7140.817544,7144.137991143275
323.31381,0.26202,-36.844072,7140.449099,7139.765048848204
323.32381,0.262486,-36.843374,7140.080662,7139.995114644197
323.33381,0.262951,-36.842675,7139.712232,7140.772675493346
323.34381,0.263414,-36.841977,7139.343809,7139.409623984141
323.35381,0.263877,-36.841278,7138.975392,7137.0127726918845
323.36381,0.264338,-36.840579,7138.606983,7140.017077264632
323.37381,0.264798,-36.83988,7138.238581,7138.657208931989
323.38381,0.265257,-36.83918,7137.870186,7136.883571847479
323.39381,0.265715,-36.83848,7137.501797,7137.743809551859
323.40381,0.266172,-36.83778,7137.133416,7139.474199366057
323.41381,0.266628,-36.83708,7136.765042,7138.325598951981
323.42381,0.267082,-36.83638,7136.396674,7137.399448260057
323.43381,0.267536,-36.835679,7136.028314,7138.001441819112
323.44381,0.267988,-36.834978,7135.659961,7134.760985810345
323.45381,0.268439,-36.834277,7135.291614,7135.363124222722
323.46381,0.268889,-36.833576,7134.923275,7136.133338574452
323.47381,0.269338,-36.832874,7134.554943,7133.643020807833
323.48381,0.269786,-36.832172,7134.186618,7133.375944934795
323.49381,0.270232,-36.83147,7133.8183,7132.8096873988225
323.50381,0.270678,-36.830768,7133.449988,7135.497438200906
323.51381,0.271122,-36.830066,7133.081684,7130.8144400050605
323.52381,0.271566,-36.829363,7132.713387,7132.991690928831
323.53381,0.272008,-36.82866,7132.345097,7133.306817431341
323.54381,0.272449,-36.827957,7131.976814,7133.929653827967
323.55381,0.272889,-36.827254,7131.608538,7129.593018316039
323.56381,0.273328,-36.82655,7131.240269,7132.337676066847
323.57381,0.273765,-36.825846,7130.872007,7130.819202643973
323.58381,0.274202,-36.825143,7130.503752,7133.997621344541
323.59381,0.274638,-36.824438,7130.135504,7131.590360237751
323.60381,0.275072,-36.823734,7129.767263,7129.410283981714
323.61381,0.275505,-36.82303,7129.399029,7129.89198764252
323.62381,0.275938,-36.822325,7129.030802,7129.052635281321
323.63381,0.276369,-36.82162,7128.662583,7129.434308460534
323.64381,0.276799,-36.820915,7128.29437,7128.717362690894
323.65381,0.277228,-36.82021,7127.926164,7129.218323286347
323.66381,0.277656,-36.819504,7127.557966,7129.44690825999
323.67381,0.278083,-36.818798,7127.189774,7127.414900355577
323.68381,0.278394,-36.818093,7126.82159,7128.945697088302
323.69381,0.278501,-36.817387,7126.453412,7125.172459478494
323.70381,0.278608,-36.816681,7126.085242,7128.27255192418
323.71381,0.278714,-36.815974,7125.717079,7126.043017687299
323.72381,0.278821,-36.815268,7125.348923,7126.985765187561
323.73381,0.278927,-36.814562,7124.980774,7124.5549771713595
323.74381,0.279033,-36.813855,7124.612631,7126.293583500762
323.75381,0.279139,-36.813149,7124.244496,7126.122740401943
323.76381,0.279245,-36.812442,7123.876368,7124.243042562823
323.77381,0.27935,-36.811735,7123.508248,7124.648624054159
323.78381,0.279455,-36.811029,7123.140134,7125.102173489228
323.79381,0.27956,-36.810322,7122.772027,7124.642735588576
323.80381,0.279665,-36.809615,7122.403927,7123.2723865734315
323.81381,0.279769,-36.808908,7122.035835,7124.0493330223135
323.82381,0.279874,-36.8082,7121.667749,7120.617907846197
323.83381,0.279978,-36.807493,7121.299671,7120.819138602617
323.84381,0.280082,-36.806786,7120.931599,7120.463150667158
323.85381,0.280185,-36.806078,7120.563535,7121.10600088318
323.86381,0.280289,-36.805371,7120.195478,7121.168316029391
323.87381,0.280392,-36.804663,7119.827428,7119.272258084156
323.88381,0.280495,-36.803955,7119.459384,7121.687491074827
323.89381,0.280598,-36.803248,7119.091348,7119.336683574301
323.90381,0.2807,-36.80254,7118.72332,7118.7817426701085
323.91381,0.280803,-36.801832,7118.355298,7116.735670051379
323.92381,0.280905,-36.801124,7117.987283,7118.86472676852
323.93381,0.281006,-36.800416,7117.619275,7116.673429398595
323.94381,0.281108,-36.799708,7117.251275,7119.172278709374
323.95381,0.281209,-36.799,7116.883281,7118.760125972617
323.96381,0.281311,-36.798291,7116.515295,7117.605022845701
323.97381,0.281411,-36.797583,7116.147315,7117.749274067429
323.98381,0.281512,-36.796874,7115.779343,7117.31795525583
323.99381,0.281613,-36.796166,7115.411378,7114.859456661224
324.00381,0.281713,-36.795457,7115.04342,7116.605012851558
324.01381,0.281813,-36.794749,7114.675469,7113.619910421123
324.02381,0.281913,-36.79404,7114.307525,7116.401377905007
324.03381,0.282013,-36.793331,7113.939588,7113.720726031228
324.04381,0.282112,-36.792622,7113.571658,7113.608500535395
324.05381,0.282212,-36.791913,7113.203735,7114.384089216761
324.06381,0.282311,-36.791204,7112.83582,7112.951076906613
324.07381,0.282409,-36.790495,7112.467911,7110.883776222678
324.08381,0.282508,-36.789786,7112.10001,7109.588037298092
324.09381,0.282606,-36.789077,7111.732116,7114.227168163682
324.10381,0.282705,-36.788368,7111.364228,7114.429275480201
324.11381,0.282803,-36.787659,7110.996348,7112.55800165951
324.12381,0.2829,-36.786949,7110.628475,7111.563931479064
324.13381,0.282998,-36.78624,7110.260609,7113.5255474026135
324.14381,0.283095,-36.78553,7109.89275,7111.805985116383
324.15381,0.283192,-36.784821,7109.524899,7110.586584406466
324.16381,0.283289,-36.784111,7109.157054,7110.926243178595
324.17381,0.283386,-36.783402,7108.789216,7109.386494557196
324.18381,0.283483,-36.782692,7108.421386,7111.429747459929
324.19381,0.283579,-36.781982,7108.053563,7107.920627706087
324.20381,0.283675,-36.781272,7107.685746,7111.9730330857
324.21381,0.283771,-36.780562,7107.317937,7107.458718868998
324.22381,0.283867,-36.779852,7106.950135,7108.710944277975
324.23381,0.283962,-36.779142,7106.58234,7106.895101882036
324.24381,0.284057,-36.778432,7106.214552,7106.371160761658
324.25381,0.284152,-36.777722,7105.846771,7108.340861476636
324.26381,0.284247,-36.777012,7105.478998,7108.235501435935
324.27381,0.284342,-36.776302,7105.111231,7106.701173444941
324.28381,0.284436,-36.775592,7104.743472,7101.803399113363
324.29381,0.284531,-36.774881,7104.375719,7104.565814711418
324.30381,0.284625,-36.774171,7104.007974,7105.670713662667
324.31381,0.284718,-36.773461,7103.640236,7105.383995438812
324.32381,0.284812,-36.77275,7103.272505,7106.491845904178
324.33381,0.284905,-36.77204,7102.904781,7103.862382252334
324.34381,0.284999,-36.771329,7102.537064,7103.837647203661
324.35381,0.285092,-36.770618,7102.169354,7103.41263316987
324.36381,0.285184,-36.769908,7101.801652,7102.989846356929
324.37381,0.285277,-36.769197,7101.433956,7100.287695880549
324.38381,0.285369,-36.768486,7101.066268,7102.282087894621
324.39381,0.285461,-36.767775,7100.698586,7099.114483491667
324.40381,0.285553,-36.767065,7100.330912,7101.036332231897
324.41381,0.285645,-36.766354,7099.963245,7099.6554568842885
324.42381,0.285737,-36.765643,7099.595585,7102.044012494902
324.43381,0.285828,-36.764932,7099.227932,7099.976323932011
324.44381,0.285919,-36.764221,7098.860287,7100.0289191791
324.45381,0.28601,-36.76351,7098.492648,7103.081612427086
324.46381,0.286101,-36.762799,7098.125016,7098.820012906966
324.47381,0.286191,-36.762088,7097.757392,7099.708556510462
324.48381,0.286282,-36.761376,7097.389775,7099.423525291181
324.49381,0.286372,-36.760665,7097.022164,7096.209298836241
324.50381,0.286462,-36.759954,7096.654561,7098.575325885128
324.51381,0.286552,-36.759243,7096.286965,7097.505796289489
324.52381,0.286641,-36.758531,7095.919376,7096.901566555884
324.53381,0.28673,-36.75782,7095.551795,7097.031434087021
324.54381,0.286819,-36.757108,7095.18422,7095.35118733259
324.55381,0.286908,-36.756397,7094.816652,7093.328173297516
324.56381,0.286997,-36.755685,7094.449092,7093.707345005076
324.57381,0.287086,-36.754974,7094.081539,7094.800927207508
324.58381,0.287174,-36.754262,7093.713993,7094.159449788424
324.59381,0.287262,-36.753551,7093.346454,7091.194862687813
324.60381,0.28735,-36.752839,7092.978922,7093.626909740349
324.61381,0.287438,-36.752128,7092.611397,7089.836878881963
324.62381,0.287525,-36.751416,7092.243879,7093.408477588101
324.63381,0.287613,-36.750704,7091.876368,7093.59276254008
324.64381,0.2877,-36.749992,7091.508865,7090.901863839244
324.65381,0.287787,-36.749281,7091.141369,7090.92758244489
324.66381,0.287873,-36.748569,7090.773879,7091.8541518341435
324.67381,0.28796,-36.747857,7090.406397,7094.1027978504835
324.68381,0.288046,-36.747145,7090.038922,7090.58927530524
324.69381,0.288132,-36.746433,7089.671454,7092.221620180518
324.70381,0.288218,-36.745721,7089.303994,7091.1879862268825
324.71381,0.288304,-36.745009,7088.93654,7086.456641849751
324.72381,0.28839,-36.744297,7088.569093,7088.215793588399
324.73381,0.288475,-36.743585,7088.201654,7085.7130953307515
324.74381,0.28856,-36.742873,7087.834222,7091.71305622164
324.75381,0.288645,-36.742161,7087.466796,7086.818918855246
324.76381,0.28873,-36.741449,7087.099378,7085.873127908762
324.77381,0.288814,-36.740737,7086.731967,7086.1215891980255
324.78381,0.288899,-36.740025,7086.364564,7088.87972224009
324.79381,0.288983,-36.739312,7085.997167,7087.296513250376
324.80381,0.289067,-36.7386,7085.629777,7086.519291910161
324.81381,0.289151,-36.737888,7085.262395,7087.65301680751
324.82381,0.289234,-36.737176,7084.89502,7081.626870064785
324.83381,0.289318,-36.736463,7084.527651,7084.734382343253
324.84381,0.289401,-36.735751,7084.16029,7082.931454770982
324.85381,0.289484,-36.735039,7083.792936,7085.519770799193
324.86381,0.289567,-36.734326,7083.42559,7084.323214042357
324.87381,0.289649,-36.733614,7083.05825,7081.993027497286
324.88381,0.289732,-36.732902,7082.690917,7083.782172444714
324.89381,0.289814,-36.732189,7082.323592,7083.736727403048
324.90381,0.289896,-36.731477,7081.956274,7081.631444163952
324.91381,0.289978,-36.730764,7081.588962,7082.184875068301
324.92381,0.29006,-36.730052,7081.221658,7080.786398725086
324.93381,0.290141,-36.729339,7080.854361,7082.900477527564
324.94381,0.290222,-36.728627,7080.487072,7081.011205117408
324.95381,0.290303,-36.727914,7080.119789,7079.59137124895
324.96381,0.290384,-36.727202,7079.752513,7081.106577716194
324.97381,0.290465,-36.726489,7079.385245,7078.689361003643
324.98381,0.290546,-36.725777,7079.017983,7078.995417875998
324.99381,0.290626,-36.725064,7078.650729,7081.24498200466
325.00381,0.290706,-36.724351,7078.283482,7079.816190565369
325.01381,0.290786,-36.723639,7077.916242,7081.082307018361
325.02381,0.290866,-36.722926,7077.549009,7075.0530681642085
325.03381,0.290945,-36.722213,7077.181784,7076.953213192787
325.04381,0.291025,-36.721501,7076.814565,7079.021127967563
325.05381,0.291104,-36.720788,7076.447354,7076.771555371056
325.06381,0.291183,-36.720075,7076.080149,7076.645689491483
325.07381,0.291262,-36.719363,7075.712952,7076.15496077328
325.08381,0.29134,-36.71865,7075.345762,7076.245329023618
325.09381,0.291419,-36.717937,7074.978579,7073.278179629994
325.10381,0.291497,-36.717224,7074.611403,7077.207474587383
325.11381,0.291575,-36.716512,7074.244235,7075.099474248484
325.12381,0.291653,-36.715799,7073.877073,7073.216405031646
325.13381,0.291731,-36.715086,7073.509919,7073.498369038279
325.14381,0.291809,-36.714373,7073.142771,7073.569994498312
325.15381,0.291886,-36.713661,7072.775631,7074.058111810802
325.16381,0.291963,-36.712948,7072.408498,7073.21074799541
325.17381,0.29204,-36.712235,7072.041372,7073.159606143475
325.18381,0.292117,-36.711522,7071.674253,7071.402142408854
325.19381,0.292193,-36.710809,7071.307142,7070.597297351591
325.20381,0.29227,-36.710096,7070.940037,7071.748390528423
325.21381,0.292346,-36.709384,7070.57294,7071.854234002099
325.22381,0.292422,-36.708671,7070.20585,7072.568863455993
325.23381,0.292498,-36.707958,7069.838766,7070.390015896557
325.24381,0.292574,-36.707245,7069.47169,7067.941921753285
325.25381,0.292649,-36.706532,7069.104622,7070.891320591921
325.26381,0.292725,-36.705819,7068.73756,7069.701705789081
325.27381,0.2928,-36.705106,7068.370505,7069.992428744595
325.28381,0.292875,-36.704393,7068.003458,7068.445005674152
325.29381,0.29295,-36.70368,7067.636417,7067.668458066876
325.30381,0.293024,-36.702967,7067.269384,7069.220979876534
325.31381,0.293099,-36.702255,7066.902358,7070.060212562977
325.32381,0.293173,-36.701542,7066.535339,7065.441322467117
325.33381,0.293247,-36.700829,7066.168327,7066.068055208906
325.34381,0.293321,-36.700116,7065.801322,7066.107544774414
325.35381,0.293395,-36.699403,7065.434325,7065.907310351595
325.36381,0.293468,-36.69869,7065.067334,7067.76642700573
325.37381,0.293542,-36.697977,7064.700351,7066.117848383799
325.38381,0.293615,-36.697264,7064.333375,7064.9267627499785
325.39381,0.293688,-36.696551,7063.966406,7063.6903994034155
325.40381,0.293761,-36.695838,7063.599444,7061.102275103776
325.41381,0.293833,-36.695125,7063.232489,7066.329498286246
325.42381,0.293906,-36.694412,7062.865541,7063.634913097206
325.43381,0.293978,-36.693699,7062.498601,7065.660395897657
325.44381,0.29405,-36.692986,7062.131667,7060.967158018824
325.45381,0.294122,-36.692273,7061.764741,7062.778619810733
325.46381,0.294194,-36.69156,7061.397822,7061.015432851972
325.47381,0.294266,-36.690848,7061.03091,7065.21878522442
325.48381,0.294337,-36.690135,7060.664005,7059.891549932468
325.49381,0.294408,-36.689422,7060.297107,7061.590112032308
325.50381,0.294479,-36.688709,7059.930216,7061.704896810994
325.51381,0.29455,-36.687996,7059.563333,7059.843420216065
325.52381,0.294621,-36.687283,7059.196457,7057.497933322067
325.53381,0.294692,-36.68657,7058.829587,7059.432598104554
325.54381,0.294762,-36.685857,7058.462725,7058.597060846925
325.55381,0.294832,-36.685144,7058.09587,7060.166931969237
325.56381,0.294902,-36.684431,7057.729022,7059.220694650172
325.57381,0.294972,-36.683718,7057.362182,7058.768510139977
325.58381,0.295042,-36.683005,7056.995348,7055.127654989493
325.59381,0.295111,-36.682292,7056.628521,7058.634019924634
325.60381,0.295181,-36.681579,7056.261702,7057.084364339717
325.61381,0.29525,-36.680867,7055.89489,7056.485551161263
325.62381,0.295319,-36.680154,7055.528085,7051.668365052417
325.63381,0.295388,-36.679441,7055.161287,7058.487144204721
325.64381,0.295457,-36.678728,7054.794496,7058.474056218669
325.65381,0.295525,-36.678015,7054.427712,7059.26872657944
325.66381,0.295593,-36.677302,7054.060936,7054.916225367108
325.67381,0.295662,-36.676589,7053.694166,7054.883565779058
325.68381,0.29573,-36.675876,7053.327404,7053.776096916894
325.69381,0.295797,-36.675164,7052.960649,7052.986586077399
325.70381,0.295865,-36.674451,7052.593901,7050.124036772571
325.71381,0.295933,-36.673738,7052.22716,7053.745573347376
325.72381,0.296,-36.673025,7051.860426,7053.4075503808845
325.73381,0.296067,-36.672312,7051.493699,7051.469365720626
325.74381,0.296134,-36.6716,7051.12698,7049.749290303099
325.75381,0.296201,-36.670887,7050.760267,7050.76285870913
325.76381,0.296268,-36.670174,7050.393562,7052.955088113531
325.77381,0.296334,-36.669461,7050.026864,7051.315445505065
325.78381,0.2964,-36.668748,7049.660173,7049.837767405986
325.79381,0.296467,-36.668036,7049.293489,7050.060056296913
325.80381,0.296533,-36.667323,7048.926812,7048.742224345255
325.81381,0.296599,-36.66661,7048.560142,7049.18272924895
325.82381,0.296664,-36.665898,7048.19348,7047.161669364729
325.83381,0.29673,-36.665185,7047.826824,7049.179611647005
325.84381,0.296795,-36.664472,7047.460176,7049.095920049832
325.85381,0.29686,-36.663759,7047.093535,7047.926813282939
325.86381,0.296925,-36.663047,7046.726901,7047.48731039513
325.87381,0.29699,-36.662334,7046.360274,7047.332981604276
325.88381,0.297055,-36.661622,7045.993654,7049.374120249163
325.89381,0.297119,-36.660909,7045.627041,7045.105807595145
325.90381,0.297184,-36.660196,7045.260436,7045.179960273931
325.91381,0.297248,-36.659484,7044.893838,7043.527831926568
325.92381,0.297312,-36.658771,7044.527246,7042.984151854202
325.93381,0.297376,-36.658059,7044.160662,7043.574808180395
325.94381,0.29744,-36.657346,7043.794085,7043.668115458479
325.95381,0.297503,-36.656633,7043.427515,7044.279266413322
325.96381,0.297567,-36.655921,7043.060952,7043.7486359939885
325.97381,0.29763,-36.655208,7042.694397,7044.6997153533175
325.98381,0.297693,-36.654496,7042.327848,7043.427747512024
325.99381,0.297756,-36.653783,7041.961307,7044.36785590831
326.00381,0.297819,-36.653071,7041.594773,7041.079300693879
326.01381,0.297881,-36.652358,7041.228245,7042.283593407491
326.02381,0.297944,-36.651646,7040.861725,7038.363570489456
326.03381,0.298006,-36.650934,7040.495213,7040.643719608449
326.04381,0.298068,-36.650221,7040.128707,7041.927106150475
326.05381,0.29813,-36.649509,7039.762208,7040.330658373874
326.06381,0.298192,-36.648796,7039.395717,7040.010014345034
326.07381,0.298254,-36.648084,7039.029232,7039.063977966752
326.08381,0.298315,-36.647372,7038.662755,7038.664323304697
326.09381,0.298376,-36.646659,7038.296285,7037.713891500536
326.10381,0.298438,-36.645947,7037.929822,7040.438774557251
326.11381,0.298499,-36.645235,7037.563366,7036.871980322386
326.12381,0.29856,-36.644523,7037.196917,7039.182270614363
326.13381,0.29862,-36.64381,7036.830475,7035.281993445528
326.14381,0.298681,-36.643098,7036.464041,7035.277954342755
326.15381,0.298741,-36.642386,7036.097613,7038.11249488258
326.16381,0.298802,-36.641674,7035.731193,7038.3416446899355
326.17381,0.298862,-36.640962,7035.36478,7036.793352279956
326.18381,0.298922,-36.64025,7034.998374,7037.961878571912
326.19381,0.298982,-36.639537,7034.631975,7036.018889412251
326.20381,0.299041,-36.638825,7034.265583,7035.903677845976
326.21381,0.299101,-36.638113,7033.899198,7034.161333312733
326.22381,0.29916,-36.637401,7033.532821,7032.260539062139
326.23381,0.299219,-36.636689,7033.16645,7030.052343568372
326.24381,0.299278,-36.635977,7032.800087,7033.005292271331
326.25381,0.299337,-36.635265,7032.433731,7033.570779667942
326.26381,0.299396,-36.634553,7032.067382,7033.399351704196
326.27381,0.299454,-36.633841,7031.70104,7032.990604331677
326.28381,0.299513,-36.633129,7031.334705,7033.7941160635455
326.29381,0.299571,-36.632417,7030.968377,7031.882400865952
326.30381,0.299629,-36.631706,7030.602057,7029.654036909165
326.31381,0.299687,-36.630994,7030.235743,7031.7224239353845
326.32381,0.299745,-36.630282,7029.869437,7032.549063359914
326.33381,0.299803,-36.62957,7029.503137,7031.086176428449
326.34381,0.29986,-36.628858,7029.136845,7032.580935666489
326.35381,0.299918,-36.628146,7028.77056,7029.70239704198
326.36381,0.299975,-36.627435,7028.404282,7031.591660307621
326.37381,0.300032,-36.626723,7028.038012,7026.556435409994
326.38381,0.300089,-36.626011,7027.671748,7028.72213473836
326.39381,0.300146,-36.6253,7027.305491,7025.4843522765
326.40381,0.300203,-36.624588,7026.939242,7029.627152096434
326.41381,0.300259,-36.623876,7026.573,7028.30489739368
326.42381,0.300315,-36.623165,7026.206764,7026.5781776003205
326.43381,0.300372,-36.622453,7025.840536,7028.189218585419
326.44381,0.300428,-36.621742,7025.474315,7025.317455963378
326.45381,0.300484,-36.62103,7025.108101,7027.689808871634
326.46381,0.300539,-36.620319,7024.741895,7028.293412137459
326.47381,0.300595,-36.619607,7024.375695,7024.240512641011
326.48381,0.300651,-36.618896,7024.009503,7024.979792778447
326.49381,0.300706,-36.618184,7023.643317,7025.545405923142
326.50381,0.300761,-36.617473,7023.277139,7026.16599383479
326.51381,0.300816,-36.616762,7022.910968,7023.411248734275
326.52381,0.300871,-36.61605,7022.544804,7021.472603965615
326.53381,0.300926,-36.615339,7022.178647,7023.9597388901175
326.54381,0.30098,-36.614628,7021.812497,7022.099254946575
326.55381,0.301035,-36.613916,7021.446354,7022.797642749514
326.56381,0.301089,-36.613205,7021.080219,7025.64686334423
326.57381,0.301144,-36.612494,7020.71409,7019.82048881664
326.58381,0.301198,-36.611783,7020.347969,7020.8332341307005
326.59381,0.301251,-36.611072,7019.981854,7023.320472632703
326.60381,0.301305,-36.610361,7019.615747,7020.41908766302
326.61381,0.301359,-36.60965,7019.249647,7017.722769164787
326.62381,0.301412,-36.608938,7018.883554,7019.366368908347
326.63381,0.301466,-36.608227,7018.517468,7018.954608204299
326.64381,0.301519,-36.607516,7018.15139,7019.5081788387015
326.65381,0.301572,-36.606806,7017.785318,7017.482237714985
326.66381,0.301625,-36.606095,7017.419254,7019.750046667579
326.67381,0.301678,-36.605384,7017.053196,7016.737716693321
326.68381,0.30173,-36.604673,7016.687146,7016.285186912783
326.69381,0.301783,-36.603962,7016.321103,7017.8023887753625
326.70381,0.301835,-36.603251,7015.955067,7016.404245529837
326.71381,0.301888,-36.60254,7015.589038,7014.218159563659
326.72381,0.30194,-36.60183,7015.223016,7018.749596394719
326.73381,0.301992,-36.601119,7014.857001,7015.806112694989
326.74381,0.302043,-36.600408,7014.490993,7017.953903123483
326.75381,0.302095,-36.599697,7014.124993,7015.20649052807
326.76381,0.302147,-36.598987,7013.759,7015.015071580859
326.77381,0.302198,-36.598276,7013.393013,7014.3067778040595
326.78381,0.302249,-36.597566,7013.027034,7016.55446680288
326.79381,0.3023,-36.596855,7012.661062,7013.720186337458
326.80381,0.302351,-36.596145,7012.295097,7012.882347693994
326.81381,0.302402,-36.595434,7011.929139,7014.746285617017
326.82381,0.302453,-36.594724,7011.563188,7015.497579626538
326.83381,0.302504,-36.594013,7011.197245,7010.524793975335
326.84381,0.302554,-36.593303,7010.831308,7009.4827586398205
326.85381,0.302604,-36.592593,7010.465378,7011.408725565465
326.86381,0.302655,-36.591882,7010.099456,7010.948418133581
326.87381,0.302705,-36.591172,7009.733541,7011.128526352428
326.88381,0.302755,-36.590462,7009.367633,7010.628796954854
326.89381,0.302804,-36.589752,7009.001732,7010.069682006236
326.90381,0.302854,-36.589041,7008.635838,7011.070500843903
326.91381,0.302904,-36.588331,7008.269951,7007.024233007125
326.92381,0.302953,-36.587621,7007.904071,7009.778905865086
326.93381,0.303002,-36.586911,7007.538198,7009.917538068803
326.94381,0.303051,-36.586201,7007.172333,7008.158234696296
326.95381,0.3031,-36.585491,7006.806474,7009.179823126429
326.96381,0.303149,-36.584781,7006.440623,7005.872321559061
326.97381,0.303198,-36.584071,7006.074779,7006.365602351358
326.98381,0.303247,-36.583361,7005.708942,7004.0496583662925
326.99381,0.303295,-36.582651,7005.343111,7007.861395744239
327.00381,0.303343,-36.581941,7004.977289,7001.953248856111
327.01381,0.303392,-36.581232,7004.611473,7004.929339667155
327.02381,0.30344,-36.580522,7004.245664,7004.769542862287
327.03381,0.303488,-36.579812,7003.879862,7006.031398825606
327.04381,0.303536,-36.579102,7003.514068,7005.581099024635
327.05381,0.303583,-36.578393,7003.14828,7003.7374701196095
327.06381,0.303631,-36.577683,7002.7825,7001.2814491522395
327.07381,0.303678,-36.576973,7002.416726,7002.882492144993
327.08381,0.303726,-36.576264,7002.05096,6999.7878453651565
327.09381,0.303773,-36.575554,7001.685201,7001.950722016704
327.10381,0.30382,-36.574845,7001.319449,7000.125892250329
327.11381,0.303867,-36.574135,7000.953704,7003.106179673069
327.12381,0.303914,-36.573426,7000.587967,6999.65268074394
327.13381,0.30396,-36.572717,7000.222236,7000.610763694086
327.14381,0.304007,-36.572007,6999.856512,6999.636610584713
327.15381,0.304053,-36.571298,6999.490796,6998.764184720211
327.16381,0.3041,-36.570589,6999.125086,7001.789563719625
327.17381,0.304146,-36.56988,6998.759384,7000.95866793744
327.18381,0.304192,-36.56917,6998.393689,6997.837657649014
327.19381,0.304238,-36.568461,6998.028,6999.183552038431
327.20381,0.304283,-36.567752,6997.662319,6997.990098296314
327.21381,0.304329,-36.567043,6997.296645,6998.64077779698
327.22381,0.304375,-36.566334,6996.930979,6996.995496267606
327.23381,0.30442,-36.565625,6996.565319,6999.09147556476
327.24381,0.304465,-36.564916,6996.199666,6995.300534041233
327.25381,0.304511,-36.564207,6995.83402,6999.0124125575585
327.26381,0.304556,-36.563498,6995.468382,6997.322351432373
327.27381,0.304601,-36.562789,6995.10275,6994.33277142715
327.28381,0.304645,-36.56208,6994.737126,6994.4412784686965
327.29381,0.30469,-36.561372,6994.371509,6993.902745712935
327.30381,0.304735,-36.560663,6994.005899,6992.93875763699
327.31381,0.304779,-36.559954,6993.640296,6991.092102839626
327.32381,0.304823,-36.559246,6993.2747,6993.80980505241
327.33381,0.304868,-36.558537,6992.909111,6993.769465098458
327.34381,0.304912,-36.557828,6992.543529,6990.61814295482
327.35381,0.304956,-36.55712,6992.177954,6991.848172226691
327.36381,0.305,-36.556411,6991.812386,6994.474687634429
327.37381,0.305043,-36.555703,6991.446826,6991.465538879502
327.38381,0.305087,-36.554994,6991.081272,6992.72542406085
327.39381,0.30513,-36.554286,6990.715726,6992.020260971695
327.40381,0.305174,-36.553578,6990.350187,6990.993784579422
327.41381,0.305217,-36.552869,6989.984654,6994.369743386465
327.42381,0.30526,-36.552161,6989.619129,6990.1898633399705
327.43381,0.305303,-36.551453,6989.253611,6987.064767394218
327.44381,0.305346,-36.550745,6988.8881,6989.916437993186
327.45381,0.305389,-36.550036,6988.522596,6988.100517739975
327.46381,0.305431,-36.549328,6988.1571,6989.100978214517
327.47381,0.305474,-36.54862,6987.79161,6990.4267476724635
327.48381,0.305516,-36.547912,6987.426127,6986.365673048196
327.49381,0.305559,-36.547204,6987.060652,6984.501644580625
327.50381,0.305601,-36.546496,6986.695183,6984.97953604836
327.51381,0.305643,-36.545788,6986.329722,6986.854178228604
327.52381,0.305685,-36.545081,6985.964267,6986.726248977385
327.53381,0.305727,-36.544373,6985.59882,6986.416206771307
327.54381,0.305768,-36.543665,6985.23338,6986.265680932813
327.55381,0.30581,-36.542957,6984.867947,6987.66705697573
327.56381,0.305851,-36.54225,6984.502521,6984.159878125243
327.57381,0.305893,-36.541542,6984.137102,6986.557269014642
327.58381,0.305934,-36.540834,6983.77169,6986.053995893274
327.59381,0.305975,-36.540127,6983.406285,6983.856503708372
327.60381,0.306016,-36.539419,6983.040887,6983.285535725193
327.61381,0.306057,-36.538712,6982.675497,6983.483852251383
327.62381,0.306098,-36.538004,6982.310113,6984.43794113294
327.63381,0.306138,-36.537297,6981.944737,6980.149356740662
327.64381,0.306179,-36.536589,6981.579367,6981.216710849775
327.65381,0.306219,-36.535882,6981.214005,6982.056114100235
327.66381,0.30626,-36.535175,6980.848649,6982.531929532953
327.67381,0.3063,-36.534468,6980.483301,6981.398896143145
327.68381,0.30634,-36.53376,6980.11796,6976.730815452767
327.69381,0.30638,-36.533053,6979.752626,6979.605337924188
327.70381,0.30642,-36.532346,6979.387299,6981.0237919145375
327.71381,0.30646,-36.531639,6979.021979,6981.929801838318
327.72381,0.306499,-36.530932,6978.656666,6981.718738407454
327.73381,0.306539,-36.530225,6978.29136,6979.738792476448
327.74381,0.306578,-36.529518,6977.926062,6980.292753053118
327.75381,0.306618,-36.528811,6977.56077,6977.793653670402
327.76381,0.306657,-36.528104,6977.195486,6978.471432175955
327.77381,0.306696,-36.527397,6976.830208,6977.809786453091
327.78381,0.306735,-36.526691,6976.464938,6976.599972562709
327.79381,0.306774,-36.525984,6976.099674,6976.657124062756
327.80381,0.306813,-36.525277,6975.734418,6978.663885244971
327.81381,0.306851,-36.524571,6975.369169,6974.574962171006
327.82381,0.30689,-36.523864,6975.003927,6976.1904572266
327.83381,0.306928,-36.523158,6974.638691,6974.792370461492
327.84381,0.306967,-36.522451,6974.273463,6971.933959963157
327.85381,0.307005,-36.521745,6973.908242,6976.026009277357
327.86381,0.307043,-36.521038,6973.543028,6972.215410185688
327.87381,0.307081,-36.520332,6973.177822,6972.732674545691
327.88381,0.307119,-36.519625,6972.812622,6974.171444521207
327.89381,0.307157,-36.518919,6972.447429,6971.112736297213
327.90381,0.307195,-36.518213,6972.082243,6972.886989652829
327.91381,0.307232,-36.517507,6971.717065,6974.10160906869
327.92381,0.30727,-36.516801,6971.351893,6969.962720510018
327.93381,0.307307,-36.516094,6970.986729,6972.639800449563
327.94381,0.307344,-36.515388,6970.621571,6969.868688085306
327.95381,0.307381,-36.514682,6970.256421,6968.986247382641
327.96381,0.307418,-36.513976,6969.891278,6967.739675593224
327.97381,0.307455,-36.51327,6969.526142,6972.406591918739
327.98381,0.307492,-36.512565,6969.161012,6970.671610142994
327.99381,0.307529,-36.511859,6968.79589,6971.3430145155135
328.00381,0.307566,-36.511153,6968.430775,6970.740266564618
328.01381,0.307602,-36.510447,6968.065667,6968.851651446556
328.02381,0.307639,-36.509741,6967.700566,6969.354210203876
328.03381,0.307675,-36.509036,6967.335472,6964.844510217799
328.04381,0.307711,-36.50833,6966.970386,6969.388606878535
328.05381,0.307747,-36.507625,6966.605306,6965.3744340012045
328.06381,0.307783,-36.506919,6966.240233,6967.113668502428
328.07381,0.307819,-36.506214,6965.875167,6969.429279991565
328.08381,0.307855,-36.505508,6965.510109,6965.719720630071
328.09381,0.307891,-36.504803,6965.145057,6965.622940007752
328.10381,0.307926,-36.504097,6964.780013,6963.868672764567
328.11381,0.307962,-36.503392,6964.414975,6967.0995740121025
328.12381,0.307997,-36.502687,6964.049945,6965.397086777176
328.13381,0.308032,-36.501982,6963.684922,6965.755435035153
328.14381,0.308068,-36.501277,6963.319905,6966.624902386487
328.15381,0.308103,-36.500571,6962.954896,6961.823993474946
328.16381,0.308138,-36.499866,6962.589894,6963.924886957841
328.17381,0.308173,-36.499161,6962.224899,6963.34743389116
328.18381,0.308207,-36.498456,6961.859911,6963.129511413995
328.19381,0.308242,-36.497751,6961.49493,6961.589062178322
328.20381,0.308277,-36.497047,6961.129956,6961.9286707379215
328.21381,0.308311,-36.496342,6960.764989,6960.754073595829
328.22381,0.308345,-36.495637,6960.400029,6961.48907071363
328.23381,0.30838,-36.494932,6960.035076,6962.020373993751
328.24381,0.308414,-36.494228,6959.67013,6963.384841905285
328.25381,0.308448,-36.493523,6959.305191,6962.374823998233
328.26381,0.308482,-36.492818,6958.94026,6961.433055776462
328.27381,0.308516,-36.492114,6958.575335,6960.556564192179
328.28381,0.30855,-36.491409,6958.210417,6959.305344363251
328.29381,0.308583,-36.490705,6957.845507,6959.026209037142
328.30381,0.308617,-36.49,6957.480603,6959.243682174232
328.31381,0.30865,-36.489296,6957.115707,6959.74771453612
328.32381,0.308684,-36.488592,6956.750817,6956.229739169128
328.33381,0.308717,-36.487887,6956.385935,6958.801445153805
328.34381,0.30875,-36.487183,6956.02106,6956.075177178199
328.35381,0.308783,-36.486479,6955.656191,6956.670336623152
328.36381,0.308816,-36.485775,6955.29133,6956.495929318382
328.37381,0.308849,-36.485071,6954.926476,6954.413368982576
328.38381,0.308882,-36.484367,6954.561629,6955.0878419347155
328.39381,0.308915,-36.483663,6954.196788,6953.346290811361
328.40381,0.308948,-36.482959,6953.831955,6955.127690540588
328.41381,0.30898,-36.482255,6953.467129,6956.018462738303
328.42381,0.309013,-36.481551,6953.10231,6952.795475479603
328.43381,0.309045,-36.480847,6952.737498,6952.811284149952
328.44381,0.309077,-36.480144,6952.372693,6952.865018627474
328.45381,0.309109,-36.47944,6952.007895,6954.634930730134
328.46381,0.309141,-36.478736,6951.643104,6953.824184289336
328.47381,0.309173,-36.478033,6951.278321,6952.190269118277
328.48381,0.309205,-36.477329,6950.913544,6951.258331921225
328.49381,0.309237,-36.476626,6950.548774,6951.114257446198
328.50381,0.309269,-36.475922,6950.184011,6953.030043585272
328.51381,0.3093,-36.475219,6949.819256,6952.010130018256
328.52381,0.309332,-36.474516,6949.454507,6950.575341892727
328.53381,0.309363,-36.473812,6949.089765,6950.183938422803
328.54381,0.309394,-36.473109,6948.725031,6948.698880654305
328.55381,0.309426,-36.472406,6948.360303,6949.102082513486
328.56381,0.309457,-36.471703,6947.995583,6951.376756189087
328.57381,0.309488,-36.470999,6947.630869,6947.544800677194
328.58381,0.309519,-36.470296,6947.266163,6948.6932036513745
328.59381,0.309549,-36.469593,6946.901463,6947.568784781243
328.60381,0.30958,-36.46889,6946.536771,6944.7716513240675
328.61381,0.309611,-36.468188,6946.172085,6947.532510809844
328.62381,0.309641,-36.467485,6945.807407,6948.975371693959
328.63381,0.309672,-36.466782,6945.442736,6945.743921710945
328.64381,0.309702,-36.466079,6945.078071,6945.230427499011
328.65381,0.309733,-36.465376,6944.713414,6948.345895890912
328.66381,0.309763,-36.464674,6944.348764,6946.072583214144
328.67381,0.309793,-36.463971,6943.984121,6945.635906190474
328.68381,0.309823,-36.463268,6943.619484,6942.440868869603
328.69381,0.309853,-36.462566,6943.254855,6947.350379201645
328.70381,0.309883,-36.461863,6942.890233,6942.923862345085
328.71381,0.309912,-36.461161,6942.525618,6939.629376170167
328.72381,0.309942,-36.460459,6942.16101,6941.512851771202
328.73381,0.309972,-36.459756,6941.796409,6941.935672531253
328.74381,0.310001,-36.459054,6941.431815,6944.671001439395
328.75381,0.310031,-36.458352,6941.067228,6942.257455828933
328.76381,0.31006,-36.45765,6940.702648,6941.348791244431
328.77381,0.310089,-36.456948,6940.338075,6942.0232231265445
328.78381,0.310118,-36.456246,6939.973509,6938.858434513243
328.79381,0.310147,-36.455543,6939.60895,6942.7901654290545
328.80381,0.310176,-36.454842,6939.244398,6939.175939237853
328.81381,0.310205,-36.45414,6938.879853,6940.208382440713
328.82381,0.310234,-36.453438,6938.515315,6940.083763147987
328.83381,0.310263,-36.452736,6938.150784,6939.0282277946035
328.84381,0.310291,-36.452034,6937.78626,6939.905557540916
328.85381,0.31032,-36.451332,6937.421744,6939.055215174992
328.86381,0.310348,-36.450631,6937.057234,6938.64541179498
328.87381,0.310377,-36.449929,6936.692731,6937.7091630102705
328.88381,0.310405,-36.449228,6936.328235,6937.747693042522
328.89381,0.310433,-36.448526,6935.963746,6937.820126862921
328.90381,0.310461,-36.447825,6935.599265,6937.974950202395
328.91381,0.310489,-36.447123,6935.23479,6935.508977161944
328.92381,0.310517,-36.446422,6934.870322,6934.186139408695
328.93381,0.310479,-36.44572,6934.505861,6934.698587097688
328.94381,0.309562,-36.445019,6934.141408,6934.842445992262
328.95381,0.308657,-36.444319,6933.776961,6935.122968680787
328.96381,0.307762,-36.443618,6933.412521,6935.4570190170525
328.97381,0.306877,-36.442918,6933.048089,6934.309246257136
328.98381,0.306004,-36.442218,6932.683663,6934.677351055269
328.99381,0.305141,-36.441519,6932.319244,6936.087197526846
329.00381,0.304288,-36.44082,6931.954833,6934.244884584102
329.01381,0.303447,-36.440121,6931.590428,6929.753794363923
329.02381,0.302615,-36.439423,6931.22603,6931.95208886725
329.03381,0.301795,-36.438724,6930.861639,6931.861919214907
329.04381,0.300985,-36.438027,6930.497256,6932.172071496461
329.05381,0.300186,-36.437329,6930.132879,6931.880907718197
329.06381,0.299397,-36.436632,6929.768509,6928.42242845484
329.07381,0.298619,-36.435935,6929.404146,6933.1122168589345
329.08381,0.297852,-36.435238,6929.03979,6929.78003782063
329.09381,0.297095,-36.434541,6928.675442,6931.840677868412
329.10381,0.296349,-36.433845,6928.3111,6929.695385949532
329.11381,0.295614,-36.433149,6927.946765,6926.49552267306
329.12381,0.294889,-36.432454,6927.582437,6928.73276984215
329.13381,0.294175,-36.431758,6927.218116,6930.096753397216
329.14381,0.293473,-36.431063,6926.853801,6927.475058825232
329.15381,0.292784,-36.430368,6926.489494,6926.8629872116735
329.16381,0.292105,-36.429673,6926.125194,6928.402206739195
329.17381,0.291437,-36.428978,6925.760901,6923.7979711094595
329.18381,0.290779,-36.428283,6925.396615,6925.532587892433
329.19381,0.290132,-36.427589,6925.032335,6925.863188681875
329.20381,0.289496,-36.426894,6924.668063,6927.631059363225
329.21381,0.28887,-36.4262,6924.303797,6923.4745972669725
329.22381,0.288255,-36.425505,6923.939539,6927.667462692678
329.23381,0.28765,-36.424811,6923.575287,6921.010052433165
329.24381,0.287055,-36.424116,6923.211043,6924.15194370595
329.25381,0.286471,-36.423422,6922.846805,6924.290067018109
329.26381,0.285897,-36.422728,6922.482574,6925.308679908762
329.27381,0.285334,-36.422033,6922.11835,6925.119302508641
329.28381,0.284781,-36.421339,6921.754133,6921.795279334097
329.29381,0.284238,-36.420645,6921.389923,6922.207210873015
329.30381,0.283706,-36.419951,6921.025721,6922.291176880055
329.31381,0.283184,-36.419257,6920.661524,6920.078528394166
329.32381,0.282673,-36.418563,6920.297335,6919.819830593567
329.33381,0.282172,-36.417869,6919.933153,6918.206106931375
329.34381,0.281681,-36.417175,6919.568978,6920.054671866204
329.35381,0.2812,-36.416481,6919.20481,6917.909045797643
329.36381,0.280729,-36.415788,6918.840648,6920.412014548943
329.37381,0.280269,-36.415094,6918.476494,6921.482668285628
329.38381,0.279818,-36.4144,6918.112346,6920.444034042109
329.39381,0.279378,-36.413706,6917.748206,6919.426488276788
329.40381,0.278948,-36.413012,6917.384072,6917.436435716188
329.41381,0.278528,-36.412318,6917.019946,6919.580146602892
329.42381,0.278118,-36.411625,6916.655826,6915.506096752429
329.43381,0.277718,-36.410931,6916.291713,6914.863153822233
329.44381,0.277328,-36.410237,6915.927607,6916.853574822467
329.45381,0.276948,-36.409543,6915.563508,6914.9247818872145
329.46381,0.276578,-36.408849,6915.199417,6918.542660242753
329.47381,0.276217,-36.408156,6914.835331,6916.513047939694
329.48381,0.275867,-36.407462,6914.471253,6915.73582592909
329.49381,0.275526,-36.406768,6914.107182,6913.344255021506
329.50381,0.275195,-36.406074,6913.743118,6913.71473147893
329.51381,0.274874,-36.40538,6913.379061,6915.6831455566835
329.52381,0.274562,-36.404686,6913.01501,6910.584756702193
329.53381,0.27426,-36.403992,6912.650967,6916.298985457319
329.54381,0.273968,-36.403298,6912.286931,6913.476078978045
329.55381,0.273685,-36.402604,6911.922901,6913.447118184573
329.56381,0.273411,-36.40191,6911.558879,6913.179221132487
329.57381,0.273148,-36.401216,6911.194863,6909.444338882869
329.58381,0.272893,-36.400522,6910.830854,6913.077953816669
329.59381,0.272648,-36.399828,6910.466852,6913.899697108481
329.60381,0.272412,-36.399134,6910.102858,6912.083250774582
329.61381,0.272186,-36.39844,6909.73887,6911.317172737623
329.62381,0.271969,-36.397745,6909.374889,6910.092645106591
329.63381,0.271761,-36.397051,6909.010915,6908.846621218625
329.64381,0.271562,-36.396357,6908.646948,6911.421060916732
329.65381,0.271372,-36.395662,6908.282988,6907.786044566336
329.66381,0.271191,-36.394968,6907.919035,6907.338337991419
329.67381,0.27102,-36.394273,6907.555088,6907.232020652653
329.68381,0.270857,-36.393579,6907.191149,6907.0990312824
329.69381,0.270703,-36.392884,6906.827217,6907.812772243707
329.70381,0.270558,-36.392189,6906.463291,6905.639618360653
329.71381,0.270422,-36.391495,6906.099373,6905.0939232939945
329.72381,0.270294,-36.3908,6905.735462,6906.569635452301
329.73381,0.270176,-36.390105,6905.371557,6903.682440202374
329.74381,0.270066,-36.38941,6905.007659,6906.4515232094345
329.75381,0.269964,-36.388715,6904.643769,6904.617781169049
329.76381,0.269871,-36.38802,6904.279885,6906.35426898965
329.77381,0.269786,-36.387325,6903.916008,6904.637354034895
329.78381,0.26971,-36.386629,6903.552139,6903.257709699854
329.79381,0.269642,-36.385934,6903.188276,6905.212538656223
329.80381,0.269583,-36.385239,6902.82442,6900.945973667989
329.81381,0.269532,-36.384543,6902.460571,6906.489172924991
329.82381,0.269489,-36.383847,6902.096729,6901.518657560664
329.83381,0.269454,-36.383152,6901.732894,6901.8542032105515
329.84381,0.269427,-36.382456,6901.369066,6902.465723375408
329.85381,0.269408,-36.38176,6901.005245,6903.448766988933
329.86381,0.269397,-36.381064,6900.641431,6902.671048966422
329.87381,0.269394,-36.380368,6900.277624,6900.423880433548
329.88381,0.269399,-36.379672,6899.913824,6900.223025063893
329.89381,0.269412,-36.378976,6899.55003,6901.062978907698
329.90381,0.269432,-36.37828,6899.186244,6898.353874463946
329.91381,0.26946,-36.377583,6898.822465,6899.220189895664
329.92381,0.269496,-36.376887,6898.458692,6902.791348859601
329.93381,0.269539,-36.37619,6898.094927,6899.891016474704
329.94381,0.269589,-36.375493,6897.731169,6898.964159886943
329.95381,0.269647,-36.374797,6897.367417,6897.345430475451
329.96381,0.269713,-36.3741,6897.003673,6897.331042850708
329.97381,0.269785,-36.373403,6896.639935,6898.891521095998
329.98381,0.269865,-36.372706,6896.276205,6897.420198990312
329.99381,0.269952,-36.372008,6895.912481,6898.096208350824
330.00381,0.270046,-36.371311,6895.548764,6897.325117218516
330.01381,0.270147,-36.370614,6895.185055,6895.288467105226
330.02381,0.270255,-36.369916,6894.821352,6894.285945641246
330.03381,0.27037,-36.369218,6894.457656,6894.831459582977
330.04381,0.270492,-36.368521,6894.093968,6893.020221070318
330.05381,0.27062,-36.367823,6893.730286,6894.088219419597
330.06381,0.270756,-36.367125,6893.366611,6890.854687115205
330.07381,0.270898,-36.366427,6893.002944,6894.3564197830265
330.08381,0.271046,-36.365728,6892.639283,6894.659781095969
330.09381,0.271201,-36.36503,6892.275629,6894.146883686294
330.10381,0.271363,-36.364331,6891.911982,6892.627022873406
330.11381,0.271531,-36.363633,6891.548342,6892.305264059661
330.12381,0.271705,-36.362934,6891.184709,6891.646122425044
330.13381,0.271886,-36.362235,6890.821084,6889.360263352183
330.14381,0.272072,-36.361536,6890.457465,6893.881889646459
330.15381,0.272265,-36.360837,6890.093853,6889.779654295085
330.16381,0.272464,-36.360138,6889.730248,6891.173402111191
330.17381,0.272669,-36.359439,6889.36665,6890.527012068615
330.18381,0.27288,-36.358739,6889.003059,6889.168373705669
330.19381,0.273097,-36.35804,6888.639475,6889.872949713061
330.20381,0.273319,-36.35734,6888.275898,6890.756502256171
330.21381,0.273548,-36.35664,6887.912329,6888.439453686228
330.22381,0.273782,-36.35594,6887.548766,6889.88871544215
330.23381,0.274021,-36.35524,6887.18521,6887.90847840174
330.24381,0.274267,-36.35454,6886.821661,6887.248756596285
330.25381,0.274518,-36.353839,6886.458119,6887.389126452083
330.26381,0.274774,-36.353139,6886.094584,6886.905657616935
330.27381,0.275035,-36.352438,6885.731056,6884.7965330343795
330.28381,0.275302,-36.351738,6885.367535,6884.246995739792
330.29381,0.275575,-36.351037,6885.004021,6888.677731007624
330.30381,0.275852,-36.350336,6884.640515,6887.529095015198
330.31381,0.276135,-36.349634,6884.277015,6885.954728350104
330.32381,0.276422,-36.348933,6883.913522,6885.24939392646
330.33381,0.276715,-36.348232,6883.550036,6882.990506926386
330.34381,0.277013,-36.34753,6883.186557,6885.346398922044
330.35381,0.277315,-36.346828,6882.823085,6882.690694538297
330.36381,0.277623,-36.346127,6882.459621,6881.846922244094
330.37381,0.277935,-36.345425,6882.096163,6883.063817579878
330.38381,0.278252,-36.344722,6881.732712,6881.029238445808
330.39381,0.278573,-36.34402,6881.369268,6882.429007696647
330.40381,0.278899,-36.343318,6881.005832,6878.351127602078
330.41381,0.27923,-36.342615,6880.642402,6883.53759151344
330.42381,0.279565,-36.341912,6880.278979,6880.445773053252
330.43381,0.279905,-36.34121,6879.915564,6879.936210418999
330.44381,0.280249,-36.340507,6879.552155,6882.142964616712
330.45381,0.280597,-36.339804,6879.188754,6877.571943987829
330.46381,0.28095,-36.3391,6878.825359,6877.378323989061
330.47381,0.281307,-36.338397,6878.461972,6876.5167564501035
330.48381,0.281667,-36.337693,6878.098591,6878.1594091399875
330.49381,0.282032,-36.33699,6877.735218,6878.451670616959
330.50381,0.282402,-36.336286,6877.371851,6881.2344154213915
330.51381,0.282775,-36.335582,6877.008492,6876.200041832125
330.52381,0.283151,-36.334878,6876.64514,6877.47368679751
330.53381,0.283532,-36.334173,6876.281795,6877.258098001274
330.54381,0.283917,-36.333469,6875.918456,6875.487848648292
330.55381,0.284305,-36.332764,6875.555125,6874.386130301213
330.56381,0.284697,-36.33206,6875.191801,6876.145850368294
330.57381,0.285093,-36.331355,6874.828484,6876.303521001333
330.58381,0.285493,-36.33065,6874.465174,6876.2211077521415
330.59381,0.285895,-36.329945,6874.101871,6875.319404275166
330.60381,0.286302,-36.32924,6873.738575,6877.35342142861
330.61381,0.286712,-36.328534,6873.375286,6874.077581264119
330.62381,0.287125,-36.327828,6873.012004,6871.756221401054
330.63381,0.287542,-36.327123,6872.64873,6874.385648252587
330.64381,0.287962,-36.326417,6872.285462,6871.029173773551
330.65381,0.288385,-36.325711,6871.922201,6875.023128661724
330.66381,0.288811,-36.325005,6871.558948,6870.40098834779
330.67381,0.289241,-36.324298,6871.195701,6869.9437468758
330.68381,0.289673,-36.323592,6870.832462,6873.167284093893
330.69381,0.290109,-36.322885,6870.469229,6871.729981119836
330.70381,0.290548,-36.322179,6870.106004,6871.779388129584
330.71381,0.290989,-36.321472,6869.742786,6872.193480732449
330.72381,0.291434,-36.320765,6869.379575,6872.066298473564
330.73381,0.291881,-36.320057,6869.016371,6869.665841098987
330.74381,0.292331,-36.31935,6868.653174,6869.731083653094
330.75381,0.292784,-36.318643,6868.289984,6869.380243269616
330.76381,0.29324,-36.317935,6867.926801,6865.807311422599
330.77381,0.293699,-36.317227,6867.563625,6869.149331839753
330.78381,0.29416,-36.316519,6867.200456,6870.532713420803
330.79381,0.294623,-36.315811,6866.837294,6870.1300304166425
330.80381,0.295089,-36.315103,6866.47414,6866.507973544217
330.81381,0.295558,-36.314394,6866.110992,6866.991184950316
330.82381,0.296029,-36.313686,6865.747852,6865.40223101906
330.83381,0.296503,-36.312977,6865.384719,6865.036317504571
330.84381,0.296979,-36.312268,6865.021592,6863.755130968767
330.85381,0.297457,-36.311559,6864.658473,6864.476089312992
330.86381,0.297938,-36.31085,6864.295361,6864.976689292558
330.87381,0.298421,-36.310141,6863.932256,6862.795865890308
330.88381,0.298906,-36.309432,6863.569158,6863.545231655392
330.89381,0.299393,-36.308722,6863.206068,6864.32450252373
330.90381,0.299882,-36.308012,6862.842984,6862.806504307635
330.91381,0.300374,-36.307303,6862.479907,6864.521377275302
330.92381,0.300867,-36.306593,6862.116838,6863.241738264565
330.93381,0.301363,-36.305882,6861.753776,6860.383141914004
330.94381,0.301861,-36.305172,6861.39072,6858.986531603047
330.95381,0.30236,-36.304462,6861.027672,6862.00311933716
330.96381,0.302861,-36.303751,6860.664631,6862.516896746717
330.97381,0.303365,-36.30304,6860.301597,6861.479769097428
330.98381,0.30387,-36.302329,6859.93857,6860.801510665268
330.99381,0.304377,-36.301618,6859.575551,6859.922160466579
331.00381,0.304885,-36.300907,6859.212538,6860.47793859781
331.01381,0.305396,-36.300196,6858.849532,6860.284684967644
331.02381,0.305908,-36.299484,6858.486534,6859.94777664875
331.03381,0.306421,-36.298773,6858.123543,6858.041362973566
331.04381,0.306937,-36.298061,6857.760559,6857.536734297356
331.05381,0.307454,-36.297349,6857.397581,6858.687019570204
331.06381,0.307972,-36.296637,6857.034612,6856.355362086212
331.07381,0.308492,-36.295925,6856.671649,6859.91483722761
331.08381,0.309014,-36.295213,6856.308693,6856.033818629268
331.09381,0.309537,-36.2945,6855.945744,6858.53925268772
331.10381,0.310061,-36.293788,6855.582803,6855.839973822635
331.11381,0.310587,-36.293075,6855.219869,6855.091862707732
331.12381,0.311114,-36.292362,6854.856942,6855.315970679642
331.13381,0.311642,-36.291649,6854.494021,6855.621767378223
331.14381,0.312172,-36.290936,6854.131109,6858.205180490208
331.15381,0.312703,-36.290222,6853.768203,6853.133175524955
331.16381,0.313235,-36.289509,6853.405304,6853.763042022722
331.17381,0.313769,-36.288795,6853.042413,6851.55017166862
331.18381,0.314303,-36.288082,6852.679528,6853.376994976291
331.19381,0.314839,-36.287368,6852.316651,6853.321638812471
331.20381,0.315376,-36.286654,6851.953781,6853.3797384478985
331.21381,0.315914,-36.285939,6851.590918,6851.221098137038
331.22381,0.316453,-36.285225,6851.228062,6852.301968086776
331.23381,0.316993,-36.284511,6850.865213,6850.020248021769
331.24381,0.317534,-36.283796,6850.502372,6851.611198166162
331.25381,0.318076,-36.283081,6850.139537,6848.973710876923
331.26381,0.318619,-36.282367,6849.77671,6850.731374426103
331.27381,0.319163,-36.281652,6849.41389,6849.657083956262
331.28381,0.319708,-36.280936,6849.051077,6848.9814902426215
331.29381,0.320254,-36.280221,6848.688271,6849.383992328038
331.30381,0.320801,-36.279506,6848.325473,6848.206071140696
331.31381,0.321348,-36.27879,6847.962681,6849.587067319299
331.32381,0.321896,-36.278075,6847.599897,6846.725067671203
331.33381,0.322445,-36.277359,6847.23712,6847.510573778273
331.34381,0.322995,-36.276643,6846.87435,6850.545197782628
331.35381,0.323545,-36.275927,6846.511587,6847.958156661564
331.36381,0.324097,-36.275211,6846.148831,6846.611066682947
331.37381,0.324648,-36.274494,6845.786083,6845.968571470306
331.38381,0.325201,-36.273778,6845.423341,6845.566711520241
331.39381,0.325754,-36.273061,6845.060607,6845.586308174401
331.40381,0.326308,-36.272344,6844.69788,6847.70980104925
331.41381,0.326862,-36.271628,6844.33516,6843.576463401484
331.42381,0.327417,-36.270911,6843.972448,6842.282340581522
331.43381,0.327973,-36.270193,6843.609742,6841.233659051371
331.44381,0.328529,-36.269476,6843.247044,6844.055929284554
331.45381,0.329085,-36.268759,6842.884353,6843.102875336345
331.46381,0.329642,-36.268041,6842.521669,6845.122885651292
331.47381,0.330199,-36.267324,6842.158992,6842.126559990427
331.48381,0.330757,-36.266606,6841.796322,6840.315618015552
331.49381,0.331316,-36.265888,6841.43366,6843.693282957731
331.50381,0.331874,-36.26517,6841.071004,6843.118629761428
331.51381,0.332433,-36.264452,6840.708356,6843.394087779095
331.52381,0.332993,-36.263733,6840.345715,6839.349494790025
331.53381,0.333553,-36.263015,6839.983082,6839.828893044778
331.54381,0.334113,-36.262296,6839.620455,6837.978258848812
331.55381,0.334673,-36.261578,6839.257836,6839.30594969957
331.56381,0.335234,-36.260859,6838.895223,6838.969249545966
331.57381,0.335795,-36.26014,6838.532618,6838.442735034102
331.58381,0.336356,-36.259421,6838.170021,6839.191637140374
331.59381,0.336917,-36.258702,6837.80743,6837.5787847987685
331.60381,0.337479,-36.257983,6837.444847,6836.782742221375
331.61381,0.338041,-36.257263,6837.08227,6835.569259791359
331.62381,0.338603,-36.256544,6836.719701,6837.807811536502
331.63381,0.339165,-36.255824,6836.35714,6835.870477007319
331.64381,0.339727,-36.255104,6835.994585,6838.977447184421
331.65381,0.34029,-36.254384,6835.632037,6836.418848431148
331.66381,0.340852,-36.253664,6835.269497,6833.858809770428
331.67381,0.341415,-36.252944,6834.906964,6838.917738405163
331.68381,0.341978,-36.252224,6834.544438,6834.522138092855
331.69381,0.342541,-36.251504,6834.18192,6837.243819624916
331.70381,0.343103,-36.250783,6833.819408,6834.249759738939
331.71381,0.343666,-36.250063,6833.456904,6835.387665353475
331.72381,0.344229,-36.249342,6833.094407,6832.312809427431
331.73381,0.344792,-36.248621,6832.731917,6835.021270263354
331.74381,0.345355,-36.2479,6832.369435,6832.218284602198
331.75381,0.343439,-36.247179,6832.006959,6831.182351783841
331.76381,0.341052,-36.24646,6831.644491,6832.411776276018
331.77381,0.338673,-36.245741,6831.28203,6833.779483984692
331.78381,0.3363,-36.245023,6830.919576,6831.207911079346
331.79381,0.333934,-36.244306,6830.557129,6831.121739738365
331.80381,0.331575,-36.243591,6830.19469,6830.079592991036
331.81381,0.329223,-36.242876,6829.832258,6831.498649662048
331.82381,0.326878,-36.242161,6829.469832,6828.392192086797
331.83381,0.32454,-36.241448,6829.107414,6829.763785771894
331.84381,0.322208,-36.240736,6828.745004,6829.442727951512
331.85381,0.319883,-36.240024,6828.3826,6827.970765725417
331.86381,0.317566,-36.239314,6828.020203,6830.936339066885
331.87381,0.315254,-36.238604,6827.657813,6830.083472868618
331.88381,0.31295,-36.237895,6827.295431,6828.011107610902
331.89381,0.310653,-36.237187,6826.933056,6828.103955032963
331.90381,0.308362,-36.23648,6826.570687,6827.545553967251
331.91381,0.306078,-36.235773,6826.208326,6825.340357542487
331.92381,0.303801,-36.235067,6825.845972,6827.658512532184
331.93381,0.301531,-36.234362,6825.483625,6827.399262409656
331.94381,0.299267,-36.233658,6825.121284,6823.642665928744
331.95381,0.297011,-36.232955,6824.758951,6826.475758949493
331.96381,0.294762,-36.232252,6824.396625,6825.775407533887
331.97381,0.292519,-36.23155,6824.034306,6823.281625578546
331.98381,0.290283,-36.230848,6823.671994,6827.24994311425
331.99381,0.288054,-36.230148,6823.309689,6823.706944128381
332.00381,0.285831,-36.229448,6822.947391,6822.6265565763015
332.01381,0.283616,-36.228748,6822.5851,6820.254287604961
332.02381,0.281407,-36.22805,6822.222816,6825.2052089351455
332.03381,0.279205,-36.227352,6821.860539,6824.071560826535
332.04381,0.27701,-36.226654,6821.498269,6822.796639324186
332.05381,0.274821,-36.225958,6821.136006,6823.4583460563035
332.06381,0.27264,-36.225261,6820.77375,6823.392312529706
332.07381,0.270465,-36.224566,6820.411501,6821.613815062423
332.08381,0.268297,-36.223871,6820.049259,6822.443481294298
332.09381,0.266136,-36.223177,6819.687024,6819.426873583657
332.10381,0.263981,-36.222483,6819.324795,6822.311822279026
332.11381,0.261833,-36.22179,6818.962574,6820.529936120761
332.12381,0.259693,-36.221097,6818.60036,6819.246361110639
332.13381,0.257559,-36.220405,6818.238152,6819.410952225002
332.14381,0.255431,-36.219713,6817.875952,6816.378266499546
332.15381,0.253311,-36.219022,6817.513758,6818.041460293983
332.16381,0.251198,-36.218332,6817.151571,6819.328958038886
332.17381,0.249091,-36.217642,6816.789391,6818.191919961289
332.18381,0.246991,-36.216952,6816.427218,6817.0574788314
332.19381,0.244898,-36.216263,6816.065052,6817.354539391405
332.20381,0.242812,-36.215575,6815.702893,6815.539710256528
332.21381,0.240733,-36.214887,6815.340741,6815.556987316066
332.22381,0.238661,-36.214199,6814.978595,6812.482261623544
332.23381,0.236596,-36.213512,6814.616457,6813.848685070098
332.24381,0.234537,-36.212825,6814.254325,6815.531895965257
332.25381,0.232486,-36.212139,6813.8922,6812.773203339094
332.26381,0.230442,-36.211453,6813.530082,6815.413990996149
332.27381,0.228404,-36.210768,6813.167971,6811.818867665306
332.28381,0.226374,-36.210083,6812.805867,6811.992442872777
332.29381,0.224351,-36.209399,6812.443769,6812.814459268469
332.30381,0.222334,-36.208714,6812.081679,6812.360860168251
332.31381,0.220325,-36.208031,6811.719595,6812.4253202306045
332.32381,0.218323,-36.207347,6811.357518,6814.317860897949
332.33381,0.216328,-36.206664,6810.995448,6810.382789915367
332.34381,0.21434,-36.205982,6810.633385,6811.6429968156535
332.35381,0.212359,-36.2053,6810.271329,6811.393548360284
332.36381,0.210386,-36.204618,6809.909279,6812.185042824712
332.37381,0.20842,-36.203936,6809.547236,6812.230292562355
332.38381,0.206461,-36.203255,6809.1852,6811.764595002096
332.39381,0.204509,-36.202574,6808.823171,6811.2088355551305
332.40381,0.202565,-36.201894,6808.461149,6809.096723765817
332.41381,0.200628,-36.201213,6808.099133,6806.89504583233
332.42381,0.198698,-36.200533,6807.737125,6807.944521850024
332.43381,0.196776,-36.199854,6807.375123,6806.672662641809
332.44381,0.194861,-36.199175,6807.013127,6808.936792684387
332.45381,0.192954,-36.198496,6806.651139,6806.635758932776
332.46381,0.191055,-36.197817,6806.289158,6807.405052388386
332.47381,0.189163,-36.197139,6805.927183,6809.138130382259
332.48381,0.187279,-36.19646,6805.565215,6806.210645418243
332.49381,0.185402,-36.195783,6805.203254,6804.139732903538
332.50381,0.183533,-36.195105,6804.841299,6806.985366850311
332.51381,0.181672,-36.194428,6804.479351,6806.080229627246
332.52381,0.179819,-36.19375,6804.117411,6802.462654968145
332.53381,0.177974,-36.193074,6803.755476,6805.546901284488
332.54381,0.176137,-36.192397,6803.393549,6803.424633473507
332.55381,0.174308,-36.191721,6803.031628,6801.918509220704
332.56381,0.172487,-36.191044,6802.669715,6804.053281418504
332.57381,0.170674,-36.190368,6802.307808,6803.385931413998
332.58381,0.16887,-36.189693,6801.945907,6802.658745741713
332.59381,0.167074,-36.189017,6801.584014,6802.183632545043
332.60381,0.165286,-36.188342,6801.222127,6802.043014879862
332.61381,0.163507,-36.187667,6800.860247,6801.371314825949
332.62381,0.161737,-36.186992,6800.498374,6801.666831990885
332.63381,0.159975,-36.186317,6800.136507,6800.622933050133
332.64381,0.158222,-36.185642,6799.774647,6801.0811056639195
332.65381,0.156478,-36.184968,6799.412794,6798.115723942485
332.66381,0.154743,-36.184294,6799.050948,6800.62386044102
332.67381,0.153016,-36.18362,6798.689108,6801.445047355003
332.68381,0.1513,-36.182946,6798.327276,6798.380147119226
332.69381,0.149592,-36.182272,6797.965449,6800.92458524602
332.70381,0.147894,-36.181598,6797.60363,6799.037156241867
332.71381,0.146206,-36.180925,6797.241817,6797.957292168777
332.72381,0.144527,-36.180251,6796.880012,6799.293679009705
332.73381,0.142858,-36.179578,6796.518212,6799.672279682338
332.74381,0.141199,-36.178905,6796.15642,6798.037631567176
332.75381,0.13955,-36.178232,6795.794634,6794.99770184623
332.76381,0.137912,-36.177559,6795.432855,6795.708129450024
332.77381,0.136283,-36.176886,6795.071083,6795.196657765543
332.78381,0.134666,-36.176214,6794.709318,6796.34994332884
332.79381,0.133059,-36.175541,6794.347559,6793.1820886768155
332.80381,0.131463,-36.174869,6793.985807,6794.280733091448
332.81381,0.129879,-36.174196,6793.624062,6796.569885691635
332.82381,0.128305,-36.173524,6793.262323,6793.426755687078
332.83381,0.126744,-36.172852,6792.900591,6792.62969959797
332.84381,0.125194,-36.17218,6792.538866,6791.457680638004
332.85381,0.123655,-36.171508,6792.177147,6792.439699643376
332.86381,0.12213,-36.170836,6791.815436,6790.965347187804
332.87381,0.120616,-36.170164,6791.453731,6790.921086712803
332.88381,0.119115,-36.169492,6791.092032,6789.103611394373
332.89381,0.117628,-36.16882,6790.730341,6793.644418356124
332.90381,0.116153,-36.168149,6790.368656,6791.465439092726
332.91381,0.114692,-36.167477,6790.006978,6791.65634890984
332.92381,0.113245,-36.166805,6789.645307,6787.673306092378
332.93381,0.111812,-36.166134,6789.283642,6790.901991235639
332.94381,0.110393,-36.165462,6788.921984,6789.853881453713
332.95381,0.108989,-36.164791,6788.560333,6787.000419216394
332.96381,0.1076,-36.164119,6788.198688,6787.139490749663
332.97381,0.106226,-36.163448,6787.83705,6788.651713008362
332.98381,0.104868,-36.162776,6787.475419,6790.323456498874
332.99381,0.103526,-36.162105,6787.113795,6787.312708396742
333.00381,0.102201,-36.161434,6786.752177,6787.318697351755
333.01381,0.100893,-36.160762,6786.390566,6786.782645975569
333.02381,0.099602,-36.160091,6786.028962,6786.316144819196
333.03381,0.098329,-36.15942,6785.667364,6787.526791297323
333.04381,0.097074,-36.158748,6785.305773,6785.5361378798925
333.05381,0.095838,-36.158077,6784.944189,6783.455338618552
333.06381,0.094621,-36.157405,6784.582612,6785.106362460904
333.07381,0.093423,-36.156734,6784.221041,6784.308355350374
333.08381,0.092246,-36.156063,6783.859477,6785.218581020579
333.09381,0.09109,-36.155391,6783.49792,6783.726068691645
333.10381,0.089954,-36.15472,6783.136369,6782.972045832992
333.11381,0.088841,-36.154049,6782.774825,6783.995944194753
333.12381,0.08775,-36.153377,6782.413288,6783.96346548475
333.13381,0.086682,-36.152706,6782.051758,6783.748395534517
333.14381,0.085637,-36.152034,6781.690234,6781.411188120404
333.15381,0.084616,-36.151363,6781.328717,6780.716740047368
333.16381,0.08362,-36.150691,6780.967207,6782.337685154645
333.17381,0.08265,-36.150019,6780.605703,6780.472260179824
333.18381,0.081705,-36.149348,6780.244207,6779.866357043442
333.19381,0.080787,-36.148676,6779.882716,6780.0297197615355
333.20381,0.079896,-36.148004,6779.521233,6780.743009497856
333.21381,0.079033,-36.147332,6779.159756,6778.566095986709
333.22381,0.078199,-36.146661,6778.798286,6779.546831160241
333.23381,0.077393,-36.145989,6778.436823,6777.875364206767
333.24381,0.076618,-36.145317,6778.075367,6782.469821429318
333.25381,0.075873,-36.144645,6777.713917,6780.082674854012
333.26381,0.075158,-36.143973,6777.352474,6779.859325845055
333.27381,0.074476,-36.143301,6776.991037,6774.472921274039
333.28381,0.073826,-36.142628,6776.629608,6778.855342727971
333.29381,0.073208,-36.141956,6776.268185,6774.398469237381
333.30381,0.072624,-36.141284,6775.906769,6775.577292923553
333.31381,0.072073,-36.140611,6775.545359,6774.625420601344
333.32381,0.071557,-36.139939,6775.183956,6775.115634171412
333.33381,0.071076,-36.139266,6774.82256,6777.005693721549
333.34381,0.07063,-36.138594,6774.461171,6776.531737015321
333.35381,0.07022,-36.137921,6774.099788,6777.062374486551
333.36381,0.069845,-36.137248,6773.738413,6775.670887744909
333.37381,0.069507,-36.136575,6773.377044,6775.717133481386
333.38381,0.069205,-36.135902,6773.015681,6771.761631024664
333.39381,0.06894,-36.135229,6772.654325,6773.633846632088
333.40381,0.068712,-36.134556,6772.292977,6773.584598373366
333.41381,0.06852,-36.133882,6771.931634,6770.842571716435
333.42381,0.068366,-36.133209,6771.570299,6771.69364473419
333.43381,0.068248,-36.132536,6771.20897,6775.113935037161
333.44381,0.068167,-36.131862,6770.847648,6770.846396149498
333.45381,0.068123,-36.131188,6770.486333,6771.586030529204
333.46381,0.068115,-36.130514,6770.125024,6769.514628790316
333.47381,0.068143,-36.12984,6769.763723,6773.545184484973
333.48381,0.068207,-36.129166,6769.402428,6769.73229210925
333.49381,0.068307,-36.128492,6769.041139,6768.144157049164
333.50381,0.068441,-36.127818,6768.679858,6769.228207768351
333.51381,0.06861,-36.127144,6768.318583,6770.826739590009
333.52381,0.068813,-36.126469,6767.957315,6768.019125172553
333.53381,0.06905,-36.125795,6767.596054,6767.873611863709
333.54381,0.069319,-36.12512,6767.234799,6767.461041166058
333.55381,0.069621,-36.124445,6766.873551,6768.784997448226
333.56381,0.069954,-36.12377,6766.51231,6766.912140034763
333.57381,0.070318,-36.123095,6766.151076,6767.499750236457
333.58381,0.070712,-36.12242,6765.789848,6766.105015853808
333.59381,0.071135,-36.121744,6765.428627,6766.375456238255
333.60381,0.071587,-36.121069,6765.067413,6763.926611332282
333.61381,0.072067,-36.120393,6764.706206,6762.377525972595
333.62381,0.072574,-36.119718,6764.345005,6763.805348030147
333.63381,0.073107,-36.119042,6763.983812,6765.745593306017
333.64381,0.073665,-36.118366,6763.622625,6765.055851333923
333.65381,0.074248,-36.117689,6763.261444,6763.917602080231
333.66381,0.074855,-36.117013,6762.900271,6764.238815092478
333.67381,0.075485,-36.116337,6762.539104,6764.205608036058
333.68381,0.076137,-36.11566,6762.177944,6761.666629271495
333.69381,0.07681,-36.114983,6761.816791,6763.355085238734
333.70381,0.077505,-36.114307,6761.455644,6763.124611977944
333.71381,0.078219,-36.11363,6761.094505,6761.246528247291
333.72381,0.078952,-36.112952,6760.733372,6759.534990635269
333.73381,0.079703,-36.112275,6760.372246,6760.687983324485
333.74381,0.080473,-36.111598,6760.011126,6759.8265596627925
333.75381,0.081259,-36.11092,6759.650014,6760.611060172378
333.76381,0.082062,-36.110242,6759.288908,6760.281230755829
333.77381,0.08288,-36.109564,6758.927809,6759.237681895271
333.78381,0.083714,-36.108886,6758.566717,6761.530082830858
333.79381,0.084561,-36.108208,6758.205631,6758.892948416446
333.80381,0.085423,-36.10753,6757.844552,6758.299931412379
333.81381,0.086297,-36.106851,6757.483481,6759.4365677237065
333.82381,0.087185,-36.106173,6757.122415,6754.919102113048
333.83381,0.088084,-36.105494,6756.761357,6753.361917889842
333.84381,0.088995,-36.104815,6756.400306,6756.291810951062
333.85381,0.089917,-36.104136,6756.039261,6756.206658705547
333.86381,0.090849,-36.103456,6755.678223,6759.314232192445
333.87381,0.091791,-36.102777,6755.317192,6754.196688552342
333.88381,0.092743,-36.102097,6754.956167,6754.411651141162
333.89381,0.093704,-36.101418,6754.59515,6755.094613108774
333.90381,0.094674,-36.100738,6754.234139,6756.014209689656
333.91381,0.095652,-36.100057,6753.873135,6755.069292526374
333.92381,0.096638,-36.099377,6753.512138,6756.715845751971
333.93381,0.097631,-36.098697,6753.151147,6753.127796365802
333.94381,0.098631,-36.098016,6752.790164,6753.268332705733
333.95381,0.099638,-36.097335,6752.429187,6754.171428780432
333.96381,0.100652,-36.096654,6752.068217,6750.758278189192
333.97381,0.101671,-36.095973,6751.707254,6753.894230635207
333.98381,0.102696,-36.095292,6751.346298,6751.370397186198
333.99381,0.103727,-36.094611,6750.985348,6752.127822362941
334.00381,0.104763,-36.093929,6750.624406,6751.329111776059
334.01381,0.105804,-36.093247,6750.26347,6750.316168423304
334.02381,0.106849,-36.092565,6749.902541,6750.116380132105
334.03381,0.107899,-36.091883,6749.541618,6751.366748133604
334.04381,0.108952,-36.091201,6749.180703,6752.394154961048
334.05381,0.11001,-36.090518,6748.819794,6750.142896878035
334.06381,0.111071,-36.089836,6748.458893,6748.895218620208
334.07381,0.112136,-36.089153,6748.097998,6746.694455287664
334.08381,0.113204,-36.08847,6747.737109,6747.516583730003
334.09381,0.114275,-36.087786,6747.376228,6747.491945003216
334.10381,0.115348,-36.087103,6747.015354,6748.89837970863
334.11381,0.116424,-36.08642,6746.654486,6748.181062511971
334.12381,0.117503,-36.085736,6746.293625,6747.321517625337
334.13381,0.118584,-36.085052,6745.932771,6744.927318590948
334.14381,0.119667,-36.084368,6745.571924,6746.098488725857
334.15381,0.120752,-36.083684,6745.211084,6743.7388084033455
334.16381,0.121838,-36.082999,6744.850251,6746.625684245452
334.17381,0.122927,-36.082315,6744.489424,6744.156732228749
334.18381,0.124016,-36.08163,6744.128604,6745.472854652148
334.19381,0.125107,-36.080945,6743.767791,6743.450851709328
334.20381,0.1262,-36.08026,6743.406985,6742.743303759058
334.21381,0.127293,-36.079574,6743.046186,6742.33202319062
334.22381,0.128387,-36.078889,6742.685394,6744.534074036283
334.23381,0.129483,-36.078203,6742.324609,6743.47363195021
334.24381,0.130579,-36.077517,6741.96383,6742.777135764739
334.25381,0.131675,-36.076831,6741.603058,6741.692978820267
334.26381,0.132772,-36.076145,6741.242293,6738.403794932439
334.27381,0.13387,-36.075459,6740.881535,6743.359316866463
334.28381,0.134967,-36.074772,6740.520784,6741.540739381495
334.29381,0.136066,-36.074085,6740.16004,6739.576838229777
334.30381,0.137164,-36.073398,6739.799302,6742.0364478087295
334.31381,0.138262,-36.072711,6739.438572,6739.93331056921
334.32381,0.13936,-36.072024,6739.077848,6740.792297608908
334.33381,0.140458,-36.071337,6738.717131,6738.940387095969
334.34381,0.141556,-36.070649,6738.356421,6738.598060957176
334.35381,0.142654,-36.069961,6737.995718,6738.306397415131
334.36381,0.143751,-36.069273,6737.635022,6737.809695156479
334.37381,0.144848,-36.068585,6737.274333,6739.598822941211
334.38381,0.145945,-36.067896,6736.913651,6737.059791560556
334.39381,0.147041,-36.067208,6736.552975,6738.726218227302
334.40381,0.148136,-36.066519,6736.192306,6737.1642626572275
334.41381,0.149231,-36.06583,6735.831645,6738.912843690042
334.42381,0.150325,-36.065141,6735.47099,6736.624744809636
334.43381,0.151418,-36.064452,6735.110342,6737.176921907267
334.44381,0.15251,-36.063762,6734.749701,6733.928472600979
334.45381,0.153602,-36.063072,6734.389067,6736.952539286957
334.46381,0.154693,-36.062383,6734.028439,6737.1173091305145
334.47381,0.155782,-36.061693,6733.667819,6735.03054480129
334.48381,0.156871,-36.061002,6733.307205,6734.205104971236
334.49381,0.157959,-36.060312,6732.946599,6734.4004506685
334.50381,0.159045,-36.059621,6732.585999,6733.404256437536
334.51381,0.160131,-36.058931,6732.225406,6731.74164959012
334.52381,0.161215,-36.05824,6731.864821,6732.033309349252
334.53381,0.162298,-36.057549,6731.504242,6731.408312527818
334.54381,0.16338,-36.056857,6731.14367,6733.249420369491
334.55381,0.16425,-36.056166,6730.783105,6733.9050466857225
334.56381,0.165087,-36.055474,6730.422546,6730.026802805317
334.57381,0.165922,-36.054782,6730.061995,6730.761336928465
334.58381,0.166756,-36.054091,6729.701451,6731.515713211685
334.59381,0.167589,-36.053399,6729.340913,6730.147125549343
334.60381,0.16842,-36.052706,6728.980383,6727.357378260017
334.61381,0.16925,-36.052014,6728.619859,6730.566638130515
334.62381,0.170079,-36.051322,6728.259342,6730.526467979116
334.63381,0.170906,-36.050629,6727.898833,6726.562238623807
334.64381,0.171732,-36.049936,6727.53833,6729.380967373495
334.65381,0.172557,-36.049243,6727.177834,6726.166218859228
334.66381,0.17338,-36.048551,6726.817345,6723.9464855140595
334.67381,0.174201,-36.047857,6726.456863,6726.839375848504
334.68381,0.175021,-36.047164,6726.096388,6725.680924395557
334.69381,0.17584,-36.046471,6725.73592,6726.850679303857
334.70381,0.176657,-36.045777,6725.375458,6724.180658301461
334.71381,0.177473,-36.045084,6725.015004,6726.8415795912215
334.72381,0.178288,-36.04439,6724.654557,6723.8845278324
334.73381,0.1791,-36.043696,6724.294116,6725.911548067346
334.74381,0.179913,-36.043002,6723.933683,6724.420479928502
334.75381,0.180728,-36.042308,6723.573256,6725.611234838758
334.76381,0.181541,-36.041613,6723.212837,6726.497283197659
334.77381,0.182353,-36.040918,6722.852424,6721.648144808717
334.78381,0.183163,-36.040223,6722.492018,6725.10812995197
334.79381,0.183972,-36.039528,6722.13162,6724.299425907294
334.80381,0.184779,-36.038832,6721.771228,6721.220773169675
334.81381,0.185585,-36.038137,6721.410843,6723.462441545266
334.82381,0.186389,-36.037441,6721.050465,6721.0986089842445
334.83381,0.187191,-36.036744,6720.690094,6720.127918732963
334.84381,0.187992,-36.036048,6720.32973,6719.7776441326405
334.85381,0.188791,-36.035351,6719.969373,6721.267000913792
334.86381,0.189588,-36.034654,6719.609023,6719.782706338065
334.87381,0.190384,-36.033957,6719.24868,6718.389187221279
334.88381,0.191178,-36.033259,6718.888344,6717.59110732995
334.89381,0.191971,-36.032561,6718.528015,6718.08100667602
334.90381,0.192762,-36.031863,6718.167693,6719.160223382118
334.91381,0.193551,-36.031165,6717.807378,6718.428156513832
334.92381,0.194339,-36.030466,6717.447069,6717.42703466927
334.93381,0.195125,-36.029768,6717.086768,6718.7653391114745
334.94381,0.195909,-36.029069,6716.726474,6717.20610811296
334.95381,0.196692,-36.028369,6716.366187,6718.142766222529
334.96381,0.197473,-36.02767,6716.005907,6715.770844291526
334.97381,0.198252,-36.02697,6715.645634,6716.612740081621
334.98381,0.19903,-36.02627,6715.285367,6716.658043289803
334.99381,0.199806,-36.02557,6714.925108,6715.63402760899
335.00381,0.20058,-36.02487,6714.564856,6715.213800155735
335.01381,0.201353,-36.024169,6714.204611,6714.763341265463
335.02381,0.202124,-36.023468,6713.844373,6714.294809043462
335.03381,0.202894,-36.022767,6713.484141,6712.146461029021
335.04381,0.203661,-36.022066,6713.123917,6711.837710638586
335.05381,0.204427,-36.021364,6712.7637,6717.466238702018
335.06381,0.205192,-36.020662,6712.40349,6715.406975523568
335.07381,0.205955,-36.01996,6712.043287,6710.711011777097
335.08381,0.206716,-36.019258,6711.683091,6711.73057461476
335.09381,0.207475,-36.018556,6711.322902,6714.003484645531
335.10381,0.208233,-36.017853,6710.96272,6713.1117536689235
335.11381,0.208989,-36.01715,6710.602545,6708.844327279197
335.12381,0.209743,-36.016447,6710.242377,6714.157783795078
335.13381,0.210496,-36.015744,6709.882216,6709.755225101682
335.14381,0.211247,-36.01504,6709.522062,6711.422126583202
335.15381,0.211997,-36.014336,6709.161915,6710.057411087767
335.16381,0.212744,-36.013632,6708.801775,6708.686054738284
335.17381,0.21349,-36.012928,6708.441642,6709.602459713357
335.18381,0.214235,-36.012224,6708.081516,6706.425659785189
335.19381,0.214978,-36.011519,6707.721398,6707.809654960477
335.20381,0.215719,-36.010814,6707.361286,6706.307647868527
335.21381,0.216458,-36.010109,6707.001181,6709.886358447544
335.22381,0.217196,-36.009404,6706.641084,6707.577216599248
335.23381,0.217932,-36.008699,6706.280993,6707.1259822816555
335.24381,0.218666,-36.007993,6705.92091,6704.856136364859
335.25381,0.219399,-36.007287,6705.560834,6707.985576741902
335.26381,0.22013,-36.006581,6705.200764,6704.111799294452
335.27381,0.220859,-36.005875,6704.840702,6706.501938702237
335.28381,0.221587,-36.005168,6704.480647,6704.839872051718
335.29381,0.222313,-36.004462,6704.120599,6705.882587687889
335.30381,0.223037,-36.003755,6703.760557,6705.169178331971
335.31381,0.22376,-36.003048,6703.400523,6707.242605304822
335.32381,0.224481,-36.002341,6703.040496,6704.125858711613
335.33381,0.2252,-36.001633,6702.680477,6702.721494786524
335.34381,0.225918,-36.000925,6702.320464,6703.045673595467
335.35381,0.226634,-36.000218,6701.960458,6703.031209637474
335.36381,0.227349,-35.99951,6701.600459,6702.46427402096
335.37381,0.228061,-35.998801,6701.240468,6700.417703073127
335.38381,0.228773,-35.998093,6700.880483,6701.403376395434
335.39381,0.229482,-35.997384,6700.520506,6701.496677722382
335.40381,0.23019,-35.996676,6700.160536,6700.938838300848
335.41381,0.230896,-35.995967,6699.800573,6703.104045666151
335.42381,0.2316,-35.995258,6699.440616,6701.147994287567
335.43381,0.232303,-35.994548,6699.080667,6699.4366942220395
335.44381,0.233005,-35.993839,6698.720725,6699.420045376478
335.45381,0.233704,-35.993129,6698.360791,6698.336731581288
335.46381,0.234402,-35.992419,6698.000863,6698.459677356577
335.47381,0.235098,-35.991709,6697.640942,6696.490281137423
335.48381,0.235793,-35.990999,6697.281029,6697.568700898433
335.49381,0.236486,-35.990289,6696.921122,6696.972045631329
335.50381,0.237177,-35.989578,6696.561223,6699.063131949008
335.51381,0.237867,-35.988867,6696.201331,6696.608259307662
335.52381,0.238555,-35.988156,6695.841446,6696.6102825841335
335.53381,0.239242,-35.987445,6695.481568,6695.025105711911
335.54381,0.239926,-35.986734,6695.121697,6694.406855982218
335.55381,0.24061,-35.986023,6694.761833,6692.8517854884885
335.56381,0.241291,-35.985311,6694.401976,6694.929529161671
335.57381,0.241971,-35.984599,6694.042127,6693.484865785336
335.58381,0.24265,-35.983887,6693.682284,6692.6807680871
335.59381,0.243326,-35.983175,6693.322449,6694.931749087964
335.60381,0.244002,-35.982463,6692.962621,6690.211017056926
335.61381,0.244675,-35.98175,6692.6028,6695.511455583583
335.62381,0.245347,-35.981038,6692.242986,6694.136234366425
335.63381,0.246017,-35.980325,6691.883179,6692.971400084222
335.64381,0.246686,-35.979612,6691.523379,6694.44415470632
335.65381,0.247353,-35.978899,6691.163587,6692.820947676344
335.66381,0.248019,-35.978186,6690.803801,6692.156187985563
335.67381,0.248682,-35.977472,6690.444023,6690.816238412711
335.68381,0.249345,-35.976759,6690.084252,6689.747728457382
335.69381,0.250005,-35.976045,6689.724488,6690.401617370792
335.70381,0.250665,-35.975331,6689.364731,6692.801525679937
335.71381,0.251322,-35.974617,6689.004981,6687.091930472868
335.72381,0.251978,-35.973903,6688.645239,6689.513227920416
335.73381,0.252632,-35.973189,6688.285503,6687.834975244903
335.74381,0.253285,-35.972474,6687.925775,6689.76654974825
335.75381,0.253936,-35.971759,6687.566054,6687.20696836317
335.76381,0.254586,-35.971045,6687.20634,6687.777217743899
335.77381,0.255234,-35.97033,6686.846633,6688.228716358793
335.78381,0.255881,-35.969615,6686.486933,6687.450610307322
335.79381,0.256525,-35.968899,6686.12724,6685.120875745174
335.80381,0.257169,-35.968184,6685.767555,6687.86512343781
335.81381,0.257811,-35.967469,6685.407877,6687.266927860271
335.82381,0.258451,-35.966753,6685.048206,6684.269332742997
335.83381,0.259089,-35.966037,6684.688542,6686.953239013476
335.84381,0.259727,-35.965321,6684.328885,6685.128855339206
335.85381,0.260362,-35.964605,6683.969235,6684.470326275096
335.86381,0.260996,-35.963889,6683.609593,6682.68088995442
335.87381,0.261629,-35.963173,6683.249958,6682.275888900543
335.88381,0.262259,-35.962456,6682.890329,6685.605171714301
335.89381,0.262889,-35.961739,6682.530708,6685.352030649664
335.90381,0.263517,-35.961023,6682.171095,6682.837286953545
335.91381,0.264143,-35.960306,6681.811488,6683.375117552096
335.92381,0.264768,-35.959589,6681.451888,6682.365182257465
335.93381,0.265391,-35.958872,6681.092296,6679.717191971362
335.94381,0.266013,-35.958154,6680.732711,6680.531344759493
335.95381,0.266633,-35.957437,6680.373133,6683.288255609148
335.96381,0.267251,-35.956719,6680.013562,6682.057197197878
335.97381,0.267869,-35.956002,6679.653999,6679.631414512258
335.98381,0.268484,-35.955284,6679.294442,6679.233235395021
335.99381,0.269098,-35.954566,6678.934893,6678.014491532673
336.00381,0.269711,-35.953848,6678.575351,6678.000022648039
336.01381,0.270322,-35.95313,6678.215816,6677.183936617919
336.02381,0.270931,-35.952411,6677.856288,6681.186369267553
336.03381,0.27154,-35.951693,6677.496768,6677.695636155406
336.04381,0.272146,-35.950974,6677.137254,6676.883915489801
336.05381,0.272751,-35.950256,6676.777748,6676.886346550626
336.06381,0.273355,-35.949537,6676.418249,6678.877407883456
336.07381,0.273957,-35.948818,6676.058758,6676.165603579629
336.08381,0.274557,-35.948099,6675.699273,6675.817963671216
336.09381,0.275156,-35.94738,6675.339796,6678.340337140921
336.10381,0.275754,-35.946661,6674.980325,6674.54089985214
336.11381,0.27635,-35.945941,6674.620862,6676.075009486094
336.12381,0.276945,-35.945222,6674.261407,6673.362934878728
336.13381,0.277538,-35.944502,6673.901958,6673.469946269128
336.14381,0.27813,-35.943782,6673.542517,6675.454365846856
336.15381,0.27872,-35.943063,6673.183082,6671.749836010535
336.16381,0.279309,-35.942343,6672.823655,6673.0699289412705
336.17381,0.279896,-35.941623,6672.464235,6675.531507108224
336.18381,0.280482,-35.940902,6672.104823,6670.183608922459
336.19381,0.281066,-35.940182,6671.745417,6672.5692132514605
336.20381,0.281649,-35.939462,6671.386019,6670.265459111867
336.21381,0.282231,-35.938741,6671.026628,6672.8741460043675
336.22381,0.282811,-35.938021,6670.667244,6670.267932907068
336.23381,0.283389,-35.9373,6670.307868,6669.204139623155
336.24381,0.283966,-35.936579,6669.948498,6669.434262589321
336.25381,0.284542,-35.935858,6669.589136,6669.965840092699
336.26381,0.285116,-35.935137,6669.229781,6667.346928181238
336.27381,0.285689,-35.934416,6668.870433,6670.0640765370845
336.28381,0.286261,-35.933695,6668.511093,6671.92984637894
336.29381,0.286831,-35.932974,6668.15176,6669.77999263266
336.30381,0.287399,-35.932252,6667.792433,6669.990506530821
336.31381,0.287966,-35.931531,6667.433114,6670.972554885958
336.32381,0.288532,-35.930809,6667.073803,6664.807026419016
336.33381,0.289096,-35.930088,6666.714498,6666.933212515673
336.34381,0.289659,-35.929366,6666.355201,6669.827850133331
336.35381,0.290221,-35.928644,6665.995911,6664.448231974758
336.36381,0.290781,-35.927922,6665.636628,6663.669655045093
336.37381,0.291339,-35.9272,6665.277353,6663.546807299988
336.38381,0.291897,-35.926478,6664.918084,6665.469468560733
336.39381,0.292453,-35.925756,6664.558823,6665.07424322314
336.40381,0.293007,-35.925033,6664.199569,6665.627661613564
336.41381,0.293387,-35.924311,6663.840322,6662.109229052836
336.42381,0.293399,-35.923589,6663.481083,6663.160082579553
336.43381,0.293412,-35.922866,6663.121851,6661.864536052037
336.44381,0.293425,-35.922144,6662.762625,6663.972268326246
336.45381,0.293439,-35.921422,6662.403408,6663.4689904361485
336.46381,0.293453,-35.9207,6662.044197,6663.259532519622
336.47381,0.293468,-35.919978,6661.684994,6666.388622769544
336.48381,0.293483,-35.919256,6661.325797,6664.585829816804
336.49381,0.293499,-35.918534,6660.966609,6660.383209630125
336.50381,0.293515,-35.917812,6660.607427,6662.204884158314
336.51381,0.293532,-35.917091,6660.248252,6661.706580549679
336.52381,0.29355,-35.916369,6659.889085,6660.919565226224
336.53381,0.293568,-35.915648,6659.529925,6659.805130229115
336.54381,0.293587,-35.914926,6659.170772,6659.581430652117
336.55381,0.293606,-35.914205,6658.811626,6659.78787750235
336.56381,0.293625,-35.913483,6658.452488,6660.367669668472
336.57381,0.293645,-35.912762,6658.093357,6659.6890534375825
336.58381,0.293666,-35.912041,6657.734233,6658.964360329182
336.59381,0.293687,-35.91132,6657.375116,6659.242710525156
336.60381,0.293708,-35.910599,6657.016006,6659.827312793099
336.61381,0.293742,-35.909878,6656.656904,6658.2341671822
336.62381,0.293776,-35.909156,6656.297809,6662.5345188103665
336.63381,0.293811,-35.908434,6655.938721,6655.315652238458
336.64381,0.293847,-35.907712,6655.57964,6654.969264925795
336.65381,0.293882,-35.90699,6655.220567,6654.090046203643
336.66381,0.293919,-35.906267,6654.8615,6653.361646325584
336.67381,0.293955,-35.905543,6654.502441,6653.273910019518
336.68381,0.293992,-35.90482,6654.143389,6657.318939086989
336.69381,0.294029,-35.904096,6653.784345,6655.955138007423
336.70381,0.294067,-35.903371,6653.425307,6653.125084972729
336.71381,0.294105,-35.902647,6653.066277,6651.967844453923
336.72381,0.294144,-35.901922,6652.707255,6653.780654790489
336.73381,0.294183,-35.901196,6652.348239,6651.942600244674
336.74381,0.294222,-35.90047,6651.989231,6651.395649801181
336.75381,0.294261,-35.899744,6651.63023,6651.770764269057
336.76381,0.294301,-35.899018,6651.271236,6653.093719342902
336.77381,0.294342,-35.898291,6650.912249,6650.219056058575
336.78381,0.294383,-35.897564,6650.55327,6651.998973320067
336.79381,0.294424,-35.896837,6650.194298,6650.202284165223
336.80381,0.294465,-35.896109,6649.835333,6650.55141526474
336.81381,0.294507,-35.895381,6649.476376,6649.077354245167
336.82381,0.294549,-35.894652,6649.117426,6648.250709621126
336.83381,0.294591,-35.893924,6648.758483,6650.644926294265
336.84381,0.294634,-35.893195,6648.399547,6648.659540830994
336.85381,0.294677,-35.892465,6648.040619,6646.553115028327
336.86381,0.294721,-35.891736,6647.681698,6648.532191702216
336.87381,0.294765,-35.891006,6647.322784,6645.909396453029
336.88381,0.294809,-35.890275,6646.963878,6647.9788399959725
336.89381,0.294853,-35.889545,6646.604979,6648.377268115298
336.90381,0.294898,-35.888814,6646.246087,6649.790633676074
336.91381,0.294943,-35.888082,6645.887202,6647.5474490920915
336.92381,0.294988,-35.887351,6645.528325,6648.215455783263
336.93381,0.295034,-35.886619,6645.169455,6646.730239974352
336.94381,0.29508,-35.885887,6644.810593,6644.485457298158
336.95381,0.295126,-35.885154,6644.451738,6648.145996809383
336.96381,0.295173,-35.884422,6644.09289,6644.284099559996
336.97381,0.29522,-35.883689,6643.734049,6643.898712387201
336.98381,0.295267,-35.882955,6643.375216,6643.754059411556
336.99381,0.295315,-35.882222,6643.01639,6644.558786938493
337.00381,0.295362,-35.881488,6642.657571,6641.462140376581
337.01381,0.29541,-35.880753,6642.29876,6640.032821728545
337.02381,0.295459,-35.880019,6641.939956,6640.444570878185
337.03381,0.295507,-35.879284,6641.58116,6642.394370023463
337.04381,0.295556,-35.878549,6641.222371,6639.700848766768
337.05381,0.295605,-35.877813,6640.863589,6638.2165255857
337.06381,0.295655,-35.877078,6640.504814,6645.188486680467
337.07381,0.295704,-35.876342,6640.146047,6640.915383626169
337.08381,0.295754,-35.875606,6639.787288,6642.760136093443
337.09381,0.295805,-35.874869,6639.428535,6641.251992944117
337.10381,0.295855,-35.874132,6639.06979,6640.535306261132
337.11381,0.295906,-35.873395,6638.711053,6640.548736961723
337.12381,0.295957,-35.872658,6638.352322,6640.690036513125
337.13381,0.296008,-35.87192,6637.993599,6637.947930524045
337.14381,0.296059,-35.871182,6637.634884,6639.397949855836
337.15381,0.296111,-35.870444,6637.276176,6635.926969335692
337.16381,0.296163,-35.869706,6636.917475,6638.596940086227
337.17381,0.296215,-35.868967,6636.558782,6636.35436831784
337.18381,0.296267,-35.868228,6636.200096,6639.580617890171
337.19381,0.29632,-35.867489,6635.841417,6638.09028061207
337.20381,0.296373,-35.86675,6635.482746,6637.394187360753
337.21381,0.296426,-35.86601,6635.124082,6634.279539590237
337.22381,0.296479,-35.86527,6634.765426,6635.161044589083
337.23381,0.296533,-35.86453,6634.406777,6635.957440414204
337.24381,0.296586,-35.863789,6634.048135,6635.9430120419265
337.25381,0.29664,-35.863048,6633.689501,6635.460862016158
337.26381,0.296694,-35.862307,6633.330874,6631.930342673514
337.27381,0.296749,-35.861566,6632.972255,6633.5491172481325
337.28381,0.296803,-35.860825,6632.613643,6633.517687890491
337.29381,0.296858,-35.860083,6632.255038,6632.005063360694
337.30381,0.296913,-35.859341,6631.896441,6635.461907078898
337.31381,0.296968,-35.858599,6631.537851,6631.482974776786
337.32381,0.297023,-35.857856,6631.179269,6632.277313852756
337.33381,0.296667,-35.857114,6630.820694,6630.734597521944
337.34381,0.294479,-35.856371,6630.462127,6634.134565713692
337.35381,0.292298,-35.855629,6630.103567,6630.100085041845
337.36381,0.290124,-35.854888,6629.745014,6631.6957429821505
337.37381,0.287957,-35.854147,6629.386469,6630.439291769856
337.38381,0.285797,-35.853406,6629.027931,6629.1464077567425
337.39381,0.283644,-35.852666,6628.669401,6629.907567253107
337.40381,0.281498,-35.851926,6628.310878,6629.099365393729
337.41381,0.279358,-35.851186,6627.952363,6627.920877005514
337.42381,0.277226,-35.850447,6627.593854,6628.984905728298
337.43381,0.275101,-35.849709,6627.235354,6626.943873832795
337.44381,0.272983,-35.84897,6626.87686,6625.1547767630045
337.45381,0.270872,-35.848232,6626.518374,6627.986495202346
337.46381,0.268768,-35.847495,6626.159896,6624.21988174691
337.47381,0.266671,-35.846758,6625.801424,6626.196844476765
337.48381,0.264581,-35.846021,6625.44296,6627.732476253044
337.49381,0.262498,-35.845284,6625.084504,6626.255764609601
337.50381,0.260422,-35.844548,6624.726055,6627.858251549338
337.51381,0.258354,-35.843812,6624.367613,6626.025691551918
337.52381,0.256292,-35.843077,6624.009178,6625.211372279148
337.53381,0.254228,-35.842342,6623.650751,6624.372387754053
337.54381,0.252171,-35.841607,6623.292332,6626.776826870277
337.55381,0.250121,-35.840873,6622.933919,6622.904645718118
337.56381,0.248078,-35.84014,6622.575514,6624.322249502116
337.57381,0.246042,-35.839407,6622.217116,6619.3014404491705
337.58381,0.244013,-35.838675,6621.858726,6624.107233326088
337.59381,0.241991,-35.837943,6621.500343,6621.556376386441
337.60381,0.239977,-35.837212,6621.141967,6622.244942344002
337.61381,0.23797,-35.836482,6620.783599,6622.238023420622
337.62381,0.235969,-35.835752,6620.425238,6620.89487379215
337.63381,0.233976,-35.835022,6620.066884,6619.367365055882
337.64381,0.231991,-35.834293,6619.708537,6619.34097657642
337.65381,0.230012,-35.833565,6619.350198,6618.065898478945
337.66381,0.228041,-35.832837,6618.991866,6621.010357577328
337.67381,0.226077,-35.832109,6618.633541,6618.817349567089
337.68381,0.22412,-35.831382,6618.275224,6619.3445419578
337.69381,0.222171,-35.830656,6617.916913,6617.152452922206
337.70381,0.220229,-35.82993,6617.55861,6616.602593375266
337.71381,0.218295,-35.829204,6617.200315,6616.752837417184
337.72381,0.216368,-35.828479,6616.842026,6618.856117403598
337.73381,0.214448,-35.827754,6616.483745,6618.435638124164
337.74381,0.212536,-35.82703,6616.125471,6615.188558962669
337.75381,0.210631,-35.826306,6615.767205,6617.811592459598
337.76381,0.208734,-35.825583,6615.408945,6612.992891342926
337.77381,0.206845,-35.82486,6615.050693,6616.018069831942
337.78381,0.204963,-35.824137,6614.692448,6615.897811547903
337.79381,0.203089,-35.823415,6614.33421,6617.167770754197
337.80381,0.201223,-35.822694,6613.97598,6617.152146029827
337.81381,0.199364,-35.821972,6613.617756,6614.290998249756
337.82381,0.197513,-35.821251,6613.25954,6614.6965069350645
337.83381,0.19567,-35.82053,6612.901331,6614.154514304806
337.84381,0.193836,-35.81981,6612.54313,6611.976761485846
337.85381,0.192009,-35.81909,6612.184935,6616.296402755664
337.86381,0.19019,-35.818371,6611.826748,6611.964924208572
337.87381,0.188379,-35.817652,6611.468568,6613.207492055195
337.88381,0.186576,-35.816933,6611.110395,6613.768022203177
337.89381,0.184781,-35.816214,6610.752229,6612.4082965717125
337.90381,0.182995,-35.815496,6610.39407,6613.045413674544
337.91381,0.181217,-35.814778,6610.035919,6609.2730410711065
337.92381,0.179448,-35.81406,6609.677775,6610.89525500931
337.93381,0.177687,-35.813343,6609.319638,6610.717735053678
337.94381,0.175934,-35.812626,6608.961508,6609.760267252834
337.95381,0.17419,-35.81191,6608.603385,6607.727693423267
337.96381,0.172455,-35.811193,6608.24527,6607.149920331175
337.97381,0.170728,-35.810477,6607.887162,6610.425648961066
337.98381,0.169011,-35.809761,6607.52906,6608.08864205414
337.99381,0.167302,-35.809046,6607.170966,6607.487185700026
338.00381,0.165603,-35.80833,6606.812879,6608.02335966773
338.01381,0.163912,-35.807615,6606.4548,6607.621830347289
338.02381,0.162231,-35.806901,6606.096727,6605.67041963784
338.03381,0.160559,-35.806186,6605.738662,6607.696138859
338.04381,0.158897,-35.805472,6605.380603,6605.068014913816
338.05381,0.157244,-35.804758,6605.022552,6603.459246936067
338.06381,0.1556,-35.804044,6604.664508,6607.504566654023
338.07381,0.153967,-35.80333,6604.306471,6602.614620773345
338.08381,0.152344,-35.802617,6603.948442,6605.778822882209
338.09381,0.15073,-35.801904,6603.590419,6603.806063408369
338.10381,0.149127,-35.801191,6603.232404,6604.58095034555
338.11381,0.147534,-35.800478,6602.874395,6603.559106062072
338.12381,0.145951,-35.799765,6602.516394,6602.535408758062
338.13381,0.144379,-35.799053,6602.1584,6604.323040282938
338.14381,0.142818,-35.798341,6601.800413,6602.278694154311
338.15381,0.141268,-35.797629,6601.442433,6602.235409752074
338.16381,0.139728,-35.796917,6601.08446,6601.797227548287
338.17381,0.1382,-35.796206,6600.726495,6600.319444164336
338.18381,0.136684,-35.795494,6600.368536,6600.452124199378
338.19381,0.135179,-35.794783,6600.010585,6601.2607660033445
338.20381,0.133686,-35.794072,6599.652641,6599.925731600683
338.21381,0.132204,-35.793361,6599.294703,6600.281910444919
338.22381,0.130735,-35.79265,6598.936773,6599.683001923169
338.23381,0.129278,-35.791939,6598.57885,6597.759560078126
338.24381,0.127834,-35.791229,6598.220935,6598.674981763948
338.25381,0.126403,-35.790519,6597.863026,6598.215720736956
338.26381,0.124985,-35.789808,6597.505124,6598.664289516816
338.27381,0.12358,-35.789098,6597.14723,6597.914581417099
338.28381,0.122188,-35.788388,6596.789342,6597.731405163933
338.29381,0.120811,-35.787678,6596.431462,6595.716053755165
338.30381,0.119447,-35.786969,6596.073589,6598.775309459069
338.31381,0.118098,-35.786259,6595.715723,6595.5981557215355
338.32381,0.116763,-35.78555,6595.357863,6597.71621206849
338.33381,0.115443,-35.78484,6595.000012,6596.849023952878
338.34381,0.114139,-35.784131,6594.642167,6595.803158599221
338.35381,0.11285,-35.783422,6594.284329,6594.631143768627
338.36381,0.111576,-35.782713,6593.926498,6593.901786155391
338.37381,0.110319,-35.782004,6593.568675,6593.695985203099
338.38381,0.109078,-35.781295,6593.210858,6594.645598643575
338.39381,0.107854,-35.780586,6592.853049,6595.915986433679
338.40381,0.106647,-35.779877,6592.495246,6590.945129979343
338.41381,0.105458,-35.779168,6592.137451,6593.382508801122
338.42381,0.104287,-35.77846,6591.779663,6592.407821232278
338.43381,0.103133,-35.777751,6591.421882,6589.235222121702
338.44381,0.101999,-35.777043,6591.064108,6593.618049910777
338.45381,0.100883,-35.776334,6590.706341,6589.493067452766
338.46381,0.099787,-35.775626,6590.348581,6591.117606909924
338.47381,0.098711,-35.774918,6589.990829,6591.3696757684975
338.48381,0.097655,-35.774209,6589.633083,6592.918604293083
338.49381,0.09662,-35.773501,6589.275344,6588.904700591704
338.50381,0.095606,-35.772793,6588.917613,6589.978337330324
338.51381,0.094614,-35.772085,6588.559889,6589.744154722628
338.52381,0.093643,-35.771377,6588.202171,6588.465037529071
338.53381,0.092695,-35.770669,6587.844461,6587.614812032576
338.54381,0.09177,-35.769961,6587.486758,6587.421040301258
338.55381,0.090869,-35.769253,6587.129062,6585.875641460011
338.56381,0.089991,-35.768545,6586.771373,6586.995781786187
338.57381,0.089138,-35.767837,6586.413691,6586.106572900633
338.58381,0.088309,-35.767129,6586.056016,6587.793705739152
338.59381,0.087505,-35.766421,6585.698348,6587.788131306057
338.60381,0.086728,-35.765713,6585.340688,6586.555793360462
338.61381,0.085976,-35.765005,6584.983034,6582.988900290657
338.62381,0.085251,-35.764298,6584.625388,6583.461341562604
338.63381,0.084553,-35.76359,6584.267748,6585.08471877314
338.64381,0.083882,-35.762882,6583.910116,6586.948432188912
338.65381,0.083239,-35.762174,6583.552491,6584.836534892039
338.66381,0.082625,-35.761466,6583.194872,6582.902821699073
338.67381,0.082039,-35.760758,6582.837261,6584.631301454158
338.68381,0.081482,-35.760051,6582.479657,6581.722827929985
338.69381,0.080954,-35.759343,6582.12206,6581.15301229654
338.70381,0.080456,-35.758635,6581.76447,6582.2055222315175
338.71381,0.079988,-35.757927,6581.406888,6582.52909252256
338.72381,0.07955,-35.757219,6581.049312,6581.318928174581
338.73381,0.079143,-35.756511,6580.691743,6581.305201232563
338.74381,0.078767,-35.755803,6580.334182,6579.442046282915
338.75381,0.078421,-35.755095,6579.976627,6581.753667893786
338.76381,0.078106,-35.754387,6579.61908,6582.299013312074
338.77381,0.077823,-35.753679,6579.261539,6578.851783455476
338.78381,0.077571,-35.752971,6578.904006,6577.254243003942
338.79381,0.07735,-35.752263,6578.54648,6577.755278555226
338.80381,0.077161,-35.751555,6578.188961,6577.93241111561
338.81381,0.077003,-35.750847,6577.831449,6579.878842136782
338.82381,0.076876,-35.750139,6577.473944,6578.13245568951
338.83381,0.076781,-35.749431,6577.116446,6576.424028092582
338.84381,0.076716,-35.748722,6576.758955,6577.713244173079
338.85381,0.076683,-35.748014,6576.401472,6576.725020678499
338.86381,0.07668,-35.747306,6576.043995,6577.145132778043
338.87381,0.076708,-35.746597,6575.686525,6575.402093248901
338.88381,0.076766,-35.745889,6575.329063,6578.690738356426
338.89381,0.076854,-35.74518,6574.971608,6573.663084198755
338.90381,0.076971,-35.744472,6574.614159,6575.9250857476145
338.91381,0.077118,-35.743763,6574.256718,6573.444383660149
338.92381,0.077293,-35.743055,6573.899284,6574.856552968125
338.93381,0.077497,-35.742346,6573.541857,6574.232452923313
338.94381,0.077729,-35.741637,6573.184437,6572.245333657227
338.95381,0.077988,-35.740928,6572.827024,6572.88871161867
338.96381,0.078275,-35.740219,6572.469619,6573.305027514187
338.97381,0.078588,-35.73951,6572.11222,6572.5784833348625
338.98381,0.078926,-35.738801,6571.754828,6571.935267338425
338.99381,0.079291,-35.738092,6571.397444,6572.839893687537
339.00381,0.07968,-35.737383,6571.040067,6570.871180417424
339.01381,0.080093,-35.736674,6570.682696,6571.13149004306
339.02381,0.08053,-35.735964,6570.325333,6571.0500817444145
339.03381,0.08099,-35.735255,6569.967977,6571.724514569921
339.04381,0.081472,-35.734546,6569.610628,6570.581034702324
339.05381,0.081977,-35.733836,6569.253286,6566.261525170297
339.06381,0.082503,-35.733126,6568.895951,6569.409539153574
339.07381,0.083049,-35.732417,6568.538624,6570.062968194506
339.08381,0.083616,-35.731707,6568.181303,6568.046139023821
339.09381,0.084202,-35.730997,6567.823989,6565.761049890051
339.10381,0.084807,-35.730287,6567.466683,6566.482276423217
339.11381,0.08543,-35.729577,6567.109384,6569.301736765891
339.12381,0.086071,-35.728867,6566.752091,6568.020166549043
339.13381,0.086729,-35.728157,6566.394806,6567.445597601045
339.14381,0.087404,-35.727446,6566.037528,6565.713105826603
339.15381,0.088095,-35.726736,6565.680257,6564.958069775207
339.16381,0.088802,-35.726025,6565.322994,6567.068057549647
339.17381,0.089523,-35.725315,6564.965737,6566.811968103278
339.18381,0.090259,-35.724604,6564.608487,6565.308926733901
339.19381,0.091009,-35.723893,6564.251245,6569.309384270666
339.20381,0.091772,-35.723182,6563.894009,6564.174016621697
339.21381,0.092548,-35.722471,6563.536781,6563.670632789153
339.22381,0.093337,-35.72176,6563.17956,6563.282285301583
339.23381,0.094138,-35.721049,6562.822346,6563.291522323947
339.24381,0.09495,-35.720338,6562.465139,6564.2259567096335
339.25381,0.095773,-35.719626,6562.107939,6560.831050355703
339.26381,0.096607,-35.718915,6561.750747,6562.90658586515
339.27381,0.097451,-35.718203,6561.393561,6565.013453555257
339.28381,0.098305,-35.717491,6561.036383,6561.627282875131
339.29381,0.099168,-35.71678,6560.679211,6560.4090971487985
339.30381,0.100041,-35.716068,6560.322047,6560.1123889463015
339.31381,0.100922,-35.715356,6559.96489,6561.8578191248935
339.32381,0.101811,-35.714644,6559.60774,6561.205303044476
339.33381,0.102709,-35.713931,6559.250597,6561.66814178402
339.34381,0.103614,-35.713219,6558.893461,6560.546863962064
339.35381,0.104526,-35.712506,6558.536333,6558.40662654485
339.36381,0.105445,-35.711794,6558.179211,6557.671798737975
339.37381,0.106371,-35.711081,6557.822097,6559.718353619469
339.38381,0.107303,-35.710368,6557.464989,6558.881238844243
339.39381,0.108242,-35.709655,6557.107889,6557.594678349614
339.40381,0.109186,-35.708942,6556.750796,6555.603404775273
339.41381,0.110136,-35.708229,6556.39371,6555.889306655654
339.42381,0.11109,-35.707516,6556.036632,6557.8288699477425
339.43381,0.11205,-35.706802,6555.67956,6557.123794975754
339.44381,0.113015,-35.706089,6555.322496,6555.415811653692
339.45381,0.113985,-35.705375,6554.965438,6556.210133871744
339.46381,0.114958,-35.704662,6554.608388,6554.748878877425
339.47381,0.115936,-35.703948,6554.251345,6554.955884871333
339.48381,0.116918,-35.703234,6553.894309,6552.593366427764
339.49381,0.117903,-35.70252,6553.53728,6555.827724564331
339.50381,0.118892,-35.701805,6553.180259,6557.117671711523
339.51381,0.119884,-35.701091,6552.823244,6555.382890364979
339.52381,0.120879,-35.700377,6552.466237,6551.076674301562
339.53381,0.121878,-35.699662,6552.109237,6554.071642887858
339.54381,0.122879,-35.698947,6551.752244,6555.478446518047
339.55381,0.123882,-35.698232,6551.395258,6553.456636129362
339.56381,0.124888,-35.697517,6551.038279,6549.431990963451
339.57381,0.125897,-35.696802,6550.681308,6554.100904997619
339.58381,0.126907,-35.696087,6550.324343,6550.871306766577
339.59381,0.12792,-35.695372,6549.967386,6549.452209453769
339.60381,0.128934,-35.694656,6549.610436,6547.201911666588
339.61381,0.12995,-35.693941,6549.253493,6548.366367988706
339.62381,0.130968,-35.693225,6548.896557,6548.569070376703
339.63381,0.131987,-35.692509,6548.539628,6547.471966613645
339.64381,0.133008,-35.691793,6548.182707,6548.972740440247
339.65381,0.13403,-35.691077,6547.825792,6547.754369083322
339.66381,0.135053,-35.690361,6547.468885,6546.692827114243
339.67381,0.136077,-35.689644,6547.111985,6549.85878977582
339.68381,0.137102,-35.688928,6546.755092,6548.304732723201
339.69381,0.138127,-35.688211,6546.398207,6544.481196242814
339.70381,0.139154,-35.687494,6546.041328,6546.117558439029
339.71381,0.140181,-35.686778,6545.684457,6546.087624960592
339.72381,0.141209,-35.686061,6545.327592,6549.365813540599
339.73381,0.142237,-35.685343,6544.970735,6546.024141771149
339.74381,0.143265,-35.684626,6544.613886,6544.975162638481
339.75381,0.144294,-35.683909,6544.257043,6546.842440750323
339.76381,0.145323,-35.683191,6543.900207,6544.159224693664
339.77381,0.146352,-35.682474,6543.543379,6542.448330321506
339.78381,0.147382,-35.681756,6543.186558,6542.98919775426
339.79381,0.148411,-35.681038,6542.829744,6542.173545445395
339.80381,0.14944,-35.68032,6542.472937,6541.696142277991
339.81381,0.150469,-35.679602,6542.116138,6541.073158735363
339.82381,0.151498,-35.678883,6541.759345,6540.84861038155
339.83381,0.152526,-35.678165,6541.40256,6542.088730199018
339.84381,0.153555,-35.677446,6541.045782,6540.282730843524
339.85381,0.154583,-35.676727,6540.689011,6541.671267343271
339.86381,0.15561,-35.676009,6540.332247,6539.496683185626
339.87381,0.156637,-35.67529,6539.975491,6540.221104162558
339.88381,0.157663,-35.67457,6539.618742,6542.863520944983
339.89381,0.158689,-35.673851,6539.261999,6542.150812264367
339.90381,0.159714,-35.673132,6538.905265,6539.75462426437
339.91381,0.160738,-35.672412,6538.548537,6539.53157913519
339.92381,0.161762,-35.671693,6538.191816,6538.330844220629
339.93381,0.162785,-35.670973,6537.835103,6539.554948203085
339.94381,0.163807,-35.670253,6537.478397,6540.335990905609
339.95381,0.164828,-35.669533,6537.121698,6537.599933768086
339.96381,0.165848,-35.668813,6536.765006,6537.121060191776
339.97381,0.166868,-35.668093,6536.408322,6537.982881225188
339.98381,0.167886,-35.667372,6536.051644,6536.536924007205
339.99381,0.168903,-35.666652,6535.694974,6539.27374898146
340.00381,0.16992,-35.665931,6535.338311,6536.124825460304
340.01381,0.170935,-35.66521,6534.981656,6535.645605098033
340.02381,0.171949,-35.664489,6534.625007,6535.954034375198
340.03381,0.172962,-35.663768,6534.268366,6535.097690703915
340.04381,0.173973,-35.663047,6533.911732,6533.390461249294
340.05381,0.174984,-35.662325,6533.555105,6532.37297962708
340.06381,0.175993,-35.661604,6533.198485,6534.377055521055
340.07381,0.177001,-35.660882,6532.841873,6534.029007278037
340.08381,0.178008,-35.660161,6532.485268,6533.816989624881
340.09381,0.179013,-35.659439,6532.12867,6533.359466943325
340.10381,0.180017,-35.658717,6531.772079,6530.829652309162
340.11381,0.18102,-35.657995,6531.415495,6531.205112195879
340.12381,0.182021,-35.657272,6531.058919,6529.7647627762735
340.13381,0.183021,-35.65655,6530.70235,6533.73123129265
340.14381,0.18229,-35.655828,6530.345788,6530.5388495271545
340.15381,0.181451,-35.655105,6529.989233,6532.386042566476
340.16381,0.180621,-35.654383,6529.632686,6529.569899882434
340.17381,0.179799,-35.653662,6529.276146,6529.273095446878
340.18381,0.178985,-35.65294,6528.919613,6529.697516468327
340.19381,0.178179,-35.652219,6528.563087,6528.4567081145615
340.20381,0.177381,-35.651498,6528.206568,6527.546357539541
340.21381,0.176592,-35.650777,6527.850057,6529.181549747278
340.22381,0.175811,-35.650057,6527.493553,6529.476803209144
340.23381,0.175039,-35.649336,6527.137056,6526.369141009196
340.24381,0.174275,-35.648616,6526.780566,6527.321471146076
340.25381,0.173519,-35.647896,6526.424083,6525.079938974072
340.26381,0.172772,-35.647176,6526.067608,6527.511601374094
340.27381,0.172033,-35.646457,6525.71114,6528.314778349221
340.28381,0.171303,-35.645737,6525.354679,6528.668560475592
340.29381,0.170581,-35.645018,6524.998225,6523.992103039706
340.30381,0.169868,-35.644299,6524.641778,6524.953295190444
340.31381,0.169164,-35.64358,6524.285339,6525.293341819425
340.32381,0.168469,-35.642862,6523.928907,6526.503601538713
340.33381,0.167789,-35.642143,6523.572482,6523.282653576134
340.34381,0.167118,-35.641424,6523.216064,6522.98132000431
340.35381,0.166455,-35.640706,6522.859653,6524.989670375846
340.36381,0.165801,-35.639987,6522.50325,6522.959452133599
340.37381,0.165156,-35.639269,6522.146854,6522.274667247106
340.38381,0.16452,-35.63855,6521.790465,6522.314067236043
340.39381,0.163892,-35.637832,6521.434083,6521.902362288594
340.40381,0.163274,-35.637113,6521.077708,6521.033864668583
340.41381,0.162664,-35.636394,6520.72134,6520.170097436155
340.42381,0.162063,-35.635676,6520.36498,6521.105508664248
340.43381,0.161471,-35.634957,6520.008627,6518.411969939168
340.44381,0.160887,-35.634239,6519.652281,6520.69734708343
340.45381,0.160313,-35.63352,6519.295942,6518.88700984681
340.46381,0.159748,-35.632802,6518.93961,6521.314329215738
340.47381,0.159191,-35.632083,6518.583286,6520.954514318684
340.48381,0.158644,-35.631364,6518.226969,6515.550140146386
340.49381,0.158105,-35.630646,6517.870659,6517.494856075232
340.50381,0.157576,-35.629927,6517.514356,6516.83378503938
340.51381,0.157055,-35.629209,6517.15806,6517.934767882355
340.52381,0.156544,-35.62849,6516.801772,6517.362396536501
340.53381,0.156042,-35.627771,6516.44549,6514.128547807458
340.54381,0.155548,-35.627052,6516.089216,6517.661016857727
340.55381,0.155064,-35.626334,6515.732949,6517.852676781364
340.56381,0.154589,-35.625615,6515.37669,6514.713675169954
340.57381,0.154123,-35.624896,6515.020437,6515.901912071301
340.58381,0.153666,-35.624177,6514.664192,6513.920099919095
340.59381,0.153218,-35.623459,6514.307953,6515.539703555018
340.60381,0.152779,-35.62274,6513.951722,6512.382042818195
340.61381,0.152349,-35.622021,6513.595499,6515.578184956412
340.62381,0.151928,-35.621302,6513.239282,6510.732730892142
340.63381,0.151517,-35.620583,6512.883073,6512.756352937824
340.64381,0.151114,-35.619864,6512.52687,6513.390108364539
340.65381,0.150721,-35.619145,6512.170675,6513.410326844423
340.66381,0.150337,-35.618426,6511.814488,6509.604692283725
340.67381,0.149962,-35.617707,6511.458307,6509.694237928363
340.68381,0.149596,-35.616988,6511.102133,6511.759644568846
340.69381,0.149239,-35.616269,6510.745967,6510.8362497642065
340.70381,0.148891,-35.61555,6510.389808,6513.406477510147
340.71381,0.148552,-35.61483,6510.033656,6511.391443639046
340.72381,0.148222,-35.614111,6509.677511,6508.911139189069
340.73381,0.147901,-35.613392,6509.321374,6509.1686717750035
340.74381,0.14759,-35.612672,6508.965244,6509.326615388351
340.75381,0.147287,-35.611953,6508.60912,6510.85833749007
340.76381,0.146993,-35.611234,6508.253005,6510.69180401779
340.77381,0.146709,-35.610514,6507.896896,6510.530871665849
340.78381,0.146433,-35.609794,6507.540794,6508.304010073488
340.79381,0.146166,-35.609075,6507.1847,6507.717559995898
340.80381,0.145908,-35.608355,6506.828613,6507.8710082933585
340.81381,0.145659,-35.607636,6506.472533,6506.826388395964
340.82381,0.145419,-35.606916,6506.11646,6508.44682438501
340.83381,0.145188,-35.606196,6505.760394,6502.631790730103
340.84381,0.144965,-35.605476,6505.404336,6503.587246247452
340.85381,0.144752,-35.604756,6505.048285,6507.791288842934
340.86381,0.144547,-35.604036,6504.692241,6506.90158152393
340.87381,0.144351,-35.603316,6504.336204,6504.453586079437
340.88381,0.144163,-35.602596,6503.980175,6507.584665941156
340.89381,0.143985,-35.601876,6503.624152,6504.751860426862
340.90381,0.143815,-35.601156,6503.268137,6505.022060667605
340.91381,0.143653,-35.600436,6502.912129,6501.886368650088
340.92381,0.1435,-35.599716,6502.556128,6505.792624709508
340.93381,0.143356,-35.598995,6502.200135,6501.67472003543
340.94381,0.14322,-35.598275,6501.844148,6502.554339628216
340.95381,0.143093,-35.597554,6501.488169,6502.296455124709
340.96381,0.142974,-35.596834,6501.132197,6504.769284433011
340.97381,0.142863,-35.596113,6500.776233,6502.416925248153
340.98381,0.142761,-35.595393,6500.420275,6499.1375417498575
340.99381,0.142666,-35.594672,6500.064325,6501.034600046115
341.00381,0.142581,-35.593951,6499.708382,6500.167003912737
341.01381,0.142503,-35.59323,6499.352446,6501.199965435558
341.02381,0.142433,-35.592509,6498.996517,6501.598308659999
341.03381,0.142372,-35.591788,6498.640596,6497.83769782562
341.04381,0.142318,-35.591067,6498.284681,6499.235010264577
341.05381,0.142273,-35.590346,6497.928774,6500.107294618267
341.06381,0.142235,-35.589625,6497.572874,6497.471347254812
341.07381,0.142206,-35.588904,6497.216982,6499.476779139307
341.08381,0.142184,-35.588183,6496.861096,6498.209758389848
341.09381,0.142169,-35.587461,6496.505218,6499.41790269069
341.10381,0.142163,-35.58674,6496.149347,6498.415309277705
341.11381,0.142164,-35.586018,6495.793483,6499.183212923537
341.12381,0.142173,-35.585297,6495.437627,6500.0974993631535
341.13381,0.142189,-35.584575,6495.081777,6496.504915237944
341.14381,0.142213,-35.583853,6494.725935,6492.061555407047
341.15381,0.142244,-35.583131,6494.3701,6495.925015376479
341.16381,0.142282,-35.58241,6494.014273,6495.655549587525
341.17381,0.142328,-35.581688,6493.658452,6493.202971833812
341.18381,0.142381,-35.580966,6493.302639,6497.161583585275
341.19381,0.142441,-35.580244,6492.946833,6493.5432787615455
341.20381,0.142508,-35.579521,6492.591034,6490.423165551885
341.21381,0.142582,-35.578799,6492.235242,6493.889882091745
341.22381,0.142663,-35.578077,6491.879458,6491.515039956056
341.23381,0.14275,-35.577354,6491.523681,6494.498309569315
341.24381,0.142845,-35.576632,6491.167911,6495.483533666019
341.25381,0.142946,-35.575909,6490.812148,6490.866443942962
341.26381,0.143055,-35.575187,6490.456393,6492.445202240503
341.27381,0.143169,-35.574464,6490.100644,6492.441568808243
341.28381,0.14329,-35.573741,6489.744903,6491.609984720427
341.29381,0.143418,-35.573019,6489.38917,6493.437214458624
341.30381,0.143552,-35.572296,6489.033443,6489.360638253411
341.31381,0.143692,-35.571573,6488.677724,6492.879674246396
341.32381,0.143839,-35.57085,6488.322012,6487.0698595889135
341.33381,0.143991,-35.570126,6487.966307,6488.521234908515
341.34381,0.14415,-35.569403,6487.610609,6486.4688388213945
341.35381,0.144315,-35.56868,6487.254919,6488.681937883516
341.36381,0.144486,-35.567957,6486.899235,6486.673079460117
341.37381,0.144663,-35.567233,6486.54356,6487.349504579659
341.38381,0.144845,-35.56651,6486.187891,6490.644305143584
341.39381,0.145033,-35.565786,6485.832229,6486.592224630837
341.40381,0.145227,-35.565062,6485.476575,6486.541200560115
341.41381,0.145427,-35.564338,6485.120928,6487.654557106154
341.42381,0.145632,-35.563615,6484.765288,6485.02090127411
341.43381,0.145843,-35.562891,6484.409656,6484.094821781307
341.44381,0.146058,-35.562167,6484.054031,6485.195406119578
341.45381,0.14628,-35.561442,6483.698412,6483.531565429571
341.46381,0.146506,-35.560718,6483.342802,6482.3833264350915
341.47381,0.146738,-35.559994,6482.987198,6484.552308306258
341.48381,0.146975,-35.55927,6482.631602,6482.510529951078
341.49381,0.147216,-35.558545,6482.276013,6483.722093835584
341.50381,0.147463,-35.557821,6481.920431,6480.785587281661
341.51381,0.147715,-35.557096,6481.564856,6479.773852039354
341.52381,0.147971,-35.556372,6481.209289,6483.7439727758065
341.53381,0.148233,-35.555647,6480.853729,6479.857292022508
341.54381,0.148499,-35.554922,6480.498176,6482.84757490618
341.55381,0.148769,-35.554197,6480.14263,6481.214811824181
341.56381,0.149044,-35.553472,6479.787092,6480.7904351732395
341.57381,0.149324,-35.552747,6479.431561,6482.093291192074
341.58381,0.149608,-35.552022,6479.076037,6482.435713420795
341.59381,0.149896,-35.551297,6478.720521,6476.792422782815
341.60381,0.150189,-35.550571,6478.365011,6480.435480357926
341.61381,0.150486,-35.549846,6478.009509,6478.409398437695
341.62381,0.150787,-35.54912,6477.654014,6478.852083049171
341.63381,0.151092,-35.548395,6477.298527,6479.220258743671
341.64381,0.151401,-35.547669,6476.943046,6477.381130548215
341.65381,0.151714,-35.546943,6476.587573,6478.327593589809
341.66381,0.152031,-35.546218,6476.232108,6472.4082947470515
341.67381,0.152351,-35.545492,6475.876649,6479.053274710639
341.68381,0.152676,-35.544766,6475.521198,6478.61653314977
341.69381,0.153004,-35.54404,6475.165754,6476.938834696132
341.70381,0.153336,-35.543314,6474.810317,6475.168908677886
341.71381,0.153671,-35.542587,6474.454887,6475.857753565813
341.72381,0.15401,-35.541861,6474.099465,6475.524274628285
341.73381,0.154353,-35.541135,6473.74405,6474.301929032287
341.74381,0.154698,-35.540408,6473.388642,6475.73875649871
341.75381,0.155047,-35.539682,6473.033242,6473.004097494104
341.76381,0.1554,-35.538955,6472.677849,6473.374906676513
341.77381,0.155755,-35.538228,6472.322463,6472.850343498527
341.78381,0.156114,-35.537502,6471.967084,6472.925933476896
341.79381,0.156476,-35.536775,6471.611713,6471.052355765606
341.80381,0.156841,-35.536048,6471.256349,6474.976518545417
341.81381,0.157209,-35.535321,6470.900992,6474.947275841241
341.82381,0.157579,-35.534594,6470.545642,6472.831012390085
341.83381,0.157953,-35.533867,6470.1903,6471.301337487108
341.84381,0.15833,-35.533139,6469.834965,6472.494257566898
341.85381,0.158709,-35.532412,6469.479637,6469.310134269183
341.86381,0.159091,-35.531685,6469.124317,6468.875413052941
341.87381,0.159475,-35.530957,6468.769004,6469.082138595322
341.88381,0.159862,-35.530229,6468.413698,6470.81801506355
341.89381,0.160252,-35.529502,6468.058399,6467.172420940446
341.90381,0.160644,-35.528774,6467.703108,6471.892898644431
341.91381,0.161039,-35.528046,6467.347824,6466.1542759892045
341.92381,0.161436,-35.527318,6466.992547,6469.181976403066
341.93381,0.161836,-35.52659,6466.637277,6469.614531307724
341.94381,0.162238,-35.525862,6466.282015,6468.990801194883
341.95381,0.162642,-35.525134,6465.92676,6466.322844899671
341.96381,0.163048,-35.524406,6465.571512,6466.636967094215
341.97381,0.163456,-35.523678,6465.216272,6465.729945932191
341.98381,0.163867,-35.522949,6464.861039,6465.349762663028
341.99381,0.164279,-35.522221,6464.505813,6463.681071341778
342.00381,0.164694,-35.521492,6464.150594,6464.310861619261
342.01381,0.16511,-35.520764,6463.795383,6462.7256016197725
342.02381,0.165529,-35.520035,6463.440179,6461.215947241292
342.03381,0.165949,-35.519306,6463.084982,6465.309037049375
342.04381,0.166372,-35.518577,6462.729793,6463.686879021177
342.05381,0.166796,-35.517848,6462.374611,6463.845395802765
342.06381,0.167222,-35.517119,6462.019436,6464.035273992365
342.07381,0.167649,-35.51639,6461.664268,6462.3493446339435
342.08381,0.168078,-35.515661,6461.309108,6461.847867338942
342.09381,0.168509,-35.514932,6460.953955,6461.671975097626
342.10381,0.168942,-35.514203,6460.598809,6459.575489576415
342.11381,0.169376,-35.513473,6460.243671,6461.850713845635
342.12381,0.169811,-35.512744,6459.88854,6461.745993883664
342.13381,0.170248,-35.512014,6459.533416,6459.091024583373
342.14381,0.170687,-35.511285,6459.1783,6458.881738863825
342.15381,0.171127,-35.510555,6458.82319,6458.607922049762
342.16381,0.171568,-35.509825,6458.468089,6460.962769394881
342.17381,0.17201,-35.509095,6458.112994,6457.47499257157
342.18381,0.172454,-35.508365,6457.757907,6459.124398295324
342.19381,0.1729,-35.507635,6457.402827,6458.42246575242
342.20381,0.173346,-35.506905,6457.047754,6458.541739693492
342.21381,0.173794,-35.506175,6456.692689,6460.982277578225
342.22381,0.174242,-35.505445,6456.33763,6457.039280136714
342.23381,0.174692,-35.504715,6455.98258,6455.081169315998
342.24381,0.175143,-35.503984,6455.627536,6457.626139676627
342.25381,0.175595,-35.503254,6455.2725,6458.826037693129
342.26381,0.176048,-35.502523,6454.917471,6456.39302555634
342.27381,0.176503,-35.501793,6454.56245,6454.672287704816
342.28381,0.176958,-35.501062,6454.207435,6456.127786060818
342.29381,0.177414,-35.500332,6453.852428,6453.256291808757
342.30381,0.177871,-35.499601,6453.497429,6451.517761849826
342.31381,0.178328,-35.49887,6453.142436,6453.478461130058
342.32381,0.178787,-35.498139,6452.787451,6454.429850744551
342.33381,0.179247,-35.497408,6452.432473,6454.574961518021
342.34381,0.179707,-35.496677,6452.077503,6456.168399036982
342.35381,0.180168,-35.495946,6451.72254,6450.418294473793
342.36381,0.18063,-35.495215,6451.367584,6454.046675753305
342.37381,0.181092,-35.494483,6451.012636,6454.327352038447
342.38381,0.181555,-35.493752,6450.657694,6451.867262348514
342.39381,0.182019,-35.493021,6450.302761,6451.597637920829
342.40381,0.182484,-35.492289,6449.947834,6449.272721883725
342.41381,0.182949,-35.491558,6449.592915,6448.441601916229
342.42381,0.183414,-35.490826,6449.238003,6447.451355819989
342.43381,0.183881,-35.490094,6448.883098,6449.208925554386
342.44381,0.184347,-35.489363,6448.528201,6446.831555435272
342.45381,0.184815,-35.488631,6448.173311,6450.224763648129
342.46381,0.185283,-35.487899,6447.818428,6448.848405278604
342.47381,0.185751,-35.487167,6447.463553,6449.23699076383
342.48381,0.18622,-35.486435,6447.108685,6448.365502721067
342.49381,0.186689,-35.485703,6446.753824,6444.652726531865
342.50381,0.187158,-35.484971,6446.398971,6448.371609604071
342.51381,0.187628,-35.484238,6446.044125,6447.112467747116
342.52381,0.188098,-35.483506,6445.689286,6447.749623094951
342.53381,0.188569,-35.482774,6445.334455,6447.458992054588
342.54381,0.18904,-35.482041,6444.979631,6447.134290262041
342.55381,0.189511,-35.481309,6444.624814,6444.857809807652
342.56381,0.189982,-35.480577,6444.270005,6447.608307353641
342.57381,0.190454,-35.479844,6443.915202,6442.48267108342
342.58381,0.190926,-35.479111,6443.560408,6444.876748126869
342.59381,0.191398,-35.478379,6443.20562,6441.53226470468
342.60381,0.19187,-35.477646,6442.85084,6445.596718991092
342.61381,0.192343,-35.476913,6442.496067,6439.456116216995
342.62381,0.192816,-35.47618,6442.141302,6441.896930733292
342.63381,0.193288,-35.475447,6441.786544,6441.932024070936
342.64381,0.193761,-35.474714,6441.431793,6440.7524560837355
342.65381,0.194234,-35.473981,6441.077049,6442.014351534736
342.66381,0.194708,-35.473248,6440.722313,6443.3561308686
342.67381,0.195181,-35.472515,6440.367585,6442.446104420731
342.68381,0.195654,-35.471782,6440.012863,6440.49790243217
342.69381,0.196127,-35.471048,6439.658149,6439.664467889785
342.70381,0.196601,-35.470315,6439.303442,6441.777996414844
342.71381,0.197074,-35.469581,6438.948743,6439.981531017996
342.72381,0.197547,-35.468848,6438.59405,6438.7791442427915
342.73381,0.198021,-35.468114,6438.239366,6440.5333932078975
342.74381,0.198494,-35.467381,6437.884688,6441.4234844803395
342.75381,0.198967,-35.466647,6437.530018,6439.394620684785
342.76381,0.19944,-35.465914,6437.175355,6438.191650525764
342.77381,0.199913,-35.46518,6436.8207,6437.267634789859
342.78381,0.200386,-35.464446,6436.466052,6437.372446146461
342.79381,0.200859,-35.463712,6436.111411,6436.412307733516
342.80381,0.201332,-35.462978,6435.756777,6433.150014385769
342.81381,0.201804,-35.462244,6435.402151,6434.079952241788
342.82381,0.202277,-35.46151,6435.047532,6435.322805991826
342.83381,0.202749,-35.460776,6434.692921,6432.322098077913
342.84381,0.203221,-35.460042,6434.338317,6435.841168082655
342.85381,0.203693,-35.459308,6433.98372,6434.462765445333
342.86381,0.204165,-35.458574,6433.629131,6434.063495545369
342.87381,0.204636,-35.457839,6433.274549,6436.05884396244
342.88381,0.205107,-35.457105,6432.919974,6436.660272141744
342.89381,0.205578,-35.456371,6432.565407,6432.466336519302
342.90381,0.206049,-35.455636,6432.210847,6435.095162622119
342.91381,0.20652,-35.454902,6431.856294,6431.532449064904
342.92381,0.20699,-35.454167,6431.501749,6432.627247273624
342.93381,0.20746,-35.453433,6431.147211,6432.330669010771
342.94381,0.20793,-35.452698,6430.79268,6432.7224123856295
342.95381,0.208399,-35.451963,6430.438157,6430.533091049071
342.96381,0.208868,-35.451229,6430.083641,6430.853676015485
342.97381,0.209337,-35.450494,6429.729132,6430.4579654327745
342.98381,0.209805,-35.449759,6429.374631,6428.854121700519
342.99381,0.210273,-35.449024,6429.020137,6431.80208516048
343.00381,0.210741,-35.448289,6428.66565,6428.660700360854
343.01381,0.211208,-35.447554,6428.311171,6429.058042930485
343.02381,0.211675,-35.446819,6427.956699,6428.908014799529
343.03381,0.212142,-35.446084,6427.602235,6428.4960565753745
343.04381,0.212608,-35.445349,6427.247778,6427.411078431911
343.05381,0.213074,-35.444614,6426.893328,6428.312524452654
343.06381,0.213539,-35.443879,6426.538885,6427.033953515236
343.07381,0.214004,-35.443144,6426.18445,6425.85754553436
343.08381,0.214468,-35.442408,6425.830022,6425.752076487373
343.09381,0.214933,-35.441673,6425.475602,6427.48558827921
343.10381,0.215396,-35.440938,6425.121189,6425.891095310153
343.11381,0.215859,-35.440202,6424.766783,6426.9333434932405
343.12381,0.216322,-35.439467,6424.412385,6424.493121239027
343.13381,0.216784,-35.438731,6424.057994,6425.7683596741235
343.14381,0.217246,-35.437996,6423.70361,6425.275925344619
343.15381,0.217708,-35.43726,6423.349234,6424.397690489496
343.16381,0.218168,-35.436525,6422.994865,6421.880955320857
343.17381,0.218629,-35.435789,6422.640503,6425.360726879849
343.18381,0.219089,-35.435054,6422.286149,6422.914637215894
343.19381,0.219548,-35.434318,6421.931802,6423.91685170786
343.20381,0.220007,-35.433582,6421.577463,6421.459899732514
343.21381,0.220465,-35.432846,6421.223131,6422.499372401787
343.22381,0.220923,-35.432111,6420.868806,6421.8937667239625
343.23381,0.22138,-35.431375,6420.514489,6422.8749462007
343.24381,0.221837,-35.430639,6420.160178,6421.973285668584
343.25381,0.222293,-35.429903,6419.805876,6420.828834257634
343.26381,0.222748,-35.429167,6419.45158,6422.656983232395
343.27381,0.223203,-35.428431,6419.097292,6423.130832176498
343.28381,0.223658,-35.427695,6418.743012,6418.638862204832
343.29381,0.224112,-35.426959,6418.388739,6419.83542751883
343.30381,0.224565,-35.426223,6418.034473,6420.716373004796
343.31381,0.225018,-35.425487,6417.680214,6416.909494300205
343.32381,0.22547,-35.42475,6417.325963,6416.184041374787
343.33381,0.225921,-35.424014,6416.971719,6416.667209387699
343.34381,0.226372,-35.423278,6416.617483,6417.304863352798
343.35381,0.225794,-35.422542,6416.263253,6419.160228617472
343.36381,0.224281,-35.421806,6415.909032,6417.18051157873
343.37381,0.222773,-35.421071,6415.554817,6418.540969498623
343.38381,0.221271,-35.420336,6415.20061,6418.050500842912
343.39381,0.219773,-35.419601,6414.846411,6418.65567428267
343.40381,0.218281,-35.418867,6414.492218,6416.270263783898
343.41381,0.216794,-35.418134,6414.138033,6414.388467738187
343.42381,0.215312,-35.4174,6413.783856,6414.148838107131
343.43381,0.213835,-35.416668,6413.429685,6414.1039990809995
343.44381,0.212363,-35.415935,6413.075522,6415.12060369737
343.45381,0.210896,-35.415203,6412.721367,6415.0315565583605
343.46381,0.209435,-35.414472,6412.367218,6411.816895092321
343.47381,0.207979,-35.41374,6412.013077,6411.025389499838
343.48381,0.206528,-35.413009,6411.658943,6409.756228948716
343.49381,0.205082,-35.412279,6411.304817,6413.8452792306325
343.50381,0.203642,-35.411549,6410.950698,6410.87835657872
343.51381,0.202206,-35.410819,6410.596586,6414.158320948412
343.52381,0.200776,-35.41009,6410.242481,6412.150487831383
343.53381,0.199352,-35.409361,6409.888384,6412.276519335362
343.54381,0.197933,-35.408632,6409.534294,6411.916187796976
343.55381,0.19652,-35.407904,6409.180212,6410.979508940763
343.56381,0.195112,-35.407176,6408.826136,6410.42006618717
343.57381,0.19371,-35.406448,6408.472068,6408.800980008716
343.58381,0.192313,-35.405721,6408.118007,6410.061530096872
343.59381,0.190921,-35.404994,6407.763954,6407.554167628533
343.60381,0.189534,-35.404267,6407.409907,6409.600640730006
343.61381,0.188153,-35.40354,6407.055868,6407.779916671647
343.62381,0.186777,-35.402814,6406.701836,6408.921519171441
343.63381,0.185406,-35.402088,6406.347812,6408.376377535112
343.64381,0.184041,-35.401363,6405.993795,6407.007030193906
343.65381,0.182682,-35.400637,6405.639785,6406.385232702352
343.66381,0.181327,-35.399912,6405.285782,6407.649057594338
343.67381,0.179978,-35.399187,6404.931786,6404.092082417697
343.68381,0.178635,-35.398463,6404.577798,6405.1104953710055
343.69381,0.177297,-35.397739,6404.223817,6405.796522245442
343.70381,0.175965,-35.397015,6403.869843,6404.331622046046
343.71381,0.174638,-35.396291,6403.515877,6406.400401666549
343.72381,0.173317,-35.395567,6403.161918,6402.2787868851365
343.73381,0.172001,-35.394844,6402.807966,6404.134199429842
343.74381,0.170691,-35.394121,6402.454021,6402.774120449836
343.75381,0.169386,-35.393398,6402.100083,6404.040266376994
343.76381,0.168088,-35.392676,6401.746153,6403.368772538043
343.77381,0.166794,-35.391953,6401.39223,6404.169769442618
343.78381,0.165507,-35.391231,6401.038314,6404.48154673619
343.79381,0.164225,-35.390509,6400.684405,6401.390523446745
343.80381,0.162949,-35.389788,6400.330504,6403.086724281778
343.81381,0.161679,-35.389066,6399.976609,6398.443756731635
343.82381,0.160414,-35.388345,6399.622722,6400.675221670159
343.83381,0.159156,-35.387624,6399.268842,6398.535530877811
343.84381,0.157903,-35.386903,6398.91497,6399.799859729692
343.85381,0.156656,-35.386182,6398.561104,6398.979274513035
343.86381,0.155415,-35.385462,6398.207246,6401.531646104695
343.87381,0.15418,-35.384742,6397.853395,6398.749302305476
343.88381,0.152951,-35.384022,6397.499551,6397.80321030895
343.89381,0.151728,-35.383302,6397.145715,6398.214204261275
343.90381,0.150511,-35.382582,6396.791885,6399.0328094629185
343.91381,0.149301,-35.381863,6396.438063,6400.5478733566
343.92381,0.148096,-35.381143,6396.084248,6397.319010502675
343.93381,0.146898,-35.380424,6395.73044,6395.065924984895
343.94381,0.145706,-35.379705,6395.376639,6395.215229916515
343.95381,0.14452,-35.378986,6395.022846,6396.327521117167
343.96381,0.14334,-35.378268,6394.66906,6398.846151003788
343.97381,0.142167,-35.377549,6394.315281,6394.575984459691
343.98381,0.141,-35.376831,6393.961509,6393.695501226214
343.99381,0.13984,-35.376113,6393.607744,6393.896181083756
344.00381,0.138686,-35.375395,6393.253987,6394.330320300994
344.01381,0.137539,-35.374677,6392.900236,6393.464290047263
344.02381,0.136399,-35.373959,6392.546493,6394.472867446236
344.03381,0.135265,-35.373242,6392.192757,6394.767335996853
344.04381,0.134138,-35.372524,6391.839028,6390.52704952991
344.05381,0.133017,-35.371807,6391.485306,6391.891387692405
344.06381,0.131904,-35.37109,6391.131592,6389.337665019234
344.07381,0.130797,-35.370373,6390.777885,6391.781128465007
344.08381,0.129698,-35.369656,6390.424185,6391.948065573814
344.09381,0.128605,-35.368939,6390.070492,6390.137898687742
344.10381,0.12752,-35.368223,6389.716806,6391.767100028459
344.11381,0.126441,-35.367506,6389.363127,6388.596057656421
344.12381,0.12537,-35.36679,6389.009456,6391.939674322421
344.13381,0.124307,-35.366073,6388.655791,6391.115901272011
344.14381,0.12325,-35.365357,6388.302134,6387.35640633281
344.15381,0.122202,-35.364641,6387.948484,6388.351965657689
344.16381,0.12116,-35.363925,6387.594841,6389.147951267645
344.17381,0.120127,-35.363209,6387.241206,6389.905245305379
344.18381,0.119101,-35.362494,6386.887577,6386.282903853471
344.19381,0.118083,-35.361778,6386.533956,6386.855910395886
344.20381,0.117072,-35.361063,6386.180342,6386.785306093924
344.21381,0.11607,-35.360347,6385.826735,6384.392221003407
344.22381,0.115076,-35.359632,6385.473135,6386.77743101231
344.23381,0.11409,-35.358917,6385.119542,6387.369363719603
344.24381,0.113112,-35.358202,6384.765956,6384.967352468543
344.25381,0.112142,-35.357487,6384.412378,6388.550420879864
344.26381,0.111181,-35.356772,6384.058807,6385.674189445786
344.27381,0.110229,-35.356057,6383.705242,6381.158692464346
344.28381,0.109285,-35.355342,6383.351685,6384.799051057787
344.29381,0.108349,-35.354627,6382.998136,6382.437380326785
344.30381,0.107423,-35.353913,6382.644593,6385.170618237709
344.31381,0.106506,-35.353198,6382.291057,6382.768600086803
344.32381,0.105597,-35.352484,6381.937529,6383.8245000987035
344.33381,0.104698,-35.351769,6381.584008,6382.776817765026
344.34381,0.103808,-35.351055,6381.230494,6382.358928542697
344.35381,0.102928,-35.350341,6380.876987,6382.563980031976
344.36381,0.102057,-35.349626,6380.523487,6385.540355321739
344.37381,0.101196,-35.348912,6380.169994,6381.571282222205
344.38381,0.100344,-35.348198,6379.816508,6380.245312617272
344.39381,0.099503,-35.347484,6379.46303,6376.824292945324
344.40381,0.098671,-35.34677,6379.109559,6379.6540239286
344.41381,0.09785,-35.346056,6378.756095,6379.885875298176
344.42381,0.097039,-35.345343,6378.402638,6376.999004873351
344.43381,0.096238,-35.344629,6378.049188,6380.075871382669
344.44381,0.095448,-35.343915,6377.695745,6378.555235574048
344.45381,0.094669,-35.343201,6377.34231,6378.175418115379
344.46381,0.093901,-35.342488,6376.988881,6376.338227972206
344.47381,0.093143,-35.341774,6376.63546,6378.866718162357
344.48381,0.092397,-35.341061,6376.282046,6374.6571317473645
344.49381,0.091662,-35.340347,6375.928639,6375.682429573313
344.50381,0.090939,-35.339634,6375.575239,6376.872091962077
344.51381,0.090227,-35.33892,6375.221846,6377.356498512855
344.52381,0.089527,-35.338207,6374.86846,6375.62111146435
344.53381,0.088838,-35.337494,6374.515082,6375.77207974005
344.54381,0.088162,-35.33678,6374.16171,6377.415547032127
344.55381,0.087498,-35.336067,6373.808346,6373.395405730004
344.56381,0.086846,-35.335354,6373.454989,6374.393893727844
344.57381,0.086207,-35.334641,6373.101639,6374.322157628223
344.58381,0.08558,-35.333927,6372.748296,6371.701728102709
344.59381,0.084967,-35.333214,6372.39496,6375.1440679710395
344.60381,0.084366,-35.332501,6372.041632,6372.633721165191
344.61381,0.083778,-35.331788,6371.68831,6372.834555558433
344.62381,0.083204,-35.331075,6371.334996,6370.795089109607
344.63381,0.082643,-35.330362,6370.981689,6369.725851441828
344.64381,0.082095,-35.329649,6370.628389,6370.088751779899
344.65381,0.081561,-35.328936,6370.275096,6370.918900850483
344.66381,0.081041,-35.328223,6369.92181,6371.628413269656
344.67381,0.080535,-35.32751,6369.568532,6372.292640944367
344.68381,0.080043,-35.326797,6369.21526,6372.867216650605
344.69381,0.079565,-35.326084,6368.861996,6366.423115724721
344.70381,0.079102,-35.325371,6368.508738,6369.215915301648
344.71381,0.078653,-35.324658,6368.155488,6370.582087453656
344.72381,0.078218,-35.323945,6367.802245,6370.418691996836
344.73381,0.077799,-35.323232,6367.449009,6366.31928174135
344.74381,0.077394,-35.32252,6367.09578,6368.896568840567
344.75381,0.077004,-35.321807,6366.742559,6369.624418900771
344.76381,0.076629,-35.321094,6366.389344,6367.3700001052675
344.77381,0.07627,-35.320381,6366.036137,6363.534905849039
344.78381,0.075925,-35.319668,6365.682937,6365.040666940638
344.79381,0.075596,-35.318955,6365.329744,6363.348445248242
344.80381,0.075282,-35.318242,6364.976558,6365.721046074973
344.81381,0.074983,-35.31753,6364.623379,6364.062907845582
344.82381,0.074701,-35.316817,6364.270207,6364.8044374284345
344.83381,0.074433,-35.316104,6363.917042,6363.837981273026
344.84381,0.074181,-35.315391,6363.563885,6365.842359615079
344.85381,0.073945,-35.314678,6363.210735,6364.765855614209
344.86381,0.073724,-35.313965,6362.857591,6365.968550585745
344.87381,0.073519,-35.313252,6362.504455,6364.1587281532065
344.88381,0.07333,-35.312539,6362.151326,6363.292925856279
344.89381,0.073156,-35.311827,6361.798205,6364.306081648376
344.90381,0.072998,-35.311114,6361.44509,6362.296712352236
344.91381,0.072856,-35.310401,6361.091982,6361.08612231145
344.92381,0.072729,-35.309688,6360.738882,6359.688783491437
344.93381,0.072618,-35.308975,6360.385789,6359.103223971174
344.94381,0.072522,-35.308262,6360.032702,6362.045243600994
344.95381,0.072442,-35.307549,6359.679623,6362.800661959555
344.96381,0.072377,-35.306836,6359.326551,6358.388541661168
344.97381,0.072327,-35.306123,6358.973487,6360.755640124306
344.98381,0.072292,-35.30541,6358.620429,6363.169792974952
344.99381,0.072273,-35.304697,6358.267378,6357.863829789458
345.00381,0.072268,-35.303984,6357.914335,6357.847915025806
345.01381,0.072279,-35.303271,6357.561299,6358.442890516688
345.02381,0.072304,-35.302558,6357.20827,6357.470347905274
345.03381,0.072344,-35.301845,6356.855248,6356.6750166765605
345.04381,0.072398,-35.301132,6356.502233,6358.522650333196
345.05381,0.072467,-35.300418,6356.149225,6357.993337096492
345.06381,0.072549,-35.299705,6355.796224,6354.869630114119
345.07381,0.072646,-35.298992,6355.443231,6353.55164941361
345.08381,0.072757,-35.298279,6355.090244,6356.086303821582
345.09381,0.072881,-35.297566,6354.737265,6354.700557005501
345.10381,0.073019,-35.296852,6354.384293,6354.39990568764
345.11381,0.07317,-35.296139,6354.031328,6353.597030257748
345.12381,0.073334,-35.295426,6353.67837,6352.527744454954
345.13381,0.073512,-35.294712,6353.32542,6353.798581337473
345.14381,0.073701,-35.293999,6352.972476,6355.459553933427
345.15381,0.073904,-35.293286,6352.61954,6355.088560864599
345.16381,0.074119,-35.292572,6352.26661,6353.392882850822
345.17381,0.074346,-35.291859,6351.913688,6353.021846121792
345.18381,0.074584,-35.291145,6351.560773,6354.753566400196
345.19381,0.074835,-35.290432,6351.207865,6353.529795834421
345.20381,0.075097,-35.289718,6350.854965,6351.35014405057
345.21381,0.07537,-35.289005,6350.502071,6350.782791512025
345.22381,0.075654,-35.288291,6350.149184,6353.2665304842285
345.23381,0.075949,-35.287578,6349.796305,6355.034694828235
345.24381,0.076254,-35.286864,6349.443433,6348.486399715401
345.25381,0.07657,-35.28615,6349.090568,6348.802225478827
345.26381,0.076896,-35.285436,6348.73771,6350.351688320443
345.27381,0.077232,-35.284723,6348.384859,6350.226750909603
345.28381,0.077578,-35.284009,6348.032015,6348.362400548272
345.29381,0.077933,-35.283295,6347.679179,6348.36785928459
345.30381,0.078297,-35.282581,6347.32635,6349.869220368146
345.31381,0.078671,-35.281867,6346.973527,6347.569460299384
345.32381,0.079053,-35.281153,6346.620712,6350.871164428415
345.33381,0.079444,-35.280439,6346.267904,6345.584314533175
345.34381,0.079843,-35.279725,6345.915103,6349.79180569157
345.35381,0.08025,-35.279011,6345.56231,6343.701995295
345.36381,0.080665,-35.278297,6345.209523,6344.310970547051
345.37381,0.081089,-35.277583,6344.856744,6344.077385812471
345.38381,0.081519,-35.276869,6344.503972,6342.25522243022
345.39381,0.081957,-35.276155,6344.151206,6345.960564214486
345.40381,0.082402,-35.27544,6343.798448,6343.583376111992
345.41381,0.082854,-35.274726,6343.445698,6346.798747812902
345.42381,0.083313,-35.274012,6343.092954,6344.151069338851
345.43381,0.083779,-35.273297,6342.740217,6343.497714928803
345.44381,0.08425,-35.272583,6342.387488,6346.646001871655
345.45381,0.084729,-35.271869,6342.034766,6344.2141924690995
345.46381,0.085213,-35.271154,6341.682051,6341.420971985665
345.47381,0.085703,-35.27044,6341.329343,6343.150309611771
345.48381,0.086198,-35.269725,6340.976642,6342.252407236083
345.49381,0.086699,-35.26901,6340.623948,6342.908532713246
345.50381,0.087206,-35.268296,6340.271262,6341.149886657696
345.51381,0.087717,-35.267581,6339.918582,6338.451454634745
345.52381,0.088234,-35.266866,6339.56591,6340.224312270255
345.53381,0.088756,-35.266151,6339.213245,6339.656679991566
345.54381,0.089282,-35.265437,6338.860587,6341.168754068611
345.55381,0.089813,-35.264722,6338.507936,6338.544520106449
345.56381,0.090348,-35.264007,6338.155293,6337.100185840782
345.57381,0.090887,-35.263292,6337.802656,6338.298615587898
345.58381,0.091431,-35.262577,6337.450027,6337.568351846458
345.59381,0.091978,-35.261862,6337.097404,6339.75301541525
345.60381,0.09253,-35.261147,6336.744789,6338.303584310509
345.61381,0.093085,-35.260432,6336.392182,6338.365427037162
345.62381,0.093644,-35.259716,6336.039581,6337.188268699779
345.63381,0.094206,-35.259001,6335.686987,6338.781535672104
345.64381,0.094771,-35.258286,6335.334401,6335.821492410423
345.65381,0.09534,-35.257571,6334.981822,6333.973102360527
345.66381,0.095912,-35.256855,6334.629249,6332.773020382461
345.67381,0.096487,-35.25614,6334.276684,6333.117636534623
345.68381,0.097065,-35.255424,6333.924127,6334.996484342973
345.69381,0.097645,-35.254709,6333.571576,6333.979003453768
345.70381,0.098228,-35.253993,6333.219032,6332.971569334262
345.71381,0.098814,-35.253278,6332.866496,6335.761540136826
345.72381,0.099402,-35.252562,6332.513967,6335.542132880832
345.73381,0.099993,-35.251846,6332.161445,6333.041198057647
345.74381,0.100586,-35.25113,6331.80893,6333.429336227048
345.75381,0.101181,-35.250415,6331.456422,6333.78266694119
345.76381,0.101778,-35.249699,6331.103922,6333.358727448794
345.77381,0.102377,-35.248983,6330.751428,6331.652999423252
345.78381,0.102978,-35.248267,6330.398942,6331.588144573836
345.79381,0.103581,-35.247551,6330.046463,6330.156013826043
345.80381,0.104186,-35.246835,6329.693991,6330.516233864849
345.81381,0.104792,-35.246119,6329.341526,6329.309834242736
345.82381,0.1054,-35.245403,6328.989069,6327.590320250437
345.83381,0.106009,-35.244687,6328.636618,6329.799316914843
345.84381,0.10662,-35.24397,6328.284175,6328.837005078538
345.85381,0.107233,-35.243254,6327.931739,6328.600429275832
345.86381,0.107846,-35.242538,6327.57931,6328.434569565743
345.87381,0.108461,-35.241822,6327.226888,6327.517332281465
345.88381,0.109077,-35.241105,6326.874473,6326.5239703714315
345.89381,0.109694,-35.240389,6326.522066,6325.095809245212
345.90381,0.110312,-35.239672,6326.169666,6329.496266741288
345.91381,0.110931,-35.238956,6325.817272,6327.69178752837
345.92381,0.111551,-35.238239,6325.464886,6324.758197096716
345.93381,0.112172,-35.237522,6325.112508,6324.85193239598
345.94381,0.112794,-35.236806,6324.760136,6326.6266276005035
345.95381,0.113416,-35.236089,6324.407772,6326.51330215854
345.96381,0.114039,-35.235372,6324.055414,6325.127033992259
345.97381,0.114663,-35.234655,6323.703064,6325.448991309473
345.98381,0.115287,-35.233938,6323.350721,6325.5463691344185
345.99381,0.115912,-35.233221,6322.998385,6323.8988351885055
346.00381,0.116538,-35.232505,6322.646057,6320.391741263696
346.01381,0.117164,-35.231787,6322.293735,6324.944670309612
346.02381,0.11779,-35.23107,6321.941421,6322.74607076956
346.03381,0.118416,-35.230353,6321.589114,6323.273081086476
346.04381,0.119043,-35.229636,6321.236814,6321.001444733965
346.05381,0.119671,-35.228919,6320.884521,6323.20665988196
346.06381,0.120298,-35.228202,6320.532236,6319.421189917551
346.07381,0.120926,-35.227484,6320.179957,6322.366700602367
346.08381,0.121554,-35.226767,6319.827686,6320.143242975872
346.09381,0.122181,-35.22605,6319.475422,6318.443443402462
346.10381,0.122809,-35.225332,6319.123165,6321.049065007626
346.11381,0.123438,-35.224615,6318.770915,6318.7796292361
346.12381,0.124066,-35.223897,6318.418673,6321.495705127696
346.13381,0.124694,-35.22318,6318.066437,6319.039398314704
346.14381,0.125322,-35.222462,6317.714209,6317.984291919956
346.15381,0.12595,-35.221744,6317.361988,6318.493402497878
346.16381,0.126577,-35.221027,6317.009774,6317.686304572225
346.17381,0.127205,-35.220309,6316.657567,6316.287160274277
346.18381,0.127832,-35.219591,6316.305368,6316.3984701841755
346.19381,0.12846,-35.218873,6315.953176,6317.692735243905
346.20381,0.129087,-35.218155,6315.60099,6315.610064683493
346.21381,0.129714,-35.217437,6315.248812,6311.523991766484
346.22381,0.13034,-35.216719,6314.896642,6316.350309322531
346.23381,0.130966,-35.216001,6314.544478,6315.084686347472
346.24381,0.131592,-35.215283,6314.192322,6315.222370659611
346.25381,0.132217,-35.214565,6313.840172,6313.81800625044
346.26381,0.132843,-35.213847,6313.48803,6314.217862597786
346.27381,0.133467,-35.213129,6313.135895,6313.148718683918
346.28381,0.134091,-35.21241,6312.783768,6311.130407674035
346.29381,0.134715,-35.211692,6312.431647,6316.005038587543
346.30381,0.135338,-35.210974,6312.079534,6312.59240841998
346.31381,0.135961,-35.210255,6311.727428,6310.590736354011
346.32381,0.136583,-35.209537,6311.375329,6314.392310741878
346.33381,0.137205,-35.208818,6311.023237,6312.652000453903
346.34381,0.137826,-35.2081,6310.671152,6312.126886221979
346.35381,0.138447,-35.207381,6310.319075,6312.075600326024
346.36381,0.139067,-35.206663,6309.967005,6313.104202789282
346.37381,0.139686,-35.205944,6309.614942,6312.491287644843
346.38381,0.140305,-35.205225,6309.262886,6311.522267025596
346.39381,0.140923,-35.204507,6308.910837,6311.844944364236
346.40381,0.141541,-35.203788,6308.558796,6308.396748684505
346.41381,0.142157,-35.203069,6308.206762,6310.095705760485
346.42381,0.142774,-35.20235,6307.854734,6306.74169317583
346.43381,0.143389,-35.201631,6307.502715,6306.5833349004615
346.44381,0.144004,-35.200912,6307.150702,6309.0383505732925
346.45381,0.144617,-35.200193,6306.798696,6308.0077215158435
346.46381,0.145231,-35.199474,6306.446698,6307.457102462607
346.47381,0.145843,-35.198755,6306.094707,6308.858529773502
346.48381,0.146455,-35.198036,6305.742723,6304.7284283942745
346.49381,0.147065,-35.197317,6305.390746,6305.21760029539
346.50381,0.147675,-35.196598,6305.038777,6305.511061011513
346.51381,0.148285,-35.195878,6304.686814,6305.384005036738
346.52381,0.148893,-35.195159,6304.334859,6307.932401772471
346.53381,0.1495,-35.19444,6303.982911,6305.420241120946
346.54381,0.150107,-35.193721,6303.63097,6303.998355343549
346.55381,0.150713,-35.193001,6303.279037,6301.462599950551
346.56381,0.151318,-35.192282,6302.92711,6302.292953355743
346.57381,0.151922,-35.191562,6302.575191,6303.348605176046
346.58381,0.152525,-35.190843,6302.223279,6304.322699910313
346.59381,0.153127,-35.190123,6301.871374,6302.074121212297
346.60381,0.153729,-35.189404,6301.519476,6302.841238737545
346.61381,0.154329,-35.188684,6301.167586,6302.914181833025
346.62381,0.154929,-35.187964,6300.815703,6303.693945842787
346.63381,0.155527,-35.187245,6300.463827,6299.213364691533
346.64381,0.156125,-35.186525,6300.111958,6301.33884547522
346.65381,0.156721,-35.185805,6299.760096,6300.56307496734
346.66381,0.157317,-35.185085,6299.408242,6301.180789528173
346.67381,0.157912,-35.184366,6299.056394,6302.89583480819
346.68381,0.158506,-35.183646,6298.704554,6301.357362318805
346.69381,0.159098,-35.182926,6298.352722,6297.623890708014
346.70381,0.15969,-35.182206,6298.000896,6295.914180568058
346.71381,0.160281,-35.181486,6297.649077,6298.186275314845
346.72381,0.160871,-35.180766,6297.297266,6299.961284741337
346.73381,0.161459,-35.180046,6296.945462,6299.433692575168
346.74381,0.162047,-35.179326,6296.593665,6297.488688129771
346.75381,0.162634,-35.178606,6296.241876,6293.5891050354585
346.76381,0.16322,-35.177886,6295.890093,6298.491192242507
346.77381,0.163804,-35.177165,6295.538318,6296.110931989952
346.78381,0.164388,-35.176445,6295.18655,6295.121647859967
346.79381,0.16497,-35.175725,6294.834789,6295.296873313671
346.80381,0.165552,-35.175005,6294.483035,6294.005736723555
346.81381,0.166132,-35.174284,6294.131289,6296.704346693843
346.82381,0.166712,-35.173564,6293.77955,6296.313151162246
346.83381,0.16729,-35.172844,6293.427818,6294.373308187975
346.84381,0.167867,-35.172123,6293.076093,6297.107459467813
346.85381,0.168444,-35.171403,6292.724375,6292.604218742001
346.86381,0.169019,-35.170682,6292.372665,6290.831839831011
346.87381,0.169593,-35.169962,6292.020962,6293.5786497566105
346.88381,0.170166,-35.169241,6291.669266,6293.571312730967
346.89381,0.170737,-35.168521,6291.317577,6294.214882561771
346.90381,0.171308,-35.1678,6290.965895,6293.3773574016695
346.91381,0.171878,-35.167079,6290.614221,6291.690815237134
346.92381,0.172446,-35.166359,6290.262554,6293.750452147448
346.93381,0.173014,-35.165638,6289.910894,6291.152719913609
346.94381,0.17358,-35.164917,6289.559241,6289.856620001679
346.95381,0.174145,-35.164197,6289.207595,6290.387665474293
346.96381,0.17471,-35.163476,6288.855957,6290.919122287665
346.97381,0.175273,-35.162755,6288.504326,6290.83629750041
346.98381,0.175834,-35.162034,6288.152702,6289.267009000743
346.99381,0.176395,-35.161314,6287.801085,6289.040544716079
347.00381,0.176955,-35.160593,6287.449475,6291.188084331239
347.01381,0.177513,-35.159872,6287.097873,6285.62919685177
347.02381,0.178071,-35.159151,6286.746278,6287.880752314758
347.03381,0.178627,-35.15843,6286.39469,6287.947911031662
347.04381,0.179182,-35.157709,6286.043109,6286.429118343082
347.05381,0.179736,-35.156988,6285.691536,6286.958092508398
347.06381,0.180289,-35.156267,6285.33997,6283.151985234613
347.07381,0.180841,-35.155546,6284.988411,6285.156329580122
347.08381,0.181391,-35.154825,6284.636859,6286.914381485209
347.09381,0.181941,-35.154104,6284.285314,6283.826451061101
347.10381,0.182489,-35.153383,6283.933777,6282.933085712207
347.11381,0.183036,-35.152661,6283.582246,6281.4914034075855
347.12381,0.183582,-35.15194,6283.230723,6282.215894340605
347.13381,0.184127,-35.151219,6282.879208,6282.233655423358
347.14381,0.184671,-35.150498,6282.527699,6280.451637528871
347.15381,0.185213,-35.149777,6282.176198,6284.105799394372
347.16381,0.185754,-35.149055,6281.824704,6284.066450631897
347.17381,0.186295,-35.148334,6281.473217,6281.718835798691
347.18381,0.186834,-35.147613,6281.121737,6283.142957431081
347.19381,0.187372,-35.146892,6280.770264,6285.5651337625495
347.20381,0.187909,-35.14617,6280.418799,6280.358649588224
347.21381,0.188444,-35.145449,6280.067341,6280.759553987495
347.22381,0.188979,-35.144728,6279.71589,6279.938821762652
347.23381,0.189512,-35.144006,6279.364446,6278.110706272881
347.24381,0.190044,-35.143285,6279.01301,6278.958898907578
347.25381,0.190575,-35.142563,6278.661581,6280.018242923894
347.26381,0.191105,-35.141842,6278.310159,6276.225531531507
347.27381,0.191634,-35.14112,6277.958744,6281.6371364893175
347.28381,0.192161,-35.140399,6277.607336,6279.16077346174
347.29381,0.192687,-35.139677,6277.255936,6274.58173016577
347.30381,0.193213,-35.138956,6276.904543,6277.4288838761795
347.31381,0.193737,-35.138234,6276.553157,6274.363336139387
347.32381,0.19426,-35.137513,6276.201778,6276.916797769398
347.33381,0.194781,-35.136791,6275.850406,6275.928656776564
347.34381,0.195302,-35.13607,6275.499042,6276.566597006495
347.35381,0.195821,-35.135348,6275.147685,6275.992256239767
347.36381,0.19634,-35.134626,6274.796335,6274.244260411922
347.37381,0.196857,-35.133905,6274.444993,6276.9299999909435
347.38381,0.197373,-35.133183,6274.093657,6273.65757021363
347.39381,0.197887,-35.132461,6273.742329,6274.542344716511
347.40381,0.198401,-35.13174,6273.391008,6276.406361841419
347.41381,0.198913,-35.131018,6273.039694,6277.419153944562
347.42381,0.199425,-35.130296,6272.688388,6272.445518267162
347.43381,0.199935,-35.129575,6272.337088,6272.569558193257
347.44381,0.200444,-35.128853,6271.985796,6272.445519321596
347.45381,0.200952,-35.128131,6271.634511,6271.541234250034
347.46381,0.201458,-35.127409,6271.283233,6270.019648757603
347.47381,0.201964,-35.126688,6270.931963,6274.485611110788
347.48381,0.202468,-35.125966,6270.5807,6270.992419386469
347.49381,0.202971,-35.125244,6270.229444,6270.093866551565
347.50381,0.203473,-35.124522,6269.878195,6271.685758805268
347.51381,0.203974,-35.123801,6269.526953,6271.618011505349
347.52381,0.204474,-35.123079,6269.175719,6267.821953650903
347.53381,0.204973,-35.122357,6268.824492,6267.220628371582
347.54381,0.20547,-35.121635,6268.473272,6271.4267538278655
347.55381,0.205966,-35.120913,6268.122059,6267.442321655019
347.56381,0.206461,-35.120191,6267.770853,6269.3840465737685
347.57381,0.206955,-35.11947,6267.419655,6269.512781885565
347.58381,0.207448,-35.118748,6267.068464,6271.105195193013
347.59381,0.20794,-35.118026,6266.71728,6268.066121656491
347.60381,0.208431,-35.117304,6266.366103,6267.478258372564
347.61381,0.20892,-35.116582,6266.014934,6265.649633889482
347.62381,0.209408,-35.11586,6265.663772,6264.923603658751
347.63381,0.209895,-35.115138,6265.312617,6267.529726563099
347.64381,0.210381,-35.114416,6264.961469,6265.166702314933
347.65381,0.210866,-35.113694,6264.610328,6265.199645703956
347.66381,0.21135,-35.112972,6264.259195,6265.305551458817
347.67381,0.211832,-35.112251,6263.908069,6267.8572028285935
347.68381,0.212314,-35.111529,6263.55695,6265.850687004414
347.69381,0.212794,-35.110807,6263.205838,6264.464620041
347.70381,0.213273,-35.110085,6262.854734,6264.377094179893
347.71381,0.213751,-35.109363,6262.503637,6264.490575170413
347.72381,0.214228,-35.108641,6262.152547,6260.758904542903
347.73381,0.214704,-35.107919,6261.801464,6261.986953935145
347.74381,0.215179,-35.107197,6261.450388,6262.274537084343
347.75381,0.215652,-35.106475,6261.09932,6262.182639045645
347.76381,0.216124,-35.105753,6260.748259,6261.214203536622
347.77381,0.216596,-35.105031,6260.397205,6259.021924083924
347.78381,0.217066,-35.104309,6260.046158,6261.892137921973
347.79381,0.217535,-35.103587,6259.695119,6262.660035678087
347.80381,0.218003,-35.102865,6259.344087,6258.417805297107
347.81381,0.218469,-35.102143,6258.993061,6260.3913848603015
347.82381,0.218935,-35.101421,6258.642044,6259.911589930762
347.83381,0.2194,-35.100699,6258.291033,6261.166981224639
347.84381,0.219863,-35.099977,6257.94003,6259.760625609132
347.85381,0.220325,-35.099255,6257.589034,6262.130788867182
347.86381,0.220786,-35.098533,6257.238045,6258.314879495991
347.87381,0.221247,-35.097811,6256.887063,6258.4621280272195
347.88381,0.221706,-35.097089,6256.536088,6255.899827785526
347.89381,0.222163,-35.096367,6256.185121,6254.666484969086
347.90381,0.22262,-35.095645,6255.834161,6255.601616197023
347.91381,0.223076,-35.094923,6255.483208,6257.134530799896
347.92381,0.22353,-35.094202,6255.132263,6255.566722257866
347.93381,0.223984,-35.09348,6254.781324,6252.461021653427
347.94381,0.224436,-35.092758,6254.430393,6254.894627101834
347.95381,0.224887,-35.092036,6254.079469,6254.717348595299
347.96381,0.225337,-35.091314,6253.728552,6254.650281648344
347.97381,0.225787,-35.090592,6253.377643,6258.024778833724
347.98381,0.226234,-35.08987,6253.02674,6253.675717798016
347.99381,0.226681,-35.089148,6252.675845,6254.5538110166035
348.00381,0.227127,-35.088426,6252.324957,6254.911901761428
348.01381,0.227572,-35.087704,6251.974077,6252.190381170831
348.02381,0.228015,-35.086982,6251.623203,6253.845921887676
348.03381,0.228458,-35.08626,6251.272337,6254.102697180769
348.04381,0.228899,-35.085538,6250.921478,6251.193410052069
348.05381,0.22934,-35.084816,6250.570626,6251.773844688079
348.06381,0.229779,-35.084095,6250.219782,6251.277988629854
348.07381,0.230217,-35.083373,6249.868944,6250.383605983192
348.08381,0.230654,-35.082651,6249.518114,6251.598432349629
348.09381,0.23109,-35.081929,6249.167291,6249.651983657887
348.10381,0.231525,-35.081207,6248.816476,6247.726361278325
348.11381,0.231959,-35.080485,6248.465667,6249.819359434055
348.12381,0.232392,-35.079763,6248.114866,6250.0206647312825
348.13381,0.232824,-35.079042,6247.764072,6248.416688231063
348.14381,0.233255,-35.07832,6247.413285,6250.637622574364
348.15381,0.233684,-35.077598,6247.062506,6247.347020416481
348.16381,0.234113,-35.076876,6246.711733,6251.4355521059815
348.17381,0.23454,-35.076154,6246.360968,6248.143224721812
348.18381,0.234967,-35.075433,6246.01021,6244.541305123373
348.19381,0.235392,-35.074711,6245.659459,6247.1296528451285
348.20381,0.235817,-35.073989,6245.308716,6247.968457380244
348.21381,0.23624,-35.073267,6244.95798,6243.539664103461
348.22381,0.236662,-35.072546,6244.607251,6245.440092364568
348.23381,0.237083,-35.071824,6244.256529,6243.843235671097
348.24381,0.237503,-35.071102,6243.905814,6245.12733032879
348.25381,0.237923,-35.070381,6243.555107,6248.128584991046
348.26381,0.238341,-35.069659,6243.204407,6244.398020955962
348.27381,0.238758,-35.068937,6242.853714,6243.187749082414
348.28381,0.239174,-35.068216,6242.503028,6243.009055338994
348.29381,0.239589,-35.067494,6242.152349,6244.02033322056
348.30381,0.240003,-35.066772,6241.801678,6242.19265098051
348.31381,0.240415,-35.066051,6241.451014,6241.936675167778
348.32381,0.240827,-35.065329,6241.100357,6242.7995963290405
348.33381,0.241238,-35.064608,6240.749707,6238.9510160201
348.34381,0.241648,-35.063886,6240.399065,6239.963125141145
348.35381,0.242057,-35.063164,6240.048429,6243.138292407169
348.36381,0.242465,-35.062443,6239.697801,6239.235123368371
348.37381,0.242871,-35.061721,6239.347181,6241.934004136695
348.38381,0.243277,-35.061,6238.996567,6240.055854413806
348.39381,0.243682,-35.060278,6238.645961,6240.827506147732
348.40381,0.244085,-35.059557,6238.295361,6237.585392477377
348.41381,0.244488,-35.058836,6237.944769,6237.5743454676
348.42381,0.24489,-35.058114,6237.594185,6239.784250155766
348.43381,0.24529,-35.057393,6237.243607,6235.284307663721
348.44381,0.24569,-35.056671,6236.893037,6238.946901047398
348.45381,0.246089,-35.05595,6236.542474,6238.9310906678575
348.46381,0.246486,-35.055229,6236.191918,6237.815806925352
348.47381,0.246883,-35.054507,6235.841369,6235.33308500082
348.48381,0.247278,-35.053786,6235.490828,6239.50841157951
348.49381,0.247673,-35.053065,6235.140293,6236.306379413971
348.50381,0.248067,-35.052343,6234.789766,6237.999279433339
348.51381,0.248459,-35.051622,6234.439247,6235.505417600802
348.52381,0.248851,-35.050901,6234.088734,6233.108227832235
348.53381,0.249242,-35.05018,6233.738229,6239.784219166138
348.54381,0.249631,-35.049458,6233.38773,6232.429728042446
348.55381,0.25002,-35.048737,6233.037239,6233.931563419702
348.56381,0.250408,-35.048016,6232.686756,6233.7114157038195
348.57381,0.250794,-35.047295,6232.336279,6233.528143375907
348.58381,0.25118,-35.046574,6231.98581,6235.393510217976
348.59381,0.251565,-35.045853,6231.635348,6232.60995472436
348.60381,0.251949,-35.045132,6231.284893,6234.079438299836
348.61381,0.252332,-35.044411,6230.934445,6233.169740810528
348.62381,0.252713,-35.04369,6230.584004,6228.123530277694
348.63381,0.253094,-35.042969,6230.233571,6232.237926242682
348.64381,0.253474,-35.042248,6229.883145,6228.631672465132
348.65381,0.253853,-35.041527,6229.532726,6228.084256063137
348.66381,0.254231,-35.040806,6229.182315,6229.05458758772
348.67381,0.254608,-35.040085,6228.83191,6229.771998012279
348.68381,0.254984,-35.039364,6228.481513,6233.187335550305
348.69381,0.255359,-35.038643,6228.131123,6231.3276949048695
348.70381,0.255733,-35.037923,6227.78074,6228.90198794892
348.71381,0.256107,-35.037202,6227.430364,6228.2531469197
348.72381,0.256479,-35.036481,6227.079996,6228.904156420819
348.73381,0.25685,-35.03576,6226.729635,6229.460934053361
348.74381,0.257221,-35.03504,6226.379281,6227.769348865441
348.75381,0.25759,-35.034319,6226.028934,6226.831060231487
348.76381,0.257958,-35.033598,6225.678594,6224.48600137608
348.77381,0.258326,-35.032878,6225.328262,6225.398290795575
348.78381,0.258693,-35.032157,6224.977937,6226.058783467716
348.79381,0.259058,-35.031436,6224.627619,6224.24259898605
348.80381,0.259423,-35.030716,6224.277308,6222.501952600062
348.81381,0.259787,-35.029995,6223.927005,6222.907786706598
348.82381,0.260149,-35.029275,6223.576708,6221.803132252128
348.83381,0.260511,-35.028554,6223.226419,6223.162842254265
348.84381,0.260872,-35.027834,6222.876137,6224.771417077024
348.85381,0.261232,-35.027114,6222.525862,6222.902238580508
348.86381,0.261592,-35.026393,6222.175595,6222.202091466443
348.87381,0.26195,-35.025673,6221.825335,6221.912578788758
348.88381,0.262307,-35.024953,6221.475081,6218.867215168611
348.89381,0.262663,-35.024232,6221.124835,6222.2769846631545
348.90381,0.263019,-35.023512,6220.774597,6222.757409701567
348.91381,0.263373,-35.022792,6220.424365,6219.472376121313
348.92381,0.263727,-35.022072,6220.074141,6219.8727847170685
348.93381,0.26408,-35.021352,6219.723924,6221.540373576714
348.94381,0.264432,-35.020631,6219.373714,6220.840932751547
348.95381,0.264783,-35.019911,6219.023511,6219.438935335475
348.96381,0.265133,-35.019191,6218.673316,6220.481146405868
348.97381,0.265482,-35.018471,6218.323127,6218.277835624486
348.98381,0.26583,-35.017751,6217.972946,6218.736943024364
348.99381,0.266177,-35.017031,6217.622772,6216.254535007468
349.00381,0.266524,-35.016311,6217.272606,6217.174259618722
349.01381,0.266869,-35.015591,6216.922446,6219.4407655874475
349.02381,0.267214,-35.014872,6216.572294,6217.6773571442245
349.03381,0.267557,-35.014152,6216.222149,6218.082623327175
349.04381,0.2679,-35.013432,6215.872011,6214.88913331688
349.05381,0.268242,-35.012712,6215.52188,6216.802664624506
349.06381,0.268583,-35.011992,6215.171756,6216.482716395288
349.07381,0.268924,-35.011273,6214.82164,6217.000792989154
349.08381,0.269263,-35.010553,6214.471531,6217.142035973112
349.09381,0.269601,-35.009834,6214.121429,6216.159308484399
349.10381,0.269939,-35.009114,6213.771334,6215.03824186315
349.11381,0.270276,-35.008394,6213.421247,6216.1911724208085
349.12381,0.270611,-35.007675,6213.071166,6214.397847962046
349.13381,0.270946,-35.006955,6212.721093,6212.781482434804
349.14381,0.271281,-35.006236,6212.371027,6213.026618420597
349.15381,0.271614,-35.005517,6212.020969,6213.0984442838935
349.16381,0.271946,-35.004797,6211.670917,6212.138960925133
349.17381,0.272278,-35.004078,6211.320873,6208.981921232921
349.18381,0.272608,-35.003359,6210.970835,6213.440293057571
349.19381,0.272938,-35.002639,6210.620805,6208.596635000325
349.20381,0.273267,-35.00192,6210.270783,6211.801630141181
349.21381,0.273595,-35.001201,6209.920767,6212.091224549225
349.22381,0.273922,-35.000482,6209.570759,6212.90308934478
349.23381,0.274249,-34.999763,6209.220757,6210.141477755569
349.24381,0.274574,-34.999044,6208.870763,6211.416510176357
349.25381,0.274899,-34.998325,6208.520777,6211.09157037698
349.26381,0.275223,-34.997606,6208.170797,6206.752112582113
349.27381,0.275546,-34.996887,6207.820824,6208.360251884083
349.28381,0.275868,-34.996168,6207.470859,6211.3968585326065
349.29381,0.276189,-34.995449,6207.120901,6208.827614719939
349.30381,0.27651,-34.99473,6206.77095,6207.286365868034
349.31381,0.276829,-34.994011,6206.421006,6204.989423686878
349.32381,0.277148,-34.993293,6206.07107,6205.853816038192
349.33381,0.277466,-34.992574,6205.721141,6206.164248463596
349.34381,0.277783,-34.991855,6205.371218,6203.180262394334
349.35381,0.2781,-34.991137,6205.021304,6206.4766590958925
349.36381,0.278415,-34.990418,6204.671396,6204.640692637509
349.37381,0.27873,-34.9897,6204.321495,6204.19036899159
349.38381,0.279044,-34.988981,6203.971602,6207.861780539139
349.39381,0.279357,-34.988263,6203.621716,6206.815727106499
349.40381,0.279669,-34.987544,6203.271837,6204.241418001844
349.41381,0.27998,-34.986826,6202.921965,6203.248403998946
349.42381,0.280291,-34.986107,6202.5721,6203.248518270609
349.43381,0.280601,-34.985389,6202.222243,6201.997102163025
349.44381,0.28091,-34.984671,6201.872392,6203.783840822029
349.45381,0.281218,-34.983953,6201.522549,6205.166134955112
349.46381,0.281525,-34.983235,6201.172713,6200.566725866246
349.47381,0.281832,-34.982517,6200.822884,6200.0823471360545
349.48381,0.282137,-34.981798,6200.473063,6201.328899199697
349.49381,0.282442,-34.98108,6200.123248,6200.468959130549
349.50381,0.282746,-34.980362,6199.773441,6199.73299391666
349.51381,0.28305,-34.979645,6199.423641,6199.538015497034
349.52381,0.283352,-34.978927,6199.073848,6199.946547884468
349.53381,0.283654,-34.978209,6198.724063,6199.692200585078
349.54381,0.283955,-34.977491,6198.374284,6196.959156319626
349.55381,0.284255,-34.976773,6198.024513,6197.475572217013
349.56381,0.284555,-34.976056,6197.674749,6198.213697637541
349.57381,0.284853,-34.975338,6197.324992,6198.274471985607
349.58381,0.285151,-34.97462,6196.975242,6196.681530072674
349.59381,0.285448,-34.973903,6196.625499,6198.567010737265
349.60381,0.285745,-34.973185,6196.275764,6193.781412564601
349.61381,0.28604,-34.972468,6195.926036,6196.326247601221
349.62381,0.286335,-34.97175,6195.576315,6195.101239849902
349.63381,0.286629,-34.971033,6195.226601,6197.084629032491
349.64381,0.286922,-34.970316,6194.876894,6198.04298637493
349.65381,0.287214,-34.969598,6194.527194,6195.491768561308
349.66381,0.287506,-34.968881,6194.177502,6194.298111272866
349.67381,0.287797,-34.968164,6193.827817,6195.552381721973
349.68381,0.288087,-34.967447,6193.478139,6195.270846582851
349.69381,0.288376,-34.96673,6193.128468,6193.282496822537
349.70381,0.288665,-34.966012,6192.778804,6192.359506697114
349.71381,0.288953,-34.965295,6192.429147,6193.885199368659
349.72381,0.28924,-34.964579,6192.079498,6191.629676229677
349.73381,0.289526,-34.963862,6191.729856,6193.186860197758
349.74381,0.289812,-34.963145,6191.380221,6193.154151960893
349.75381,0.290096,-34.962428,6191.030593,6191.541851111054
349.76381,0.29038,-34.961711,6190.680972,6189.413075651443
349.77381,0.290664,-34.960994,6190.331359,6191.3110059676865
349.78381,0.290946,-34.960278,6189.981752,6190.126138672342
349.79381,0.291228,-34.959561,6189.632153,6190.696157632285
349.80381,0.291509,-34.958845,6189.282561,6190.901968359823
349.81381,0.291789,-34.958128,6188.932976,6190.527640894625
349.82381,0.292069,-34.957412,6188.583399,6190.63157608097
349.83381,0.292348,-34.956695,6188.233828,6189.301130879001
349.84381,0.292626,-34.955979,6187.884265,6189.812385112563
349.85381,0.292903,-34.955263,6187.534709,6190.132117429138
349.86381,0.29318,-34.954546,6187.18516,6186.1647250760925
349.87381,0.293456,-34.95383,6186.835618,6188.727360471034
349.88381,0.293731,-34.953114,6186.486083,6186.771014138885
349.89381,0.294006,-34.952398,6186.136555,6188.522676522108
349.90381,0.294279,-34.951682,6185.787035,6188.1460104888365
349.91381,0.294552,-34.950966,6185.437522,6184.617494530216
349.92381,0.294825,-34.95025,6185.088016,6184.747578278769
349.93381,0.295096,-34.949534,6184.738517,6187.0293834573
349.94381,0.295367,-34.948818,6184.389025,6185.823326401126
349.95381,0.295637,-34.948102,6184.03954,6185.86172961825
349.96381,0.295907,-34.947386,6183.690063,6185.094170889376
349.97381,0.296175,-34.946671,6183.340593,6184.043512555818
349.98381,0.296443,-34.945955,6182.991129,6185.408578437246
349.99381,0.29671,-34.94524,6182.641674,6184.652635200545
350.00381,0.296977,-34.944524,6182.292225,6183.175577915273
350.01381,0.297243,-34.943809,6181.942783,6181.807171021858
350.02381,0.297508,-34.943093,6181.593349,6182.555559285268
350.03381,0.297773,-34.942378,6181.243921,6180.186655962406
350.04381,0.298036,-34.941662,6180.894501,6180.703730421006
350.05381,0.298299,-34.940947,6180.545088,6181.70673660915
350.06381,0.298562,-34.940232,6180.195682,6182.454686685005
350.07381,0.298823,-34.939517,6179.846283,6181.155140883516
350.08381,0.299084,-34.938802,6179.496892,6180.518207265926
350.09381,0.299345,-34.938087,6179.147507,6180.982489824442
350.10381,0.299604,-34.937372,6178.79813,6180.649765716526
350.11381,0.299863,-34.936657,6178.44876,6179.888671375293
350.12381,0.300121,-34.935942,6178.099397,6178.817624827288
350.13381,0.300379,-34.935227,6177.750041,6179.52803452762
350.14381,0.300636,-34.934512,6177.400692,6177.939924335907
350.15381,0.300892,-34.933797,6177.051351,6177.066185414289
350.16381,0.301147,-34.933083,6176.702016,6175.515841396284
350.17381,0.301402,-34.932368,6176.352689,6177.221086246336
350.18381,0.301656,-34.931654,6176.003369,6177.304122668532
350.19381,0.301101,-34.930939,6175.654056,6179.003349309321
350.20381,0.300476,-34.930225,6175.30475,6174.5739633390795
350.21381,0.299853,-34.929511,6174.955452,6177.386804785305
350.22381,0.299231,-34.928798,6174.60616,6174.815976582583
350.23381,0.298612,-34.928085,6174.256876,6174.755927308893
350.24381,0.297996,-34.927372,6173.907598,6176.070200753676
350.25381,0.297381,-34.92666,6173.558328,6176.735279680718
350.26381,0.296769,-34.925948,6173.209065,6174.049082326457
350.27381,0.296158,-34.925236,6172.859809,6172.202188044119
350.28381,0.29555,-34.924524,6172.51056,6173.441565681194
350.29381,0.294944,-34.923813,6172.161319,6172.67261135852
350.30381,0.294341,-34.923102,6171.812084,6172.159250438215
350.31381,0.293739,-34.922392,6171.462857,6170.954324374204
350.32381,0.293139,-34.921682,6171.113636,6171.420790028843
350.33381,0.292542,-34.920972,6170.764423,6170.960826252521
350.34381,0.291947,-34.920262,6170.415217,6172.772415155321
350.35381,0.291354,-34.919553,6170.066018,6169.587429878172
350.36381,0.29076,-34.918844,6169.716826,6168.486317263877
350.37381,0.290168,-34.918135,6169.367641,6170.494881722413
350.38381,0.289578,-34.917427,6169.018463,6169.643058851589
350.39381,0.288991,-34.916719,6168.669292,6169.695189183446
350.40381,0.288405,-34.916012,6168.320129,6167.997153749951
350.41381,0.287821,-34.915305,6167.970972,6170.962142063176
350.42381,0.28724,-34.914598,6167.621823,6167.7957414069815
350.43381,0.286661,-34.913892,6167.27268,6169.589295942415
350.44381,0.286083,-34.913186,6166.923545,6166.7133800090205
350.45381,0.285508,-34.912481,6166.574416,6169.4300183523665
350.46381,0.284935,-34.911775,6166.225295,6167.50525861161
350.47381,0.284364,-34.911071,6165.876181,6165.605100194345
350.48381,0.283795,-34.910366,6165.527074,6163.983850822631
350.49381,0.283228,-34.909663,6165.177974,6164.7770950754075
350.50381,0.282664,-34.908959,6164.82888,6165.3700082611895
350.51381,0.282101,-34.908256,6164.479794,6164.499724540446
350.52381,0.28154,-34.907553,6164.130715,6165.287063179204
350.53381,0.280981,-34.90685,6163.781643,6165.249929816351
350.54381,0.280425,-34.906148,6163.432578,6163.484555642316
350.55381,0.27987,-34.905447,6163.08352,6162.258394021812
350.56381,0.279318,-34.904745,6162.734469,6164.912669752235
350.57381,0.278767,-34.904044,6162.385425,6165.786584258805
350.58381,0.278218,-34.903343,6162.036389,6162.269212179784
350.59381,0.277672,-34.902643,6161.687359,6161.704643473805
350.60381,0.277127,-34.901943,6161.338336,6163.631343089692
350.61381,0.276585,-34.901243,6160.98932,6160.806873264139
350.62381,0.276044,-34.900544,6160.640311,6160.807721176188
350.63381,0.275506,-34.899845,6160.291309,6159.10698995911
350.64381,0.274969,-34.899147,6159.942314,6156.848329625905
350.65381,0.274435,-34.898448,6159.593326,6161.608886850192
350.66381,0.273902,-34.89775,6159.244345,6158.100592934778
350.67381,0.273371,-34.897053,6158.895371,6158.285097258417
350.68381,0.272843,-34.896355,6158.546404,6160.247865493425
350.69381,0.272316,-34.895658,6158.197444,6161.260342255418
350.70381,0.271791,-34.894962,6157.848491,6155.519980010121
350.71381,0.271268,-34.894265,6157.499545,6159.719970229255
350.72381,0.270748,-34.893569,6157.150605,6157.324724391518
350.73381,0.270229,-34.892874,6156.801673,6156.472555499858
350.74381,0.269712,-34.892178,6156.452748,6154.8425061609405
350.75381,0.269197,-34.891483,6156.10383,6157.263758530802
350.76381,0.268683,-34.890788,6155.754918,6156.509361458381
350.77381,0.268172,-34.890094,6155.406014,6155.953068617001
350.78381,0.267663,-34.8894,6155.057116,6154.643773628592
350.79381,0.267156,-34.888706,6154.708226,6156.435221200756
350.80381,0.26665,-34.888012,6154.359342,6155.196475381383
350.81381,0.266146,-34.887319,6154.010466,6157.683783205416
350.82381,0.265645,-34.886626,6153.661596,6157.336340422003
350.83381,0.265145,-34.885933,6153.312733,6156.086034646019
350.84381,0.264647,-34.885241,6152.963877,6156.448295699104
350.85381,0.264151,-34.884549,6152.615028,6154.650862822152
350.86381,0.263657,-34.883857,6152.266186,6153.652453035457
350.87381,0.263165,-34.883165,6151.917351,6153.102725048814
350.88381,0.262674,-34.882474,6151.568523,6153.187603590044
350.89381,0.262186,-34.881783,6151.219702,6154.632480329294
350.90381,0.261699,-34.881093,6150.870887,6147.088828860312
350.91381,0.261214,-34.880402,6150.52208,6150.734570716257
350.92381,0.260731,-34.879712,6150.173279,6149.5716168449835
350.93381,0.26025,-34.879022,6149.824486,6151.577695038307
350.94381,0.259771,-34.878333,6149.475699,6150.20637351977
350.95381,0.259293,-34.877643,6149.126919,6150.083375691939
350.96381,0.258818,-34.876954,6148.778146,6147.2001491762085
350.97381,0.258344,-34.876266,6148.42938,6150.244594248131
350.98381,0.257872,-34.875577,6148.080621,6149.23467104117
350.99381,0.257402,-34.874889,6147.731868,6148.882802613605
351.00381,0.256933,-34.874201,6147.383123,6147.710801614013
351.01381,0.256467,-34.873513,6147.034384,6146.505825622906
351.02381,0.256002,-34.872826,6146.685653,6147.178876391847
351.03381,0.255539,-34.872139,6146.336928,6147.271788271184
351.04381,0.255078,-34.871452,6145.98821,6148.33979484498
351.05381,0.254618,-34.870765,6145.639499,6146.780046571269
351.06381,0.254161,-34.870079,6145.290794,6144.453788272305
351.07381,0.253705,-34.869392,6144.942097,6143.558834332179
351.08381,0.252787,-34.868706,6144.593407,6146.6775366065085
351.09381,0.251834,-34.868021,6144.244723,6144.647774184492
351.10381,0.250886,-34.867336,6143.896046,6145.578820845315
351.11381,0.249943,-34.866651,6143.547376,6142.678929467356
351.12381,0.249005,-34.865967,6143.198713,6145.490658574828
351.13381,0.248072,-34.865283,6142.850057,6141.490511120256
351.14381,0.247144,-34.864599,6142.501408,6142.386684062205
351.15381,0.246221,-34.863916,6142.152765,6140.50152876004
351.16381,0.245303,-34.863233,6141.804129,6143.453343820913
351.17381,0.244391,-34.86255,6141.4555,6140.455261467439
351.18381,0.243483,-34.861868,6141.106878,6142.366146595662
351.19381,0.24258,-34.861186,6140.758263,6140.7930033932735
351.20381,0.241682,-34.860504,6140.409654,6142.705792727745
351.21381,0.240789,-34.859823,6140.061053,6139.527625456579
351.22381,0.239901,-34.859142,6139.712458,6140.376067380688
351.23381,0.239018,-34.858461,6139.36387,6141.0865667148155
351.24381,0.238141,-34.857781,6139.015289,6141.119815336535
351.25381,0.237259,-34.857101,6138.666714,6138.154573325449
351.26381,0.236382,-34.856422,6138.318147,6139.836142806801
351.27381,0.23551,-34.855743,6137.969586,6136.941607156402
351.28381,0.234643,-34.855065,6137.621032,6137.932297798316
351.29381,0.233782,-34.854388,6137.272485,6139.5542082021475
351.30381,0.232925,-34.853711,6136.923944,6136.79771549639
351.31381,0.232073,-34.853035,6136.57541,6140.368814225704
351.32381,0.231226,-34.852359,6136.226883,6135.6510490697265
351.33381,0.230384,-34.851684,6135.878363,6136.167211100761
351.34381,0.229548,-34.851009,6135.52985,6138.492846123632
351.35381,0.228716,-34.850335,6135.181343,6136.960056729268
351.36381,0.22789,-34.849662,6134.832843,6137.238627095265
351.37381,0.227068,-34.848989,6134.48435,6135.88168024592
351.38381,0.226252,-34.848317,6134.135863,6136.263938127987
351.39381,0.22544,-34.847645,6133.787383,6133.228309500947
351.40381,0.224634,-34.846974,6133.43891,6133.9012595424265
351.41381,0.223833,-34.846303,6133.090444,6132.756666075169
351.42381,0.223036,-34.845633,6132.741984,6132.968909966049
351.43381,0.222245,-34.844964,6132.393531,6134.494348061532
351.44381,0.221459,-34.844295,6132.045085,6131.990954051428
351.45381,0.220678,-34.843626,6131.696645,6132.428497369598
351.46381,0.219902,-34.842958,6131.348213,6133.994665815027
351.47381,0.219131,-34.842291,6130.999786,6130.323691235976
351.48381,0.218365,-34.841624,6130.651367,6131.170039597052
351.49381,0.217604,-34.840957,6130.302954,6131.861264027111
351.50381,0.216849,-34.840291,6129.954548,6131.856282961917
351.51381,0.216098,-34.839626,6129.606148,6128.979418024132
351.52381,0.215352,-34.838961,6129.257755,6130.183308039523
351.53381,0.214612,-34.838296,6128.909369,6129.5977288845
351.54381,0.213877,-34.837632,6128.560989,6130.660446560792
351.55381,0.213146,-34.836969,6128.212616,6128.550529444567
351.56381,0.212421,-34.836306,6127.86425,6128.248378278723
351.57381,0.211701,-34.835643,6127.51589,6129.134174576658
351.58381,0.210986,-34.834981,6127.167537,6128.419247120733
351.59381,0.210276,-34.834319,6126.81919,6125.5286892247905
351.60381,0.209571,-34.833658,6126.47085,6125.73125267989
351.61381,0.208871,-34.832998,6126.122517,6126.592411019235
351.62381,0.208176,-34.832337,6125.774191,6124.096002853217
351.63381,0.207487,-34.831677,6125.42587,6126.644864429046
351.64381,0.206802,-34.831018,6125.077557,6125.244725926094
351.65381,0.206123,-34.830359,6124.72925,6126.585615261243
351.66381,0.205449,-34.829701,6124.38095,6124.995888252479
351.67381,0.204779,-34.829043,6124.032656,6124.589403837121
351.68381,0.204115,-34.828385,6123.684369,6122.676713214957
351.69381,0.203456,-34.827728,6123.336088,6122.828286299453
351.70381,0.202802,-34.827071,6122.987814,6124.410642316797
351.71381,0.202154,-34.826415,6122.639547,6126.271186208421
351.72381,0.20151,-34.825759,6122.291286,6122.508523442257
351.73381,0.200871,-34.825103,6121.943032,6118.956773373927
351.74381,0.200238,-34.824448,6121.594784,6123.976672316827
351.75381,0.19961,-34.823793,6121.246543,6120.239162484563
351.76381,0.198986,-34.823139,6120.898308,6121.851189469879
351.77381,0.198368,-34.822485,6120.55008,6122.516772500386
351.78381,0.197755,-34.821832,6120.201858,6121.417058221007
351.79381,0.197147,-34.821179,6119.853643,6119.219325324835
351.80381,0.196544,-34.820526,6119.505435,6121.364599097317
351.81381,0.195947,-34.819874,6119.157233,6120.489019299955
351.82381,0.195354,-34.819222,6118.809037,6120.430840407925
351.83381,0.194766,-34.81857,6118.460848,6120.850263346377
351.84381,0.194184,-34.817919,6118.112666,6119.570392674589
351.85381,0.193607,-34.817268,6117.76449,6120.297436673135
351.86381,0.193034,-34.816618,6117.416321,6117.5087766138995
351.87381,0.192467,-34.815968,6117.068158,6114.7632597330785
351.88381,0.191905,-34.815318,6116.720001,6117.9274744265595
351.89381,0.191348,-34.814669,6116.371851,6116.267235827162
351.90381,0.190797,-34.81402,6116.023708,6112.44931582967
351.91381,0.19025,-34.813371,6115.675571,6113.902408031821
351.92381,0.189708,-34.812723,6115.32744,6115.446006534999
351.93381,0.189172,-34.812075,6114.979316,6117.662191152041
351.94381,0.18864,-34.811427,6114.631199,6114.790549832868
351.95381,0.188114,-34.81078,6114.283088,6115.231451336231
351.96381,0.187593,-34.810133,6113.934983,6113.644081317834
351.97381,0.187077,-34.809487,6113.586885,6114.078032946516
351.98381,0.186566,-34.80884,6113.238794,6114.124590017792
351.99381,0.18606,-34.808195,6112.890708,6111.2107279423235
352.00381,0.185559,-34.807549,6112.54263,6116.405278386694
352.01381,0.185063,-34.806904,6112.194557,6112.205834277432
352.02381,0.184572,-34.806259,6111.846492,6110.696326474283
352.03381,0.184086,-34.805614,6111.498432,6113.048083268316
352.04381,0.183606,-34.80497,6111.150379,6114.490383876559
352.05381,0.18313,-34.804326,6110.802333,6112.137521120837
352.06381,0.18266,-34.803683,6110.454293,6111.03559582843
352.07381,0.182194,-34.803039,6110.106259,6112.113193390824
352.08381,0.181734,-34.802396,6109.758232,6111.767585874844
352.09381,0.181278,-34.801754,6109.410211,6109.849050229108
352.10381,0.180828,-34.801111,6109.062197,6112.160402567351
352.11381,0.180382,-34.800469,6108.714189,6109.36398892416
352.12381,0.179942,-34.799827,6108.366188,6108.956716250212
352.13381,0.179507,-34.799186,6108.018193,6106.441861302065
352.14381,0.179077,-34.798545,6107.670204,6109.571073515145
352.15381,0.178651,-34.797904,6107.322222,6107.532881971344
352.16381,0.178231,-34.797263,6106.974246,6111.421186555559
352.17381,0.177816,-34.796623,6106.626276,6108.197395124535
352.18381,0.177405,-34.795983,6106.278313,6104.297493837793
352.19381,0.177,-34.795343,6105.930357,6106.676109808855
352.20381,0.1766,-34.794704,6105.582406,6109.420584928076
352.21381,0.176204,-34.794064,6105.234463,6105.759294717437
352.22381,0.175814,-34.793425,6104.886525,6105.959086059141
352.23381,0.175428,-34.792787,6104.538594,6103.26434992136
352.24381,0.175048,-34.792148,6104.190669,6104.012141353765
352.25381,0.174672,-34.79151,6103.842751,6103.590384267711
352.26381,0.174301,-34.790872,6103.494839,6101.6716601359185
352.27381,0.173936,-34.790235,6103.146934,6103.127975131324
352.28381,0.173575,-34.789597,6102.799035,6103.992185687347
352.29381,0.173219,-34.78896,6102.451142,6102.851174353992
352.30381,0.172868,-34.788324,6102.103255,6104.630734107864
352.31381,0.172521,-34.787687,6101.755375,6102.066659335679
352.32381,0.17218,-34.787051,6101.407502,6100.876003346349
352.33381,0.171844,-34.786415,6101.059634,6101.3660760624025
352.34381,0.171512,-34.785779,6100.711773,6099.562104194357
352.35381,0.171185,-34.785143,6100.363919,6101.363718918066
352.36381,0.170863,-34.784508,6100.01607,6103.968291633066
352.37381,0.170546,-34.783873,6099.668229,6102.7226257580605
352.38381,0.170233,-34.783238,6099.320393,6102.721065374291
352.39381,0.169926,-34.782603,6098.972564,6101.7802296326345
352.40381,0.169623,-34.781969,6098.624741,6102.448262966173
352.41381,0.169325,-34.781335,6098.276924,6100.31842611602
352.42381,0.169032,-34.780701,6097.929114,6099.025938558155
352.43381,0.168743,-34.780067,6097.58131,6098.008146971013
352.44381,0.168459,-34.779434,6097.233513,6098.754160681453
352.45381,0.16818,-34.778801,6096.885722,6099.648698628627
352.46381,0.167905,-34.778168,6096.537937,6097.253745208706
352.47381,0.167636,-34.777535,6096.190158,6097.999095736038
352.48381,0.16737,-34.776903,6095.842386,6095.904522294554
352.49381,0.16711,-34.77627,6095.49462,6093.853474845456
352.50381,0.166854,-34.775638,6095.146861,6095.929762698312
352.51381,0.166603,-34.775006,6094.799108,6098.612276483432
352.52381,0.166356,-34.774375,6094.451361,6092.732441871238
352.53381,0.166114,-34.773743,6094.10362,6094.469657001643
352.54381,0.165877,-34.773112,6093.755886,6094.998551920004
352.55381,0.165644,-34.772481,6093.408158,6095.652283551144
352.56381,0.165415,-34.77185,6093.060436,6094.256403361386
352.57381,0.165191,-34.771219,6092.712721,6091.713834329894
352.58381,0.164972,-34.770589,6092.365012,6090.815769001308
352.59381,0.164757,-34.769959,6092.017309,6092.543371422313
352.60381,0.164547,-34.769329,6091.669613,6091.10444527321
352.61381,0.164341,-34.768699,6091.321922,6092.889660299157
352.62381,0.164139,-34.768069,6090.974239,6092.218676587685
352.63381,0.163942,-34.76744,6090.626561,6092.1779520655255
352.64381,0.16375,-34.766811,6090.27889,6089.976948591038
352.65381,0.163561,-34.766182,6089.931225,6090.2254591731735
352.66381,0.163377,-34.765553,6089.583566,6092.685818006323
352.67381,0.163198,-34.764924,6089.235914,6090.302464303332
352.68381,0.163022,-34.764296,6088.888268,6087.435814036131
352.69381,0.162851,-34.763667,6088.540628,6089.955519491993
352.70381,0.162685,-34.763039,6088.192994,6090.522263177622
352.71381,0.162522,-34.762411,6087.845367,6084.8344690687645
352.72381,0.162364,-34.761784,6087.497746,6086.75342840405
352.73381,0.16221,-34.761156,6087.150131,6086.456359413873
352.74381,0.16206,-34.760529,6086.802523,6087.867687653811
352.75381,0.161915,-34.759902,6086.454921,6085.459459111749
352.76381,0.161773,-34.759275,6086.107325,6087.026742951526
352.77381,0.161636,-34.758648,6085.759735,6088.0313355265835
352.78381,0.161503,-34.758021,6085.412152,6088.814221123988
352.79381,0.161374,-34.757395,6085.064575,6085.650477373096
352.80381,0.161249,-34.756768,6084.717004,6086.396202388819
352.81381,0.161128,-34.756142,6084.36944,6085.996315468404
352.82381,0.161011,-34.755516,6084.021881,6085.301014307445
352.83381,0.160898,-34.75489,6083.674329,6083.655301260656
352.84381,0.160789,-34.754265,6083.326783,6081.0173476108
352.85381,0.160684,-34.753639,6082.979244,6082.933492364152
352.86381,0.160583,-34.753014,6082.631711,6084.352876641372
352.87381,0.160486,-34.752389,6082.284184,6079.271525928087
352.88381,0.160393,-34.751764,6081.936663,6084.478347889794
352.89381,0.160303,-34.751139,6081.589148,6084.1083307253875
352.90381,0.160218,-34.750514,6081.24164,6082.932096098794
352.91381,0.160136,-34.74989,6080.894138,6079.324011715008
352.92381,0.160058,-34.749265,6080.546642,6081.163762080744
352.93381,0.159984,-34.748641,6080.199153,6080.370320035917
352.94381,0.159914,-34.748017,6079.85167,6082.232499343742
352.95381,0.159847,-34.747393,6079.504192,6081.657405409421
352.96381,0.159784,-34.746769,6079.156722,6079.839381088478
352.97381,0.159725,-34.746145,6078.809257,6079.039780987052
352.98381,0.159669,-34.745522,6078.461799,6079.946022570125
352.99381,0.159617,-34.744899,6078.114347,6077.324752567878
353.00381,0.159569,-34.744275,6077.766901,6076.583458662442
353.01381,0.159524,-34.743652,6077.419461,6080.382656179174
353.02381,0.159483,-34.74303,6077.072028,6077.121115226734
353.03381,0.159445,-34.742407,6076.724601,6078.224956780335
353.04381,0.159411,-34.741784,6076.37718,6076.676303825182
353.05381,0.15938,-34.741162,6076.029765,6075.972124454237
353.06381,0.159353,-34.740539,6075.682356,6077.625369832228
353.07381,0.159329,-34.739917,6075.334954,6076.383494396139
353.08381,0.159308,-34.739295,6074.987558,6076.248984934605
353.09381,0.159291,-34.738673,6074.640168,6075.604183455539
353.10381,0.159277,-34.738051,6074.292785,6073.276384342879
353.11381,0.159267,-34.73743,6073.945407,6075.8502703566555
353.12381,0.15926,-34.736808,6073.598036,6074.110596456543
353.13381,0.159256,-34.736187,6073.250671,6074.058922122784
353.14381,0.159255,-34.735565,6072.903312,6075.944283258652
353.15381,0.159258,-34.734944,6072.55596,6076.479877659
353.16381,0.159264,-34.734323,6072.208613,6073.693915148142
353.17381,0.159273,-34.733702,6071.861273,6073.117838376898
353.18381,0.159285,-34.733082,6071.513939,6071.599354856026
353.19381,0.1593,-34.732461,6071.166612,6069.539105179241
353.20381,0.159318,-34.731841,6070.81929,6073.722044958002
353.21381,0.15934,-34.73122,6070.471975,6075.996415687144
353.22381,0.159364,-34.7306,6070.124666,6073.651517839819
353.23381,0.159392,-34.72998,6069.777363,6072.162742221044
353.24381,0.159422,-34.72936,6069.430066,6066.859135159991
353.25381,0.159455,-34.72874,6069.082776,6072.3231720698395
353.26381,0.159492,-34.72812,6068.735491,6071.7870233499425
353.27381,0.159531,-34.7275,6068.388213,6072.36981620619
353.28381,0.159573,-34.726881,6068.040941,6066.139953949256
353.29381,0.159618,-34.726261,6067.693676,6069.00479497398
353.30381,0.159666,-34.725642,6067.346416,6066.06628973564
353.31381,0.159717,-34.725023,6066.999163,6070.011570541257
353.32381,0.15977,-34.724404,6066.651916,6069.126213510691
353.33381,0.159826,-34.723785,6066.304675,6065.74341548569
353.34381,0.159885,-34.723166,6065.95744,6067.842804835011
353.35381,0.159947,-34.722547,6065.610211,6065.695481877207
353.36381,0.160011,-34.721929,6065.262989,6065.49067890521
353.37381,0.160078,-34.72131,6064.915773,6064.6716387651295
353.38381,0.160147,-34.720692,6064.568563,6066.893955787228
353.39381,0.160219,-34.720073,6064.221359,6067.907801086441
353.40381,0.160294,-34.719455,6063.874161,6065.434049481382
353.41381,0.160371,-34.718837,6063.52697,6063.940367327967
353.42381,0.160451,-34.718219,6063.179785,6061.910400319716
353.43381,0.160533,-34.717601,6062.832605,6065.650311772306
353.44381,0.160618,-34.716983,6062.485432,6063.205741767913
353.45381,0.160705,-34.716366,6062.138266,6063.430731559746
353.46381,0.160795,-34.715748,6061.791105,6061.148852497399
353.47381,0.160887,-34.715131,6061.443951,6063.32918864686
353.48381,0.160981,-34.714513,6061.096803,6062.22697682399
353.49381,0.161078,-34.713896,6060.749661,6057.846477134419
353.50381,0.161177,-34.713279,6060.402525,6059.995367534125
353.51381,0.161279,-34.712662,6060.055395,6057.6599542917065
353.52381,0.161382,-34.712045,6059.708271,6060.1814868145275
353.53381,0.161488,-34.711428,6059.361154,6062.515753988515
353.54381,0.161596,-34.710811,6059.014043,6059.813833240067
353.55381,0.161707,-34.710194,6058.666938,6059.789520236518
353.56381,0.161819,-34.709578,6058.319839,6057.959534189976
353.57381,0.161934,-34.708961,6057.972746,6061.072286387083
353.58381,0.16205,-34.708345,6057.62566,6056.724145997419
353.59381,0.162169,-34.707729,6057.278579,6058.080189215185
353.60381,0.16229,-34.707112,6056.931505,6056.0072725538
353.61381,0.162413,-34.706496,6056.584437,6057.3204093309105
353.62381,0.162538,-34.70588,6056.237375,6056.591196434196
353.63381,0.162665,-34.705264,6055.89032,6056.24900056982
353.64381,0.162794,-34.704648,6055.54327,6057.196023458617
353.65381,0.162925,-34.704033,6055.196227,6056.270318815718
353.66381,0.163058,-34.703417,6054.849189,6058.462936386251
353.67381,0.163193,-34.702801,6054.502158,6053.5473335125
353.68381,0.16333,-34.702186,6054.155133,6054.788818724518
353.69381,0.163469,-34.701571,6053.808114,6055.350310826956
353.70381,0.163609,-34.700955,6053.461102,6053.952347529139
353.71381,0.163751,-34.70034,6053.114095,6052.457001732375
353.72381,0.163895,-34.699725,6052.767095,6052.630342630516
353.73381,0.164041,-34.69911,6052.420101,6053.2509972469925
353.74381,0.164189,-34.698495,6052.073113,6050.880212714537
353.75381,0.164338,-34.69788,6051.726131,6052.869709949901
353.76381,0.16449,-34.697265,6051.379155,6052.443046682715
353.77381,0.164642,-34.69665,6051.032186,6049.591900153072
353.78381,0.164797,-34.696036,6050.685222,6052.214354176586
353.79381,0.164953,-34.695421,6050.338265,6050.884634272412
353.80381,0.165111,-34.694807,6049.991314,6051.3458192851185
353.81381,0.16527,-34.694192,6049.644369,6051.186656731892
353.82381,0.165431,-34.693578,6049.29743,6049.154759621593
353.83381,0.165594,-34.692964,6048.950497,6048.161023398981
353.84381,0.165758,-34.69235,6048.603571,6048.566413362972
353.85381,0.165923,-34.691736,6048.25665,6050.895618862999
353.86381,0.16609,-34.691122,6047.909736,6049.5629013434855
353.87381,0.166259,-34.690508,6047.562828,6046.452910619091
353.88381,0.166429,-34.689894,6047.215926,6046.998430049971
353.89381,0.1666,-34.68928,6046.86903,6047.6966044242645
353.90381,0.166773,-34.688667,6046.52214,6045.644417352338
353.91381,0.166948,-34.688053,6046.175257,6045.8716432353995
353.92381,0.167123,-34.687439,6045.828379,6048.017459044113
353.93381,0.167301,-34.686826,6045.481508,6046.47982129708
353.94381,0.167479,-34.686213,6045.134643,6047.618068280424
353.95381,0.167659,-34.685599,6044.787784,6047.728474142785
353.96381,0.16784,-34.684986,6044.440931,6047.381248088931
353.97381,0.168022,-34.684373,6044.094084,6044.020798148163
353.98381,0.168206,-34.68376,6043.747243,6046.394911773532
353.99381,0.168391,-34.683147,6043.400409,6045.111462350922
354.00381,0.168577,-34.682534,6043.05358,6044.727037723411
354.01381,0.168764,-34.681921,6042.706758,6046.8072404033055
354.02381,0.168953,-34.681308,6042.359942,6044.837019335647
354.03381,0.169143,-34.680696,6042.013132,6040.802832202535
354.04381,0.169333,-34.680083,6041.666328,6041.427079130487
354.05381,0.169525,-34.67947,6041.31953,6043.255906525892
354.06381,0.169719,-34.678858,6040.972739,6040.795892488537
354.07381,0.169913,-34.678245,6040.625953,6038.833240239609
354.08381,0.170108,-34.677633,6040.279174,6040.475091958936
354.09381,0.170305,-34.677021,6039.9324,6040.801690163136
354.10381,0.170502,-34.676409,6039.585633,6042.3405496192845
354.11381,0.170701,-34.675796,6039.238872,6038.913895531643
354.12381,0.1709,-34.675184,6038.892117,6040.38003795212
354.13381,0.171101,-34.674572,6038.545369,6040.791755610402
354.14381,0.171303,-34.67396,6038.198626,6040.179744517577
354.15381,0.171505,-34.673348,6037.851889,6038.228497787331
354.16381,0.171709,-34.672737,6037.505159,6040.3428822647975
354.17381,0.171913,-34.672125,6037.158435,6037.075954467814
354.18381,0.172118,-34.671513,6036.811716,6037.698383913874
354.19381,0.172325,-34.670902,6036.465004,6034.645777140597
354.20381,0.172532,-34.67029,6036.118298,6035.648626863107
354.21381,0.17274,-34.669679,6035.771598,6036.992082587136
354.22381,0.172949,-34.669067,6035.424905,6036.960164450718
354.23381,0.173159,-34.668456,6035.078217,6035.235684069411
354.24381,0.173369,-34.667844,6034.731536,6037.790500604373
354.25381,0.173581,-34.667233,6034.38486,6032.649218907435
354.26381,0.173793,-34.666622,6034.038191,6031.661102328632
354.27381,0.174006,-34.666011,6033.691528,6034.339075134425
354.28381,0.17422,-34.6654,6033.344871,6034.451872230628
354.29381,0.174435,-34.664789,6032.99822,6033.18696107015
354.30381,0.17465,-34.664178,6032.651575,6033.948689497906
354.31381,0.174866,-34.663567,6032.304936,6030.234210508308
354.32381,0.175083,-34.662956,6031.958304,6033.219440996412
354.33381,0.175301,-34.662346,6031.611677,6031.686653074227
354.34381,0.175519,-34.661735,6031.265057,6032.948086897629
354.35381,0.175738,-34.661124,6030.918442,6030.3820417816
354.36381,0.175957,-34.660514,6030.571834,6032.637105557445
354.37381,0.176178,-34.659903,6030.225232,6031.664798134184
354.38381,0.176398,-34.659293,6029.878636,6029.372996130443
354.39381,0.17662,-34.658682,6029.532046,6028.983925978041
354.40381,0.176842,-34.658072,6029.185463,6032.946885771826
354.41381,0.177065,-34.657462,6028.838885,6029.637424816586
354.42381,0.177288,-34.656852,6028.492313,6027.597856321214
354.43381,0.177512,-34.656242,6028.145748,6030.10691164114
354.44381,0.177737,-34.655632,6027.799188,6027.324348843745
354.45381,0.177962,-34.655022,6027.452635,6025.772821251951
354.46381,0.178187,-34.654412,6027.106088,6030.371278555533
354.47381,0.178413,-34.653802,6026.759547,6027.200295009475
354.48381,0.17864,-34.653192,6026.413012,6024.481964630001
354.49381,0.178867,-34.652582,6026.066483,6027.772636948637
354.50381,0.179095,-34.651972,6025.71996,6028.905702838728
354.51381,0.179323,-34.651363,6025.373444,6029.34707344334
354.52381,0.179551,-34.650753,6025.026933,6027.101014309536
354.53381,0.17978,-34.650144,6024.680429,6026.757376096195
354.54381,0.18001,-34.649534,6024.33393,6023.522844176925
354.55381,0.18024,-34.648925,6023.987438,6024.209591969729
354.56381,0.18047,-34.648315,6023.640952,6023.5723783439
354.57381,0.180701,-34.647706,6023.294472,6021.245825889026
354.58381,0.180932,-34.647097,6022.947998,6024.2266853244255
354.59381,0.181164,-34.646487,6022.60153,6020.51819298987
354.60381,0.181396,-34.645878,6022.255068,6023.704494940277
354.61381,0.181628,-34.645269,6021.908612,6022.325904679299
354.62381,0.181861,-34.64466,6021.562162,6023.013498873502
354.63381,0.182094,-34.644051,6021.215719,6019.481178339055
354.64381,0.182327,-34.643442,6020.869281,6020.625714173584
354.65381,0.182561,-34.642833,6020.52285,6021.163460598186
354.66381,0.182795,-34.642224,6020.176425,6024.886684622251
354.67381,0.18303,-34.641616,6019.830006,6021.466435391308
354.68381,0.183264,-34.641007,6019.483593,6022.032135360731
354.69381,0.183499,-34.640398,6019.137185,6019.535067846393
354.70381,0.183735,-34.63979,6018.790785,6021.583440584569
354.71381,0.18397,-34.639181,6018.44439,6016.363612263908
354.72381,0.184206,-34.638572,6018.098001,6019.104438904981
354.73381,0.184442,-34.637964,6017.751618,6017.72703706159
354.74381,0.184679,-34.637356,6017.405242,6018.768993490637
354.75381,0.184915,-34.636747,6017.058871,6016.853587450295
354.76381,0.185152,-34.636139,6016.712507,6019.1347828216585
354.77381,0.185389,-34.635531,6016.366148,6016.861594590763
354.78381,0.185626,-34.634923,6016.019796,6019.063018481385
354.79381,0.185864,-34.634314,6015.67345,6015.101911982117
354.80381,0.186102,-34.633706,6015.32711,6015.582133417456
354.81381,0.186339,-34.633098,6014.980776,6013.595669058158
354.82381,0.186577,-34.63249,6014.634448,6014.970592002271
354.83381,0.186816,-34.631882,6014.288126,6018.133726537036
354.84381,0.187054,-34.631274,6013.94181,6012.005558226124
354.85381,0.187293,-34.630667,6013.5955,6017.3902733703735
354.86381,0.187531,-34.630059,6013.249197,6013.556833567352
354.87381,0.18777,-34.629451,6012.902899,6013.7617405993105
354.88381,0.188009,-34.628843,6012.556608,6012.307468730764
354.89381,0.188249,-34.628236,6012.210322,6011.86811293484
354.90381,0.188488,-34.627628,6011.864043,6017.235640274419
354.91381,0.188727,-34.627021,6011.51777,6013.6904053217495
354.92381,0.188967,-34.626413,6011.171503,6013.82837436865
354.93381,0.189206,-34.625806,6010.825242,6011.851922522523
354.94381,0.189446,-34.625198,6010.478987,6012.303998668993
354.95381,0.189686,-34.624591,6010.132738,6013.7575937783595
354.96381,0.189926,-34.623984,6009.786495,6010.849292572466
354.97381,0.190166,-34.623376,6009.440258,6007.46020097321
354.98381,0.190406,-34.622769,6009.094027,6009.113765846086
354.99381,0.190646,-34.622162,6008.747803,6008.795553266889
355.00381,0.190886,-34.621555,6008.401584,6007.319956685511
355.01381,0.191126,-34.620948,6008.055371,6008.138928920275
355.02381,0.191366,-34.620341,6007.709165,6007.669856181458
355.03381,0.191606,-34.619734,6007.362965,6006.124676204887
355.04381,0.191847,-34.619127,6007.01677,6008.633506064218
355.05381,0.192087,-34.61852,6006.670582,6007.31635752242
355.06381,0.192327,-34.617914,6006.3244,6005.165444949925
355.07381,0.192567,-34.617307,6005.978224,6009.165713245246
355.08381,0.192808,-34.6167,6005.632054,6004.190373768009
355.09381,0.193048,-34.616094,6005.28589,6005.562516378257
355.10381,0.193288,-34.615487,6004.939732,6006.825977625698
355.11381,0.193529,-34.61488,6004.59358,6006.270280366618
355.12381,0.193769,-34.614274,6004.247434,6004.026839374681
355.13381,0.194009,-34.613667,6003.901295,6004.342760587081
355.14381,0.194249,-34.613061,6003.555161,6005.371931027117
355.15381,0.194489,-34.612455,6003.209033,6000.660702469739
355.16381,0.19473,-34.611848,6002.862912,6002.997250744928
355.17381,0.19497,-34.611242,6002.516796,6003.1023356264395
355.18381,0.19521,-34.610636,6002.170687,6002.39254988932
355.19381,0.19545,-34.61003,6001.824584,5999.805318496676
355.20381,0.19569,-34.609424,6001.478486,6000.962931079122
355.21381,0.195929,-34.608818,6001.132395,5999.996587278436
355.22381,0.196169,-34.608212,6000.78631,6001.515564928499
355.23381,0.196409,-34.607606,6000.440231,6000.402034677665
355.24381,0.196648,-34.607,6000.094158,6001.931755544597
355.25381,0.196888,-34.606394,5999.748091,5999.574042447264
355.26381,0.197127,-34.605788,5999.40203,6000.209359232115
355.27381,0.197367,-34.605182,5999.055975,5999.319903493771
355.28381,0.197606,-34.604576,5998.709926,6000.856404565822
355.29381,0.197845,-34.603971,5998.363884,5999.477441935861
355.30381,0.198084,-34.603365,5998.017847,5998.887267376158
355.31381,0.198323,-34.60276,5997.671816,5996.87922431424
355.32381,0.198562,-34.602154,5997.325792,5996.150947091374
355.33381,0.1988,-34.601548,5996.979773,5996.890297695957
355.34381,0.199039,-34.600943,5996.633761,5994.7507831256125
355.35381,0.199277,-34.600338,5996.287754,5996.986933788222
355.36381,0.199515,-34.599732,5995.941754,5999.384092088174
355.37381,0.199753,-34.599127,5995.59576,5994.226669565244
355.38381,0.199991,-34.598522,5995.249772,5997.673071196337
355.39381,0.200229,-34.597916,5994.903789,5994.573572634189
355.40381,0.200467,-34.597311,5994.557813,5998.627914302448
355.41381,0.200704,-34.596706,5994.211843,5995.88376938702
355.42381,0.200942,-34.596101,5993.865879,5994.227255954596
355.43381,0.201179,-34.595496,5993.519921,5993.451833495914
355.44381,0.201416,-34.594891,5993.173969,5993.8043523392125
355.45381,0.201653,-34.594286,5992.828023,5993.357264705903
355.46381,0.201889,-34.593681,5992.482083,5993.558023033648
355.47381,0.202126,-34.593076,5992.13615,5993.003132937372
355.48381,0.202362,-34.592472,5991.790222,5993.022682263233
355.49381,0.202598,-34.591867,5991.4443,5993.474399946836
355.50381,0.202834,-34.591262,5991.098385,5990.247645098703
355.51381,0.20307,-34.590657,5990.752475,5991.7630418072295
355.52381,0.203305,-34.590053,5990.406571,5987.876360094545
355.53381,0.20354,-34.589448,5990.060674,5993.300725678995
355.54381,0.203775,-34.588844,5989.714783,5991.556460955417
355.55381,0.20401,-34.588239,5989.368897,5991.104788370348
355.56381,0.204245,-34.587635,5989.023018,5990.157655786392
355.57381,0.204479,-34.58703,5988.677144,5986.007249285578
355.58381,0.204714,-34.586426,5988.331277,5987.597426648655
355.59381,0.204948,-34.585822,5987.985416,5987.310886251621
355.60381,0.205182,-34.585217,5987.639561,5988.4843752404195
355.61381,0.205415,-34.584613,5987.293712,5990.344587973372
355.62381,0.205648,-34.584009,5986.947868,5985.850874730193
355.63381,0.205882,-34.583405,5986.602031,5987.612651309093
355.64381,0.206114,-34.582801,5986.2562,5985.263864739117
355.65381,0.206347,-34.582197,5985.910375,5985.943753740706
355.66381,0.206579,-34.581593,5985.564556,5985.431410593931
355.67381,0.206812,-34.580989,5985.218743,5987.722774184812
355.68381,0.207043,-34.580385,5984.872937,5983.281014407311
355.69381,0.207275,-34.579781,5984.527136,5981.5682829251755
355.70381,0.207507,-34.579177,5984.181341,5988.383660753751
355.71381,0.207738,-34.578574,5983.835552,5985.481688732202
355.72381,0.207969,-34.57797,5983.48977,5982.6132267506855
355.73381,0.208199,-34.577366,5983.143993,5983.960449021582
355.74381,0.20843,-34.576763,5982.798222,5985.421083842425
355.75381,0.20866,-34.576159,5982.452458,5981.119727765866
355.76381,0.208889,-34.575556,5982.106699,5981.879623064979
355.77381,0.209119,-34.574952,5981.760946,5982.066713053775
355.78381,0.209348,-34.574349,5981.4152,5982.869101058425
355.79381,0.209577,-34.573745,5981.069459,5983.076472564671
355.80381,0.209806,-34.573142,5980.723725,5980.389220127892
355.81381,0.210035,-34.572539,5980.377997,5978.505397311953
355.82381,0.210263,-34.571935,5980.032274,5976.856444526984
355.83381,0.210491,-34.571332,5979.686558,5979.816922864861
355.84381,0.210718,-34.570729,5979.340848,5980.873519899337
355.85381,0.210946,-34.570126,5978.995143,5981.768979290703
355.86381,0.211173,-34.569523,5978.649445,5979.221169544386
355.87381,0.211399,-34.56892,5978.303753,5982.747495687842
355.88381,0.211626,-34.568317,5977.958067,5978.635406025289
355.89381,0.211852,-34.567714,5977.612387,5977.673559997884
355.90381,0.212078,-34.567111,5977.266712,5978.31663712034
355.91381,0.212303,-34.566508,5976.921044,5977.959949599978
355.92381,0.212529,-34.565905,5976.575382,5974.467488618617
355.93381,0.212754,-34.565303,5976.229726,5975.642682523796
355.94381,0.212978,-34.5647,5975.884076,5976.939046254151
355.95381,0.213203,-34.564097,5975.538432,5976.8240800893
355.96381,0.213427,-34.563495,5975.192794,5974.387934794847
355.97381,0.21365,-34.562892,5974.847162,5972.959964244459
355.98381,0.213874,-34.56229,5974.501536,5974.814484765932
355.99381,0.214097,-34.561687,5974.155917,5977.435873509335
356.00381,0.21432,-34.561085,5973.810303,5975.047738479508
356.01381,0.214542,-34.560482,5973.464695,5974.970674223032
356.02381,0.214764,-34.55988,5973.119093,5976.01809964933
356.03381,0.214986,-34.559278,5972.773497,5973.444423592552
356.04381,0.215208,-34.558675,5972.427907,5972.217182985322
356.05381,0.215429,-34.558073,5972.082324,5973.925545734494
356.06381,0.21565,-34.557471,5971.736746,5972.045051703647
356.07381,0.21587,-34.556869,5971.391174,5973.8635321319425
356.08381,0.216091,-34.556267,5971.045609,5970.873578068259
356.09381,0.21631,-34.555665,5970.700049,5970.985662741281
356.10381,0.21653,-34.555063,5970.354495,5971.320524038619
356.11381,0.216749,-34.554461,5970.008948,5969.346806756853
356.12381,0.216968,-34.553859,5969.663406,5968.972098788097
356.13381,0.217187,-34.553257,5969.317871,5970.425961143753
356.14381,0.217405,-34.552655,5968.972341,5969.550242838135
356.15381,0.217623,-34.552054,5968.626817,5969.986957079054
356.16381,0.21784,-34.551452,5968.2813,5969.7452705953765
356.17381,0.218058,-34.55085,5967.935788,5969.296730567198
356.18381,0.218274,-34.550249,5967.590283,5967.600150097571
356.19381,0.218491,-34.549647,5967.244783,5970.004266320484
356.20381,0.218707,-34.549045,5966.89929,5965.802244399348
356.21381,0.218923,-34.548444,5966.553803,5965.950428595007
356.22381,0.219138,-34.547843,5966.208321,5967.71895439096
356.23381,0.219354,-34.547241,5965.862846,5966.037005642071
356.24381,0.219568,-34.54664,5965.517376,5967.179272357609
356.25381,0.219783,-34.546039,5965.171913,5965.465633120029
356.26381,0.219997,-34.545437,5964.826456,5967.834999896651
356.27381,0.220211,-34.544836,5964.481004,5963.752341797062
356.28381,0.220424,-34.544235,5964.135559,5965.759323713951
356.29381,0.220637,-34.543634,5963.790119,5966.604053134876
356.30381,0.22085,-34.543033,5963.444686,5965.645330567524
356.31381,0.221062,-34.542432,5963.099259,5963.218899471402
356.32381,0.221274,-34.541831,5962.753837,5962.652698944579
356.33381,0.221486,-34.54123,5962.408422,5959.993347305176
356.34381,0.221697,-34.540629,5962.063013,5961.3235193793735
356.35381,0.221908,-34.540028,5961.71761,5963.155775555484
356.36381,0.222119,-34.539427,5961.372212,5963.900038885337
356.37381,0.222329,-34.538827,5961.026821,5962.511927762682
356.38381,0.222539,-34.538226,5960.681436,5961.447790558608
356.39381,0.222748,-34.537625,5960.336057,5959.25371695305
356.40381,0.222957,-34.537025,5959.990683,5959.138912974433
356.41381,0.223166,-34.536424,5959.645316,5959.319289266706
356.42381,0.223374,-34.535823,5959.299955,5962.306544283791
356.43381,0.223582,-34.535223,5958.9546,5959.901086606986
356.44381,0.22379,-34.534623,5958.60925,5958.295105989013
356.45381,0.223997,-34.534022,5958.263907,5954.822147111566
356.46381,0.224204,-34.533422,5957.91857,5956.270664787219
356.47381,0.224411,-34.532822,5957.573239,5959.383866419804
356.48381,0.224617,-34.532221,5957.227913,5960.363718419359
356.49381,0.224823,-34.531621,5956.882594,5956.87391181928
356.50381,0.225028,-34.531021,5956.537281,5957.660442523567
356.51381,0.225233,-34.530421,5956.191974,5957.5979531479725
356.52381,0.225438,-34.529821,5955.846673,5958.564805998907
356.53381,0.225642,-34.529221,5955.501377,5956.285875538339
356.54381,0.225846,-34.528621,5955.156088,5954.280156536436
356.55381,0.22605,-34.528021,5954.810805,5954.692310169611
356.56381,0.226253,-34.527421,5954.465528,5953.935103410852
356.57381,0.226456,-34.526821,5954.120257,5955.45252370238
356.58381,0.226659,-34.526221,5953.774991,5952.910190720278
356.59381,0.226861,-34.525622,5953.429732,5952.612898796782
356.60381,0.227063,-34.525022,5953.084479,5953.975285236928
356.61381,0.227264,-34.524422,5952.739232,5952.91569650519
356.62381,0.227465,-34.523823,5952.39399,5954.898921044689
356.63381,0.227666,-34.523223,5952.048755,5951.846493541383
356.64381,0.227866,-34.522624,5951.703526,5951.709074312547
356.65381,0.228066,-34.522024,5951.358303,5952.229162493915
356.66381,0.228265,-34.521425,5951.013086,5954.499097521872
356.67381,0.228464,-34.520825,5950.667874,5952.199880270626
356.68381,0.228663,-34.520226,5950.322669,5951.974082098486
356.69381,0.228861,-34.519627,5949.97747,5952.592055307605
356.70381,0.229059,-34.519028,5949.632276,5951.007966126117
356.71381,0.229257,-34.518428,5949.287089,5949.726074883887
356.72381,0.229454,-34.517829,5948.941908,5949.737803770448
356.73381,0.229651,-34.51723,5948.596733,5949.416591909827
356.74381,0.229848,-34.516631,5948.251563,5947.346619983837
356.75381,0.230044,-34.516032,5947.9064,5951.602209748729
356.76381,0.230239,-34.515433,5947.561243,5945.848784079298
356.77381,0.230435,-34.514834,5947.216091,5947.76021725017
356.78381,0.23063,-34.514235,5946.870946,5946.981398156815
356.79381,0.230824,-34.513637,5946.525807,5947.1992587666
356.80381,0.231019,-34.513038,5946.180673,5945.838353805402
356.81381,0.231212,-34.512439,5945.835546,5947.445502203637
356.82381,0.231406,-34.51184,5945.490424,5948.848180694087
356.83381,0.231599,-34.511242,5945.145309,5945.382840866493
356.84381,0.231792,-34.510643,5944.8002,5944.182875133478
356.85381,0.231984,-34.510045,5944.455096,5942.758864050299
356.86381,0.232176,-34.509446,5944.109999,5941.742816197242
356.87381,0.232367,-34.508848,5943.764907,5943.991352688639
356.88381,0.232559,-34.508249,5943.419822,5946.562705897194
356.89381,0.232749,-34.507651,5943.074742,5944.444531236977
356.90381,0.23294,-34.507053,5942.729669,5941.785615699685
356.91381,0.23313,-34.506455,5942.384601,5940.968658378673
356.92381,0.233319,-34.505856,5942.03954,5940.602062742948
356.93381,0.233509,-34.505258,5941.694484,5944.982034066401
356.94381,0.233697,-34.50466,5941.349435,5942.464944168185
356.95381,0.233886,-34.504062,5941.004391,5941.459186030062
356.96381,0.234074,-34.503464,5940.659353,5939.044274000189
356.97381,0.234262,-34.502866,5940.314322,5939.164914629092
356.98381,0.234449,-34.502268,5939.969296,5942.725499325095
356.99381,0.234636,-34.50167,5939.624276,5941.890600252924
357.00381,0.234823,-34.501072,5939.279263,5939.93565066114
357.01381,0.235009,-34.500475,5938.934255,5940.81627626386
357.02381,0.235195,-34.499877,5938.589253,5938.2047700801995
357.03381,0.23538,-34.499279,5938.244257,5937.358156805282
357.04381,0.235565,-34.498682,5937.899267,5939.163435606316
357.05381,0.23575,-34.498084,5937.554284,5940.563999423746
357.06381,0.235934,-34.497487,5937.209306,5936.047988598897
357.07381,0.236118,-34.496889,5936.864334,5936.437671368537
357.08381,0.236302,-34.496292,5936.519368,5935.638404431886
357.09381,0.236485,-34.495694,5936.174408,5936.362004130521
357.10381,0.236668,-34.495097,5935.829454,5940.618234912494
357.11381,0.23685,-34.4945,5935.484506,5935.540835181036
357.12381,0.237032,-34.493902,5935.139564,5936.708301268532
357.13381,0.237214,-34.493305,5934.794628,5933.40328133083
357.14381,0.237395,-34.492708,5934.449698,5934.2204637923705
357.15381,0.237576,-34.492111,5934.104774,5933.080886478129
357.16381,0.237756,-34.491514,5933.759856,5934.044170325391
357.17381,0.237936,-34.490917,5933.414944,5935.404349476116
357.18381,0.238116,-34.49032,5933.070037,5935.777222892057
357.19381,0.238295,-34.489723,5932.725137,5934.649543667532
357.20381,0.238474,-34.489126,5932.380243,5932.516471621707
357.21381,0.238653,-34.488529,5932.035355,5933.225903523637
357.22381,0.238831,-34.487932,5931.690472,5932.456127992699
357.23381,0.239009,-34.487336,5931.345596,5935.766719367156
357.24381,0.239186,-34.486739,5931.000726,5933.189341089554
357.25381,0.239363,-34.486142,5930.655861,5933.167772964599
357.26381,0.23954,-34.485546,5930.311003,5930.1807684602045
357.27381,0.239716,-34.484949,5929.96615,5930.730129480472
357.28381,0.239892,-34.484353,5929.621304,5932.971765298368
357.29381,0.240068,-34.483756,5929.276463,5930.918650977792
357.30381,0.240243,-34.48316,5928.931629,5929.273147867016
357.31381,0.240418,-34.482564,5928.5868,5929.4683323134495
357.32381,0.240592,-34.481967,5928.241977,5925.680208864614
357.33381,0.240766,-34.481371,5927.897161,5927.420038036811
357.34381,0.24094,-34.480775,5927.55235,5932.728864003846
357.35381,0.241113,-34.480179,5927.207545,5927.630785797533
357.36381,0.241286,-34.479583,5926.862746,5925.592786184701
357.37381,0.241459,-34.478987,5926.517954,5926.597969181898
357.38381,0.241631,-34.478391,5926.173167,5926.617017632746
357.39381,0.241803,-34.477795,5925.828386,5925.607586088841
357.40381,0.241974,-34.477199,5925.483611,5927.003226460994
357.41381,0.242145,-34.476603,5925.138842,5924.6310859478635
357.42381,0.242316,-34.476007,5924.794079,5923.199555008138
357.43381,0.242486,-34.475411,5924.449322,5923.557697390187
357.44381,0.242656,-34.474816,5924.104571,5925.319281168221
357.45381,0.242826,-34.47422,5923.759825,5923.086300359504
357.46381,0.242995,-34.473624,5923.415086,5927.749805914971
357.47381,0.243164,-34.473029,5923.070353,5923.4686138714205
357.48381,0.243332,-34.472433,5922.725626,5924.816294969678
357.49381,0.2435,-34.471838,5922.380904,5923.399909998954
357.50381,0.243668,-34.471242,5922.036189,5924.330407749345
357.51381,0.243835,-34.470647,5921.691479,5921.8472059926235
357.52381,0.244002,-34.470052,5921.346776,5921.932007415377
357.53381,0.244168,-34.469456,5921.002078,5921.600721068885
357.54381,0.244335,-34.468861,5920.657387,5920.667950286136
357.55381,0.2445,-34.468266,5920.312701,5919.195448795168
357.56381,0.244666,-34.467671,5919.968021,5920.149985650296
357.57381,0.244831,-34.467076,5919.623348,5920.017735610243
357.58381,0.244996,-34.466481,5919.27868,5921.56082362003
357.59381,0.24516,-34.465886,5918.934018,5920.158715016007
357.60381,0.245324,-34.465291,5918.589362,5918.461494307707
357.61381,0.245488,-34.464696,5918.244712,5918.842774765787
357.62381,0.245651,-34.464101,5917.900068,5917.972548501028
357.63381,0.245814,-34.463506,5917.55543,5917.686441318159
357.64381,0.245976,-34.462911,5917.210798,5914.180796109032
357.65381,0.246138,-34.462317,5916.866172,5917.761443006376
357.66381,0.2463,-34.461722,5916.521552,5918.527318504811
357.67381,0.246461,-34.461128,5916.176938,5915.776633887057
357.68381,0.246622,-34.460533,5915.832329,5914.6055995299985
357.69381,0.246783,-34.459939,5915.487727,5916.173047312989
357.70381,0.246943,-34.459344,5915.143131,5916.853732308188
357.71381,0.247103,-34.45875,5914.79854,5913.487381095449
357.72381,0.247263,-34.458155,5914.453956,5913.934680492843
357.73381,0.247422,-34.457561,5914.109377,5912.673974918698
357.74381,0.247581,-34.456967,5913.764804,5912.915582879089
357.75381,0.247739,-34.456373,5913.420238,5914.850731726384
357.76381,0.247897,-34.455778,5913.075677,5914.024442255427
357.77381,0.248055,-34.455184,5912.731122,5914.167765118573
357.78381,0.248213,-34.45459,5912.386573,5912.423019200225
357.79381,0.24837,-34.453996,5912.04203,5913.853572619014
357.80381,0.248526,-34.453402,5911.697493,5911.817351917395
357.81381,0.248683,-34.452808,5911.352962,5912.363772329347
357.82381,0.248838,-34.452215,5911.008437,5912.167944370067
357.83381,0.248994,-34.451621,5910.663918,5910.024451442985
357.84381,0.249149,-34.451027,5910.319405,5911.869786221182
357.85381,0.249304,-34.450433,5909.974897,5908.353524604991
357.86381,0.249459,-34.44984,5909.630396,5908.995922608781
357.87381,0.249613,-34.449246,5909.285901,5910.984304325944
357.88381,0.249767,-34.448653,5908.941411,5910.774450123006
357.89381,0.24992,-34.448059,5908.596928,5910.578490235894
357.90381,0.250073,-34.447466,5908.25245,5910.263775535294
357.91381,0.250226,-34.446872,5907.907978,5907.389851606094
357.92381,0.250378,-34.446279,5907.563512,5909.183201364916
357.93381,0.25053,-34.445686,5907.219053,5908.047043375149
357.94381,0.250682,-34.445092,5906.874599,5907.958758190217
357.95381,0.250833,-34.444499,5906.530151,5907.644193666928
357.96381,0.250984,-34.443906,5906.185709,5908.5950944628485
357.97381,0.251135,-34.443313,5905.841273,5906.480805604588
357.98381,0.251285,-34.44272,5905.496843,5909.592040173694
357.99381,0.251435,-34.442127,5905.152418,5905.224452513015
358.00381,0.251584,-34.441534,5904.808,5907.030632338749
358.01381,0.251734,-34.440941,5904.463588,5905.9208360504745
358.02381,0.251882,-34.440348,5904.119181,5904.696618950159
358.03381,0.252031,-34.439755,5903.774781,5902.274029063451
358.04381,0.252179,-34.439162,5903.430386,5904.96271850539
358.05381,0.252327,-34.43857,5903.085997,5902.1485066143
358.06381,0.252474,-34.437977,5902.741615,5902.174872143961
358.07381,0.252621,-34.437384,5902.397238,5903.086662488767
358.08381,0.252768,-34.436792,5902.052867,5903.968727677134
358.09381,0.252914,-34.436199,5901.708502,5901.818724308262
358.10381,0.25306,-34.435607,5901.364143,5901.490729104605
358.11381,0.253206,-34.435015,5901.01979,5903.990058990478
358.12381,0.253352,-34.434422,5900.675443,5902.00496239677
358.13381,0.253497,-34.43383,5900.331101,5902.763412191441
358.14381,0.253641,-34.433238,5899.986766,5903.3476872786905
358.15381,0.253786,-34.432645,5899.642437,5901.059936909858
358.16381,0.25393,-34.432053,5899.298113,5899.060763181446
358.17381,0.254073,-34.431461,5898.953796,5898.788061865148
358.18381,0.254216,-34.430869,5898.609484,5897.532592563387
358.19381,0.254359,-34.430277,5898.265178,5900.791719151033
358.20381,0.254502,-34.429685,5897.920878,5898.83278037655
358.21381,0.254644,-34.429093,5897.576585,5897.789888988697
358.22381,0.254786,-34.428501,5897.232297,5900.1233460862195
358.23381,0.254928,-34.42791,5896.888015,5898.566644174033
358.24381,0.255069,-34.427318,5896.543738,5894.528249769717
358.25381,0.25521,-34.426726,5896.199468,5895.992846631803
358.26381,0.25535,-34.426134,5895.855204,5897.609564044322
358.27381,0.255491,-34.425543,5895.510945,5898.507480241544
358.28381,0.255631,-34.424951,5895.166693,5896.258239489739
358.29381,0.25577,-34.42436,5894.822446,5897.333905251659
358.30381,0.255909,-34.423768,5894.478206,5891.940820886267
358.31381,0.256048,-34.423177,5894.133971,5895.596940727849
358.32381,0.256187,-34.422586,5893.789742,5892.546661514959
358.33381,0.256325,-34.421994,5893.445519,5891.497548954322
358.34381,0.256463,-34.421403,5893.101302,5895.229023616795
358.35381,0.2566,-34.420812,5892.757091,5894.482313200481
358.36381,0.256738,-34.420221,5892.412886,5893.035194279191
358.37381,0.256875,-34.41963,5892.068687,5891.787211461883
358.38381,0.257011,-34.419038,5891.724494,5891.402846919315
358.39381,0.257147,-34.418447,5891.380306,5890.132596471714
358.40381,0.257283,-34.417857,5891.036125,5893.800517791358
358.41381,0.257419,-34.417266,5890.691949,5892.0841110887095
358.42381,0.257554,-34.416675,5890.347779,5889.548591748468
358.43381,0.257689,-34.416084,5890.003616,5893.686496575748
358.44381,0.257823,-34.415493,5889.659458,5892.217147893955
358.45381,0.257958,-34.414903,5889.315306,5890.7777837968115
358.46381,0.258092,-34.414312,5888.97116,5890.5206578893585
358.47381,0.258225,-34.413721,5888.627019,5890.177786868487
358.48381,0.258358,-34.413131,5888.282885,5889.314244419186
358.49381,0.258491,-34.41254,5887.938757,5888.983944005739
358.50381,0.258624,-34.41195,5887.594634,5889.633442883508
358.51381,0.258756,-34.411359,5887.250518,5888.462289901602
358.52381,0.258888,-34.410769,5886.906407,5888.17930589376
358.53381,0.25902,-34.410179,5886.562302,5887.114555340508
358.54381,0.259151,-34.409589,5886.218204,5886.652968852744
358.55381,0.259282,-34.408998,5885.874111,5886.885773373255
358.56381,0.259413,-34.408408,5885.530024,5884.31874249576
358.57381,0.259543,-34.407818,5885.185942,5887.697759492624
358.58381,0.259673,-34.407228,5884.841867,5887.403243901378
358.59381,0.259803,-34.406638,5884.497798,5884.60579297285
358.60381,0.259932,-34.406048,5884.153734,5883.76837134582
358.61381,0.260061,-34.405458,5883.809677,5885.318956381918
358.62381,0.26019,-34.404868,5883.465625,5884.073845686648
358.63381,0.260319,-34.404279,5883.12158,5882.100720830354
358.64381,0.260447,-34.403689,5882.77754,5883.765343766514
358.65381,0.260575,-34.403099,5882.433506,5884.224485580063
358.66381,0.260702,-34.40251,5882.089478,5883.395020162137
358.67381,0.260829,-34.40192,5881.745456,5883.586013157132
358.68381,0.260956,-34.401331,5881.401439,5882.3446716227845
358.69381,0.261083,-34.400741,5881.057429,5880.348624734879
358.70381,0.261209,-34.400152,5880.713425,5880.743432537737
358.71381,0.261335,-34.399562,5880.369426,5881.751244406606
358.72381,0.26146,-34.398973,5880.025433,5878.402286984179
358.73381,0.261586,-34.398384,5879.681446,5879.568275269441
358.74381,0.261711,-34.397795,5879.337466,5878.920053476065
358.75381,0.261835,-34.397205,5878.993491,5878.977675855388
358.76381,0.26196,-34.396616,5878.649521,5877.681611697594
358.77381,0.262084,-34.396027,5878.305558,5878.153554104216
358.78381,0.262207,-34.395438,5877.961601,5879.11555384323
358.79381,0.262331,-34.394849,5877.61765,5879.877132906892
358.80381,0.262454,-34.39426,5877.273704,5878.870254374544
358.81381,0.262577,-34.393671,5876.929764,5877.814039538927
358.82381,0.262699,-34.393083,5876.585831,5879.501011295495
358.83381,0.262821,-34.392494,5876.241903,5875.213697241599
358.84381,0.262943,-34.391905,5875.897981,5877.553888155973
358.85381,0.263065,-34.391316,5875.554065,5875.747207850041
358.86381,0.263186,-34.390728,5875.210154,5875.350806241035
358.87381,0.263307,-34.390139,5874.86625,5875.199571742615
358.88381,0.263428,-34.389551,5874.522352,5875.118429407885
358.89381,0.263548,-34.388962,5874.178459,5874.317807664294
358.90381,0.263668,-34.388374,5873.834572,5872.595202459214
358.91381,0.263788,-34.387786,5873.490691,5874.987214147572
358.92381,0.263907,-34.387197,5873.146817,5873.838290412242
358.93381,0.264027,-34.386609,5872.802948,5873.993571044762
358.94381,0.264145,-34.386021,5872.459084,5874.169640690787
358.95381,0.264264,-34.385433,5872.115227,5871.964728888197
358.96381,0.264382,-34.384845,5871.771376,5873.773513212704
358.97381,0.2645,-34.384257,5871.42753,5873.03125008339
358.98381,0.264618,-34.383669,5871.083691,5873.1324453654615
358.99381,0.264735,-34.383081,5870.739857,5873.345393900224
359.00381,0.264852,-34.382493,5870.396029,5873.05247979124
359.01381,0.264969,-34.381905,5870.052207,5868.731433610567
359.02381,0.265086,-34.381317,5869.708391,5871.450249311541
359.03381,0.265202,-34.380729,5869.364581,5871.203917003377
359.04381,0.265318,-34.380142,5869.020776,5865.3814568983535
359.05381,0.265433,-34.379554,5868.676978,5872.430353058301
359.06381,0.265549,-34.378967,5868.333185,5870.7569922701505
359.07381,0.265664,-34.378379,5867.989399,5866.117021731473
359.08381,0.265778,-34.377792,5867.645618,5868.225429693873
359.09381,0.265893,-34.377204,5867.301843,5868.018519166938
359.10381,0.266007,-34.376617,5866.958074,5866.535193150536
359.11381,0.266121,-34.376029,5866.61431,5870.539813036981
359.12381,0.266234,-34.375442,5866.270553,5868.225152771449
359.13381,0.266348,-34.374855,5865.926801,5865.167371211902
359.14381,0.266461,-34.374268,5865.583056,5866.590948394756
359.15381,0.266227,-34.373681,5865.239316,5866.134543585258
359.16381,0.265546,-34.373094,5864.895582,5867.314490705887
359.17381,0.264867,-34.372507,5864.551857,5865.698643680295
359.18381,0.26419,-34.371921,5864.208138,5865.134950154958
359.19381,0.263514,-34.371335,5863.864422,5864.511498937302
359.20381,0.262839,-34.370749,5863.520711,5866.466417871254
359.21381,0.262167,-34.370164,5863.177007,5862.9365188884285
359.22381,0.261497,-34.369579,5862.833308,5863.354640158864
359.23381,0.260828,-34.368994,5862.489615,5863.251992181962
359.24381,0.260162,-34.368409,5862.145928,5860.2658317910045
359.25381,0.259497,-34.367825,5861.802247,5863.959562922987
359.26381,0.258834,-34.367241,5861.458572,5863.084256361455
359.27381,0.258173,-34.366657,5861.114902,5864.129579815706
359.28381,0.257514,-34.366073,5860.771238,5863.0187146058215
359.29381,0.256856,-34.36549,5860.427581,5860.8541141231535
359.30381,0.256201,-34.364907,5860.083929,5862.428131538668
359.31381,0.255545,-34.364324,5859.740283,5859.234187992963
359.32381,0.25489,-34.363741,5859.396642,5859.733210283646
359.33381,0.254237,-34.363159,5859.053008,5857.755505458622
359.34381,0.253585,-34.362577,5858.709379,5860.315884263481
359.35381,0.252936,-34.361996,5858.365756,5860.327088376549
359.36381,0.252288,-34.361415,5858.022139,5857.340003829663
359.37381,0.251642,-34.360834,5857.678528,5858.913313390407
359.38381,0.250998,-34.360254,5857.334922,5856.9165677887395
359.39381,0.250356,-34.359674,5856.991323,5857.511546500807
359.40381,0.249715,-34.359095,5856.647729,5856.92708857347
359.41381,0.249077,-34.358515,5856.304141,5858.50166122036
359.42381,0.24844,-34.357937,5855.960559,5858.075481433483
359.43381,0.247805,-34.357358,5855.616982,5853.7452508928645
359.44381,0.247172,-34.35678,5855.273411,5856.141540029996
359.45381,0.24654,-34.356202,5854.929847,5854.499630880834
359.46381,0.24591,-34.355624,5854.586287,5852.819042469773
359.47381,0.245282,-34.355047,5854.242734,5852.39985867852
359.48381,0.244656,-34.35447,5853.899186,5855.999538543735
359.49381,0.244032,-34.353894,5853.555645,5853.290296897025
359.50381,0.243409,-34.353318,5853.212109,5852.743398211349
359.51381,0.242788,-34.352742,5852.868578,5855.384384333874
359.52381,0.242169,-34.352166,5852.525054,5851.869070403393
359.53381,0.241552,-34.351591,5852.181535,5853.821296668247
359.54381,0.240936,-34.351016,5851.838022,5852.4639498096485
359.55381,0.240322,-34.350442,5851.494515,5853.267656266021
359.56381,0.23971,-34.349867,5851.151013,5849.333661850892
359.57381,0.239099,-34.349293,5850.807517,5852.2888086527155
359.58381,0.238491,-34.34872,5850.464027,5850.2281565669155
359.59381,0.237883,-34.348146,5850.120543,5849.555017615418
359.60381,0.237278,-34.347573,5849.777064,5852.1524637818475
359.61381,0.236674,-34.347001,5849.433591,5850.0146737594405
359.62381,0.236073,-34.346428,5849.090124,5850.367014945605
359.63381,0.235472,-34.345856,5848.746663,5849.187458665299
359.64381,0.234874,-34.345284,5848.403207,5850.616159294086
359.65381,0.234277,-34.344713,5848.059757,5848.52841291476
359.66381,0.233682,-34.344141,5847.716313,5847.968511641728
359.67381,0.233088,-34.34357,5847.372874,5847.426814700139
359.68381,0.232496,-34.343,5847.029442,5844.340339685224
359.69381,0.231906,-34.342429,5846.686014,5846.159478413137
359.70381,0.231318,-34.341859,5846.342593,5847.323387588689
359.71381,0.230731,-34.341289,5845.999177,5847.270800000976
359.72381,0.230146,-34.34072,5845.655767,5845.1086988197485
359.73381,0.229562,-34.34015,5845.312363,5845.300108530703
359.74381,0.228981,-34.339581,5844.968964,5844.898942327236
359.75381,0.2284,-34.339013,5844.625571,5844.4508363730365
359.76381,0.227822,-34.338444,5844.282184,5846.05720964561
359.77381,0.227245,-34.337876,5843.938802,5845.157036583771
359.78381,0.22667,-34.337308,5843.595426,5843.663811324202
359.79381,0.226096,-34.33674,5843.252056,5845.009209846912
359.80381,0.225524,-34.336173,5842.908692,5842.840385812916
359.81381,0.224954,-34.335606,5842.565333,5843.283783784303
359.82381,0.224385,-34.335039,5842.221979,5841.9729389754375
359.83381,0.223818,-34.334472,5841.878632,5840.671807390165
359.84381,0.223252,-34.333906,5841.53529,5841.623057155666
359.85381,0.222688,-34.33334,5841.191954,5842.168093305502
359.86381,0.222126,-34.332774,5840.848623,5841.75261786358
359.87381,0.221565,-34.332208,5840.505298,5838.381714533383
359.88381,0.221006,-34.331643,5840.161979,5839.423665203467
359.89381,0.220448,-34.331077,5839.818665,5843.020355835421
359.90381,0.219892,-34.330513,5839.475358,5838.231464529944
359.91381,0.219338,-34.329948,5839.132055,5839.341381496941
359.92381,0.218785,-34.329383,5838.788759,5838.259653508859
359.93381,0.218234,-34.328819,5838.445468,5839.333910084911
359.94381,0.217684,-34.328255,5838.102182,5837.974180795517
359.95381,0.217136,-34.327692,5837.758902,5842.816073729275
359.96381,0.216589,-34.327128,5837.415628,5837.8061063622845
359.97381,0.216044,-34.326565,5837.07236,5838.1971895671495
359.98381,0.215501,-34.326002,5836.729097,5836.534663299186
359.99381,0.214959,-34.325439,5836.38584,5835.995920445364
360.00381,0.214418,-34.324876,5836.042588,5837.363348048502
360.01381,0.213879,-34.324314,5835.699342,5837.132031649599
360.02381,0.213342,-34.323752,5835.356102,5836.858739213449
360.03381,0.212806,-34.32319,5835.012867,5836.879331960009
360.04381,0.212272,-34.322628,5834.669638,5838.955953197649
360.05381,0.211739,-34.322067,5834.326415,5835.712299435414
360.06381,0.211208,-34.321506,5833.983197,5837.989611143425
360.07381,0.210678,-34.320944,5833.639985,5834.0044372840675
360.08381,0.21015,-34.320384,5833.296778,5833.439150650461
360.09381,0.209623,-34.319823,5832.953577,5832.037485603009
360.10381,0.209098,-34.319263,5832.610381,5833.809256376247
360.11381,0.208575,-34.318702,5832.267192,5830.608677855896
360.12381,0.208052,-34.318142,5831.924007,5832.935723468936
360.13381,0.207532,-34.317583,5831.580829,5834.830543035118
360.14381,0.207012,-34.317023,5831.237656,5829.454575012482
360.15381,0.206495,-34.316464,5830.894488,5829.688882915948
360.16381,0.205978,-34.315904,5830.551327,5831.884910088977
360.17381,0.205464,-34.315345,5830.20817,5833.945791119984
360.18381,0.20495,-34.314786,5829.86502,5829.939346342715
360.19381,0.204439,-34.314228,5829.521875,5830.870935827985
360.20381,0.203928,-34.313669,5829.178735,5831.481076750803
360.21381,0.203419,-34.313111,5828.835601,5832.713340516712
360.22381,0.202912,-34.312553,5828.492473,5833.154734273688
360.23381,0.202406,-34.311995,5828.14935,5831.215849604227
360.24381,0.201901,-34.311438,5827.806233,5830.472687361506
360.25381,0.201398,-34.31088,5827.463121,5826.587160588034
360.26381,0.200896,-34.310323,5827.120015,5829.943680489658
360.27381,0.200396,-34.309766,5826.776915,5829.380659107581
360.28381,0.199897,-34.309209,5826.43382,5827.599322478903
360.29381,0.1994,-34.308652,5826.090731,5824.900882622912
360.30381,0.198904,-34.308096,5825.747647,5827.066449418098
360.31381,0.19841,-34.307539,5825.404569,5827.639507202548
360.32381,0.197917,-34.306983,5825.061496,5828.306772746721
360.33381,0.197425,-34.306427,5824.718429,5826.480916849924
360.34381,0.196935,-34.305871,5824.375368,5824.013291755139
360.35381,0.196446,-34.305315,5824.032312,5825.875711554625
360.36381,0.195958,-34.30476,5823.689261,5825.267460869263
360.37381,0.195472,-34.304205,5823.346217,5822.532373739517
360.38381,0.194988,-34.303649,5823.003177,5821.6379573708755
360.39381,0.194504,-34.303094,5822.660144,5823.066247546197
360.40381,0.194023,-34.30254,5822.317115,5823.857675858914
360.41381,0.193542,-34.301985,5821.974093,5822.392397238508
360.42381,0.193063,-34.30143,5821.631076,5823.47445790208
360.43381,0.192585,-34.300876,5821.288064,5821.335717333706
360.44381,0.192109,-34.300322,5820.945058,5822.311783116605
360.45381,0.191634,-34.299768,5820.602058,5820.534088009801
360.46381,0.19116,-34.299214,5820.259063,5819.350129045257
360.47381,0.190688,-34.29866,5819.916073,5819.677943443762
360.48381,0.190217,-34.298107,5819.57309,5819.2366808712195
360.49381,0.189748,-34.297553,5819.230111,5821.07390935346
360.50381,0.18928,-34.297,5818.887139,5818.321618882655
360.51381,0.188813,-34.296447,5818.544171,5818.116557856812
360.52381,0.188348,-34.295894,5818.20121,5818.881902624702
360.53381,0.187883,-34.295341,5817.858253,5814.944066970242
360.54381,0.187421,-34.294789,5817.515303,5819.667303410201
360.55381,0.186569,-34.294236,5817.172358,5819.014010562185
360.56381,0.18507,-34.293684,5816.829418,5818.26709835651
360.57381,0.183576,-34.293132,5816.486484,5816.690860522606
360.58381,0.182088,-34.292581,5816.143555,5816.981733090347
360.59381,0.180604,-34.29203,5815.800632,5813.149500774739
360.60381,0.179126,-34.291479,5815.457715,5813.947416893083
360.61381,0.177653,-34.290928,5815.114803,5817.7788425742165
360.62381,0.176185,-34.290378,5814.771896,5814.49053754633
360.63381,0.174722,-34.289829,5814.428995,5813.058315434935
360.64381,0.173265,-34.289279,5814.0861,5814.638051719522
360.65381,0.171812,-34.28873,5813.74321,5814.361555042131
360.66381,0.170365,-34.288181,5813.400325,5813.929523114744
360.67381,0.168923,-34.287633,5813.057446,5812.9222064843825
360.68381,0.167487,-34.287084,5812.714572,5815.396631029256
360.69381,0.166056,-34.286536,5812.371704,5813.494435212069
360.70381,0.16463,-34.285989,5812.028842,5810.529433074381
360.71381,0.163207,-34.285442,5811.685985,5812.231387990775
360.72381,0.161789,-34.284895,5811.343133,5813.368539375995
360.73381,0.160377,-34.284348,5811.000287,5810.491783959882
360.74381,0.15897,-34.283802,5810.657446,5808.95578236482
360.75381,0.157568,-34.283256,5810.314611,5812.8588343156525
360.76381,0.156172,-34.28271,5809.971781,5809.392260123234
360.77381,0.154781,-34.282165,5809.628956,5812.206714657581
360.78381,0.153396,-34.28162,5809.286137,5808.015837180643
360.79381,0.152015,-34.281075,5808.943324,5807.249370274551
360.80381,0.150641,-34.280531,5808.600516,5809.813937477418
360.81381,0.149272,-34.279987,5808.257713,5806.852013291254
360.82381,0.147908,-34.279443,5807.914916,5808.024206999034
360.83381,0.14655,-34.278899,5807.572125,5809.32334168701
360.84381,0.145197,-34.278356,5807.229338,5809.877544889887
360.85381,0.14385,-34.277813,5806.886557,5808.1776449548415
360.86381,0.142508,-34.277271,5806.543782,5807.389840345953
360.87381,0.141173,-34.276728,5806.201012,5806.829491344091
360.88381,0.139842,-34.276186,5805.858247,5803.747997705462
360.89381,0.138518,-34.275644,5805.515488,5803.783147757463
360.90381,0.137199,-34.275103,5805.172735,5806.591302056247
360.91381,0.135886,-34.274562,5804.829986,5806.369624664419
360.92381,0.134579,-34.274021,5804.487243,5805.093450130289
360.93381,0.133277,-34.27348,5804.144506,5804.519920868378
360.94381,0.131982,-34.272939,5803.801774,5804.961266839229
360.95381,0.130692,-34.272399,5803.459047,5804.033797079969
360.96381,0.129409,-34.271859,5803.116326,5804.9128821673385
360.97381,0.128131,-34.271319,5802.77361,5800.180347270404
360.98381,0.126859,-34.27078,5802.430899,5800.455800253242
360.99381,0.125594,-34.27024,5802.088194,5802.274881023386
361.00381,0.124335,-34.269701,5801.745495,5801.989574459208
361.01381,0.123081,-34.269162,5801.4028,5802.425448265134
361.02381,0.121834,-34.268624,5801.060111,5799.817736641674
361.03381,0.120594,-34.268085,5800.717428,5800.661161654204
361.04381,0.11936,-34.267547,5800.37475,5802.43284275345
361.05381,0.118132,-34.267009,5800.032077,5799.109700967458
361.06381,0.116911,-34.266471,5799.689409,5800.9201809671995
361.07381,0.115696,-34.265934,5799.346747,5797.146821754235
361.08381,0.114488,-34.265396,5799.004091,5797.232256443029
361.09381,0.113286,-34.264859,5798.661439,5797.552665038179
361.10381,0.112092,-34.264322,5798.318794,5800.0689966256
361.11381,0.110904,-34.263785,5797.976153,5800.363948502794
361.12381,0.109723,-34.263249,5797.633518,5798.697818990497
361.13381,0.108549,-34.262712,5797.290888,5799.316889118541
361.14381,0.107383,-34.262176,5796.948264,5799.422929380353
361.15381,0.106223,-34.26164,5796.605644,5797.173559050069
361.16381,0.105071,-34.261104,5796.263031,5796.47457147621
361.17381,0.103926,-34.260568,5795.920422,5798.823895070259
361.18381,0.102788,-34.260033,5795.577819,5796.73106753989
361.19381,0.101659,-34.259497,5795.235222,5795.449395561654
361.20381,0.100536,-34.258962,5794.892629,5795.79072992352
361.21381,0.099422,-34.258427,5794.550043,5797.310536694103
361.22381,0.098316,-34.257892,5794.207461,5793.788672787478
361.23381,0.097217,-34.257357,5793.864885,5791.724774537932
361.24381,0.096127,-34.256823,5793.522314,5793.017883502693
361.25381,0.095045,-34.256288,5793.179748,5794.696437171699
361.26381,0.093971,-34.255754,5792.837188,5795.677565356618
361.27381,0.092906,-34.25522,5792.494633,5793.910148453398
361.28381,0.09185,-34.254685,5792.152084,5794.077599877137
361.29381,0.090802,-34.254152,5791.809539,5793.13033455182
361.30381,0.089764,-34.253618,5791.467001,5790.170551019058
361.31381,0.088734,-34.253084,5791.124467,5791.283655858604
361.32381,0.087714,-34.252551,5790.781939,5791.399290989149
361.33381,0.086704,-34.252017,5790.439416,5792.174037977863
361.34381,0.085703,-34.251484,5790.096899,5789.861975240002
361.35381,0.084712,-34.250951,5789.754386,5787.7457047711405
361.36381,0.083731,-34.250418,5789.41188,5792.186661650684
361.37381,0.08276,-34.249885,5789.069378,5790.087672406323
361.38381,0.081799,-34.249352,5788.726882,5786.518492214861
361.39381,0.080849,-34.248819,5788.384391,5786.853469909669
361.40381,0.079911,-34.248287,5788.041905,5789.167667577356
361.41381,0.078983,-34.247754,5787.699425,5789.071189929715
361.42381,0.078066,-34.247222,5787.35695,5786.474612608395
361.43381,0.077161,-34.24669,5787.014481,5787.06773667506
361.44381,0.076268,-34.246158,5786.672017,5788.415988583316
361.45381,0.075386,-34.245625,5786.329558,5787.4864399126745
361.46381,0.074517,-34.245093,5785.987104,5788.708775404573
361.47381,0.073661,-34.244562,5785.644656,5786.546606784309
361.48381,0.072817,-34.24403,5785.302213,5785.1030820496135
361.49381,0.071986,-34.243498,5784.959775,5785.691275859814
361.50381,0.071169,-34.242967,5784.617343,5786.473184215133
361.51381,0.070366,-34.242435,5784.274916,5784.363086716873
361.52381,0.069576,-34.241904,5783.932494,5785.406913045993
361.53381,0.0688,-34.241372,5783.590078,5783.611561556988
361.54381,0.06804,-34.240841,5783.247667,5787.431610663382
361.55381,0.067294,-34.24031,5782.905261,5783.002059488951
361.56381,0.066563,-34.239779,5782.562861,5783.059208008679
361.57381,0.065847,-34.239248,5782.220465,5783.9970474001075
361.58381,0.065148,-34.238717,5781.878076,5782.44237315514
361.59381,0.064465,-34.238186,5781.535691,5782.996353438438
361.60381,0.063798,-34.237655,5781.193312,5783.117383756918
361.61381,0.063148,-34.237124,5780.850938,5781.334697875784
361.62381,0.062515,-34.236593,5780.508569,5783.9597725045105
361.63381,0.0619,-34.236063,5780.166206,5779.980048611284
361.64381,0.061303,-34.235532,5779.823848,5778.007183097651
361.65381,0.060724,-34.235002,5779.481495,5780.668351701121
361.66381,0.060163,-34.234471,5779.139148,5778.09359592194
361.67381,0.059622,-34.233941,5778.796806,5779.051006036189
361.68381,0.059099,-34.23341,5778.454469,5782.911232220998
361.69381,0.058597,-34.23288,5778.112138,5780.240179247067
361.70381,0.058114,-34.23235,5777.769812,5779.804670993695
361.71381,0.057651,-34.231819,5777.427491,5776.521741615959
361.72381,0.057209,-34.231289,5777.085175,5778.841555446628
361.73381,0.056787,-34.230759,5776.742865,5777.062355547576
361.74381,0.056387,-34.230229,5776.40056,5775.933432468177
361.75381,0.056007,-34.229699,5776.05826,5775.352858039097
361.76381,0.05565,-34.229169,5775.715966,5777.400951096131
361.77381,0.055314,-34.228639,5775.373677,5774.226291425029
361.78381,0.055,-34.228109,5775.031393,5772.913682436587
361.79381,0.054708,-34.227579,5774.689115,5776.517423073502
361.80381,0.054439,-34.227049,5774.346842,5775.316401236322
361.81381,0.054192,-34.22652,5774.004574,5776.296721018771
361.82381,0.053968,-34.22599,5773.662311,5776.560494157952
361.83381,0.053767,-34.22546,5773.320054,5772.307903654045
361.84381,0.053588,-34.22493,5772.977802,5773.606826820413
361.85381,0.053432,-34.224401,5772.635556,5773.153957451767
361.86381,0.053299,-34.223871,5772.293314,5772.864634349278
361.87381,0.053189,-34.223341,5771.951078,5772.0124787725445
361.88381,0.053101,-34.222812,5771.608847,5774.0439331057205
361.89381,0.053036,-34.222282,5771.266622,5773.785352885476
361.90381,0.052994,-34.221752,5770.924402,5771.186068601377
361.91381,0.052975,-34.221223,5770.582187,5771.070125525161
361.92381,0.052977,-34.220693,5770.239977,5769.872406079388
361.93381,0.053002,-34.220164,5769.897773,5772.149214554535
361.94381,0.053048,-34.219634,5769.555574,5768.824853616123
361.95381,0.053117,-34.219105,5769.21338,5771.074722973698
361.96381,0.053207,-34.218575,5768.871192,5768.579736322223
361.97381,0.053318,-34.218046,5768.529009,5768.047358520688
361.98381,0.053449,-34.217516,5768.186831,5766.986811780166
361.99381,0.053602,-34.216987,5767.844658,5769.397109106482
362.00381,0.053774,-34.216458,5767.502491,5770.0923223053405
362.01381,0.053966,-34.215928,5767.160329,5770.031262785732
362.02381,0.054178,-34.215399,5766.818173,5766.858609209394
362.03381,0.054409,-34.214869,5766.476021,5768.110666556562
362.04381,0.054658,-34.21434,5766.133875,5767.873198675282
362.05381,0.054926,-34.213811,5765.791735,5764.75792211384
362.06381,0.055211,-34.213281,5765.449599,5764.000990250101
362.07381,0.055514,-34.212752,5765.107469,5765.784113222972
362.08381,0.055834,-34.212222,5764.765344,5763.798534209954
362.09381,0.05617,-34.211693,5764.423224,5765.934269287019
362.10381,0.056523,-34.211164,5764.08111,5765.303206034503
362.11381,0.05689,-34.210634,5763.739001,5764.620429648747
362.12381,0.057273,-34.210105,5763.396897,5765.720204482647
362.13381,0.057671,-34.209575,5763.054799,5762.5918177328895
362.14381,0.058083,-34.209046,5762.712706,5764.1011617045
362.15381,0.058509,-34.208517,5762.370618,5760.920235798274
362.16381,0.058948,-34.207987,5762.028536,5764.526167170409
362.17381,0.0594,-34.207458,5761.686458,5762.95238458146
362.18381,0.059865,-34.206928,5761.344386,5762.8746884672555
362.19381,0.060342,-34.206399,5761.00232,5764.02430007991
362.20381,0.06083,-34.205869,5760.660259,5760.865241588524
362.21381,0.06133,-34.20534,5760.318202,5761.114374500242
362.22381,0.061841,-34.20481,5759.976152,5762.3752773887245
362.23381,0.062362,-34.204281,5759.634106,5761.900161226469
362.24381,0.062893,-34.203751,5759.292066,5756.310803777701
362.25381,0.063434,-34.203222,5758.950031,5756.297439361766
362.26381,0.063984,-34.202692,5758.608002,5759.470044085743
362.27381,0.064543,-34.202163,5758.265977,5760.732107735682
362.28381,0.065111,-34.201633,5757.923958,5759.179827788283
362.29381,0.065687,-34.201104,5757.581945,5756.504321502242
362.30381,0.066271,-34.200574,5757.239936,5758.864840420417
362.31381,0.066863,-34.200044,5756.897933,5757.824321684282
362.32381,0.067462,-34.199515,5756.555935,5758.969648330714
362.33381,0.068068,-34.198985,5756.213943,5753.870589465043
362.34381,0.068681,-34.198456,5755.871956,5755.644657241509
362.35381,0.0693,-34.197926,5755.529974,5754.162635267211
362.36381,0.069926,-34.197396,5755.187997,5755.3750393667215
362.37381,0.070557,-34.196866,5754.846026,5755.57748114518
362.38381,0.071194,-34.196337,5754.50406,5756.768208150344
362.39381,0.071836,-34.195807,5754.162099,5756.655881386115
362.40381,0.072484,-34.195277,5753.820144,5753.392550645532
362.41381,0.073137,-34.194747,5753.478194,5754.4191278302715
362.42381,0.073794,-34.194217,5753.136249,5753.209582908766
362.43381,0.074456,-34.193688,5752.794309,5752.5074163491
362.44381,0.075122,-34.193158,5752.452375,5755.523886142375
362.45381,0.075792,-34.192628,5752.110446,5754.484319040329
362.46381,0.076466,-34.192098,5751.768523,5752.185080147089
362.47381,0.077144,-34.191568,5751.426604,5752.290482243261
362.48381,0.077825,-34.191038,5751.084691,5750.995979392481
362.49381,0.078509,-34.190508,5750.742783,5748.554227170945
362.50381,0.079197,-34.189978,5750.400881,5751.304836152964
362.51381,0.079888,-34.189448,5750.058984,5751.905821953062
362.52381,0.080581,-34.188918,5749.717092,5753.002165114941
362.53381,0.081277,-34.188387,5749.375206,5749.475088110782
362.54381,0.081976,-34.187857,5749.033324,5748.111313881019
362.55381,0.082677,-34.187327,5748.691448,5750.913928055393
362.56381,0.083381,-34.186797,5748.349578,5748.660790685301
362.57381,0.084086,-34.186266,5748.007712,5748.189312512888
362.58381,0.084794,-34.185736,5747.665852,5750.287116539415
362.59381,0.085503,-34.185206,5747.323998,5748.688587362455
362.60381,0.086215,-34.184675,5746.982148,5747.419352673714
362.61381,0.086927,-34.184145,5746.640304,5748.119659941856
362.62381,0.087642,-34.183615,5746.298465,5745.4021057585105
362.63381,0.088358,-34.183084,5745.956632,5746.670120303554
362.64381,0.089075,-34.182554,5745.614804,5745.53039088752
362.65381,0.089793,-34.182023,5745.272981,5744.155411539641
362.66381,0.090513,-34.181493,5744.931163,5744.120430517208
362.67381,0.091233,-34.180962,5744.589351,5747.854674224935
362.68381,0.091955,-34.180431,5744.247544,5744.507300586363
362.69381,0.092677,-34.179901,5743.905742,5743.386505881012
362.70381,0.0934,-34.17937,5743.563946,5742.394387610015
362.71381,0.094124,-34.178839,5743.222155,5743.472725474544
362.72381,0.094849,-34.178308,5742.880369,5744.067530638941
362.73381,0.095574,-34.177777,5742.538589,5741.41009849437
362.74381,0.096299,-34.177247,5742.196814,5742.907917801484
362.75381,0.097025,-34.176716,5741.855044,5740.320346081607
362.76381,0.097752,-34.176185,5741.513279,5737.726217610358
362.77381,0.098478,-34.175654,5741.17152,5743.315548963518
362.78381,0.099205,-34.175123,5740.829766,5741.502708112096
362.79381,0.099932,-34.174592,5740.488018,5739.437558747258
362.80381,0.100659,-34.174061,5740.146274,5739.650127471723
362.81381,0.101386,-34.17353,5739.804537,5739.1202514001325
362.82381,0.102113,-34.172998,5739.462804,5740.86794957233
362.83381,0.10284,-34.172467,5739.121077,5737.21329155473
362.84381,0.103567,-34.171936,5738.779355,5741.520723228989
362.85381,0.104294,-34.171405,5738.437638,5738.651808638379
362.86381,0.105021,-34.170873,5738.095926,5737.94458800334
362.87381,0.105747,-34.170342,5737.75422,5737.127541808366
362.88381,0.106473,-34.16981,5737.41252,5738.6579818633145
362.89381,0.107199,-34.169279,5737.070824,5736.540607725827
362.90381,0.107925,-34.168748,5736.729134,5738.862691352236
362.91381,0.10865,-34.168216,5736.387449,5736.940655034871
362.92381,0.109374,-34.167684,5736.04577,5738.331714294065
362.93381,0.110098,-34.167153,5735.704096,5733.928467269813
362.94381,0.110822,-34.166621,5735.362427,5736.40768753542
362.95381,0.111545,-34.166089,5735.020763,5735.28050133496
362.96381,0.112267,-34.165558,5734.679105,5734.275971255751
362.97381,0.112989,-34.165026,5734.337452,5734.147979730404
362.98381,0.11371,-34.164494,5733.995804,5733.313054975569
362.99381,0.11443,-34.163962,5733.654162,5735.201083002211
363.00381,0.11515,-34.16343,5733.312525,5728.593017610909
363.01381,0.115869,-34.162898,5732.970893,5732.888102783636
363.02381,0.116587,-34.162366,5732.629267,5732.5044452820675
363.03381,0.117305,-34.161834,5732.287646,5734.29500905436
363.04381,0.118021,-34.161302,5731.94603,5732.425760448583
363.05381,0.118737,-34.16077,5731.60442,5730.421822115421
363.06381,0.119452,-34.160238,5731.262815,5732.773955148196
363.07381,0.120166,-34.159706,5730.921215,5732.815850338506
363.08381,0.120879,-34.159174,5730.579621,5729.325431108974
363.09381,0.121592,-34.158641,5730.238032,5731.995601868524
363.10381,0.122303,-34.158109,5729.896448,5729.916595180844
363.11381,0.123013,-34.157577,5729.55487,5728.834547598063
363.12381,0.123723,-34.157044,5729.213297,5733.459994519785
363.13381,0.124431,-34.156512,5728.871729,5729.9738695321785
363.14381,0.125138,-34.155979,5728.530166,5728.204588890255
363.15381,0.125845,-34.155447,5728.188609,5730.112746073052
363.16381,0.12655,-34.154914,5727.847057,5730.363795017269
363.17381,0.127254,-34.154381,5727.505511,5728.668005325226
363.18381,0.127957,-34.153849,5727.16397,5725.029426641504
363.19381,0.128659,-34.153316,5726.822434,5731.186470936593
363.20381,0.12936,-34.152783,5726.480903,5727.085971246576
363.21381,0.13006,-34.152251,5726.139378,5726.9236448561505
363.22381,0.130758,-34.151718,5725.797858,5728.133863695875
363.23381,0.131456,-34.151185,5725.456344,5726.454988802274
363.24381,0.132152,-34.150652,5725.114835,5725.136570321054
363.25381,0.132847,-34.150119,5724.773331,5724.331628899702
363.26381,0.133541,-34.149586,5724.431832,5727.911931346247
363.27381,0.134234,-34.149053,5724.090339,5722.97912613109
363.28381,0.134925,-34.14852,5723.748851,5722.773207544677
363.29381,0.135615,-34.147987,5723.407369,5724.089412672116
363.30381,0.136304,-34.147453,5723.065892,5724.111608395456
363.31381,0.136992,-34.14692,5722.72442,5721.839902259984
363.32381,0.137679,-34.146387,5722.382953,5722.859793841156
363.33381,0.138364,-34.145854,5722.041492,5720.047454186271
363.34381,0.139048,-34.14532,5721.700036,5721.755125890506
363.35381,0.139731,-34.144787,5721.358586,5722.237374280877
363.36381,0.140412,-34.144253,5721.01714,5721.4200458785435
363.37381,0.141092,-34.14372,5720.6757,5718.4321640198805
363.38381,0.141771,-34.143187,5720.334266,5720.9374097630025
363.39381,0.142449,-34.142653,5719.992837,5721.413573479344
363.40381,0.143125,-34.142119,5719.651413,5723.1324065168865
363.41381,0.1438,-34.141586,5719.309994,5719.372253231579
363.42381,0.144474,-34.141052,5718.968581,5717.239166359302
363.43381,0.145146,-34.140518,5718.627173,5717.116817195096
363.44381,0.145817,-34.139985,5718.285771,5717.845764559573
363.45381,0.146486,-34.139451,5717.944374,5719.893595955756
363.46381,0.147155,-34.138917,5717.602982,5718.344000880595
363.47381,0.147821,-34.138383,5717.261595,5716.834505571521
363.48381,0.148487,-34.137849,5716.920214,5715.4307799185735
363.49381,0.149151,-34.137315,5716.578838,5716.1989930819645
363.50381,0.149814,-34.136781,5716.237468,5716.683742783011
363.51381,0.150475,-34.136247,5715.896103,5716.494676632288
363.52381,0.151135,-34.135713,5715.554743,5717.103533300162
363.53381,0.151794,-34.135179,5715.213388,5719.738919773878
363.54381,0.152451,-34.134645,5714.872039,5716.414706180949
363.55381,0.153107,-34.13411,5714.530696,5713.2363651481555
363.56381,0.153762,-34.133576,5714.189357,5715.008405599401
363.57381,0.154415,-34.133042,5713.848024,5713.768096516755
363.58381,0.155067,-34.132508,5713.506696,5713.723909352103
363.59381,0.155717,-34.131973,5713.165374,5711.86360491459
363.60381,0.156366,-34.131439,5712.824057,5712.611313434876
363.61381,0.157013,-34.130904,5712.482745,5710.709832407589
363.62381,0.157659,-34.13037,5712.141439,5717.44104177913
363.63381,0.158304,-34.129835,5711.800138,5709.814856710796
363.64381,0.158947,-34.129301,5711.458842,5710.787711502789
363.65381,0.159589,-34.128766,5711.117552,5711.728456725315
363.66381,0.16023,-34.128231,5710.776267,5713.286546478199
363.67381,0.160869,-34.127697,5710.434987,5711.335657087845
363.68381,0.161506,-34.127162,5710.093713,5710.2217665547305
363.69381,0.162142,-34.126627,5709.752444,5708.2056274397455
363.70381,0.162777,-34.126093,5709.41118,5712.074391409352
363.71381,0.16341,-34.125558,5709.069922,5707.701855304129
363.72381,0.164042,-34.125023,5708.728669,5711.308626545113
363.73381,0.164673,-34.124488,5708.387421,5706.778816015692
363.74381,0.165302,-34.123953,5708.046179,5707.004337771107
363.75381,0.16593,-34.123418,5707.704942,5708.07146705576
363.76381,0.166556,-34.122883,5707.363711,5707.860070035515
363.77381,0.167181,-34.122348,5707.022485,5706.822285216911
363.78381,0.167804,-34.121813,5706.681264,5706.726926432173
363.79381,0.168426,-34.121278,5706.340049,5707.940808818221
363.80381,0.168907,-34.120743,5705.998838,5706.20481146642
363.81381,0.169073,-34.120207,5705.657634,5708.870083022689
363.82381,0.169264,-34.119672,5705.316434,5705.473239704057
363.83381,0.169478,-34.119137,5704.97524,5703.604592554963
363.84381,0.169717,-34.118602,5704.634052,5709.401060230135
363.85381,0.169978,-34.118067,5704.292868,5704.085619832667
363.86381,0.170263,-34.117532,5703.95169,5703.765292022092
363.87381,0.170571,-34.116998,5703.610518,5703.861742695623
363.88381,0.170902,-34.116463,5703.26935,5707.203395630714
363.89381,0.171254,-34.115928,5702.928188,5706.25100043899
363.90381,0.171629,-34.115393,5702.587032,5704.65095092128
363.91381,0.172025,-34.114858,5702.24588,5704.900860223854
363.92381,0.172442,-34.114323,5701.904735,5701.968686587918
363.93381,0.172881,-34.113788,5701.563594,5700.804811140634
363.94381,0.173339,-34.113254,5701.222459,5700.776305297548
363.95381,0.173819,-34.112719,5700.881329,5700.890757042959
363.96381,0.174319,-34.112184,5700.540204,5700.929981771457
363.97381,0.174839,-34.111649,5700.199085,5699.338259338449
363.98381,0.175378,-34.111114,5699.857971,5699.168641631086
363.99381,0.175936,-34.110579,5699.516863,5698.587482048706
364.00381,0.176512,-34.110044,5699.17576,5700.277592143218
364.01381,0.177107,-34.109508,5698.834662,5700.038613402741
364.02381,0.177719,-34.108973,5698.49357,5699.306265393859
364.03381,0.178348,-34.108438,5698.152483,5699.154687127476
364.04381,0.178995,-34.107902,5697.811401,5698.516735210177
364.05381,0.179658,-34.107367,5697.470325,5698.6816321862025
364.06381,0.180337,-34.106831,5697.129254,5698.123126874356
364.07381,0.181033,-34.106295,5696.788188,5695.671881715204
364.08381,0.181744,-34.105759,5696.447128,5696.970758019759
364.09381,0.182471,-34.105223,5696.106073,5698.228041265127
364.10381,0.183212,-34.104687,5695.765023,5695.062922753572
364.11381,0.183969,-34.104151,5695.423979,5696.189605815183
364.12381,0.184739,-34.103615,5695.08294,5695.787644985456
364.13381,0.185524,-34.103079,5694.741907,5695.8664897985445
364.14381,0.186322,-34.102542,5694.400879,5692.932311346509
364.15381,0.187133,-34.102005,5694.059856,5695.126575006337
364.16381,0.187958,-34.101469,5693.718838,5694.659368890331
364.17381,0.188795,-34.100932,5693.377826,5693.991503579014
364.18381,0.189645,-34.100395,5693.03682,5692.932375712771
364.19381,0.190507,-34.099858,5692.695819,5692.652910122355
364.20381,0.19138,-34.099321,5692.354823,5691.975407533527
364.21381,0.192265,-34.098783,5692.013832,5694.853644234193
364.22381,0.193161,-34.098246,5691.672847,5692.582029817746
364.23381,0.194069,-34.097708,5691.331867,5693.767755982173
364.24381,0.194986,-34.09717,5690.990893,5690.8644569831495
364.25381,0.195914,-34.096633,5690.649924,5689.226604564738
364.26381,0.196852,-34.096095,5690.30896,5689.412132870737
364.27381,0.1978,-34.095556,5689.968002,5690.461254813217
364.28381,0.198758,-34.095018,5689.627049,5690.0673469984995
364.29381,0.199724,-34.09448,5689.286102,5690.85165315285
364.30381,0.2007,-34.093941,5688.94516,5689.183009147436
364.31381,0.201685,-34.093402,5688.604223,5688.588197105466
364.32381,0.202677,-34.092863,5688.263291,5684.94594819905
364.33381,0.203679,-34.092324,5687.922366,5687.762703232116
364.34381,0.204688,-34.091785,5687.581445,5691.318539111014
364.35381,0.205705,-34.091246,5687.24053,5685.939489346588
364.36381,0.206729,-34.090706,5686.89962,5686.994984472513
364.37381,0.207761,-34.090166,5686.558716,5689.6292616052215
364.38381,0.2088,-34.089626,5686.217817,5685.520691501509
364.39381,0.209846,-34.089086,5685.876923,5684.223736919552
364.40381,0.210898,-34.088546,5685.536035,5686.107171396328
364.41381,0.211957,-34.088006,5685.195152,5681.961888800517
364.42381,0.213022,-34.087465,5684.854275,5687.70057287669
364.43381,0.214093,-34.086924,5684.513403,5683.539646962925
364.44381,0.21517,-34.086383,5684.172536,5683.445819920593
364.45381,0.216253,-34.085842,5683.831675,5683.952354985308
364.46381,0.217341,-34.085301,5683.49082,5687.089801300701
364.47381,0.218434,-34.08476,5683.149969,5684.171987653505
364.48381,0.219533,-34.084218,5682.809124,5683.447744125185
364.49381,0.220636,-34.083676,5682.468285,5683.42510442794
364.50381,0.221744,-34.083134,5682.127451,5683.117257614681
364.51381,0.222857,-34.082592,5681.786622,5682.961297878715
364.52381,0.223974,-34.08205,5681.445799,5680.6940492839085
364.53381,0.225096,-34.081507,5681.104981,5682.292699338528
364.54381,0.226221,-34.080964,5680.764169,5681.776712123592
364.55381,0.227351,-34.080422,5680.423362,5681.035549533317
364.56381,0.228484,-34.079878,5680.08256,5679.995052084993
364.57381,0.229621,-34.079335,5679.741764,5678.106923452863
364.58381,0.230761,-34.078792,5679.400974,5682.26903569378
364.59381,0.231905,-34.078248,5679.060189,5678.383582997496
364.60381,0.233052,-34.077704,5678.719409,5679.687913670907
364.61381,0.234202,-34.07716,5678.378634,5680.219073809933
364.62381,0.235355,-34.076616,5678.037866,5678.812296191168
364.63381,0.236511,-34.076071,5677.697102,5680.836340515333
364.64381,0.237669,-34.075527,5677.356344,5676.60128730894
364.65381,0.23883,-34.074982,5677.015592,5676.313978098995
364.66381,0.239994,-34.074437,5676.674845,5676.782970880402
364.67381,0.24116,-34.073891,5676.334103,5678.099908986089
364.68381,0.242328,-34.073346,5675.993367,5677.557232508412
364.69381,0.243498,-34.0728,5675.652636,5676.058208949294
364.70381,0.24467,-34.072254,5675.311911,5677.310637535304
364.71381,0.245844,-34.071708,5674.971191,5673.137083294332
364.72381,0.24702,-34.071162,5674.630477,5675.538709273115
364.73381,0.248198,-34.070616,5674.289768,5674.515891027378
364.74381,0.249377,-34.070069,5673.949064,5676.703070834534
364.75381,0.250558,-34.069522,5673.608366,5676.027079916274
364.76381,0.25174,-34.068975,5673.267674,5675.122721913401
364.77381,0.252923,-34.068427,5672.926987,5673.4207218467445
364.78381,0.254108,-34.06788,5672.586305,5672.888588295676
364.79381,0.255294,-34.067332,5672.245629,5673.624312690938
364.80381,0.25648,-34.066784,5671.904959,5672.391405628582
364.81381,0.257668,-34.066236,5671.564293,5670.1356762059395
364.82381,0.258857,-34.065688,5671.223634,5672.763083995626
364.83381,0.260046,-34.065139,5670.88298,5672.9241445174
364.84381,0.261236,-34.06459,5670.542331,5670.441162507213
364.85381,0.262427,-34.064041,5670.201688,5670.000670673902
364.86381,0.263618,-34.063492,5669.86105,5670.543184189852
364.87381,0.26481,-34.062943,5669.520418,5666.3163697422615
364.88381,0.266002,-34.062393,5669.179791,5667.462647004389
364.89381,0.267195,-34.061843,5668.83917,5667.145396774378
364.90381,0.268388,-34.061293,5668.498555,5668.874800665996
364.91381,0.269581,-34.060743,5668.157944,5668.18509059711
364.92381,0.270774,-34.060192,5667.81734,5667.625817251295
364.93381,0.271968,-34.059642,5667.476741,5666.95508498998
364.94381,0.273161,-34.059091,5667.136147,5666.37681040307
364.95381,0.274354,-34.05854,5666.795559,5666.464525534347
364.96381,0.275548,-34.057988,5666.454976,5664.552248776341
364.97381,0.276741,-34.057437,5666.114399,5667.485114958221
364.98381,0.277934,-34.056885,5665.773827,5667.0115894401115
364.99381,0.279126,-34.056333,5665.433261,5665.801146322137
365.00381,0.280319,-34.055781,5665.092701,5661.611853748899
365.01381,0.281511,-34.055228,5664.752146,5663.497375295646
365.02381,0.282702,-34.054676,5664.411596,5663.962984321539
365.03381,0.283894,-34.054123,5664.071052,5666.29976195484
365.04381,0.285084,-34.05357,5663.730514,5664.304221867324
365.05381,0.286274,-34.053016,5663.389981,5663.494234675061
365.06381,0.287464,-34.052463,5663.049453,5660.502278469974
365.07381,0.288653,-34.051909,5662.708931,5661.2734639000955
365.08381,0.289841,-34.051355,5662.368415,5662.50454890372
365.09381,0.291028,-34.050801,5662.027904,5659.059830983736
365.10381,0.292215,-34.050247,5661.687399,5664.037744011477
365.11381,0.293401,-34.049692,5661.346899,5659.315405654542
365.12381,0.294586,-34.049137,5661.006405,5662.448121267966
365.13381,0.29577,-34.048582,5660.665917,5661.275874580434
365.14381,0.296953,-34.048027,5660.325434,5661.881402826617
365.15381,0.298135,-34.047471,5659.984956,5660.291547464977
365.16381,0.299316,-34.046916,5659.644484,5659.131173300517
365.17381,0.300496,-34.04636,5659.304018,5658.794154291537
365.18381,0.301675,-34.045804,5658.963557,5658.337036217127
365.19381,0.302853,-34.045247,5658.623102,5657.426257402698
365.20381,0.30403,-34.044691,5658.282652,5658.486704643601
365.21381,0.305206,-34.044134,5657.942208,5659.613419417231
365.22381,0.30638,-34.043577,5657.601769,5659.035755389424
365.23381,0.307554,-34.04302,5657.261336,5658.718613356388
365.24381,0.308726,-34.042462,5656.920909,5655.87545037052
365.25381,0.309896,-34.041905,5656.580487,5656.191154750278
365.26381,0.311066,-34.041347,5656.240071,5656.65594950984
365.27381,0.312234,-34.040789,5655.89966,5655.673591441726
365.28381,0.3134,-34.040231,5655.559255,5654.28679199227
365.29381,0.314566,-34.039672,5655.218856,5655.160200764888
365.30381,0.315729,-34.039114,5654.878462,5655.27993017103
365.31381,0.316892,-34.038555,5654.538073,5654.354420932367
365.32381,0.318053,-34.037996,5654.197691,5654.052004196431
365.33381,0.319212,-34.037436,5653.857313,5654.253312819807
365.34381,0.32037,-34.036877,5653.516942,5651.25284496155
365.35381,0.321527,-34.036317,5653.176576,5653.027839242143
365.36381,0.322681,-34.035757,5652.836216,5654.61008917807
365.37381,0.323835,-34.035197,5652.495861,5652.8247048957055
365.38381,0.324986,-34.034637,5652.155512,5651.8292070233565
365.39381,0.326136,-34.034076,5651.815168,5651.431677686239
365.40381,0.327285,-34.033515,5651.47483,5650.966107458978
365.41381,0.328431,-34.032954,5651.134498,5653.708347264429
365.42381,0.329576,-34.032393,5650.794171,5646.228036716881
365.43381,0.33072,-34.031832,5650.45385,5650.736041295081
365.44381,0.331861,-34.03127,5650.113534,5652.563134480142
365.45381,0.333001,-34.030708,5649.773224,5649.010514578255
365.46381,0.334139,-34.030146,5649.43292,5648.065870053038
365.47381,0.335276,-34.029584,5649.092622,5647.748582121843
365.48381,0.33641,-34.029022,5648.752329,5648.1204994689015
365.49381,0.337543,-34.028459,5648.412041,5651.214455546322
365.50381,0.338674,-34.027896,5648.071759,5649.178143122721
365.51381,0.339803,-34.027333,5647.731483,5649.867225605963
365.52381,0.340931,-34.02677,5647.391213,5647.071326026165
365.53381,0.342056,-34.026206,5647.050948,5647.6398723150405
365.54381,0.34318,-34.025643,5646.710689,5649.8343044361945
365.55381,0.344302,-34.025079,5646.370435,5646.366028601491
365.56381,0.345422,-34.024515,5646.030187,5648.4675835483185
365.57381,0.34654,-34.023951,5645.689945,5644.949198689039
365.58381,0.347656,-34.023386,5645.349708,5646.087628053532
365.59381,0.34877,-34.022821,5645.009477,5646.011064557606
365.60381,0.349882,-34.022257,5644.669252,5642.86336333586
365.61381,0.350992,-34.021692,5644.329032,5648.197319110753
365.62381,0.3521,-34.021126,5643.988818,5643.185617516783
365.63381,0.353207,-34.020561,5643.648609,5645.404071596775
365.64381,0.354311,-34.019995,5643.308406,5642.7209595174745
365.65381,0.355413,-34.019429,5642.968209,5641.7856530967465
365.66381,0.356514,-34.018863,5642.628018,5643.993953708379
365.67381,0.357612,-34.018297,5642.287832,5645.488438442728
365.68381,0.358708,-34.017731,5641.947652,5643.689314980926
365.69381,0.359802,-34.017164,5641.607477,5639.484201368643
365.70381,0.360895,-34.016597,5641.267309,5639.507085589153
365.71381,0.361985,-34.01603,5640.927146,5641.332819925234
365.72381,0.363073,-34.015463,5640.586988,5638.863028392872
365.73381,0.364159,-34.014896,5640.246836,5639.4658814009645
365.74381,0.365243,-34.014328,5639.90669,5636.792880243663
365.75381,0.366325,-34.013761,5639.56655,5643.474111380746
365.76381,0.367405,-34.013193,5639.226415,5641.513262649612
365.77381,0.368483,-34.012625,5638.886286,5640.917912682226
365.78381,0.369558,-34.012056,5638.546162,5641.010499381076
365.79381,0.370632,-34.011488,5638.206045,5638.16699176586
365.80381,0.371703,-34.010919,5637.865933,5637.42177803646
365.81381,0.372773,-34.01035,5637.525826,5637.250894894755
365.82381,0.37384,-34.009781,5637.185726,5637.716411396251
365.83381,0.374905,-34.009212,5636.845631,5633.748106312627
365.84381,0.375968,-34.008643,5636.505541,5635.950081891583
365.85381,0.377029,-34.008073,5636.165458,5637.646867559066
365.86381,0.378088,-34.007503,5635.82538,5636.687365664438
365.87381,0.379144,-34.006933,5635.485308,5636.129108001277
365.88381,0.380199,-34.006363,5635.145241,5636.197305294069
365.89381,0.381251,-34.005793,5634.805181,5635.469119545269
365.90381,0.382301,-34.005223,5634.465125,5635.030216015726
365.91381,0.383349,-34.004652,5634.125076,5636.070048716821
365.92381,0.384395,-34.004081,5633.785032,5632.5790295661445
365.93381,0.385439,-34.00351,5633.444994,5632.543511323117
365.94381,0.38648,-34.002939,5633.104962,5633.8610947307625
365.95381,0.387519,-34.002368,5632.764936,5633.75740901687
365.96381,0.388557,-34.001796,5632.424915,5632.95861067048
365.97381,0.389592,-34.001225,5632.0849,5632.279718204045
365.98381,0.390624,-34.000653,5631.74489,5630.189679208726
365.99381,0.391655,-34.000081,5631.404887,5631.4461099058935
366.00381,0.392683,-33.999509,5631.064889,5630.050830766392
366.01381,0.39371,-33.998936,5630.724897,5630.623292240748
366.02381,0.394734,-33.998364,5630.38491,5629.0781504496435
366.03381,0.395756,-33.997791,5630.044929,5633.314139884382
366.04381,0.396775,-33.997218,5629.704954,5630.761934242805
366.05381,0.397793,-33.996645,5629.364985,5628.805590126761
366.06381,0.398808,-33.996072,5629.025021,5631.231640071685
366.07381,0.399821,-33.995499,5628.685063,5626.849842491284
366.08381,0.400832,-33.994925,5628.345111,5629.431631041857
366.09381,0.401841,-33.994352,5628.005165,5626.865539465093
366.10381,0.402847,-33.993778,5627.665224,5628.931554965172
366.11381,0.403851,-33.993204,5627.325289,5629.8228980540325
366.12381,0.404853,-33.99263,5626.98536,5628.729865718896
366.13381,0.405853,-33.992055,5626.645437,5625.4873582798255
366.14381,0.406851,-33.991481,5626.305519,5625.627270124237
366.15381,0.407846,-33.990906,5625.965607,5628.503461321153
366.16381,0.408839,-33.990332,5625.625701,5624.009595637334
366.17381,0.40983,-33.989757,5625.285801,5625.735413353162
366.18381,0.410819,-33.989182,5624.945906,5623.0234131122925
366.19381,0.411806,-33.988607,5624.606017,5625.385501460601
366.20381,0.41279,-33.988031,5624.266134,5625.504681852657
366.21381,0.413772,-33.987456,5623.926256,5622.444640251154
366.22381,0.414752,-33.98688,5623.586385,5625.46856133654
366.23381,0.41573,-33.986304,5623.246519,5623.031512999714
366.24381,0.416706,-33.985728,5622.906659,5623.434847595012
366.25381,0.417679,-33.985152,5622.566804,5620.472203311499
366.26381,0.41865,-33.984576,5622.226955,5623.842457026734
366.27381,0.419619,-33.984,5621.887113,5621.055564193883
366.28381,0.420586,-33.983423,5621.547276,5623.371275664876
366.29381,0.42155,-33.982847,5621.207444,5620.495129511829
366.30381,0.422513,-33.98227,5620.867619,5623.192505046924
366.31381,0.423473,-33.981693,5620.527799,5618.846174990738
366.32381,0.424431,-33.981116,5620.187985,5619.552313891761
366.33381,0.425386,-33.980539,5619.848176,5621.17140483306
366.34381,0.42634,-33.979961,5619.508374,5619.636325311274
366.35381,0.427291,-33.979384,5619.168577,5620.944596311048
366.36381,0.42824,-33.978806,5618.828786,5618.203133186845
366.37381,0.429187,-33.978228,5618.489001,5617.396619048997
366.38381,0.430132,-33.977651,5618.149222,5618.64634067063
366.39381,0.431074,-33.977072,5617.809448,5618.614337660143
366.40381,0.432014,-33.976494,5617.46968,5617.2990363194895
366.41381,0.432953,-33.975916,5617.129918,5616.291198910692
366.42381,0.433888,-33.975338,5616.790162,5617.504798141949
366.43381,0.434822,-33.974759,5616.450411,5615.74656749224
366.44381,0.435754,-33.97418,5616.110667,5617.302944721394
366.45381,0.436683,-33.973602,5615.770928,5617.232076470053
366.46381,0.43761,-33.973023,5615.431195,5618.073329472857
366.47381,0.438535,-33.972444,5615.091467,5617.505849110127
366.48381,0.439458,-33.971865,5614.751746,5615.659465452568
366.49381,0.440378,-33.971285,5614.41203,5614.353743375754
366.50381,0.441297,-33.970706,5614.07232,5615.092579745205
366.51381,0.442213,-33.970126,5613.732616,5613.970681911898
366.52381,0.443127,-33.969547,5613.392918,5614.819070989128
366.53381,0.444039,-33.968967,5613.053225,5613.105156330138
366.54381,0.444949,-33.968387,5612.713538,5612.062169725876
366.55381,0.445856,-33.967807,5612.373857,5614.478892039959
366.56381,0.446762,-33.967227,5612.034182,5608.743954314241
366.57381,0.447665,-33.966647,5611.694513,5613.666875510358
366.58381,0.448566,-33.966066,5611.354849,5613.734084252902
366.59381,0.449465,-33.965486,5611.015191,5610.715900876045
366.60381,0.450361,-33.964905,5610.675539,5611.98469536221
366.61381,0.451256,-33.964325,5610.335893,5612.983496086675
366.62381,0.452148,-33.963744,5609.996253,5610.815983304503
366.63381,0.453039,-33.963163,5609.656618,5610.918972281872
366.64381,0.453927,-33.962582,5609.31699,5612.48158623358
366.65381,0.454813,-33.962001,5608.977367,5608.845521602228
366.66381,0.455697,-33.96142,5608.63775,5609.100394520491
366.67381,0.456578,-33.960838,5608.298138,5608.594459637643
366.68381,0.457458,-33.960257,5607.958533,5607.597605241707
366.69381,0.458335,-33.959675,5607.618933,5606.573759190756
366.70381,0.459211,-33.959094,5607.279339,5608.827294980043
366.71381,0.460084,-33.958512,5606.939751,5608.749530981335
366.72381,0.460955,-33.95793,5606.600169,5607.633993661765
366.73381,0.461824,-33.957348,5606.260593,5606.443460330436
366.74381,0.46269,-33.956766,5605.921022,5609.330540820208
366.75381,0.463555,-33.956184,5605.581457,5605.996375627888
366.76381,0.464418,-33.955602,5605.241899,5605.786543747077
366.77381,0.465278,-33.955019,5604.902345,5607.477079208814
366.78381,0.466136,-33.954437,5604.562798,5605.189920734945
366.79381,0.466993,-33.953854,5604.223257,5605.394048984388
366.80381,0.467847,-33.953272,5603.883721,5604.182981624724
366.81381,0.468699,-33.952689,5603.544191,5602.228963870522
366.82381,0.469549,-33.952106,5603.204667,5603.611366538649
366.83381,0.470396,-33.951523,5602.865149,5603.293651483348
366.84381,0.471242,-33.95094,5602.525637,5603.229692038712
366.85381,0.472086,-33.950357,5602.18613,5603.089230090242
366.86381,0.472927,-33.949774,5601.84663,5601.718022098838
366.87381,0.473767,-33.949191,5601.507135,5602.347023989857
366.88381,0.474604,-33.948608,5601.167646,5601.062425411908
366.89381,0.475439,-33.948024,5600.828163,5600.163043014959
366.90381,0.476273,-33.947441,5600.488685,5600.268621419371
366.91381,0.477104,-33.946857,5600.149214,5600.411111703543
366.92381,0.477933,-33.946273,5599.809748,5600.369591165778
366.93381,0.47876,-33.94569,5599.470288,5597.6522457336805
366.94381,0.479585,-33.945106,5599.130834,5600.956775866563
366.95381,0.480408,-33.944522,5598.791386,5599.410542123265
366.96381,0.481229,-33.943938,5598.451944,5599.469710564489
366.97381,0.482048,-33.943354,5598.112508,5599.203036653277
366.98381,0.482864,-33.94277,5597.773077,5600.01631837423
366.99381,0.483679,-33.942186,5597.433652,5599.90178971406
367.00381,0.484492,-33.941601,5597.094233,5595.92917340398
367.01381,0.485302,-33.941017,5596.75482,5599.57343644635
367.02381,0.486111,-33.940432,5596.415413,5596.898607412069
367.03381,0.486918,-33.939848,5596.076012,5596.7056019393185
367.04381,0.487722,-33.939263,5595.736616,5597.583626284812
367.05381,0.488525,-33.938679,5595.397226,5594.761215410423
367.06381,0.489325,-33.938094,5595.057842,5595.899854951438
367.07381,0.490124,-33.937509,5594.718464,5596.72852841045
367.08381,0.49092,-33.936924,5594.379092,5594.9772844743675
367.09381,0.491715,-33.936339,5594.039726,5595.068066243887
367.10381,0.492507,-33.935754,5593.700365,5593.74993589286
367.11381,0.493298,-33.935169,5593.361011,5594.777918579061
367.12381,0.494086,-33.934584,5593.021662,5593.647022242659
367.13381,0.494873,-33.933999,5592.682319,5594.964775062643
367.14381,0.495657,-33.933414,5592.342982,5593.740136712425
367.15381,0.49644,-33.932829,5592.003651,5592.042879086103
367.16381,0.49722,-33.932243,5591.664325,5593.178734371695
367.17381,0.497999,-33.931658,5591.325006,5589.795446537488
367.18381,0.498775,-33.931072,5590.985692,5590.314061671575
367.19381,0.49955,-33.930487,5590.646385,5595.444150922125
367.20381,0.500323,-33.929901,5590.307083,5590.171358686432
367.21381,0.501093,-33.929316,5589.967786,5586.32354619762
367.22381,0.501862,-33.92873,5589.628496,5591.0835928060815
367.23381,0.502629,-33.928144,5589.289212,5588.930905783243
367.24381,0.503394,-33.927558,5588.949933,5589.337847127466
367.25381,0.504156,-33.926972,5588.610661,5587.738982916688
367.26381,0.504917,-33.926387,5588.271394,5588.093518438364
367.27381,0.505676,-33.925801,5587.932133,5587.1924618736875
367.28381,0.506433,-33.925215,5587.592878,5585.613997908067
367.29381,0.507188,-33.924629,5587.253629,5587.568847168121
367.30381,0.507942,-33.924042,5586.914385,5585.254613526093
367.31381,0.508693,-33.923456,5586.575148,5585.957984379629
367.32381,0.509442,-33.92287,5586.235916,5584.646397420265
367.33381,0.51019,-33.922284,5585.89669,5585.85702118128
367.34381,0.510935,-33.921698,5585.557471,5589.412834811488
367.35381,0.511679,-33.921111,5585.218256,5587.116189568569
367.36381,0.51242,-33.920525,5584.879048,5586.124508975906
367.37381,0.51316,-33.919939,5584.539846,5585.570358307967
367.38381,0.513898,-33.919352,5584.20065,5583.658620790615
367.39381,0.514634,-33.918766,5583.861459,5585.30276361142
367.40381,0.515368,-33.918179,5583.522274,5585.092894231281
367.41381,0.5161,-33.917592,5583.183095,5584.979512809589
367.42381,0.51683,-33.917006,5582.843922,5585.02134732725
367.43381,0.517559,-33.916419,5582.504755,5581.486459526161
367.44381,0.518285,-33.915833,5582.165594,5583.307860157624
367.45381,0.51901,-33.915246,5581.826439,5581.4840281031975
367.46381,0.519733,-33.914659,5581.487289,5580.272732197154
367.47381,0.520454,-33.914072,5581.148145,5579.589068336367
367.48381,0.521173,-33.913486,5580.809008,5584.446490168359
367.49381,0.52189,-33.912899,5580.469876,5583.263483498741
367.50381,0.522605,-33.912312,5580.13075,5580.254882583246
367.51381,0.523319,-33.911725,5579.791629,5579.776088756599
367.52381,0.524031,-33.911138,5579.452515,5582.634270906531
367.53381,0.52474,-33.910551,5579.113407,5581.872582143824
367.54381,0.525448,-33.909964,5578.774304,5582.3113417920795
367.55381,0.526154,-33.909377,5578.435207,5577.757440891578
367.56381,0.526859,-33.90879,5578.096117,5579.002548424534
367.57381,0.527561,-33.908203,5577.757032,5577.856801315288
367.58381,0.528262,-33.907616,5577.417953,5578.592567545851
367.59381,0.528961,-33.907029,5577.078879,5576.476614758622
367.60381,0.529658,-33.906442,5576.739812,5576.976337830984
367.61381,0.530353,-33.905854,5576.40075,5576.453707906628
367.62381,0.531046,-33.905267,5576.061695,5575.989794294295
367.63381,0.531738,-33.90468,5575.722645,5576.0828170629
367.64381,0.532428,-33.904093,5575.383601,5576.190093638889
367.65381,0.533116,-33.903506,5575.044563,5576.841630744842
367.66381,0.533802,-33.902918,5574.705531,5575.2958503784175
367.67381,0.534486,-33.902331,5574.366505,5576.9901224147725
367.68381,0.535169,-33.901744,5574.027485,5573.192340482202
367.69381,0.53585,-33.901157,5573.68847,5574.6375829200415
367.70381,0.536529,-33.900569,5573.349461,5572.922260345796
367.71381,0.537206,-33.899982,5573.010459,5574.8174744813705
367.72381,0.537882,-33.899395,5572.671462,5571.18779442159
367.73381,0.538555,-33.898807,5572.332471,5573.979591169427
367.74381,0.539227,-33.89822,5571.993486,5570.771107457309
367.75381,0.539898,-33.897632,5571.654506,5574.4634851776855
367.76381,0.540566,-33.897045,5571.315533,5572.124450786242
367.77381,0.541233,-33.896458,5570.976565,5573.534919613818
367.78381,0.541898,-33.89587,5570.637604,5568.600011183488
367.79381,0.542561,-33.895283,5570.298648,5570.803015265051
367.80381,0.543223,-33.894695,5569.959698,5569.174063575693
367.81381,0.543882,-33.894108,5569.620754,5571.821108066005
367.82381,0.54454,-33.893521,5569.281816,5568.35851582641
367.83381,0.545197,-33.892933,5568.942884,5569.32855896323
367.84381,0.545851,-33.892346,5568.603957,5570.319666635148
367.85381,0.546504,-33.891758,5568.265037,5567.919271537416
367.86381,0.547155,-33.891171,5567.926122,5568.803560267499
367.87381,0.547805,-33.890583,5567.587213,5567.7836661210395
367.88381,0.548452,-33.889996,5567.248311,5570.357877809226
367.89381,0.549099,-33.889409,5566.909413,5567.00650967095
367.90381,0.549743,-33.888821,5566.570522,5564.9498803724
367.91381,0.550385,-33.888234,5566.231637,5569.6124076862425
367.92381,0.551026,-33.887646,5565.892758,5566.229603201394
367.93381,0.551666,-33.887059,5565.553884,5567.238644708759
367.94381,0.552303,-33.886471,5565.215016,5567.416495231789
367.95381,0.552939,-33.885884,5564.876155,5563.303824387553
367.96381,0.553573,-33.885297,5564.537299,5565.193287954517
367.97381,0.554206,-33.884709,5564.198449,5563.907796222554
367.98381,0.554837,-33.884122,5563.859605,5564.235003024584
367.99381,0.555466,-33.883534,5563.520766,5564.035219153242
368.00381,0.556093,-33.882947,5563.181934,5561.818185977854
368.01381,0.556719,-33.88236,5562.843107,5564.806935076015
368.02381,0.557344,-33.881772,5562.504287,5562.812517188476
368.03381,0.557966,-33.881185,5562.165472,5562.351635694609
368.04381,0.558587,-33.880597,5561.826663,5560.947022399299
368.05381,0.559206,-33.88001,5561.48786,5560.792607744948
368.06381,0.559824,-33.879423,5561.149063,5561.457590319055
368.07381,0.56044,-33.878835,5560.810272,5561.150114415131
368.08381,0.561054,-33.878248,5560.471486,5561.624489875086
368.09381,0.561667,-33.877661,5560.132707,5562.045999106477
368.10381,0.562278,-33.877074,5559.793933,5560.150150239336
368.11381,0.562888,-33.876486,5559.455165,5559.975931127493
368.12381,0.563496,-33.875899,5559.116403,5562.83063676526
368.13381,0.564102,-33.875312,5558.777647,5559.750503904476
368.14381,0.564707,-33.874725,5558.438897,5557.573720557081
368.15381,0.56531,-33.874137,5558.100153,5559.418305548546
368.16381,0.565911,-33.87355,5557.761414,5557.587612124536
368.17381,0.566511,-33.872963,5557.422682,5557.061833521872
368.18381,0.567109,-33.872376,5557.083955,5557.509671032655
368.19381,0.567706,-33.871789,5556.745234,5558.399082552736
368.20381,0.568301,-33.871202,5556.406519,5558.6640748755235
368.21381,0.568894,-33.870615,5556.06781,5557.892155972514
368.22381,0.569486,-33.870028,5555.729107,5557.1090405844925
368.23381,0.570077,-33.869441,5555.39041,5558.123410181763
368.24381,0.570665,-33.868854,5555.051718,5558.362216938886
368.25381,0.571253,-33.868267,5554.713032,5553.302574100737
368.26381,0.571838,-33.86768,5554.374353,5554.499584196212
368.27381,0.572422,-33.867093,5554.035679,5556.035750415402
368.28381,0.573005,-33.866506,5553.697011,5554.433578833
368.29381,0.573586,-33.865919,5553.358349,5555.854432250124
368.30381,0.574165,-33.865332,5553.019692,5552.883459803023
368.31381,0.574743,-33.864745,5552.681042,5552.029217021655
368.32381,0.575319,-33.864159,5552.342398,5555.30625343926
368.33381,0.575894,-33.863572,5552.003759,5553.565128120483
368.34381,0.576468,-33.862985,5551.665126,5551.626091173122
368.35381,0.577039,-33.862398,5551.326499,5551.112687865111
368.36381,0.577609,-33.861812,5550.987878,5553.498386244863
368.37381,0.578178,-33.861225,5550.649263,5550.001180830618
368.38381,0.578745,-33.860638,5550.310654,5550.458199210017
368.39381,0.579311,-33.860052,5549.97205,5551.4761894151
368.40381,0.579875,-33.859465,5549.633453,5550.203619373724
368.41381,0.580438,-33.858879,5549.294861,5550.149784395628
368.42381,0.580999,-33.858292,5548.956275,5547.796327842635
368.43381,0.581558,-33.857706,5548.617695,5549.538283966179
368.44381,0.582116,-33.85712,5548.279121,5548.364774282137
368.45381,0.582673,-33.856533,5547.940553,5546.4740867824075
368.46381,0.583228,-33.855947,5547.60199,5550.207307435963
368.47381,0.583782,-33.855361,5547.263434,5549.16754339281
368.48381,0.584334,-33.854774,5546.924883,5546.304437761251
368.49381,0.584885,-33.854188,5546.586338,5548.522864530963
368.50381,0.585434,-33.853602,5546.247799,5548.224914896661
368.51381,0.585982,-33.853016,5545.909266,5547.647667109678
368.52381,0.586528,-33.85243,5545.570739,5547.09388696206
368.53381,0.587073,-33.851844,5545.232218,5545.634778418816
368.54381,0.587616,-33.851258,5544.893702,5546.743201179509
368.55381,0.588158,-33.850672,5544.555192,5542.901122855278
368.56381,0.588698,-33.850086,5544.216689,5543.77903456261
368.57381,0.589237,-33.8495,5543.878191,5542.114229117246
368.58381,0.589775,-33.848914,5543.539699,5543.204106742363
368.59381,0.590311,-33.848328,5543.201212,5543.4660957950155
368.60381,0.590845,-33.847743,5542.862732,5541.082871243313
368.61381,0.591378,-33.847157,5542.524258,5543.30410517797
368.62381,0.59191,-33.846571,5542.185789,5543.16595626165
368.63381,0.59244,-33.845986,5541.847326,5540.648292538214
368.64381,0.592969,-33.8454,5541.508869,5543.650657265575
368.65381,0.593497,-33.844815,5541.170418,5542.9663954466905
368.66381,0.594023,-33.844229,5540.831973,5540.465158778988
368.67381,0.594547,-33.843644,5540.493534,5540.813420484155
368.68381,0.595071,-33.843058,5540.1551,5538.2762736611685
368.69381,0.595592,-33.842473,5539.816672,5541.54839406393
368.70381,0.596113,-33.841888,5539.478251,5541.3942731688
368.71381,0.596632,-33.841303,5539.139835,5538.926479971296
368.72381,0.597149,-33.840717,5538.801425,5540.295529198317
368.73381,0.597666,-33.840132,5538.46302,5540.365431535783
368.74381,0.59818,-33.839547,5538.124622,5539.824994613131
368.75381,0.598694,-33.838962,5537.786229,5538.671253716774
368.76381,0.599206,-33.838377,5537.447843,5538.138101602017
368.77381,0.599716,-33.837792,5537.109462,5535.746270037288
368.78381,0.600226,-33.837208,5536.771087,5535.074873494615
368.79381,0.600734,-33.836623,5536.432718,5539.383364871076
368.80381,0.60124,-33.836038,5536.094354,5536.943887913779
368.81381,0.601745,-33.835453,5535.755997,5535.184155896046
368.82381,0.602249,-33.834869,5535.417645,5535.721691520848
368.83381,0.602751,-33.834284,5535.0793,5535.977690484763
368.84381,0.603252,-33.8337,5534.74096,5536.338663048055
368.85381,0.603752,-33.833115,5534.402626,5534.460676785061
368.86381,0.60425,-33.832531,5534.064297,5536.540161199487
368.87381,0.604747,-33.831946,5533.725975,5532.923569767681
368.88381,0.605243,-33.831362,5533.387658,5534.0868091074935
368.89381,0.605737,-33.830778,5533.049348,5534.159847481671
368.90381,0.60623,-33.830194,5532.711043,5530.862991335774
368.91381,0.606722,-33.82961,5532.372744,5531.4491482106105
368.92381,0.607212,-33.829026,5532.034451,5534.51189918092
368.93381,0.607701,-33.828442,5531.696163,5530.319864903637
368.94381,0.608189,-33.827858,5531.357882,5529.781816908847
368.95381,0.608675,-33.827274,5531.019606,5530.966827050948
368.96381,0.60916,-33.82669,5530.681336,5530.360851187115
368.97381,0.609644,-33.826106,5530.343072,5530.5053679705115
368.98381,0.610126,-33.825523,5530.004814,5531.005460493699
368.99381,0.610607,-33.824939,5529.666562,5529.654264523055
369.00381,0.611087,-33.824356,5529.328315,5528.7599438307725
369.01381,0.611565,-33.823772,5528.990075,5529.734704783815
369.02381,0.612043,-33.823189,5528.65184,5530.118125902417
369.03381,0.612518,-33.822605,5528.313611,5529.737032066371
369.04381,0.612993,-33.822022,5527.975388,5528.000513535036
369.05381,0.613466,-33.821439,5527.637171,5529.2468489146895
369.06381,0.613938,-33.820856,5527.298959,5526.281495530208
369.07381,0.614409,-33.820273,5526.960753,5528.621834920004
369.08381,0.614878,-33.81969,5526.622554,5527.373510408714
369.09381,0.615347,-33.819107,5526.28436,5526.906361621795
369.10381,0.615813,-33.818524,5525.946172,5525.653527305709
369.11381,0.616279,-33.817941,5525.607989,5525.810266022474
369.12381,0.616743,-33.817359,5525.269813,5525.182322240701
369.13381,0.617206,-33.816776,5524.931642,5523.843045667416
369.14381,0.617668,-33.816193,5524.593477,5527.628370795123
369.15381,0.618129,-33.815611,5524.255318,5528.341550554063
369.16381,0.618588,-33.815028,5523.917165,5523.5430568665115
369.17381,0.619046,-33.814446,5523.579018,5525.376714729962
369.18381,0.619503,-33.813864,5523.240876,5524.383913703091
369.19381,0.619958,-33.813281,5522.90274,5523.411395453877
369.20381,0.620413,-33.812699,5522.56461,5524.057753359919
369.21381,0.620866,-33.812117,5522.226486,5525.491436960487
369.22381,0.621318,-33.811535,5521.888368,5524.000933200837
369.23381,0.621768,-33.810953,5521.550256,5519.040940366716
369.24381,0.622218,-33.810371,5521.212149,5521.115798691994
369.25381,0.622666,-33.80979,5520.874048,5521.366929050505
369.26381,0.623113,-33.809208,5520.535953,5521.987065484043
369.27381,0.623558,-33.808626,5520.197864,5520.494365383063
369.28381,0.624003,-33.808045,5519.859781,5518.5931963867115
369.29381,0.624446,-33.807463,5519.521703,5520.566675222918
369.30381,0.624888,-33.806882,5519.183631,5521.792942466721
369.31381,0.625329,-33.806301,5518.845566,5519.163014340507
369.32381,0.625769,-33.805719,5518.507505,5519.3099008471945
369.33381,0.626207,-33.805138,5518.169451,5518.58841354045
369.34381,0.626644,-33.804557,5517.831403,5521.530173893324
369.35381,0.62708,-33.803976,5517.49336,5516.468593754328
369.36381,0.627515,-33.803395,5517.155323,5519.291027758516
369.37381,0.627949,-33.802814,5516.817292,5519.762879958978
369.38381,0.628381,-33.802233,5516.479267,5519.315746143196
369.39381,0.628813,-33.801653,5516.141247,5516.901879243695
369.40381,0.629243,-33.801072,5515.803234,5520.770722784645
369.41381,0.629672,-33.800492,5515.465226,5516.880156163574
369.42381,0.630099,-33.799911,5515.127224,5516.059258100551
369.43381,0.630526,-33.799331,5514.789228,5516.943249385609
369.44381,0.630951,-33.79875,5514.451237,5516.32662387543
369.45381,0.631376,-33.79817,5514.113253,5515.459817575497
369.46381,0.631799,-33.79759,5513.775274,5513.909643980771
369.47381,0.632221,-33.79701,5513.437301,5514.478541963387
369.48381,0.632641,-33.79643,5513.099334,5512.662269545601
369.49381,0.633061,-33.79585,5512.761372,5514.844998467547
369.50381,0.633479,-33.79527,5512.423417,5513.176542179475
369.51381,0.633897,-33.794691,5512.085467,5512.29161129716
369.52381,0.634313,-33.794111,5511.747523,5513.005240115831
369.53381,0.634728,-33.793531,5511.409585,5513.749998653326
369.54381,0.635142,-33.792952,5511.071652,5509.92636462429
369.55381,0.635555,-33.792373,5510.733726,5513.971163388146
369.56381,0.635966,-33.791793,5510.395805,5510.205277467233
369.57381,0.636377,-33.791214,5510.05789,5509.60376295316
369.58381,0.636786,-33.790635,5509.719981,5513.314029033517
369.59381,0.637194,-33.790056,5509.382077,5511.9949499402765
369.60381,0.637601,-33.789477,5509.044179,5508.042948157609
369.61381,0.638007,-33.788898,5508.706288,5510.399739266036
369.62381,0.638412,-33.788319,5508.368401,5508.197826735729
369.63381,0.638816,-33.787741,5508.030521,5509.2977147860565
369.64381,0.639219,-33.787162,5507.692647,5506.706315360354
369.65381,0.63962,-33.786583,5507.354778,5508.886766360166
369.66381,0.640021,-33.786005,5507.016915,5506.893320203462
369.67381,0.64042,-33.785427,5506.679058,5508.08715750872
369.68381,0.640818,-33.784848,5506.341206,5510.067456516924
369.69381,0.641215,-33.78427,5506.003361,5503.955549942105
369.70381,0.641612,-33.783692,5505.665521,5504.795032632931
369.71381,0.642007,-33.783114,5505.327687,5507.266673070982
369.72381,0.6424,-33.782536,5504.989859,5507.791613510858
369.73381,0.642793,-33.781959,5504.652036,5506.567708300003
369.74381,0.643185,-33.781381,5504.31422,5504.3850600324795
369.75381,0.643576,-33.780803,5503.976409,5506.990882483075
369.76381,0.643965,-33.780226,5503.638604,5506.509376993291
369.77381,0.644354,-33.779648,5503.300804,5503.135044236082
369.78381,0.644741,-33.779071,5502.963011,5502.727496560255
369.79381,0.645127,-33.778494,5502.625223,5501.720274699522
369.80381,0.645513,-33.777916,5502.287441,5505.273441906538
369.81381,0.645897,-33.777339,5501.949664,5501.053401805233
369.82381,0.64628,-33.776762,5501.611894,5498.476611791331
369.83381,0.646662,-33.776185,5501.274129,5502.224866440174
369.84381,0.647043,-33.775609,5500.93637,5504.235200339347
369.85381,0.647423,-33.775032,5500.598617,5498.754950762615
369.86381,0.647802,-33.774455,5500.26087,5501.474460537525
369.87381,0.64818,-33.773879,5499.923128,5502.307892567528
369.88381,0.648557,-33.773302,5499.585392,5499.673043131889
369.89381,0.648933,-33.772726,5499.247662,5499.0994836518785
369.90381,0.649307,-33.77215,5498.909937,5499.725976601464
369.91381,0.649681,-33.771574,5498.572219,5498.043847893392
369.92381,0.650054,-33.770998,5498.234506,5498.811604468853
369.93381,0.650425,-33.770422,5497.896799,5499.855007264531
369.94381,0.650796,-33.769846,5497.559098,5497.5066802137735
369.95381,0.651166,-33.76927,5497.221402,5497.009706568847
369.96381,0.651534,-33.768694,5496.883712,5497.886084439884
369.97381,0.651902,-33.768119,5496.546028,5496.066319364171
369.98381,0.652268,-33.767543,5496.20835,5499.928685403444
369.99381,0.652634,-33.766968,5495.870677,5495.718266135097
370.00381,0.652998,-33.766393,5495.53301,5496.494194072138
370.01381,0.653362,-33.765818,5495.195349,5495.835935059365
370.02381,0.653724,-33.765242,5494.857694,5497.35441290959
370.03381,0.654086,-33.764668,5494.520045,5492.723230158505
370.04381,0.654446,-33.764093,5494.182401,5497.135614056899
370.05381,0.654806,-33.763518,5493.844763,5496.127744401245
370.06381,0.655164,-33.762943,5493.50713,5493.447097493976
370.07381,0.655522,-33.762369,5493.169504,5490.16420248374
370.08381,0.655879,-33.761794,5492.831883,5490.8019155032325
370.09381,0.656234,-33.76122,5492.494268,5491.873948707489
370.10381,0.656589,-33.760645,5492.156659,5494.199146879046
370.11381,0.656942,-33.760071,5491.819055,5493.322937879074
370.12381,0.657295,-33.759497,5491.481457,5493.902186931261
370.13381,0.657646,-33.758923,5491.143865,5492.710266533964
370.14381,0.657997,-33.758349,5490.806279,5490.266150959099
370.15381,0.658347,-33.757775,5490.468698,5490.42886024789
370.16381,0.658695,-33.757202,5490.131123,5491.223660363959
370.17381,0.659043,-33.756628,5489.793554,5488.648150721965
370.18381,0.65939,-33.756054,5489.455991,5490.46485348873
370.19381,0.659736,-33.755481,5489.118433,5489.342842215901
370.20381,0.660081,-33.754908,5488.780881,5489.507133271651
370.21381,0.660424,-33.754335,5488.443335,5488.16997601165
370.22381,0.660767,-33.753761,5488.105794,5490.577579950874
370.23381,0.661109,-33.753188,5487.76826,5490.202621912272
370.24381,0.66145,-33.752616,5487.430731,5485.614776939524
370.25381,0.66179,-33.752043,5487.093207,5487.97546141013
370.26381,0.662129,-33.75147,5486.75569,5487.580128564746
370.27381,0.662468,-33.750897,5486.418178,5487.296061114731
370.28381,0.662805,-33.750325,5486.080672,5487.384534393737
370.29381,0.663141,-33.749753,5485.743171,5487.68000711184
370.30381,0.663477,-33.74918,5485.405677,5487.583931341346
370.31381,0.663811,-33.748608,5485.068188,5484.669855245506
370.32381,0.664145,-33.748036,5484.730705,5484.781778817442
370.33381,0.664477,-33.747464,5484.393227,5485.589909943607
370.34381,0.664809,-33.746892,5484.055755,5482.875666199181
370.35381,0.665139,-33.74632,5483.718289,5483.110462010579
370.36381,0.665469,-33.745749,5483.380829,5482.423838298718
370.37381,0.665798,-33.745177,5483.043374,5482.426710899395
370.38381,0.666126,-33.744606,5482.705925,5484.642990355156
370.39381,0.666453,-33.744034,5482.368482,5484.1745657542115
370.40381,0.666779,-33.743463,5482.031045,5484.11678974907
370.41381,0.667105,-33.742892,5481.693613,5480.7336662140315
370.42381,0.667429,-33.742321,5481.356187,5482.8800578855025
370.43381,0.667752,-33.74175,5481.018766,5481.304230449179
370.44381,0.668075,-33.741179,5480.681352,5478.253991755699
370.45381,0.668396,-33.740608,5480.343943,5479.43642980626
370.46381,0.668717,-33.740038,5480.00654,5479.7222587621645
370.47381,0.669037,-33.739467,5479.669142,5477.919725998236
370.48381,0.669356,-33.738897,5479.33175,5477.979052153514
370.49381,0.669674,-33.738326,5478.994364,5479.614051411977
370.50381,0.669991,-33.737756,5478.656984,5477.972071900305
370.51381,0.670307,-33.737186,5478.319609,5478.981160361096
370.52381,0.670623,-33.736616,5477.98224,5478.122378026185
370.53381,0.670937,-33.736046,5477.644877,5477.4868183962835
370.54381,0.671251,-33.735476,5477.307519,5476.990654949853
370.55381,0.671564,-33.734907,5476.970167,5478.880852802158
370.56381,0.671876,-33.734337,5476.632821,5478.264165860343
370.57381,0.672187,-33.733768,5476.29548,5478.2805811783965
370.58381,0.672497,-33.733198,5475.958146,5475.576063386544
370.59381,0.672806,-33.732629,5475.620816,5478.051423675466
370.60381,0.673114,-33.73206,5475.283493,5473.443777568306
370.61381,0.673422,-33.731491,5474.946175,5473.686705918753
370.62381,0.673729,-33.730922,5474.608863,5477.126731936975
370.63381,0.674034,-33.730353,5474.271557,5474.899736704142
370.64381,0.674339,-33.729784,5473.934256,5471.222390745929
370.65381,0.674643,-33.729216,5473.596961,5475.641564811874
370.66381,0.674947,-33.728647,5473.259672,5473.493296653866
370.67381,0.675249,-33.728079,5472.922388,5472.15340842463
370.68381,0.675162,-33.727511,5472.58511,5472.9545734189605
370.69381,0.674235,-33.726943,5472.247838,5473.631063637517
370.70381,0.673312,-33.726377,5471.910571,5474.4711320738825
370.71381,0.672392,-33.725811,5471.57331,5470.926414736815
370.72381,0.671475,-33.725247,5471.236055,5470.306625615983
370.73381,0.670561,-33.724683,5470.898806,5469.08951535263
370.74381,0.66965,-33.72412,5470.561561,5473.562141247324
370.75381,0.668743,-33.723559,5470.224323,5472.549259948707
370.76381,0.667839,-33.722998,5469.88709,5472.9867587986255
370.77381,0.666938,-33.722438,5469.549863,5469.447190942007
370.78381,0.66604,-33.721879,5469.212642,5468.502684616809
370.79381,0.665145,-33.721321,5468.875426,5469.386991770358
370.80381,0.664254,-33.720764,5468.538215,5467.873054524439
370.81381,0.663366,-33.720208,5468.20101,5468.005765856127
370.82381,0.662481,-33.719652,5467.863811,5466.785593047598
370.83381,0.661599,-33.719098,5467.526617,5468.336017025685
370.84381,0.660721,-33.718544,5467.189429,5467.916701925514
370.85381,0.659845,-33.717991,5466.852246,5469.1182333345305
370.86381,0.658973,-33.717439,5466.515069,5468.361703829465
370.87381,0.658104,-33.716888,5466.177898,5466.069528797438
370.88381,0.657238,-33.716337,5465.840731,5467.281215432046
370.89381,0.656374,-33.715788,5465.503571,5466.111823833366
370.90381,0.655514,-33.715239,5465.166416,5467.204943353573
370.91381,0.654657,-33.714691,5464.829266,5465.471102949838
370.92381,0.653803,-33.714143,5464.492122,5464.429617152442
370.93381,0.652952,-33.713597,5464.154983,5464.751704470731
370.94381,0.652104,-33.713051,5463.81785,5464.174471363417
370.95381,0.651259,-33.712506,5463.480722,5464.048036125136
370.96381,0.650417,-33.711962,5463.1436,5465.093771917937
370.97381,0.649578,-33.711418,5462.806483,5467.174109463973
370.98381,0.648742,-33.710875,5462.469371,5463.260814318992
370.99381,0.647909,-33.710333,5462.132265,5463.699744170538
371.00381,0.647079,-33.709792,5461.795165,5460.050893308308
371.01381,0.646252,-33.709251,5461.45807,5463.1805858425105
371.02381,0.645428,-33.708711,5461.12098,5462.608512921485
371.03381,0.644606,-33.708172,5460.783895,5461.99631191937
371.04381,0.643788,-33.707634,5460.446816,5457.852536927837
371.05381,0.642972,-33.707096,5460.109743,5462.500804660564
371.06381,0.64216,-33.706559,5459.772674,5461.649842452121
371.07381,0.64135,-33.706022,5459.435611,5457.355601062403
371.08381,0.640543,-33.705486,5459.098554,5460.750504680797
371.09381,0.639739,-33.704951,5458.761502,5459.646191473245
371.10381,0.638938,-33.704417,5458.424455,5458.7992717155275
371.11381,0.638139,-33.703883,5458.087413,5460.349964143
371.12381,0.637344,-33.70335,5457.750377,5459.177423117171
371.13381,0.636551,-33.702817,5457.413346,5458.141913086622
371.14381,0.635761,-33.702285,5457.076321,5457.782273670509
371.15381,0.634974,-33.701754,5456.739301,5458.4820174369725
371.16381,0.63419,-33.701223,5456.402286,5456.552424616653
371.17381,0.633408,-33.700693,5456.065276,5456.751611625891
371.18381,0.63263,-33.700164,5455.728272,5454.577408246541
371.19381,0.631854,-33.699635,5455.391273,5454.557405167235
371.20381,0.63108,-33.699107,5455.054279,5457.5403324411245
371.21381,0.63031,-33.698579,5454.717291,5454.877043388479
371.22381,0.629542,-33.698052,5454.380308,5454.931788969287
371.23381,0.628777,-33.697526,5454.04333,5454.869052598448
371.24381,0.628015,-33.697,5453.706357,5455.315732637231
371.25381,0.627255,-33.696475,5453.36939,5453.382148625841
371.26381,0.626499,-33.69595,5453.032428,5453.5215583017225
371.27381,0.625745,-33.695426,5452.695471,5453.895051786667
371.28381,0.624993,-33.694902,5452.358519,5451.823603203718
371.29381,0.624244,-33.694379,5452.021573,5453.1237597532345
371.30381,0.623498,-33.693857,5451.684632,5453.357844429253
371.31381,0.622755,-33.693335,5451.347696,5452.978179175383
371.32381,0.622014,-33.692813,5451.010765,5451.026779813159
371.33381,0.621276,-33.692293,5450.673839,5451.466007499161
371.34381,0.62054,-33.691772,5450.336919,5452.119320740972
371.35381,0.619808,-33.691252,5450.000004,5454.232476155752
371.36381,0.619077,-33.690733,5449.663094,5450.9290194146215
371.37381,0.61835,-33.690214,5449.326189,5448.001630746889
371.38381,0.617625,-33.689696,5448.98929,5448.725201694858
371.39381,0.616902,-33.689178,5448.652395,5448.438057022345
371.40381,0.616182,-33.688661,5448.315506,5448.256883749606
371.41381,0.615465,-33.688144,5447.978622,5448.059933343279
371.42381,0.61475,-33.687628,5447.641743,5447.708607243291
371.43381,0.614038,-33.687112,5447.30487,5445.901323805086
371.44381,0.613328,-33.686597,5446.968001,5448.203509075613
371.45381,0.612621,-33.686082,5446.631138,5449.766778869144
371.46381,0.611917,-33.685568,5446.294279,5447.042087938941
371.47381,0.611215,-33.685054,5445.957426,5447.586331544085
371.48381,0.610515,-33.68454,5445.620578,5447.688090412233
371.49381,0.609818,-33.684027,5445.283735,5444.929823111292
371.50381,0.609124,-33.683515,5444.946898,5447.272332599805
371.51381,0.608432,-33.683003,5444.610065,5444.9618760708945
371.52381,0.607742,-33.682491,5444.273238,5444.904796440195
371.53381,0.607055,-33.68198,5443.936415,5443.850018690157
371.54381,0.606371,-33.681469,5443.599598,5444.078136574094
371.55381,0.605689,-33.680959,5443.262786,5443.179591676599
371.56381,0.605009,-33.680449,5442.925979,5442.189450465191
371.57381,0.604332,-33.679939,5442.589177,5443.783073668085
371.58381,0.603657,-33.67943,5442.25238,5444.460982441694
371.59381,0.602984,-33.678922,5441.915588,5444.110477259068
371.60381,0.602314,-33.678414,5441.578802,5442.484481765643
371.61381,0.601647,-33.677906,5441.24202,5444.080066833323
371.62381,0.600982,-33.677398,5440.905244,5442.386993910853
371.63381,0.600319,-33.676891,5440.568472,5440.385041444533
371.64381,0.599659,-33.676385,5440.231706,5444.18463411315
371.65381,0.599001,-33.675879,5439.894944,5441.161297077201
371.66381,0.598345,-33.675373,5439.558188,5441.298338787338
371.67381,0.597692,-33.674867,5439.221437,5439.531287650181
371.68381,0.597041,-33.674362,5438.884691,5439.940877076934
371.69381,0.596392,-33.673857,5438.54795,5436.19618839398
371.70381,0.595746,-33.673353,5438.211214,5442.265737663669
371.71381,0.595102,-33.672849,5437.874483,5438.4039882839925
371.72381,0.594461,-33.672346,5437.537757,5439.874308130746
371.73381,0.593821,-33.671842,5437.201036,5436.671391758933
371.74381,0.593184,-33.671339,5436.86432,5436.545925905162
371.75381,0.59255,-33.670837,5436.527609,5437.633510495625
371.76381,0.591917,-33.670335,5436.190903,5436.016339900525
371.77381,0.591287,-33.669833,5435.854202,5435.978776332177
371.78381,0.590659,-33.669331,5435.517506,5438.151686279137
371.79381,0.590034,-33.66883,5435.180816,5436.359862770179
371.80381,0.589411,-33.66833,5434.84413,5435.422419913047
371.81381,0.58879,-33.667829,5434.507449,5434.7625243719285
371.82381,0.588171,-33.667329,5434.170773,5434.67238835657
371.83381,0.587554,-33.666829,5433.834102,5435.858517422541
371.84381,0.58694,-33.66633,5433.497437,5434.65516776248
371.85381,0.586328,-33.66583,5433.160776,5432.171037277218
371.86381,0.585718,-33.665332,5432.82412,5431.848060590347
371.87381,0.58511,-33.664833,5432.487469,5434.824090574752
371.88381,0.584505,-33.664335,5432.150823,5434.107946385106
371.89381,0.583902,-33.663837,5431.814183,5429.759635415871
371.90381,0.5833,-33.663339,5431.477547,5431.506961897471
371.91381,0.582702,-33.662842,5431.140916,5433.766619331439
371.92381,0.582105,-33.662345,5430.80429,5431.037970414685
371.93381,0.58151,-33.661848,5430.467669,5430.670393354861
371.94381,0.580918,-33.661352,5430.131053,5432.540905069402
371.95381,0.580327,-33.660856,5429.794442,5430.575764082912
371.96381,0.579739,-33.66036,5429.457836,5428.91893825294
371.97381,0.579153,-33.659864,5429.121235,5430.591698703225
371.98381,0.578569,-33.659369,5428.784638,5428.84488641712
371.99381,0.577988,-33.658874,5428.448047,5427.519098184238
372.00381,0.577408,-33.658379,5428.111461,5431.872979792427
372.01381,0.57683,-33.657884,5427.77488,5428.124015794405
372.02381,0.576255,-33.65739,5427.438303,5430.522963467505
372.03381,0.575682,-33.656896,5427.101732,5430.205737581302
372.04381,0.57511,-33.656403,5426.765165,5429.452481268288
372.05381,0.574541,-33.655909,5426.428604,5429.139802281246
372.06381,0.573974,-33.655416,5426.092047,5426.97341244253
372.07381,0.573409,-33.654923,5425.755495,5426.445429300577
372.08381,0.572846,-33.65443,5425.418949,5427.615443562576
372.09381,0.572285,-33.653938,5425.082407,5424.517171253477
372.10381,0.571726,-33.653446,5424.74587,5423.312981340379
372.11381,0.571169,-33.652954,5424.409338,5424.883077411409
372.12381,0.570614,-33.652462,5424.072811,5426.489709498203
372.13381,0.570061,-33.65197,5423.736289,5427.147679314659
372.14381,0.56951,-33.651479,5423.399771,5422.881978745934
372.15381,0.568961,-33.650988,5423.063259,5422.270292311126
372.16381,0.568415,-33.650497,5422.726752,5421.080522804012
372.17381,0.56787,-33.650007,5422.390249,5422.178836636971
372.18381,0.567327,-33.649516,5422.053752,5422.61744905757
372.19381,0.566786,-33.649026,5421.717259,5425.103401688498
372.20381,0.566247,-33.648536,5421.380771,5421.8569280674965
372.21381,0.56571,-33.648047,5421.044288,5421.189792249465
372.22381,0.565175,-33.647557,5420.70781,5421.597642671189
372.23381,0.564642,-33.647068,5420.371337,5423.5845851427475
372.24381,0.564111,-33.646579,5420.034869,5420.474049379069
372.25381,0.563582,-33.64609,5419.698405,5421.020403900555
372.26381,0.563054,-33.645601,5419.361947,5419.850853293482
372.27381,0.562529,-33.645113,5419.025493,5422.27407854485
372.28381,0.562006,-33.644625,5418.689045,5418.176514506038
372.29381,0.561484,-33.644137,5418.352601,5417.452156271763
372.30381,0.560965,-33.643649,5418.016162,5420.253225351034
372.31381,0.560447,-33.643161,5417.679728,5417.05344194585
372.32381,0.559931,-33.642674,5417.343299,5419.032738658182
372.33381,0.559417,-33.642186,5417.006874,5417.9054833646505
372.34381,0.558905,-33.641699,5416.670455,5415.198072969631
372.35381,0.558395,-33.641212,5416.33404,5415.2547533683855
372.36381,0.557887,-33.640725,5415.997631,5414.8900738583925
372.37381,0.55738,-33.640239,5415.661226,5414.914170615922
372.38381,0.556876,-33.639753,5415.324826,5413.407433196945
372.39381,0.556373,-33.639266,5414.988431,5412.014125479071
372.40381,0.555872,-33.63878,5414.652041,5414.130007326916
372.41381,0.555373,-33.638294,5414.315655,5415.163004865155
372.42381,0.554876,-33.637809,5413.979275,5414.837788638265
372.43381,0.55438,-33.637323,5413.642899,5415.087031671597
372.44381,0.553886,-33.636838,5413.306528,5414.124256837279
372.45381,0.553395,-33.636352,5412.970162,5411.624894643596
372.46381,0.552905,-33.635867,5412.633801,5411.2578676513485
372.47381,0.552416,-33.635383,5412.297445,5413.2331178065615
372.48381,0.55193,-33.634898,5411.961094,5412.597736575832
372.49381,0.551445,-33.634413,5411.624747,5410.255164866727
372.50381,0.550962,-33.633929,5411.288405,5411.702703122464
372.51381,0.550481,-33.633444,5410.952068,5413.085697081645
372.52381,0.550002,-33.63296,5410.615736,5410.633798401775
372.53381,0.549524,-33.632476,5410.279409,5410.745193700162
372.54381,0.549048,-33.631992,5409.943087,5411.220674030027
372.55381,0.548574,-33.631509,5409.606769,5409.287118266223
372.56381,0.548102,-33.631025,5409.270457,5411.4550421593585
372.57381,0.547631,-33.630542,5408.934149,5408.873137703478
372.58381,0.547162,-33.630058,5408.597846,5408.610628397103
372.59381,0.546695,-33.629575,5408.261548,5408.166145827752
372.60381,0.54623,-33.629092,5407.925254,5409.456946807773
372.61381,0.545766,-33.628609,5407.588966,5412.278173799334
372.62381,0.545304,-33.628126,5407.252682,5407.911860655549
372.63381,0.544843,-33.627644,5406.916403,5407.507939251313
372.64381,0.544385,-33.627161,5406.580129,5409.813801364166
372.65381,0.543928,-33.626679,5406.24386,5407.365511969527
372.66381,0.543472,-33.626197,5405.907596,5408.321209943545
372.67381,0.543019,-33.625715,5405.571336,5405.347378670811
372.68381,0.542567,-33.625232,5405.235081,5404.692289483369
372.69381,0.542116,-33.624751,5404.898832,5406.657070828902
372.70381,0.541668,-33.624269,5404.562586,5408.447016426683
372.71381,0.541221,-33.623787,5404.226346,5404.235319924805
372.72381,0.540775,-33.623306,5403.890111,5409.0114888666585
372.73381,0.540331,-33.622824,5403.55388,5403.444332983121
372.74381,0.539889,-33.622343,5403.217654,5403.23905449345
372.75381,0.539449,-33.621861,5402.881433,5404.600456234295
372.76381,0.53901,-33.62138,5402.545217,5403.161693020829
372.77381,0.538573,-33.620899,5402.209006,5406.548676696184
372.78381,0.538137,-33.620418,5401.872799,5404.755945581309
372.79381,0.537703,-33.619938,5401.536597,5400.275169990036
372.80381,0.53727,-33.619457,5401.2004,5402.18944874684
372.81381,0.536839,-33.618976,5400.864208,5402.102998501858
372.82381,0.53641,-33.618496,5400.528021,5399.976923387459
372.83381,0.535982,-33.618015,5400.191838,5400.932699740581
372.84381,0.535556,-33.617535,5399.85566,5400.397538166663
372.85381,0.535132,-33.617055,5399.519487,5400.966518534355
372.86381,0.534709,-33.616574,5399.183319,5399.187649778051
372.87381,0.534287,-33.616094,5398.847156,5400.897696511793
372.88381,0.533867,-33.615614,5398.510997,5400.10908755646
372.89381,0.533449,-33.615135,5398.174844,5397.840207895774
372.90381,0.533032,-33.614655,5397.838695,5397.303323614915
372.91381,0.532617,-33.614175,5397.502551,5397.45476988173
372.92381,0.532203,-33.613695,5397.166411,5397.2449587199735
372.93381,0.531791,-33.613216,5396.830277,5395.0796754926005
372.94381,0.53138,-33.612736,5396.494147,5396.9566094164875
372.95381,0.530971,-33.612257,5396.158022,5398.450842247407
372.96381,0.530563,-33.611778,5395.821902,5397.231248561887
372.97381,0.530157,-33.611298,5395.485786,5395.66119677638
372.98381,0.529752,-33.610819,5395.149676,5393.360766529995
372.99381,0.529349,-33.61034,5394.81357,5397.272234578724
373.00381,0.528947,-33.609861,5394.477469,5392.639124701148
373.01381,0.528547,-33.609382,5394.141373,5395.517639423114
373.02381,0.528148,-33.608903,5393.805281,5397.627531125327
373.03381,0.527751,-33.608425,5393.469195,5390.666229124283
373.04381,0.527355,-33.607946,5393.133113,5393.169188675719
373.05381,0.52696,-33.607467,5392.797036,5395.390856363232
373.06381,0.526567,-33.606989,5392.460964,5392.286107440837
373.07381,0.526176,-33.60651,5392.124896,5393.600326154359
373.08381,0.525786,-33.606032,5391.788833,5392.858529206336
373.09381,0.525397,-33.605553,5391.452775,5388.758425529627
373.10381,0.52501,-33.605075,5391.116722,5394.277781542313
373.11381,0.524624,-33.604597,5390.780674,5391.360747389856
373.12381,0.52424,-33.604118,5390.44463,5391.348823627545
373.13381,0.523857,-33.60364,5390.108592,5391.898661147563
373.14381,0.523475,-33.603162,5389.772558,5389.3738686457755
373.15381,0.523095,-33.602684,5389.436528,5392.439162393805
373.16381,0.522717,-33.602206,5389.100504,5389.737096076841
373.17381,0.522339,-33.601728,5388.764484,5389.526264036025
373.18381,0.521963,-33.60125,5388.428469,5390.34832782524
373.19381,0.521589,-33.600772,5388.092459,5388.515053393162
373.20381,0.521216,-33.600295,5387.756454,5386.643659451424
373.21381,0.520844,-33.599817,5387.420453,5386.4575004983735
373.22381,0.520473,-33.599339,5387.084458,5386.146045495798
373.23381,0.520104,-33.598861,5386.748467,5386.250477801032
373.24381,0.519737,-33.598384,5386.41248,5387.135659999914
373.25381,0.51937,-33.597906,5386.076499,5387.239984075599
373.26381,0.519005,-33.597429,5385.740522,5388.785090133515
373.27381,0.518642,-33.596951,5385.40455,5387.683757480242
373.28381,0.518279,-33.596474,5385.068583,5386.614286008715
373.29381,0.517918,-33.595997,5384.732621,5387.101875666202
373.30381,0.517559,-33.595519,5384.396663,5382.680681106603
373.31381,0.5172,-33.595042,5384.06071,5385.475359107089
373.32381,0.516843,-33.594565,5383.724762,5385.707536216873
373.33381,0.516488,-33.594087,5383.388819,5383.610411496788
373.34381,0.516133,-33.59361,5383.052881,5385.4813523615185
373.35381,0.51578,-33.593133,5382.716947,5380.64487016759
373.36381,0.515428,-33.592656,5382.381018,5381.63600953576
373.37381,0.515078,-33.592179,5382.045094,5379.245754945468
373.38381,0.514729,-33.591702,5381.709174,5384.637471943016
373.39381,0.514381,-33.591225,5381.37326,5381.85073332692
373.40381,0.514034,-33.590748,5381.03735,5380.791500616055
373.41381,0.513689,-33.590271,5380.701445,5380.097088250725
373.42381,0.513345,-33.589794,5380.365544,5378.654669684076
373.43381,0.513002,-33.589317,5380.029649,5379.338831171686
373.44381,0.512661,-33.58884,5379.693758,5380.658642256042
373.45381,0.51232,-33.588363,5379.357872,5379.98365235847
373.46381,0.511981,-33.587887,5379.021991,5380.054874566024
373.47381,0.511644,-33.58741,5378.686114,5380.214151825268
373.48381,0.511307,-33.586933,5378.350243,5379.277432673636
373.49381,0.510972,-33.586456,5378.014376,5376.818329844173
373.50381,0.510638,-33.58598,5377.678514,5378.418856043467
373.51381,0.510305,-33.585503,5377.342656,5379.513950304478
373.52381,0.509973,-33.585026,5377.006803,5378.020761724078
373.53381,0.509643,-33.58455,5376.670956,5378.596431318743
373.54381,0.509314,-33.584073,5376.335112,5377.505664531202
373.55381,0.508986,-33.583597,5375.999274,5376.499133476294
373.56381,0.508659,-33.58312,5375.663441,5375.431837942821
373.57381,0.508334,-33.582643,5375.327612,5379.454490822825
373.58381,0.508009,-33.582167,5374.991788,5378.242931314047
373.59381,0.507686,-33.58169,5374.655968,5374.296935431158
373.60381,0.507364,-33.581214,5374.320154,5374.420888658403
373.61381,0.507043,-33.580737,5373.984344,5376.195879624352
373.62381,0.506724,-33.580261,5373.648539,5375.860723248834
373.63381,0.506405,-33.579784,5373.312739,5376.678707314741
373.64381,0.506088,-33.579308,5372.976943,5373.885801670083
373.65381,0.505772,-33.578832,5372.641153,5375.379310370341
373.66381,0.505457,-33.578355,5372.305367,5373.027362743768
373.67381,0.505144,-33.577879,5371.969586,5372.950076243092
373.68381,0.504831,-33.577402,5371.633809,5372.948397639296
373.69381,0.50452,-33.576926,5371.298038,5371.7579456488165
373.70381,0.504209,-33.57645,5370.962271,5374.3155720420455
373.71381,0.5039,-33.575973,5370.626509,5368.334184405332
373.72381,0.503592,-33.575497,5370.290751,5370.378384526286
373.73381,0.503285,-33.575021,5369.954999,5370.293485972606
373.74381,0.50298,-33.574544,5369.619251,5369.839891706796
373.75381,0.502675,-33.574068,5369.283508,5371.377783349606
373.76381,0.502371,-33.573592,5368.947769,5369.212238611301
373.77381,0.502069,-33.573115,5368.612036,5368.583207244103
373.78381,0.501768,-33.572639,5368.276307,5366.017943219528
373.79381,0.501468,-33.572163,5367.940583,5367.716048981316
373.80381,0.501169,-33.571687,5367.604864,5365.923700674876
373.81381,0.500871,-33.57121,5367.269149,5367.340726593022
373.82381,0.500574,-33.570734,5366.93344,5367.779188187334
373.83381,0.500278,-33.570258,5366.597735,5364.625099966741
373.84381,0.499983,-33.569781,5366.262035,5366.518639587253
373.85381,0.49969,-33.569305,5365.926339,5366.822677069634
373.86381,0.499397,-33.568829,5365.590648,5365.179252386081
373.87381,0.499106,-33.568353,5365.254963,5363.813295665451
373.88381,0.498816,-33.567876,5364.919281,5365.112556730656
373.89381,0.498526,-33.5674,5364.583605,5365.246056079441
373.90381,0.498238,-33.566924,5364.247933,5366.0190700025705
373.91381,0.497951,-33.566448,5363.912267,5365.834277368756
373.92381,0.497665,-33.565971,5363.576604,5364.7744425744
373.93381,0.49738,-33.565495,5363.240947,5367.126656948327
373.94381,0.497096,-33.565019,5362.905295,5364.997616690718
373.95381,0.496813,-33.564542,5362.569647,5365.046809859531
373.96381,0.496531,-33.564066,5362.234004,5363.237862978932
373.97381,0.49625,-33.56359,5361.898365,5364.498461870262
373.98381,0.49597,-33.563114,5361.562732,5361.658112080586
373.99381,0.495691,-33.562637,5361.227103,5361.222373605306
374.00381,0.495413,-33.562161,5360.891479,5361.300538678486
374.01381,0.495137,-33.561685,5360.55586,5361.213809142019
374.02381,0.494861,-33.561208,5360.220245,5359.84906803038
374.03381,0.494586,-33.560732,5359.884636,5359.9301850300135
374.04381,0.494312,-33.560256,5359.549031,5360.799316404718
374.05381,0.49404,-33.559779,5359.213431,5358.579765733011
374.06381,0.493768,-33.559303,5358.877835,5356.726794532367
374.07381,0.493497,-33.558827,5358.542245,5358.407681541503
374.08381,0.493227,-33.55835,5358.206659,5356.800383333001
374.09381,0.492959,-33.557874,5357.871078,5355.660758380134
374.10381,0.492691,-33.557398,5357.535501,5357.1425132870845
374.11381,0.492424,-33.556921,5357.19993,5359.503809569176
374.12381,0.492158,-33.556445,5356.864363,5357.225255400848
374.13381,0.491893,-33.555968,5356.528801,5359.3928547559335
374.14381,0.49163,-33.555492,5356.193243,5355.598753419579
374.15381,0.491367,-33.555016,5355.857691,5355.710662646871
374.16381,0.491105,-33.554539,5355.522143,5353.231699610187
374.17381,0.490844,-33.554063,5355.1866,5357.442936593904
374.18381,0.490584,-33.553586,5354.851062,5355.288332813748
374.19381,0.490325,-33.55311,5354.515528,5353.438969713052
374.20381,0.490067,-33.552633,5354.18,5353.651297067463
374.21381,0.489809,-33.552157,5353.844476,5354.710191429639
374.22381,0.489553,-33.55168,5353.508957,5354.695262324194
374.23381,0.489298,-33.551204,5353.173442,5352.222995751507
374.24381,0.489044,-33.550727,5352.837932,5353.453301180243
374.25381,0.48879,-33.550251,5352.502428,5350.119194551285
374.26381,0.488538,-33.549774,5352.166927,5353.295771846272
374.27381,0.488286,-33.549298,5351.831432,5354.504472335735
374.28381,0.488035,-33.548821,5351.495941,5353.0167784598225
374.29381,0.487786,-33.548344,5351.160456,5354.296549575351
374.30381,0.487537,-33.547868,5350.824975,5352.9070782128365
374.31381,0.487289,-33.547391,5350.489498,5353.025395332439
374.32381,0.487453,-33.546914,5350.154027,5352.033100775195
374.33381,0.487627,-33.546437,5349.81856,5351.900123122293
374.34381,0.487806,-33.54596,5349.483098,5350.363168093145
374.35381,0.487989,-33.545483,5349.147641,5350.922880293305
374.36381,0.488176,-33.545005,5348.812188,5346.246351230098
374.37381,0.488368,-33.544527,5348.476741,5349.841724532022
374.38381,0.488564,-33.544049,5348.141298,5351.7006158228905
374.39381,0.488764,-33.543571,5347.80586,5345.7036208582385
374.40381,0.488969,-33.543092,5347.470426,5346.798716569516
374.41381,0.489177,-33.542613,5347.134998,5349.311243390129
374.42381,0.48939,-33.542134,5346.799574,5346.973491095218
374.43381,0.489607,-33.541655,5346.464155,5348.355079287755
374.44381,0.489828,-33.541176,5346.128741,5347.319382119278
374.45381,0.490053,-33.540696,5345.793332,5344.810051372785
374.46381,0.490284,-33.540216,5345.457927,5345.405745457203
374.47381,0.490518,-33.539735,5345.122527,5347.990799849558
374.48381,0.490756,-33.539254,5344.787132,5346.232013818608
374.49381,0.490998,-33.538773,5344.451742,5345.6285463586755
374.50381,0.491244,-33.538292,5344.116357,5344.811967955556
374.51381,0.491493,-33.53781,5343.780976,5345.685458682174
374.52381,0.491746,-33.537327,5343.445601,5345.28862220023
374.53381,0.492003,-33.536845,5343.11023,5343.55505214526
374.54381,0.492263,-33.536362,5342.774864,5342.636083793181
374.55381,0.492527,-33.535878,5342.439503,5341.734958886207
374.56381,0.492795,-33.535395,5342.104146,5342.32839824033
374.57381,0.493065,-33.534911,5341.768795,5342.515510445518
374.58381,0.49334,-33.534426,5341.433448,5341.072411588079
374.59381,0.493617,-33.533942,5341.098106,5341.1601526116865
374.60381,0.493898,-33.533456,5340.762769,5340.23858863614
374.61381,0.494183,-33.532971,5340.427437,5338.746706534685
374.62381,0.49447,-33.532485,5340.09211,5338.348987534059
374.63381,0.494761,-33.531999,5339.756787,5343.11823961406
374.64381,0.495055,-33.531512,5339.42147,5338.715913985022
374.65381,0.495352,-33.531025,5339.086157,5338.653933438875
374.66381,0.495652,-33.530538,5338.750849,5341.239216652522
374.67381,0.495956,-33.530051,5338.415546,5339.296307646192
374.68381,0.496262,-33.529563,5338.080248,5342.072719722785
374.69381,0.496572,-33.529074,5337.744955,5340.251969917918
374.70381,0.496884,-33.528586,5337.409667,5338.148645525531
374.71381,0.497199,-33.528097,5337.074383,5337.390713471434
374.72381,0.497518,-33.527607,5336.739105,5337.187449808787
374.73381,0.497839,-33.527117,5336.403831,5336.214676255331
374.74381,0.498163,-33.526627,5336.068563,5338.68016393364
374.75381,0.498489,-33.526137,5335.733299,5337.17050642141
374.76381,0.498819,-33.525646,5335.39804,5336.703446311898
374.77381,0.499151,-33.525155,5335.062786,5336.284925643701
374.78381,0.499486,-33.524664,5334.727537,5334.523189449718
374.79381,0.499824,-33.524172,5334.392293,5332.760444124833
374.80381,0.500164,-33.52368,5334.057053,5335.322158721193
374.81381,0.500507,-33.523187,5333.721819,5336.5670785128195
374.82381,0.500852,-33.522694,5333.38659,5334.128024791202
374.83381,0.5012,-33.522201,5333.051365,5332.445632928398
374.84381,0.50155,-33.521707,5332.716146,5332.259129335234
374.85381,0.501903,-33.521213,5332.380931,5331.183568563817
374.86381,0.502258,-33.520719,5332.045721,5332.144839878856
374.87381,0.502616,-33.520225,5331.710517,5332.474099369632
374.88381,0.502976,-33.51973,5331.375317,5329.798240824996
374.89381,0.503338,-33.519234,5331.040122,5332.749402840214
374.90381,0.503703,-33.518739,5330.704932,5331.402939284544
374.91381,0.50407,-33.518243,5330.369747,5331.2268870073685
374.92381,0.504439,-33.517746,5330.034567,5331.768967539277
374.93381,0.50481,-33.51725,5329.699392,5330.8354944055145
374.94381,0.505184,-33.516753,5329.364222,5331.761007805948
374.95381,0.505559,-33.516255,5329.029057,5326.186592888929
374.96381,0.505937,-33.515758,5328.693897,5332.7460516638475
374.97381,0.506317,-33.51526,5328.358742,5328.711826129569
374.98381,0.506699,-33.514761,5328.023592,5327.71474075789
374.99381,0.507083,-33.514262,5327.688447,5329.823704223562
375.00381,0.507469,-33.513763,5327.353307,5327.749354889032
375.01381,0.507856,-33.513264,5327.018172,5326.844088338881
375.02381,0.508246,-33.512764,5326.683041,5323.977985795028
375.03381,0.508638,-33.512264,5326.347916,5327.058917657792
375.04381,0.509031,-33.511764,5326.012796,5328.184356502059
375.05381,0.509427,-33.511263,5325.677681,5324.710254669397
375.06381,0.509824,-33.510762,5325.342571,5323.632119857182
375.07381,0.510223,-33.510261,5325.007466,5325.215141771594
375.08381,0.510624,-33.509759,5324.672366,5326.137903611595
375.09381,0.511026,-33.509257,5324.337271,5326.566832192277
375.10381,0.511431,-33.508755,5324.002181,5325.852991986765
375.11381,0.511836,-33.508252,5323.667096,5324.179884307583
375.12381,0.512244,-33.507749,5323.332016,5324.166809058809
375.13381,0.512653,-33.507246,5322.996941,5322.744162589718
375.14381,0.513064,-33.506742,5322.661871,5321.335288859221
375.15381,0.513476,-33.506238,5322.326806,5324.017418760758
375.16381,0.51389,-33.505734,5321.991746,5322.594384148189
375.17381,0.514306,-33.505229,5321.656691,5322.590090496289
375.18381,0.514723,-33.504724,5321.321641,5320.955338728716
375.19381,0.515141,-33.504219,5320.986597,5323.229865061301
375.20381,0.515561,-33.503713,5320.651557,5320.362139265716
375.21381,0.515982,-33.503207,5320.316522,5318.1102410982085
375.22381,0.516405,-33.502701,5319.981493,5322.681598142313
375.23381,0.516829,-33.502194,5319.646468,5321.646795943063
375.24381,0.517255,-33.501688,5319.311449,5319.33189901751
375.25381,0.517681,-33.50118,5318.976435,5321.855099534884
375.26381,0.518109,-33.500673,5318.641425,5318.900809879393
375.27381,0.518539,-33.500165,5318.306421,5317.117177980754
375.28381,0.518969,-33.499657,5317.971422,5319.225040018065
375.29381,0.519401,-33.499148,5317.636428,5320.344284544694
375.30381,0.519834,-33.49864,5317.301439,5317.441644982845
375.31381,0.520269,-33.498131,5316.966455,5316.516894277941
375.32381,0.520704,-33.497621,5316.631476,5315.700826189794
375.33381,0.521141,-33.497112,5316.296503,5314.641779332341
375.34381,0.521578,-33.496602,5315.961534,5315.18084365159
375.35381,0.522017,-33.496091,5315.626571,5312.6052915058135
375.36381,0.522457,-33.495581,5315.291612,5318.696114068188
375.37381,0.522898,-33.49507,5314.956659,5314.970332205507
375.38381,0.52334,-33.494558,5314.621711,5314.830585212189
375.39381,0.523783,-33.494047,5314.286768,5314.49459281867
375.40381,0.524227,-33.493535,5313.95183,5316.04739647046
375.41381,0.524672,-33.493023,5313.616897,5313.459705647151
375.42381,0.525118,-33.492511,5313.28197,5314.381141975155
375.43381,0.525565,-33.491998,5312.947047,5314.093758130739
375.44381,0.526012,-33.491485,5312.61213,5314.120884061727
375.45381,0.526461,-33.490972,5312.277217,5312.248509874897
375.46381,0.526911,-33.490458,5311.94231,5311.177003268702
375.47381,0.527361,-33.489944,5311.607408,5311.864862361924
375.48381,0.527812,-33.48943,5311.272511,5312.791303914198
375.49381,0.528264,-33.488915,5310.93762,5313.2295970618425
375.50381,0.528717,-33.488401,5310.602733,5310.722896128093
375.51381,0.529171,-33.487886,5310.267852,5310.255381208517
375.52381,0.529625,-33.48737,5309.932975,5308.919748194176
375.53381,0.53008,-33.486855,5309.598104,5310.350565244295
375.54381,0.530536,-33.486339,5309.263238,5307.716434371026
375.55381,0.530993,-33.485822,5308.928377,5310.017987916516
375.56381,0.53145,-33.485306,5308.593522,5308.675289895152
375.57381,0.531908,-33.484789,5308.258671,5307.859269446456
375.58381,0.532367,-33.484272,5307.923826,5308.393406609204
375.59381,0.532826,-33.483755,5307.588986,5306.038782783596
375.60381,0.533286,-33.483237,5307.254151,5307.812419214027
375.61381,0.533746,-33.482719,5306.919321,5307.3571342383
375.62381,0.534207,-33.482201,5306.584496,5305.0906045949405
375.63381,0.534669,-33.481683,5306.249677,5306.007254687782
375.64381,0.535131,-33.481164,5305.914863,5303.812962342071
375.65381,0.535594,-33.480645,5305.580054,5305.371741673394
375.66381,0.536057,-33.480126,5305.24525,5307.430548104208
375.67381,0.536521,-33.479606,5304.910451,5305.057422539352
375.68381,0.536985,-33.479086,5304.575658,5306.104851046659
375.69381,0.53745,-33.478566,5304.24087,5304.0991221972035
375.70381,0.537915,-33.478046,5303.906086,5303.997962101975
375.71381,0.53838,-33.477525,5303.571309,5302.8371561160575
375.72381,0.538846,-33.477004,5303.236536,5303.58399137164
375.73381,0.539313,-33.476483,5302.901769,5302.973625822947
375.74381,0.539779,-33.475962,5302.567006,5302.529662868292
375.75381,0.540247,-33.47544,5302.232249,5303.07355605638
375.76381,0.540714,-33.474918,5301.897498,5306.485919627421
375.77381,0.541182,-33.474396,5301.562751,5304.047463581094
375.78381,0.54165,-33.473873,5301.22801,5299.616642510955
375.79381,0.542119,-33.47335,5300.893273,5302.829660468193
375.80381,0.542588,-33.472827,5300.558543,5302.092714474719
375.81381,0.543057,-33.472304,5300.223817,5301.618518001383
375.82381,0.543526,-33.471781,5299.889097,5302.520944786895
375.83381,0.543996,-33.471257,5299.554381,5302.618414226348
375.84381,0.544466,-33.470733,5299.219671,5299.502177817565
375.85381,0.544936,-33.470209,5298.884967,5301.843222638969
375.86381,0.545407,-33.469684,5298.550267,5301.811085607077
375.87381,0.545877,-33.469159,5298.215573,5299.001389686151
375.88381,0.546348,-33.468634,5297.880884,5300.694426577581
375.89381,0.546819,-33.468109,5297.5462,5298.767283432923
375.90381,0.547291,-33.467584,5297.211522,5297.078826295339
375.91381,0.547762,-33.467058,5296.876849,5295.841233812758
375.92381,0.548233,-33.466532,5296.542181,5295.079053940005
375.93381,0.548705,-33.466006,5296.207518,5296.892377803998
375.94381,0.549177,-33.465479,5295.872861,5297.42977795131
375.95381,0.549649,-33.464952,5295.538208,5292.660729819197
375.96381,0.550121,-33.464425,5295.203562,5297.288589548925
375.97381,0.550593,-33.463898,5294.86892,5295.079017539716
375.98381,0.551065,-33.463371,5294.534284,5294.384400905553
375.99381,0.551537,-33.462843,5294.199652,5294.262739619371
376.00381,0.55201,-33.462315,5293.865027,5294.152701210791
376.01381,0.552482,-33.461787,5293.530406,5295.26618379302
376.02381,0.552955,-33.461259,5293.195791,5294.4146397913455
376.03381,0.553427,-33.46073,5292.861181,5296.457510007765
376.04381,0.553899,-33.460201,5292.526576,5294.075112423546
376.05381,0.554372,-33.459672,5292.191977,5291.709937539922
376.06381,0.554844,-33.459143,5291.857383,5291.715692878481
376.07381,0.555317,-33.458613,5291.522794,5291.760004487466
376.08381,0.555789,-33.458084,5291.188211,5293.7100483597305
376.09381,0.556261,-33.457554,5290.853632,5289.425889643918
376.10381,0.556734,-33.457024,5290.51906,5291.169808697387
376.11381,0.557206,-33.456493,5290.184492,5291.726864648658
376.12381,0.557678,-33.455962,5289.84993,5292.7230602569125
376.13381,0.55815,-33.455432,5289.515373,5288.411639880202
376.14381,0.558622,-33.454901,5289.180821,5288.617855544086
376.15381,0.559094,-33.454369,5288.846275,5287.782504737924
376.16381,0.559566,-33.453838,5288.511734,5289.329016613407
376.17381,0.560037,-33.453306,5288.177198,5290.054312664645
376.18381,0.560509,-33.452774,5287.842668,5288.489422365242
376.19381,0.56098,-33.452242,5287.508142,5288.8998330939685
376.20381,0.561452,-33.45171,5287.173623,5287.596626106203
376.21381,0.561923,-33.451177,5286.839108,5287.814810844945
376.22381,0.562394,-33.450644,5286.504599,5285.276474893673
376.23381,0.562864,-33.450111,5286.170095,5287.46006798978
376.24381,0.563335,-33.449578,5285.835597,5286.893728951765
376.25381,0.563805,-33.449045,5285.501104,5286.097566218745
376.26381,0.564275,-33.448511,5285.166616,5285.129577613381
376.27381,0.564745,-33.447977,5284.832134,5285.341834790451
376.28381,0.565215,-33.447443,5284.497657,5286.04265240161
376.29381,0.565685,-33.446909,5284.163185,5286.391328225697
376.30381,0.566154,-33.446375,5283.828718,5284.362658994614
376.31381,0.566623,-33.44584,5283.494257,5285.4943415654225
376.32381,0.567092,-33.445305,5283.159802,5283.626175009441
376.33381,0.56756,-33.44477,5282.825351,5280.642672889812
376.34381,0.568029,-33.444235,5282.490906,5284.041239905722
376.35381,0.568497,-33.4437,5282.156466,5281.034519444706
376.36381,0.568964,-33.443164,5281.822032,5280.086391945331
376.37381,0.569432,-33.442628,5281.487603,5282.600384517985
376.38381,0.569899,-33.442092,5281.15318,5283.046645244993
376.39381,0.570366,-33.441556,5280.818761,5282.456191524403
376.40381,0.570833,-33.44102,5280.484348,5283.014434859598
376.41381,0.571299,-33.440483,5280.149941,5279.263524194555
376.42381,0.571765,-33.439947,5279.815539,5280.443473750104
376.43381,0.57223,-33.43941,5279.481142,5281.129694738673
376.44381,0.572695,-33.438873,5279.146751,5280.331803659202
376.45381,0.57316,-33.438335,5278.812365,5279.229782539995
376.46381,0.573625,-33.437798,5278.477984,5278.665742882511
376.47381,0.574089,-33.43726,5278.143609,5280.0987726704425
376.48381,0.574553,-33.436722,5277.809239,5279.137836579498
376.49381,0.575016,-33.436184,5277.474874,5279.989026472438
376.50381,0.57548,-33.435646,5277.140515,5279.354150622266
376.51381,0.575942,-33.435108,5276.806161,5276.472019827404
376.52381,0.576405,-33.434569,5276.471813,5275.573847702114
376.53381,0.576866,-33.434031,5276.13747,5275.207101885117
376.54381,0.577328,-33.433492,5275.803132,5276.025406065589
376.55381,0.577789,-33.432953,5275.4688,5275.309360505035
376.56381,0.57825,-33.432414,5275.134473,5274.143288899855
376.57381,0.57871,-33.431874,5274.800152,5276.934856911717
376.58381,0.57917,-33.431335,5274.465836,5274.797783771038
376.59381,0.579629,-33.430795,5274.131525,5275.176502901016
376.60381,0.580088,-33.430255,5273.79722,5275.449197825429
376.61381,0.580547,-33.429715,5273.46292,5274.3032304888375
376.62381,0.581005,-33.429175,5273.128626,5273.093887081142
376.63381,0.581463,-33.428634,5272.794336,5271.43017435666
376.64381,0.58192,-33.428094,5272.460053,5274.596347791866
376.65381,0.582377,-33.427553,5272.125775,5269.831408308818
376.66381,0.582833,-33.427012,5271.791502,5271.681211042554
376.67381,0.583289,-33.426471,5271.457234,5271.096994750853
376.68381,0.583744,-33.42593,5271.122972,5271.762712640507
376.69381,0.584199,-33.425389,5270.788716,5270.864391977201
376.70381,0.584653,-33.424847,5270.454465,5271.187376567354
376.71381,0.585107,-33.424306,5270.120219,5269.586376768702
376.72381,0.58556,-33.423764,5269.785978,5273.222606673342
376.73381,0.586013,-33.423222,5269.451744,5271.541111835069
376.74381,0.586466,-33.42268,5269.117514,5269.2859432101895
376.75381,0.586917,-33.422138,5268.78329,5269.899068547952
376.76381,0.587369,-33.421595,5268.449071,5267.345821589627
376.77381,0.58782,-33.421053,5268.114858,5269.652885754535
376.78381,0.58827,-33.42051,5267.78065,5267.375209356728
376.79381,0.58872,-33.419967,5267.446448,5268.670162781726
376.80381,0.589169,-33.419424,5267.112251,5265.9848655549395
376.81381,0.589617,-33.418881,5266.778059,5267.946458853231
376.82381,0.590066,-33.418338,5266.443873,5264.822619572768
376.83381,0.590513,-33.417794,5266.109693,5269.332685269698
376.84381,0.59096,-33.417251,5265.775517,5264.385742532943
376.85381,0.591407,-33.416707,5265.441348,5267.6599706746465
376.86381,0.591853,-33.416163,5265.107183,5262.5666627306155
376.87381,0.592298,-33.415619,5264.773024,5264.336788057781
376.88381,0.592743,-33.415075,5264.438871,5265.323785993677
376.89381,0.593187,-33.414531,5264.104723,5263.712761640267
376.90381,0.593631,-33.413987,5263.77058,5266.128139640841
376.91381,0.594074,-33.413442,5263.436443,5263.384113159791
376.92381,0.594516,-33.412898,5263.102311,5261.870286169498
376.93381,0.594958,-33.412353,5262.768185,5262.408990901704
376.94381,0.5954,-33.411808,5262.434064,5261.664380200348
376.95381,0.59584,-33.411263,5262.099949,5262.776686273473
376.96381,0.59628,-33.410718,5261.765839,5262.774582145214
376.97381,0.59672,-33.410173,5261.431735,5261.325578184554
376.98381,0.597159,-33.409627,5261.097636,5260.712040420705
376.99381,0.597597,-33.409082,5260.763542,5262.632596792257
377.00381,0.598035,-33.408536,5260.429454,5260.914497032626
377.01381,0.598472,-33.40799,5260.095371,5258.514479631187
377.02381,0.598909,-33.407445,5259.761294,5260.59531425242
377.03381,0.599344,-33.406899,5259.427222,5257.416227309251
377.04381,0.59978,-33.406352,5259.093156,5260.954579733367
377.05381,0.600214,-33.405806,5258.759095,5258.91449317696
377.06381,0.600648,-33.40526,5258.42504,5258.390487818179
377.07381,0.601082,-33.404713,5258.09099,5260.387195643941
377.08381,0.601514,-33.404167,5257.756946,5259.043252947688
377.09381,0.601947,-33.40362,5257.422907,5257.212697817294
377.10381,0.602378,-33.403073,5257.088873,5258.4538057321415
377.11381,0.602809,-33.402526,5256.754845,5257.166567886466
377.12381,0.603239,-33.401979,5256.420823,5255.129183814436
377.13381,0.603669,-33.401432,5256.086806,5254.525019995796
377.14381,0.604097,-33.400885,5255.752794,5255.709280577277
377.15381,0.604526,-33.400338,5255.418788,5256.024890039508
377.16381,0.604953,-33.39979,5255.084787,5255.391938758077
377.17381,0.60538,-33.399242,5254.750792,5255.11114151174
377.18381,0.605807,-33.398695,5254.416803,5254.132573248461
377.19381,0.606232,-33.398147,5254.082818,5254.437362410186
377.20381,0.606657,-33.397599,5253.74884,5255.850594995923
377.21381,0.607081,-33.397051,5253.414866,5252.846538886318
377.22381,0.607505,-33.396503,5253.080899,5254.513581549303
377.23381,0.607928,-33.395955,5252.746936,5253.032995841826
377.24381,0.60835,-33.395407,5252.41298,5253.125077401461
377.25381,0.608772,-33.394858,5252.079028,5254.370442965712
377.26381,0.609193,-33.39431,5251.745082,5253.461279311456
377.27381,0.609613,-33.393761,5251.411142,5253.238010938453
377.28381,0.610033,-33.393212,5251.077207,5251.179794660916
377.29381,0.610452,-33.392664,5250.743278,5250.679409549255
377.30381,0.61087,-33.392115,5250.409354,5250.912541096808
377.31381,0.611287,-33.391566,5250.075435,5248.867525213375
377.32381,0.611704,-33.391017,5249.741523,5251.470147282264
377.33381,0.61212,-33.390468,5249.407615,5251.325482448819
377.34381,0.612536,-33.389918,5249.073713,5251.284967764271
377.35381,0.612951,-33.389369,5248.739817,5248.860420724706
377.36381,0.613365,-33.38882,5248.405926,5250.146502019718
377.37381,0.613778,-33.38827,5248.07204,5248.472560838969
377.38381,0.614191,-33.38772,5247.73816,5247.304627383803
377.39381,0.614603,-33.387171,5247.404286,5248.776266927427
377.40381,0.615014,-33.386621,5247.070417,5245.947151499384
377.41381,0.615424,-33.386071,5246.736554,5245.497109731343
377.42381,0.615834,-33.385521,5246.402696,5246.143173930469
377.43381,0.614727,-33.384972,5246.068843,5246.418337488475
377.44381,0.613057,-33.384423,5245.734996,5247.138406171131
377.45381,0.611391,-33.383876,5245.401155,5245.000278515828
377.46381,0.609731,-33.38333,5245.067319,5245.1360654328755
377.47381,0.608075,-33.382785,5244.733488,5242.962192976816
377.48381,0.606425,-33.382242,5244.399663,5246.3305091114435
377.49381,0.604779,-33.3817,5244.065843,5243.073452807834
377.50381,0.603138,-33.381159,5243.732029,5242.214363984633
377.51381,0.601502,-33.380619,5243.39822,5241.00534891294
377.52381,0.599871,-33.38008,5243.064417,5243.68577615009
377.53381,0.598245,-33.379543,5242.730618,5240.357134215951
377.54381,0.596624,-33.379006,5242.396826,5241.778198080346
377.55381,0.595008,-33.378471,5242.063038,5242.551045824313
377.56381,0.593395,-33.377937,5241.729256,5242.5276510424565
377.57381,0.591787,-33.377404,5241.39548,5241.059903716226
377.58381,0.590184,-33.376872,5241.061708,5242.728104975508
377.59381,0.588585,-33.376342,5240.727942,5242.812399093652
377.60381,0.586992,-33.375813,5240.394181,5242.6304168766965
377.61381,0.585403,-33.375284,5240.060426,5237.868114413172
377.62381,0.583819,-33.374757,5239.726676,5240.831294975426
377.63381,0.582239,-33.374232,5239.392931,5242.32286079185
377.64381,0.580665,-33.373707,5239.059191,5239.433802125306
377.65381,0.579095,-33.373183,5238.725457,5240.285559289918
377.66381,0.57753,-33.372661,5238.391727,5237.9689772306065
377.67381,0.575969,-33.372139,5238.058003,5238.299934246224
377.68381,0.574413,-33.371619,5237.724285,5237.043570027766
377.69381,0.572862,-33.3711,5237.390571,5236.631746146842
377.70381,0.571315,-33.370581,5237.056863,5238.166653385331
377.71381,0.569774,-33.370064,5236.723159,5234.637632249351
377.72381,0.568236,-33.369548,5236.389461,5236.594773461926
377.73381,0.566704,-33.369033,5236.055768,5234.8122809969755
377.74381,0.565176,-33.368519,5235.722081,5236.474969882342
377.75381,0.563652,-33.368006,5235.388398,5235.3225667541055
377.76381,0.562133,-33.367494,5235.05472,5236.746737554284
377.77381,0.560619,-33.366982,5234.721048,5231.264883609608
377.78381,0.559109,-33.366472,5234.387381,5234.292617344916
377.79381,0.557604,-33.365963,5234.053719,5236.951617935343
377.80381,0.556103,-33.365455,5233.720062,5234.018461892986
377.81381,0.554607,-33.364948,5233.38641,5235.148765244451
377.82381,0.553115,-33.364441,5233.052763,5230.532087844506
377.83381,0.551628,-33.363936,5232.719121,5233.536507037695
377.84381,0.550145,-33.363431,5232.385484,5232.838245239408
377.85381,0.548667,-33.362928,5232.051852,5235.211743123156
377.86381,0.547193,-33.362425,5231.718225,5233.724277086914
377.87381,0.545724,-33.361923,5231.384604,5230.526920783426
377.88381,0.544259,-33.361422,5231.050987,5231.667269132373
377.89381,0.542799,-33.360922,5230.717375,5229.968463649637
377.90381,0.541342,-33.360423,5230.383768,5231.797148820986
377.91381,0.539891,-33.359924,5230.050167,5233.629397816462
377.92381,0.538443,-33.359427,5229.71657,5231.439790293558
377.93381,0.537,-33.35893,5229.382978,5232.298046987772
377.94381,0.535562,-33.358434,5229.049391,5230.460895524015
377.95381,0.534127,-33.357939,5228.715809,5227.238952706658
377.96381,0.532697,-33.357445,5228.382233,5228.211561890535
377.97381,0.531271,-33.356951,5228.048661,5229.829581389152
377.98381,0.52985,-33.356459,5227.715093,5229.025106490843
377.99381,0.528433,-33.355967,5227.381531,5228.380504363968
378.00381,0.52702,-33.355475,5227.047974,5230.361303931839
378.01381,0.525612,-33.354985,5226.714422,5228.716835583802
378.02381,0.524207,-33.354495,5226.380874,5227.71196044257
378.03381,0.522807,-33.354006,5226.047332,5226.2233099528485
378.04381,0.521411,-33.353518,5225.713794,5225.966248177902
378.05381,0.52002,-33.353031,5225.380262,5226.627664395599
378.06381,0.518632,-33.352544,5225.046734,5225.744271516374
378.07381,0.517249,-33.352058,5224.713211,5227.6385937227815
378.08381,0.51587,-33.351573,5224.379693,5225.078215474687
378.09381,0.514495,-33.351088,5224.046179,5221.466826741785
378.10381,0.513125,-33.350604,5223.712671,5224.812219239165
378.11381,0.511758,-33.350121,5223.379167,5222.44220509775
378.12381,0.510396,-33.349638,5223.045668,5222.031952077782
378.13381,0.509038,-33.349156,5222.712174,5223.539633271878
378.14381,0.507684,-33.348675,5222.378685,5223.16582613903
378.15381,0.506334,-33.348194,5222.045201,5223.161532076287
378.16381,0.504988,-33.347714,5221.711721,5223.451342365561
378.17381,0.503646,-33.347235,5221.378247,5221.277273423358
378.18381,0.502308,-33.346756,5221.044777,5221.775119056737
378.19381,0.500974,-33.346278,5220.711311,5223.089096627104
378.20381,0.499645,-33.3458,5220.377851,5221.186679621433
378.21381,0.498319,-33.345323,5220.044395,5221.175352602421
378.22381,0.496997,-33.344847,5219.710945,5219.860548283199
378.23381,0.49568,-33.344371,5219.377499,5221.032605615631
378.24381,0.494366,-33.343896,5219.044057,5219.481266295335
378.25381,0.493057,-33.343422,5218.710621,5219.133123524724
378.26381,0.491751,-33.342948,5218.377189,5219.4887618759885
378.27381,0.49045,-33.342474,5218.043762,5218.434967966553
378.28381,0.489152,-33.342001,5217.710339,5217.302707152036
378.29381,0.487858,-33.341529,5217.376922,5217.759433167555
378.30381,0.486569,-33.341057,5217.043509,5218.528300457561
378.31381,0.485283,-33.340586,5216.7101,5215.165026043
378.32381,0.484001,-33.340115,5216.376697,5217.1049189522155
378.33381,0.482723,-33.339645,5216.043298,5217.796131978065
378.34381,0.481449,-33.339175,5215.709904,5215.906585834436
378.35381,0.480179,-33.338706,5215.376515,5214.515185909769
378.36381,0.478913,-33.338237,5215.04313,5216.599334604735
378.37381,0.47765,-33.337769,5214.70975,5217.353706537005
378.38381,0.476392,-33.337301,5214.376375,5213.561185100993
378.39381,0.475137,-33.336834,5214.043004,5216.120922238587
378.40381,0.473886,-33.336367,5213.709638,5210.386128571682
378.41381,0.472639,-33.335901,5213.376277,5213.082360543712
378.42381,0.471396,-33.335435,5213.04292,5212.092636300256
378.43381,0.470156,-33.33497,5212.709568,5213.7037880865355
378.44381,0.468921,-33.334505,5212.37622,5213.5185924494945
378.45381,0.467689,-33.334041,5212.042878,5210.097587876305
378.46381,0.466461,-33.333577,5211.70954,5213.84738431167
378.47381,0.465237,-33.333113,5211.376206,5211.005880271978
378.48381,0.464016,-33.33265,5211.042877,5210.1685214633
378.49381,0.4628,-33.332187,5210.709553,5212.171661013607
378.50381,0.461587,-33.331725,5210.376234,5209.558838825618
378.51381,0.460377,-33.331263,5210.042919,5208.949338165606
378.52381,0.459172,-33.330802,5209.709608,5208.944695404399
378.53381,0.45797,-33.330341,5209.376303,5211.085142875258
378.54381,0.456772,-33.32988,5209.043002,5208.633944921271
378.55381,0.455577,-33.32942,5208.709705,5209.489338196691
378.56381,0.454387,-33.32896,5208.376413,5209.136790726875
378.57381,0.453199,-33.3285,5208.043126,5208.908574172968
378.58381,0.452016,-33.328041,5207.709843,5210.151776686774
378.59381,0.450836,-33.327582,5207.376565,5208.251602880515
378.60381,0.44966,-33.327124,5207.043292,5209.029010665562
378.61381,0.448488,-33.326666,5206.710023,5207.566476866552
378.62381,0.447319,-33.326208,5206.376758,5204.278713480568
378.63381,0.446154,-33.325751,5206.043498,5207.402304873098
378.64381,0.444992,-33.325294,5205.710243,5207.048121359194
378.65381,0.443834,-33.324837,5205.376993,5203.236979500003
378.66381,0.442679,-33.324381,5205.043746,5206.343392191564
378.67381,0.441528,-33.323925,5204.710505,5203.9320499850355
378.68381,0.440381,-33.323469,5204.377268,5207.057070719244
378.69381,0.439237,-33.323014,5204.044035,5203.50444881936
378.70381,0.438097,-33.322559,5203.710808,5204.260038401391
378.71381,0.43696,-33.322105,5203.377584,5204.0053580943395
378.72381,0.435827,-33.32165,5203.044366,5204.092205923069
378.73381,0.434698,-33.321196,5202.711151,5206.381054439491
378.74381,0.433572,-33.320742,5202.377942,5201.234728109232
378.75381,0.432449,-33.320289,5202.044736,5202.501493603916
378.76381,0.43133,-33.319836,5201.711536,5202.904365429986
378.77381,0.430214,-33.319383,5201.37834,5200.234072247775
378.78381,0.429102,-33.31893,5201.045148,5202.887102384498
378.79381,0.427993,-33.318478,5200.711961,5203.132475983568
378.80381,0.426888,-33.318026,5200.378779,5201.854651444012
378.81381,0.425786,-33.317574,5200.045601,5199.9723038540715
378.82381,0.424688,-33.317123,5199.712427,5201.696373463587
378.83381,0.423593,-33.316671,5199.379258,5200.009567966317
378.84381,0.422502,-33.31622,5199.046094,5198.918029066678
378.85381,0.421414,-33.31577,5198.712934,5199.121835577821
378.86381,0.420329,-33.315319,5198.379778,5196.421194277173
378.87381,0.419248,-33.314869,5198.046627,5195.702329397688
378.88381,0.41817,-33.314419,5197.713481,5198.242687983617
378.89381,0.417095,-33.313969,5197.380339,5197.269542612778
378.90381,0.416024,-33.31352,5197.047202,5196.421198705452
378.91381,0.414957,-33.31307,5196.714069,5199.639090006163
378.92381,0.413892,-33.312621,5196.38094,5198.876269150345
378.93381,0.412831,-33.312172,5196.047816,5197.224923530613
378.94381,0.411773,-33.311724,5195.714697,5195.444213742703
378.95381,0.410719,-33.311275,5195.381582,5194.341472499611
378.96381,0.409668,-33.310827,5195.048471,5195.777288188371
378.97381,0.40862,-33.310379,5194.715365,5194.562651466877
378.98381,0.407576,-33.309931,5194.382264,5194.638080238939
378.99381,0.406535,-33.309484,5194.049167,5195.109168828839
379.00381,0.405497,-33.309036,5193.716074,5192.162167108529
379.01381,0.404462,-33.308589,5193.382986,5194.094269424289
379.02381,0.403431,-33.308142,5193.049902,5192.710467778766
379.03381,0.402403,-33.307695,5192.716823,5191.967627020711
379.04381,0.401378,-33.307249,5192.383748,5192.195918743828
379.05381,0.400356,-33.306802,5192.050678,5192.107296700523
379.06381,0.399338,-33.306356,5191.717612,5193.788632414472
379.07381,0.398323,-33.30591,5191.384551,5189.795112759189
379.08381,0.397311,-33.305464,5191.051494,5192.328531085413
379.09381,0.396302,-33.305018,5190.718442,5190.134870417062
379.10381,0.395297,-33.304572,5190.385394,5191.682952950964
379.11381,0.394295,-33.304127,5190.05235,5191.3220326508645
379.12381,0.393296,-33.303682,5189.719311,5189.685493402917
379.13381,0.3923,-33.303237,5189.386277,5189.108705659872
379.14381,0.391307,-33.302792,5189.053246,5188.454778537702
379.15381,0.390317,-33.302347,5188.720221,5189.4971039123975
379.16381,0.389331,-33.301902,5188.387199,5189.628705363602
379.17381,0.388348,-33.301457,5188.054183,5188.988585092855
379.18381,0.387368,-33.301013,5187.72117,5192.321976602834
379.19381,0.386391,-33.300569,5187.388162,5188.347731636503
379.20381,0.385417,-33.300125,5187.055159,5190.601526294871
379.21381,0.384446,-33.299681,5186.72216,5185.097310472395
379.22381,0.383478,-33.299237,5186.389165,5187.853727480155
379.23381,0.382514,-33.298793,5186.056175,5185.118041616245
379.24381,0.381552,-33.298349,5185.723189,5185.767414614674
379.25381,0.380594,-33.297906,5185.390208,5184.9664265227875
379.26381,0.379639,-33.297462,5185.057231,5186.055711521274
379.27381,0.378687,-33.297019,5184.724259,5187.65153452433
379.28381,0.377737,-33.296576,5184.391291,5186.993739644671
379.29381,0.376791,-33.296133,5184.058327,5184.251714827516
379.30381,0.375848,-33.29569,5183.725368,5186.99148661099
379.31381,0.374908,-33.295247,5183.392414,5183.458448340507
379.32381,0.373971,-33.294804,5183.059463,5185.0581511762675
379.33381,0.373037,-33.294362,5182.726518,5182.644482786081
379.34381,0.372106,-33.293919,5182.393576,5185.409158339514
379.35381,0.371178,-33.293477,5182.060639,5179.143415475074
379.36381,0.370253,-33.293034,5181.727707,5181.627701831866
379.37381,0.369331,-33.292592,5181.394778,5180.876073664388
379.38381,0.368413,-33.29215,5181.061855,5179.851188411545
379.39381,0.367497,-33.291708,5180.728935,5180.421942151791
379.40381,0.366584,-33.291266,5180.396021,5182.225505714529
379.41381,0.365674,-33.290824,5180.06311,5176.011027055872
379.42381,0.364766,-33.290382,5179.730204,5177.753827031973
379.43381,0.363862,-33.28994,5179.397303,5181.448110158803
379.44381,0.362961,-33.289498,5179.064405,5177.530330250505
379.45381,0.362063,-33.289057,5178.731513,5180.979784405189
379.46381,0.361168,-33.288615,5178.398624,5179.987737390784
379.47381,0.360275,-33.288174,5178.06574,5177.658419420059
379.48381,0.359386,-33.287732,5177.732861,5175.260653939346
379.49381,0.358499,-33.287291,5177.399986,5175.974619160511
379.50381,0.357615,-33.286849,5177.067115,5180.277079747941
379.51381,0.356735,-33.286408,5176.734249,5175.282582978855
379.52381,0.355857,-33.285967,5176.401387,5176.729575774025
379.53381,0.354982,-33.285526,5176.068529,5176.001671014785
379.54381,0.354109,-33.285084,5175.735676,5177.816363398659
379.55381,0.35324,-33.284643,5175.402828,5175.891070172613
379.56381,0.352374,-33.284202,5175.069983,5175.299686980885
379.57381,0.35151,-33.283761,5174.737144,5175.578744552671
379.58381,0.350649,-33.28332,5174.404308,5176.901795722495
379.59381,0.349791,-33.28288,5174.071477,5177.1057171428265
379.60381,0.348936,-33.282439,5173.738651,5174.649848409448
379.61381,0.348084,-33.281998,5173.405828,5175.734550729049
379.62381,0.347234,-33.281557,5173.073011,5172.000301606435
379.63381,0.346388,-33.281116,5172.740197,5170.881164656811
379.64381,0.345544,-33.280676,5172.407388,5172.796799765894
379.65381,0.344703,-33.280235,5172.074584,5174.619465514059
379.66381,0.343865,-33.279794,5171.741784,5171.620318829037
379.67381,0.343029,-33.279354,5171.408988,5170.821476882209
379.68381,0.342196,-33.278913,5171.076196,5172.880644288885
379.69381,0.341366,-33.278472,5170.74341,5171.0273693759145
379.70381,0.340539,-33.278032,5170.410627,5171.472283637688
379.71381,0.339715,-33.277591,5170.077849,5171.178046000181
379.72381,0.338893,-33.277151,5169.745075,5169.705985686288
379.73381,0.338074,-33.27671,5169.412306,5172.940184899614
379.74381,0.337258,-33.27627,5169.079541,5170.007338535562
379.75381,0.336444,-33.275829,5168.746781,5168.654002332678
379.76381,0.335633,-33.275389,5168.414024,5168.035916401227
379.77381,0.334825,-33.274948,5168.081273,5168.102269953613
379.78381,0.33402,-33.274508,5167.748525,5166.612538275837
379.79381,0.333217,-33.274067,5167.415783,5167.8195548836375
379.80381,0.332417,-33.273627,5167.083044,5168.369130616737
379.81381,0.33162,-33.273186,5166.75031,5163.829694933369
379.82381,0.330825,-33.272746,5166.41758,5166.059037029158
379.83381,0.330033,-33.272306,5166.084855,5166.292154218826
379.84381,0.329244,-33.271865,5165.752134,5165.584973964106
379.85381,0.328457,-33.271425,5165.419418,5167.310872413893
379.86381,0.327673,-33.270984,5165.086706,5165.089690669005
379.87381,0.326892,-33.270544,5164.753998,5164.777732117475
379.88381,0.326113,-33.270103,5164.421295,5166.557700711714
379.89381,0.325337,-33.269663,5164.088596,5163.792267701037
379.90381,0.324563,-33.269222,5163.755902,5162.893112148562
379.91381,0.323793,-33.268782,5163.423212,5163.693062765233
379.92381,0.323024,-33.268341,5163.090526,5165.496867807727
379.93381,0.322259,-33.267901,5162.757845,5163.1499643042725
379.94381,0.321496,-33.26746,5162.425168,5163.6305284274395
379.95381,0.320735,-33.26702,5162.092496,5164.415458673954
379.96381,0.319977,-33.266579,5161.759828,5163.987667730867
379.97381,0.319222,-33.266139,5161.427164,5160.943872787863
379.98381,0.318469,-33.265698,5161.094505,5160.296447226066
379.99381,0.317719,-33.265257,5160.76185,5160.888082810924
380.00381,0.316972,-33.264817,5160.4292,5162.875444993027
380.01381,0.316227,-33.264376,5160.096554,5160.314302656636
380.02381,0.315484,-33.263935,5159.763912,5159.6358749851415
380.03381,0.314744,-33.263495,5159.431275,5160.747406930071
380.04381,0.314007,-33.263054,5159.098642,5161.113286532744
380.05381,0.313272,-33.262613,5158.766014,5157.7185073007495
380.06381,0.31254,-33.262172,5158.43339,5159.9496948437145
380.07381,0.31181,-33.261732,5158.10077,5159.464635210308
380.08381,0.311083,-33.261291,5157.768155,5157.366114256209
380.09381,0.310358,-33.26085,5157.435545,5158.313661744095
380.10381,0.309636,-33.260409,5157.102938,5159.659059267801
380.11381,0.308916,-33.259968,5156.770337,5158.306069537778
380.12381,0.308198,-33.259527,5156.437739,5158.625628707855
380.13381,0.307484,-33.259086,5156.105146,5158.569219908506
380.14381,0.306771,-33.258645,5155.772557,5156.994476145988
380.15381,0.306061,-33.258204,5155.439973,5155.334031509851
380.16381,0.305354,-33.257763,5155.107393,5155.299984309063
380.17381,0.304649,-33.257321,5154.774818,5155.011394395817
380.18381,0.303946,-33.25688,5154.442247,5152.95382714337
380.19381,0.303246,-33.256439,5154.10968,5155.111003776286
380.20381,0.302549,-33.255998,5153.777118,5152.198291944017
380.21381,0.301853,-33.255556,5153.44456,5151.944802279448
380.22381,0.301161,-33.255115,5153.112007,5155.283810161898
380.23381,0.30047,-33.254673,5152.779458,5151.898322989197
380.24381,0.299782,-33.254232,5152.446913,5152.754680277355
380.25381,0.299097,-33.25379,5152.114373,5149.717441398365
380.26381,0.298414,-33.253349,5151.781838,5153.9016977363635
380.27381,0.297733,-33.252907,5151.449306,5151.322640763008
380.28381,0.297054,-33.252465,5151.11678,5151.02245767076
380.29381,0.296378,-33.252024,5150.784257,5150.984301683001
380.30381,0.295705,-33.251582,5150.451739,5151.207063652536
380.31381,0.295034,-33.25114,5150.119225,5148.632184212748
380.32381,0.294365,-33.250698,5149.786716,5148.106094048288
380.33381,0.293698,-33.250256,5149.454211,5149.633043317
380.34381,0.293034,-33.249814,5149.121711,5150.653917654228
380.35381,0.292372,-33.249372,5148.789215,5148.435472957162
380.36381,0.291713,-33.24893,5148.456724,5149.686125871318
380.37381,0.291056,-33.248488,5148.124237,5150.074167366452
380.38381,0.290401,-33.248046,5147.791754,5148.070760527611
380.39381,0.289748,-33.247603,5147.459276,5149.3208012702235
380.40381,0.289098,-33.247161,5147.126802,5147.718586719852
380.41381,0.28845,-33.246719,5146.794332,5146.449877457387
380.42381,0.287805,-33.246276,5146.461867,5148.2807834276755
380.43381,0.287162,-33.245834,5146.129407,5145.297424888603
380.44381,0.286521,-33.245391,5145.796951,5147.489227059169
380.45381,0.285882,-33.244948,5145.464499,5145.1021325370275
380.46381,0.285246,-33.244506,5145.132052,5145.488004131573
380.47381,0.284612,-33.244063,5144.799609,5144.793601289099
380.48381,0.28398,-33.24362,5144.467171,5141.955127203948
380.49381,0.283351,-33.243177,5144.134737,5144.356184903543
380.50381,0.282723,-33.242734,5143.802307,5145.821580346012
380.51381,0.282098,-33.242291,5143.469882,5142.655709629481
380.52381,0.281476,-33.241848,5143.137461,5144.851450559465
380.53381,0.280855,-33.241405,5142.805045,5140.458756933327
380.54381,0.280237,-33.240962,5142.472633,5142.420057753505
380.55381,0.279621,-33.240518,5142.140226,5144.153530059648
380.56381,0.279007,-33.240075,5141.807823,5141.46169121144
380.57381,0.278395,-33.239631,5141.475424,5142.196612105434
380.58381,0.277786,-33.239188,5141.14303,5139.322170188487
380.59381,0.277179,-33.238744,5140.81064,5141.030884625089
380.60381,0.276574,-33.238301,5140.478255,5140.323835456763
380.61381,0.275971,-33.237857,5140.145874,5143.098524218594
380.62381,0.275371,-33.237413,5139.813498,5139.790687578823
380.63381,0.274772,-33.236969,5139.481126,5139.663221748382
380.64381,0.274176,-33.236525,5139.148759,5140.266319685372
380.65381,0.273582,-33.236081,5138.816396,5137.16278004812
380.66381,0.27299,-33.235637,5138.484037,5138.316510129635
380.67381,0.272401,-33.235193,5138.151683,5139.141678414461
380.68381,0.271813,-33.234749,5137.819333,5139.741319966214
380.69381,0.271228,-33.234304,5137.486988,5139.498486231135
380.70381,0.270645,-33.23386,5137.154647,5136.307058951393
380.71381,0.270064,-33.233416,5136.822311,5136.8039498852095
380.72381,0.269485,-33.232971,5136.489979,5135.428599888969
380.73381,0.268908,-33.232526,5136.157651,5137.2936378349095
380.74381,0.268334,-33.232082,5135.825328,5137.390499206929
380.75381,0.267761,-33.231637,5135.49301,5138.392186454908
380.76381,0.267191,-33.231192,5135.160696,5136.483333712171
380.77381,0.266623,-33.230747,5134.828386,5135.204353122249
380.78381,0.266056,-33.230302,5134.496081,5135.367245985974
380.79381,0.265492,-33.229857,5134.16378,5132.6233058606695
380.80381,0.264931,-33.229412,5133.831483,5136.282454110535
380.81381,0.264371,-33.228967,5133.499192,5134.979844539547
380.82381,0.263813,-33.228521,5133.166904,5134.029701159535
380.83381,0.263257,-33.228076,5132.834621,5133.185270826126
380.84381,0.262704,-33.22763,5132.502343,5135.991578634525
380.85381,0.262152,-33.227185,5132.170069,5132.425954107535
380.86381,0.261603,-33.226739,5131.837799,5131.971056725448
380.87381,0.261055,-33.226293,5131.505534,5132.870675886163
380.88381,0.26051,-33.225848,5131.173273,5132.55134546707
380.89381,0.259967,-33.225402,5130.841017,5130.940443821573
380.90381,0.259426,-33.224956,5130.508765,5131.247849520294
380.91381,0.258886,-33.22451,5130.176518,5131.429366807863
380.92381,0.258349,-33.224063,5129.844275,5126.908431797928
380.93381,0.257814,-33.223617,5129.512036,5128.768761172619
380.94381,0.257281,-33.223171,5129.179803,5129.266607767353
380.95381,0.25675,-33.222725,5128.847573,5130.019436454862
380.96381,0.256221,-33.222278,5128.515348,5130.122839150576
380.97381,0.255694,-33.221831,5128.183127,5128.314880627304
380.98381,0.255169,-33.221385,5127.850911,5128.44887611517
380.99381,0.254646,-33.220938,5127.5187,5129.597539863113
381.00381,0.254125,-33.220491,5127.186493,5128.946488376207
381.01381,0.253032,-33.220044,5126.85429,5127.579167177262
381.02381,0.251795,-33.219598,5126.522092,5129.418924517159
381.03381,0.250561,-33.219151,5126.189898,5128.201837352518
381.04381,0.249332,-33.218705,5125.857709,5127.068506235799
381.05381,0.248106,-33.218258,5125.525524,5125.724365411583
381.06381,0.246884,-33.217812,5125.193344,5126.227974395713
381.07381,0.245666,-33.217366,5124.861168,5125.339389165282
381.08381,0.244452,-33.216919,5124.528996,5124.187349585184
381.09381,0.243242,-33.216473,5124.196829,5125.735175167502
381.10381,0.242035,-33.216027,5123.864667,5124.1536238176395
381.11381,0.240833,-33.215582,5123.532509,5125.456616936297
381.12381,0.239634,-33.215136,5123.200355,5125.967251224419
381.13381,0.23844,-33.21469,5122.868206,5122.9988411966
381.14381,0.237252,-33.214244,5122.536061,5122.969606800645
381.15381,0.236068,-33.213798,5122.203921,5124.396675990215
381.16381,0.234888,-33.213353,5121.871785,5122.281884945282
381.17381,0.233711,-33.212907,5121.539654,5124.136212292555
381.18381,0.232539,-33.21246,5121.207527,5123.29355314302
381.19381,0.23137,-33.212014,5120.875405,5120.935158645884
381.20381,0.230205,-33.211568,5120.543287,5120.856610876437
381.21381,0.229043,-33.211122,5120.211174,5119.222100863656
381.22381,0.227886,-33.210675,5119.879065,5122.2307048686835
381.23381,0.226732,-33.210229,5119.54696,5120.255149551588
381.24381,0.225582,-33.209782,5119.21486,5120.9779387645785
381.25381,0.224436,-33.209336,5118.882764,5120.580832925311
381.26381,0.223293,-33.208889,5118.550673,5118.058946913644
381.27381,0.222155,-33.208442,5118.218587,5119.52183067222
381.28381,0.22102,-33.207995,5117.886504,5118.34029344687
381.29381,0.219889,-33.207548,5117.554427,5118.464318598606
381.30381,0.218761,-33.207101,5117.222353,5115.890607657931
381.31381,0.217638,-33.206654,5116.890285,5119.9883896502815
381.32381,0.216518,-33.206206,5116.55822,5117.483740091929
381.33381,0.215402,-33.205759,5116.226161,5114.755926395275
381.34381,0.21429,-33.205311,5115.894105,5114.034131763365
381.35381,0.213181,-33.204863,5115.562054,5116.5060864816705
381.36381,0.212076,-33.204416,5115.230008,5116.548138357995
381.37381,0.210975,-33.203968,5114.897966,5115.0042173080565
381.38381,0.209877,-33.20352,5114.565929,5114.473368356844
381.39381,0.208784,-33.203072,5114.233896,5114.245543154438
381.40381,0.207694,-33.202623,5113.901867,5112.394908374643
381.41381,0.206607,-33.202175,5113.569843,5113.80668878998
381.42381,0.205525,-33.201727,5113.237824,5115.232879797243
381.43381,0.204446,-33.201278,5112.905809,5114.8324103356545
381.44381,0.203371,-33.200829,5112.573798,5110.705196065549
381.45381,0.202299,-33.20038,5112.241792,5111.487787988042
381.46381,0.201232,-33.199932,5111.90979,5112.465451791854
381.47381,0.200168,-33.199482,5111.577793,5109.997065819373
381.48381,0.199107,-33.199033,5111.245801,5108.4273619277865
381.49381,0.198051,-33.198584,5110.913813,5108.467126323205
381.50381,0.196998,-33.198135,5110.581829,5109.746792790431
381.51381,0.195948,-33.197685,5110.24985,5109.104371504336
381.52381,0.194903,-33.197235,5109.917875,5111.417682559029
381.53381,0.193861,-33.196785,5109.585905,5111.813004189821
381.54381,0.192823,-33.196335,5109.25394,5111.389242334523
381.55381,0.191788,-33.195885,5108.921979,5108.828932776726
381.56381,0.190757,-33.195435,5108.590022,5110.591647192433
381.57381,0.18973,-33.194985,5108.25807,5107.706947643075
381.58381,0.188707,-33.194534,5107.926122,5106.868965575192
381.59381,0.187687,-33.194084,5107.594179,5106.566250195129
381.60381,0.186671,-33.193633,5107.262241,5107.070621120659
381.61381,0.185659,-33.193182,5106.930307,5107.737710379708
381.62381,0.18465,-33.192731,5106.598377,5111.295711052548
381.63381,0.183645,-33.19228,5106.266452,5104.837390167138
381.64381,0.182643,-33.191828,5105.934531,5105.874038494532
381.65381,0.181646,-33.191377,5105.602615,5105.159966376597
381.66381,0.180652,-33.190925,5105.270704,5103.8509203924605
381.67381,0.179661,-33.190474,5104.938797,5106.108722126188
381.68381,0.178675,-33.190022,5104.606894,5103.728908525895
381.69381,0.177692,-33.18957,5104.274996,5102.852854568463
381.70381,0.176713,-33.189118,5103.943103,5104.943427208682
381.71381,0.175737,-33.188665,5103.611214,5104.6509163320725
381.72381,0.174765,-33.188213,5103.27933,5101.572470334395
381.73381,0.173797,-33.18776,5102.94745,5102.371756439902
381.74381,0.172832,-33.187307,5102.615575,5105.230743950233
381.75381,0.171871,-33.186855,5102.283704,5102.184490632238
381.76381,0.170914,-33.186401,5101.951837,5101.69830333253
381.77381,0.169961,-33.185948,5101.619976,5102.511054394842
381.78381,0.169011,-33.185495,5101.288118,5103.175288190358
381.79381,0.168065,-33.185041,5100.956266,5102.727054754476
381.80381,0.167122,-33.184588,5100.624418,5103.83265491668
381.81381,0.166184,-33.184134,5100.292574,5101.556932055829
381.82381,0.165249,-33.18368,5099.960735,5099.773441185501
381.83381,0.164317,-33.183226,5099.6289,5098.646747638583
381.84381,0.16339,-33.182772,5099.29707,5100.190105844243
381.85381,0.162466,-33.182317,5098.965245,5101.610293569536
381.86381,0.161546,-33.181863,5098.633424,5099.082486652554
381.87381,0.160629,-33.181408,5098.301608,5100.2184493855
381.88381,0.159716,-33.180953,5097.969796,5101.557021281046
381.89381,0.158807,-33.180498,5097.637989,5095.405200962675
381.90381,0.157902,-33.180043,5097.306186,5096.456019193209
381.91381,0.157,-33.179587,5096.974388,5099.069329878039
381.92381,0.156103,-33.179132,5096.642594,5096.14018607563
381.93381,0.155208,-33.178676,5096.310805,5095.5120001549685
381.94381,0.154318,-33.17822,5095.979021,5096.552307463448
381.95381,0.153431,-33.177764,5095.647241,5097.468174051858
381.96381,0.152549,-33.177308,5095.315465,5096.672412867922
381.97381,0.15167,-33.176852,5094.983695,5094.739924650268
381.98381,0.150794,-33.176395,5094.651928,5097.1745012920655
381.99381,0.149923,-33.175938,5094.320167,5092.502235077351
382.00381,0.149055,-33.175482,5093.98841,5097.525703333436
382.01381,0.148191,-33.175025,5093.656657,5093.108383407346
382.02381,0.147331,-33.174568,5093.324909,5092.782094813991
382.03381,0.146474,-33.17411,5092.993166,5092.35237044815
382.04381,0.145622,-33.173653,5092.661427,5094.076189046722
382.05381,0.144773,-33.173195,5092.329693,5092.470131638215
382.06381,0.143928,-33.172737,5091.997963,5091.442254855199
382.07381,0.143086,-33.172279,5091.666238,5091.162469372671
382.08381,0.142249,-33.171821,5091.334517,5090.92305997751
382.09381,0.141416,-33.171363,5091.002802,5093.074250364486
382.10381,0.140586,-33.170904,5090.67109,5089.998686039701
382.11381,0.13976,-33.170446,5090.339383,5091.447638611159
382.12381,0.138938,-33.169987,5090.007681,5090.401516455021
382.13381,0.13812,-33.169528,5089.675984,5088.486063023057
382.14381,0.137306,-33.169069,5089.344291,5089.195961720278
382.15381,0.136496,-33.16861,5089.012602,5090.59607873011
382.16381,0.135689,-33.16815,5088.680919,5089.128967232872
382.17381,0.134887,-33.167691,5088.349239,5090.330166597821
382.18381,0.134088,-33.167231,5088.017565,5091.350428468004
382.19381,0.133293,-33.166771,5087.685895,5087.014855368062
382.20381,0.132503,-33.166311,5087.354229,5086.884646968782
382.21381,0.131716,-33.165851,5087.022568,5088.132853175564
382.22381,0.130933,-33.16539,5086.690912,5087.690410121733
382.23381,0.130154,-33.164929,5086.359261,5088.182757258961
382.24381,0.12938,-33.164469,5086.027614,5087.75993510629
382.25381,0.128609,-33.164008,5085.695971,5085.691063800582
382.26381,0.127842,-33.163547,5085.364334,5086.068683649356
382.27381,0.127079,-33.163085,5085.0327,5084.2807842009515
382.28381,0.12632,-33.162624,5084.701072,5087.778072733636
382.29381,0.125566,-33.162162,5084.369448,5085.132499997975
382.30381,0.124815,-33.1617,5084.037829,5086.334425285833
382.31381,0.124068,-33.161238,5083.706214,5083.922232221405
382.32381,0.123326,-33.160776,5083.374604,5084.196444343036
382.33381,0.122588,-33.160314,5083.042998,5083.452816878434
382.34381,0.121853,-33.159852,5082.711398,5084.647789072776
382.35381,0.121123,-33.159389,5082.379801,5081.734933815706
382.36381,0.120397,-33.158926,5082.04821,5081.0125834312375
382.37381,0.119675,-33.158463,5081.716623,5084.344551658606
382.38381,0.118958,-33.158,5081.385041,5081.427440719342
382.39381,0.118244,-33.157537,5081.053463,5081.326072441184
382.40381,0.117535,-33.157073,5080.72189,5079.283924540691
382.41381,0.11683,-33.15661,5080.390321,5079.628275181908
382.42381,0.116129,-33.156146,5080.058758,5080.205090523214
382.43381,0.115433,-33.155682,5079.727198,5078.952191939749
382.44381,0.114741,-33.155218,5079.395644,5080.424529542588
382.45381,0.114053,-33.154753,5079.064094,5079.644429242195
382.46381,0.113369,-33.154289,5078.732549,5080.200954825683
382.47381,0.11269,-33.153824,5078.401008,5080.687433268501
382.48381,0.112015,-33.153359,5078.069472,5077.404030699096
382.49381,0.111345,-33.152894,5077.737941,5080.520488038459
382.50381,0.110679,-33.152429,5077.406415,5076.521452948212
382.51381,0.110017,-33.151964,5077.074893,5078.604973130847
382.52381,0.10936,-33.151498,5076.743375,5079.254309325701
382.53381,0.108707,-33.151033,5076.411863,5078.393462955293
382.54381,0.108059,-33.150567,5076.080355,5076.71477767304
382.55381,0.107415,-33.150101,5075.748851,5074.899772172205
382.56381,0.106775,-33.149635,5075.417353,5076.5651651297285
382.57381,0.106141,-33.149168,5075.085859,5078.024747927302
382.58381,0.105511,-33.148702,5074.754369,5075.668003311233
382.59381,0.104885,-33.148235,5074.422885,5075.9664062255815
382.60381,0.104264,-33.147768,5074.091405,5077.386009829506
382.61381,0.103648,-33.147301,5073.759929,5075.203485729074
382.62381,0.103036,-33.146834,5073.428458,5072.041246121504
382.63381,0.102429,-33.146367,5073.096992,5074.800598893236
382.64381,0.101827,-33.145899,5072.765531,5072.126491955808
382.65381,0.101229,-33.145432,5072.434075,5072.843264332353
382.66381,0.100636,-33.144964,5072.102623,5071.2246463587035
382.67381,0.100048,-33.144496,5071.771175,5072.96751167499
382.68381,0.099465,-33.144028,5071.439733,5072.329915729766
382.69381,0.098886,-33.143559,5071.108295,5069.350424067036
382.70381,0.098313,-33.143091,5070.776861,5071.7432877734245
382.71381,0.097744,-33.142622,5070.445433,5071.261273215487
382.72381,0.09718,-33.142153,5070.114009,5072.587226035689
382.73381,0.096621,-33.141684,5069.78259,5069.647632825421
382.74381,0.096067,-33.141215,5069.451175,5070.10615154203
382.75381,0.095518,-33.140746,5069.119765,5068.728862207316
382.76381,0.094974,-33.140276,5068.78836,5066.700441901906
382.77381,0.094436,-33.139807,5068.45696,5070.447974436457
382.78381,0.093902,-33.139337,5068.125564,5067.612561718116
382.79381,0.093373,-33.138867,5067.794173,5068.387077731916
382.80381,0.092849,-33.138397,5067.462787,5066.582064419309
382.81381,0.092331,-33.137926,5067.131405,5068.814751606956
382.82381,0.091818,-33.137456,5066.800028,5065.301666143864
382.83381,0.091309,-33.136985,5066.468656,5066.283351085757
382.84381,0.090807,-33.136515,5066.137289,5064.73853612962
382.85381,0.090309,-33.136044,5065.805926,5066.2388702362005
382.86381,0.089817,-33.135573,5065.474568,5065.833751814212
382.87381,0.08933,-33.135101,5065.143214,5063.639166672378
382.88381,0.088848,-33.13463,5064.811866,5062.911853679351
382.89381,0.088372,-33.134158,5064.480522,5065.721827855013
382.90381,0.087901,-33.133687,5064.149183,5064.845996907835
382.91381,0.087435,-33.133215,5063.817848,5065.079639744361
382.92381,0.086975,-33.132743,5063.486518,5064.268275233463
382.93381,0.086521,-33.13227,5063.155193,5064.5356511444725
382.94381,0.086072,-33.131798,5062.823873,5060.548595781519
382.95381,0.085628,-33.131325,5062.492557,5062.860622395572
382.96381,0.08519,-33.130853,5062.161246,5060.349891902446
382.97381,0.084758,-33.13038,5061.82994,5060.381873161049
382.98381,0.084331,-33.129907,5061.498639,5062.296522266907
382.99381,0.08391,-33.129434,5061.167342,5064.039484144483
383.00381,0.083495,-33.12896,5060.83605,5060.633022541303
383.01381,0.083085,-33.128487,5060.504763,5059.560855840451
383.02381,0.082681,-33.128013,5060.17348,5058.413356131926
383.03381,0.082283,-33.127539,5059.842203,5060.058792187685
383.04381,0.081891,-33.127065,5059.51093,5059.487232006349
383.05381,0.081504,-33.126591,5059.179661,5056.8476751190665
383.06381,0.081123,-33.126117,5058.848398,5058.598027769353
383.07381,0.080749,-33.125643,5058.517139,5058.4372137395985
383.08381,0.08038,-33.125168,5058.185885,5059.500015634079
383.09381,0.080016,-33.124693,5057.854636,5060.211636498293
383.10381,0.079659,-33.124219,5057.523391,5060.826187138852
383.11381,0.079308,-33.123743,5057.192151,5057.637338585324
383.12381,0.078963,-33.123268,5056.860916,5058.035853534979
383.13381,0.078624,-33.122793,5056.529686,5057.347568298551
383.14381,0.07829,-33.122317,5056.19846,5056.260937532151
383.15381,0.077963,-33.121842,5055.86724,5055.515740716331
383.16381,0.077642,-33.121366,5055.536023,5052.935242795216
383.17381,0.077327,-33.12089,5055.204812,5052.766102683333
383.18381,0.077018,-33.120414,5054.873606,5053.4481841478255
383.19381,0.076715,-33.119938,5054.542404,5052.540667231999
383.20381,0.076418,-33.119461,5054.211207,5050.942480140823
383.21381,0.076128,-33.118985,5053.880015,5054.492498994243
383.22381,0.075843,-33.118508,5053.548827,5054.725842596366
383.23381,0.075565,-33.118031,5053.217645,5054.055773093348
383.24381,0.075293,-33.117554,5052.886467,5053.597216846398
383.25381,0.075027,-33.117077,5052.555293,5050.139644956324
383.26381,0.074767,-33.1166,5052.224125,5053.4851838239
383.27381,0.074514,-33.116122,5051.892961,5052.505863202718
383.28381,0.074267,-33.115645,5051.561803,5052.377993440696
383.29381,0.074026,-33.115167,5051.230649,5051.509069755017
383.30381,0.073791,-33.114689,5050.899499,5051.960486206008
383.31381,0.073562,-33.114211,5050.568355,5051.123688127762
383.32381,0.07334,-33.113733,5050.237215,5051.577818483354
383.33381,0.073124,-33.113255,5049.90608,5053.16628498084
383.34381,0.072914,-33.112776,5049.57495,5048.449911564286
383.35381,0.072711,-33.112298,5049.243825,5050.918332744392
383.36381,0.072513,-33.111819,5048.912704,5050.292911883864
383.37381,0.072322,-33.11134,5048.581588,5047.676493922428
383.38381,0.072138,-33.110861,5048.250477,5045.952446773515
383.39381,0.071959,-33.110382,5047.919371,5046.189350639251
383.40381,0.071787,-33.109903,5047.58827,5046.65472529699
383.41381,0.071621,-33.109423,5047.257173,5046.678265500109
383.42381,0.071461,-33.108944,5046.926081,5047.23453469113
383.43381,0.071307,-33.108464,5046.594994,5049.103575450388
383.44381,0.07116,-33.107984,5046.263912,5048.005853396637
383.45381,0.071018,-33.107504,5045.932834,5047.615783395602
383.46381,0.070883,-33.107024,5045.601762,5047.154839857197
383.47381,0.070754,-33.106544,5045.270694,5044.3228203207545
383.48381,0.070631,-33.106063,5044.939631,5046.585386053889
383.49381,0.070515,-33.105583,5044.608573,5045.267278491905
383.50381,0.070404,-33.105102,5044.277519,5044.547261413121
383.51381,0.070299,-33.104621,5043.946471,5045.675273339659
383.52381,0.070201,-33.10414,5043.615427,5046.688859299394
383.53381,0.070108,-33.103659,5043.284388,5045.647922241913
383.54381,0.070022,-33.103178,5042.953354,5044.477740869808
383.55381,0.069941,-33.102697,5042.622324,5041.100602630672
383.56381,0.069867,-33.102215,5042.2913,5042.842370776005
383.57381,0.069798,-33.101734,5041.96028,5040.889791151092
383.58381,0.069735,-33.101252,5041.629265,5042.088462124297
383.59381,0.069678,-33.10077,5041.298255,5044.498535654311
383.60381,0.069627,-33.100288,5040.96725,5039.755354106303
383.61381,0.069582,-33.099806,5040.636249,5040.534795557329
383.62381,0.069542,-33.099323,5040.305253,5039.3739098225815
383.63381,0.069508,-33.098841,5039.974263,5041.734357085407
383.64381,0.06948,-33.098358,5039.643277,5042.848639369748
383.65381,0.069457,-33.097876,5039.312295,5041.22824767694
383.66381,0.06944,-33.097393,5038.981319,5038.281270067639
383.67381,0.069429,-33.09691,5038.650348,5040.753776341928
383.68381,0.069423,-33.096427,5038.319381,5037.617328489959
383.69381,0.069422,-33.095944,5037.988419,5036.735589161642
383.70381,0.069427,-33.09546,5037.657462,5037.886480063783
383.71381,0.069437,-33.094977,5037.32651,5038.329654745202
383.72381,0.069453,-33.094493,5036.995563,5034.702551047312
383.73381,0.069474,-33.09401,5036.66462,5038.183709312218
383.74381,0.0695,-33.093526,5036.333682,5035.775419211904
383.75381,0.069531,-33.093042,5036.00275,5038.9838948042925
383.76381,0.069568,-33.092558,5035.671822,5036.139412721297
383.77381,0.069609,-33.092074,5035.340898,5034.942153761776
383.78381,0.069655,-33.091589,5035.00998,5034.595433406972
383.79381,0.069707,-33.091105,5034.679067,5036.4732459693405
383.80381,0.069763,-33.09062,5034.348158,5035.05768619478
383.81381,0.069824,-33.090135,5034.017254,5034.340486193054
383.82381,0.06989,-33.089651,5033.686355,5036.233803275542
383.83381,0.069961,-33.089166,5033.355461,5032.105127024745
383.84381,0.070037,-33.088681,5033.024572,5031.822497564166
383.85381,0.070117,-33.088195,5032.693688,5033.645000056504
383.86381,0.070202,-33.08771,5032.362808,5030.488078966329
383.87381,0.070291,-33.087225,5032.031933,5032.293291348541
383.88381,0.070385,-33.086739,5031.701064,5031.815170788638
383.89381,0.070483,-33.086254,5031.370199,5031.279459807472
383.90381,0.070585,-33.085768,5031.039338,5031.351826703077
383.91381,0.070692,-33.085282,5030.708483,5032.273308223117
383.92381,0.070803,-33.084796,5030.377633,5030.951386987016
383.93381,0.070918,-33.08431,5030.046787,5030.512600206067
383.94381,0.071038,-33.083823,5029.715947,5031.330245619424
383.95381,0.071161,-33.083337,5029.385111,5029.480416914845
383.96381,0.071288,-33.082851,5029.05428,5030.150827503259
383.97381,0.07142,-33.082364,5028.723454,5028.506418872215
383.98381,0.071555,-33.081877,5028.392633,5028.510730765792
383.99381,0.071694,-33.08139,5028.061816,5026.517261842578
384.00381,0.071837,-33.080904,5027.731005,5025.015246304393
384.01381,0.071984,-33.080416,5027.400198,5027.494106663654
384.02381,0.072134,-33.079929,5027.069396,5027.458494768273
384.03381,0.072288,-33.079442,5026.7386,5024.633658651923
384.04381,0.072445,-33.078955,5026.407808,5026.735097292726
384.05381,0.072606,-33.078467,5026.077021,5029.785700354504
384.06381,0.07277,-33.07798,5025.746238,5025.423435378574
384.07381,0.072938,-33.077492,5025.415461,5027.182386153387
384.08381,0.073109,-33.077004,5025.084688,5027.955971033191
384.09381,0.073283,-33.076516,5024.753921,5028.952048654576
384.10381,0.073461,-33.076028,5024.423158,5024.462247873225
384.11381,0.073641,-33.07554,5024.0924,5025.543010075657
384.12381,0.073825,-33.075052,5023.761647,5025.200253990909
384.13381,0.074012,-33.074563,5023.430899,5021.364904407051
384.14381,0.074201,-33.074075,5023.100156,5022.065756685241
384.15381,0.074394,-33.073586,5022.769418,5026.645210532956
384.16381,0.07459,-33.073098,5022.438684,5021.590093715509
384.17381,0.074788,-33.072609,5022.107956,5024.273898707092
384.18381,0.074989,-33.07212,5021.777232,5024.103535552698
384.19381,0.075193,-33.071631,5021.446513,5022.593517442845
384.20381,0.075399,-33.071142,5021.1158,5021.505169803041
384.21381,0.075608,-33.070653,5020.785091,5023.748818939229
384.22381,0.07582,-33.070163,5020.454386,5022.784746343605
384.23381,0.076034,-33.069674,5020.123687,5019.856630303348
384.24381,0.076251,-33.069184,5019.792993,5020.00597858529
384.25381,0.07647,-33.068695,5019.462304,5019.118478202874
384.26381,0.076691,-33.068205,5019.131619,5020.283341139033
384.27381,0.076915,-33.067715,5018.80094,5017.620631458208
384.28381,0.077141,-33.067225,5018.470265,5019.131197597046
384.29381,0.077369,-33.066735,5018.139595,5018.548786245698
384.30381,0.0776,-33.066245,5017.80893,5017.10150265746
384.31381,0.077832,-33.065755,5017.47827,5019.570936631431
384.32381,0.078067,-33.065265,5017.147615,5015.782080024452
384.33381,0.078303,-33.064774,5016.816965,5016.063580671912
384.34381,0.078542,-33.064284,5016.48632,5017.267312246826
384.35381,0.078782,-33.063793,5016.155679,5016.35983210622
384.36381,0.079025,-33.063303,5015.825044,5015.492131378284
384.37381,0.079269,-33.062812,5015.494413,5017.305474606527
384.38381,0.079515,-33.062321,5015.163787,5015.087654989235
384.39381,0.079763,-33.06183,5014.833167,5015.217868679557
384.40381,0.080013,-33.061339,5014.502551,5014.088753623757
384.41381,0.080264,-33.060848,5014.17194,5018.971726099423
384.42381,0.080517,-33.060356,5013.841334,5013.9344505107965
384.43381,0.080772,-33.059865,5013.510733,5013.809715956258
384.44381,0.081028,-33.059374,5013.180137,5014.059562470147
384.45381,0.081286,-33.058882,5012.849545,5013.757378948227
384.46381,0.081545,-33.05839,5012.518959,5012.017999371946
384.47381,0.081805,-33.057899,5012.188377,5010.595824785225
384.48381,0.082067,-33.057407,5011.857801,5013.707494279614
384.49381,0.082331,-33.056915,5011.527229,5015.308364505522
384.50381,0.082596,-33.056423,5011.196663,5010.770532761634
384.51381,0.082862,-33.055931,5010.866101,5012.449732639658
384.52381,0.083129,-33.055439,5010.535544,5009.58013306151
384.53381,0.083398,-33.054947,5010.204992,5010.182344732673
384.54381,0.083668,-33.054454,5009.874445,5013.323166973437
384.55381,0.083939,-33.053962,5009.543903,5010.349860527137
384.56381,0.084211,-33.053469,5009.213366,5007.783286511846
384.57381,0.084484,-33.052977,5008.882834,5009.177474057672
384.58381,0.084759,-33.052484,5008.552306,5006.367402510009
384.59381,0.085034,-33.051991,5008.221784,5009.531779710994
384.60381,0.085311,-33.051498,5007.891267,5004.078356128692
384.61381,0.085588,-33.051006,5007.560754,5008.875908051923
384.62381,0.085866,-33.050512,5007.230246,5006.197416833733
384.63381,0.086146,-33.050019,5006.899744,5008.802420273639
384.64381,0.086426,-33.049526,5006.569246,5005.1889976884
384.65381,0.086707,-33.049033,5006.238753,5006.037047593276
384.66381,0.086989,-33.04854,5005.908265,5003.847926646914
384.67381,0.087272,-33.048046,5005.577782,5004.989559471092
384.68381,0.087556,-33.047553,5005.247304,5004.8939287623725
384.69381,0.08784,-33.047059,5004.916831,5008.4879035501035
384.70381,0.088125,-33.046565,5004.586363,5003.381502017967
384.71381,0.088411,-33.046072,5004.2559,5005.647487383873
384.72381,0.088697,-33.045578,5003.925442,5006.633547692551
384.73381,0.088985,-33.045084,5003.594989,5004.1761932789705
384.74381,0.089273,-33.04459,5003.26454,5005.405202834383
384.75381,0.089561,-33.044096,5002.934097,5006.308850036061
384.76381,0.08985,-33.043602,5002.603658,5001.687052677977
384.77381,0.09014,-33.043108,5002.273225,5002.8258339134345
384.78381,0.09043,-33.042613,5001.942796,5000.5355826961895
384.79381,0.090721,-33.042119,5001.612372,4999.982682222929
384.80381,0.091012,-33.041624,5001.281954,5002.973053745821
384.81381,0.091304,-33.04113,5000.95154,5003.229840513244
384.82381,0.091596,-33.040635,5000.621131,5002.048061747978
384.83381,0.091888,-33.040141,5000.290727,5000.681330025801
384.84381,0.092182,-33.039646,4999.960328,4999.682515487406
384.85381,0.092475,-33.039151,4999.629934,4999.101073902788
384.86381,0.092769,-33.038656,4999.299545,5001.331615496838
384.87381,0.093063,-33.038161,4998.969161,5001.412467401679
384.88381,0.093358,-33.037666,4998.638782,4998.74924548289
384.89381,0.093653,-33.037171,4998.308408,4999.736567957845
384.90381,0.093948,-33.036676,4997.978039,4998.099792040655
384.91381,0.094243,-33.036181,4997.647674,4997.763417741207
384.92381,0.094539,-33.035685,4997.317315,4999.689787817998
384.93381,0.094835,-33.03519,4996.986961,4995.856359665369
384.94381,0.095131,-33.034695,4996.656611,4999.423183959458
384.95381,0.095428,-33.034199,4996.326267,4995.769770287286
384.96381,0.095725,-33.033703,4995.995927,5000.396541842599
384.97381,0.096022,-33.033208,4995.665593,4996.497965622706
384.98381,0.096319,-33.032712,4995.335263,4993.9474730635475
384.99381,0.096616,-33.032216,4995.004938,4994.5372192097475
385.00381,0.096913,-33.03172,4994.674619,4996.170696502632
385.01381,0.097211,-33.031224,4994.344304,4995.324226438373
385.02381,0.097509,-33.030728,4994.013994,4995.505460436414
385.03381,0.097806,-33.030232,4993.683689,4993.0858995064755
385.04381,0.098104,-33.029736,4993.35339,4993.022406900979
385.05381,0.098402,-33.02924,4993.023095,4992.370351434253
385.06381,0.0987,-33.028744,4992.692805,4995.713271250372
385.07381,0.098998,-33.028248,4992.36252,4992.671258709506
385.08381,0.099296,-33.027751,4992.03224,4990.635229351291
385.09381,0.099595,-33.027255,4991.701965,4991.211567458683
385.10381,0.099893,-33.026758,4991.371695,4994.7476464619285
385.11381,0.100191,-33.026262,4991.04143,4990.96193570457
385.12381,0.100489,-33.025765,4990.71117,4989.897016315094
385.13381,0.100787,-33.025268,4990.380914,4992.314258566369
385.14381,0.101085,-33.024772,4990.050664,4992.815290675091
385.15381,0.101383,-33.024275,4989.720419,4990.746470365707
385.16381,0.101681,-33.023778,4989.390179,4991.629126382262
385.17381,0.101979,-33.023281,4989.059943,4989.764757760641
385.18381,0.102277,-33.022784,4988.729713,4991.350696110502
385.19381,0.102575,-33.022287,4988.399488,4988.48244229039
385.20381,0.102872,-33.02179,4988.069267,4988.0008861224205
385.21381,0.10317,-33.021293,4987.739052,4985.968260948432
385.22381,0.103467,-33.020795,4987.408841,4985.891514866411
385.23381,0.103765,-33.020298,4987.078636,4988.47247923723
385.24381,0.104062,-33.019801,4986.748435,4988.946637951991
385.25381,0.104359,-33.019303,4986.41824,4989.101715213919
385.26381,0.104656,-33.018806,4986.088049,4988.38284327381
385.27381,0.104952,-33.018309,4985.757864,4988.412510783174
385.28381,0.105249,-33.017811,4985.427683,4986.579593801256
385.29381,0.105545,-33.017313,4985.097508,4984.917514723477
385.30381,0.105841,-33.016816,4984.767337,4984.970789450383
385.31381,0.106137,-33.016318,4984.437171,4981.173146153889
385.32381,0.106433,-33.01582,4984.107011,4983.726111894924
385.33381,0.106728,-33.015322,4983.776855,4983.496999052755
385.34381,0.107024,-33.014824,4983.446704,4983.312121602147
385.35381,0.107319,-33.014327,4983.116558,4984.0179674452465
385.36381,0.107613,-33.013829,4982.786418,4983.853993185929
385.37381,0.107908,-33.013331,4982.456282,4982.59907392227
385.38381,0.108202,-33.012832,4982.126151,4985.2517992023095
385.39381,0.108496,-33.012334,4981.796025,4980.760784098831
385.40381,0.10879,-33.011836,4981.465904,4982.535717910483
385.41381,0.109084,-33.011338,4981.135788,4982.387338056632
385.42381,0.109377,-33.01084,4980.805678,4982.017843719353
385.43381,0.10967,-33.010341,4980.475572,4976.873806631846
385.44381,0.109962,-33.009843,4980.145471,4979.91920095539
385.45381,0.110255,-33.009344,4979.815375,4980.24836766588
385.46381,0.110547,-33.008846,4979.485284,4980.016012882665
385.47381,0.110838,-33.008347,4979.155198,4976.324846493992
385.48381,0.11113,-33.007849,4978.825117,4977.841470744626
385.49381,0.111421,-33.00735,4978.495041,4978.220930824442
385.50381,0.111712,-33.006852,4978.16497,4977.78674828502
385.51381,0.112002,-33.006353,4977.834904,4978.821680725167
385.52381,0.112292,-33.005854,4977.504843,4977.442260696141
385.53381,0.112582,-33.005355,4977.174787,4979.7519525995485
385.54381,0.112871,-33.004857,4976.844736,4974.4105875715295
385.55381,0.11316,-33.004358,4976.51469,4975.483057840959
385.56381,0.113449,-33.003859,4976.184649,4976.037970790808
385.57381,0.113737,-33.00336,4975.854613,4979.206201608071
385.58381,0.114025,-33.002861,4975.524581,4974.304523655574
385.59381,0.114313,-33.002362,4975.194555,4975.818175284637
385.60381,0.1146,-33.001863,4974.864534,4975.401431539032
385.61381,0.114886,-33.001363,4974.534518,4974.795255075285
385.62381,0.115173,-33.000864,4974.204507,4973.750916710976
385.63381,0.115459,-33.000365,4973.874501,4973.838457063893
385.64381,0.115744,-32.999866,4973.5445,4971.740728486671
385.65381,0.11603,-32.999366,4973.214503,4976.495405866347
385.66381,0.116314,-32.998867,4972.884512,4970.974242276128
385.67381,0.116599,-32.998368,4972.554526,4974.152099695316
385.68381,0.116883,-32.997868,4972.224545,4970.471117961168
385.69381,0.117166,-32.997369,4971.894569,4972.606924430424
385.70381,0.117449,-32.996869,4971.564598,4971.209273538027
385.71381,0.117732,-32.99637,4971.234631,4969.848515808999
385.72381,0.118014,-32.99587,4970.90467,4969.378008461119
385.73381,0.118296,-32.99537,4970.574714,4972.743277008687
385.74381,0.118578,-32.994871,4970.244763,4971.334780926295
385.75381,0.118859,-32.994371,4969.914817,4970.76836425189
385.76381,0.119139,-32.993871,4969.584875,4972.354650696512
385.77381,0.119419,-32.993372,4969.254939,4966.456004691171
385.78381,0.119699,-32.992872,4968.925008,4969.763105119333
385.79381,0.119978,-32.992372,4968.595082,4967.192497851176
385.80381,0.120257,-32.991872,4968.26516,4970.600299905618
385.81381,0.120535,-32.991372,4967.935244,4969.301285052091
385.82381,0.120813,-32.990872,4967.605333,4968.362567457811
385.83381,0.12109,-32.990372,4967.275427,4967.702600534476
385.84381,0.121367,-32.989872,4966.945526,4964.307889743503
385.85381,0.121644,-32.989372,4966.615629,4963.862859382673
385.86381,0.12192,-32.988872,4966.285738,4962.935067703372
385.87381,0.122195,-32.988372,4965.955852,4966.448948900996
385.88381,0.12247,-32.987872,4965.625971,4965.731250355265
385.89381,0.122745,-32.987371,4965.296095,4967.063304756111
385.90381,0.123019,-32.986871,4964.966223,4966.157040108974
385.91381,0.123292,-32.986371,4964.636357,4964.8286354577585
385.92381,0.123565,-32.985871,4964.306496,4964.098200293589
385.93381,0.123838,-32.98537,4963.97664,4965.555603673597
385.94381,0.12411,-32.98487,4963.646788,4964.47654965161
385.95381,0.124382,-32.98437,4963.316942,4961.636562209948
385.96381,0.124653,-32.983869,4962.987101,4962.298785036925
385.97381,0.124924,-32.983369,4962.657265,4965.623854205026
385.98381,0.125194,-32.982868,4962.327434,4962.058451374202
385.99381,0.125463,-32.982368,4961.997608,4962.99970179864
386.00381,0.125733,-32.981867,4961.667786,4963.931645612524
386.01381,0.126001,-32.981367,4961.33797,4963.060212958733
386.02381,0.126269,-32.980866,4961.008159,4960.774546057926
386.03381,0.126537,-32.980366,4960.678353,4959.87190414537
386.04381,0.126804,-32.979865,4960.348552,4960.172382156434
386.05381,0.127071,-32.979364,4960.018756,4960.596286822985
386.06381,0.127337,-32.978864,4959.688964,4961.738120659612
386.07381,0.127603,-32.978363,4959.359178,4960.206917281203
386.08381,0.127868,-32.977862,4959.029397,4961.758423904491
386.09381,0.128132,-32.977361,4958.699621,4959.373666189099
386.10381,0.128396,-32.97686,4958.36985,4959.897256598536
386.11381,0.12866,-32.97636,4958.040084,4959.855076727635
386.12381,0.128923,-32.975859,4957.710323,4958.289116193895
386.13381,0.129186,-32.975358,4957.380567,4960.24405152948
386.14381,0.129448,-32.974857,4957.050816,4960.106032275918
386.15381,0.129709,-32.974356,4956.72107,4957.894058767534
386.16381,0.12997,-32.973855,4956.391328,4957.304406042943
386.17381,0.130231,-32.973354,4956.061592,4956.159639385913
386.18381,0.130491,-32.972853,4955.731861,4955.810564174025
386.19381,0.13075,-32.972352,4955.402135,4954.384612288156
386.20381,0.131009,-32.971851,4955.072414,4955.908975792799
386.21381,0.131267,-32.97135,4954.742698,4955.443195023231
386.22381,0.131525,-32.970849,4954.412987,4954.522717160677
386.23381,0.131782,-32.970348,4954.083281,4956.932436305757
386.24381,0.132039,-32.969847,4953.75358,4954.287439043225
386.25381,0.132295,-32.969346,4953.423884,4953.211975448004
386.26381,0.132551,-32.968844,4953.094193,4953.04089954244
386.27381,0.132806,-32.968343,4952.764508,4953.39232091098
386.28381,0.133061,-32.967842,4952.434827,4950.602212608767
386.29381,0.133315,-32.967341,4952.105151,4950.630005130666
386.30381,0.133569,-32.96684,4951.77548,4952.747898044348
386.31381,0.133822,-32.966338,4951.445814,4949.784307366285
386.32381,0.134074,-32.965837,4951.116153,4952.979802241542
386.33381,0.134327,-32.965336,4950.786497,4951.031692308467
386.34381,0.134578,-32.964834,4950.456846,4950.43478746002
386.35381,0.134829,-32.964333,4950.1272,4950.52503636632
386.36381,0.135079,-32.963832,4949.79756,4948.799511893217
386.37381,0.135329,-32.96333,4949.467924,4948.805691320284
386.38381,0.135579,-32.962829,4949.138293,4948.551028694912
386.39381,0.135827,-32.962327,4948.808667,4947.598885653932
386.40381,0.136076,-32.961826,4948.479046,4948.948191638191
386.41381,0.136323,-32.961325,4948.149431,4947.037392127408
386.42381,0.136571,-32.960823,4947.81982,4951.524296892461
386.43381,0.136817,-32.960322,4947.490214,4946.955076884049
386.44381,0.137063,-32.95982,4947.160614,4948.4574272081045
386.45381,0.137309,-32.959319,4946.831018,4945.668010191755
386.46381,0.137554,-32.958817,4946.501427,4946.768468457554
386.47381,0.137799,-32.958316,4946.171842,4945.656206295056
386.48381,0.138043,-32.957814,4945.842261,4946.007523136945
386.49381,0.138286,-32.957312,4945.512685,4948.121812561416
386.50381,0.138529,-32.956811,4945.183115,4945.055462712472
386.51381,0.138771,-32.956309,4944.853549,4944.625821900516
386.52381,0.139013,-32.955808,4944.523988,4943.7212554207
386.53381,0.139254,-32.955306,4944.194433,4944.239729831428
386.54381,0.139495,-32.954804,4943.864882,4947.580660264072
386.55381,0.139735,-32.954303,4943.535337,4944.842762132756
386.56381,0.139975,-32.953801,4943.205796,4944.512967906517
386.57381,0.140214,-32.953299,4942.876261,4942.822164173167
386.58381,0.140453,-32.952798,4942.54673,4942.997925127604
386.59381,0.140691,-32.952296,4942.217205,4943.645623696687
386.60381,0.140928,-32.951794,4941.887684,4945.094571313911
386.61381,0.141165,-32.951293,4941.558169,4942.335964429552
386.62381,0.141402,-32.950791,4941.228658,4941.2232028922
386.63381,0.141638,-32.950289,4940.899153,4939.903195466497
386.64381,0.141873,-32.949787,4940.569653,4943.462067723753
386.65381,0.142108,-32.949286,4940.240157,4940.686518069165
386.66381,0.142342,-32.948784,4939.910667,4939.690262762944
386.67381,0.142576,-32.948282,4939.581182,4939.444874246122
386.68381,0.142809,-32.94778,4939.251701,4940.3688450114205
386.69381,0.143042,-32.947278,4938.922226,4940.438636801678
386.70381,0.143274,-32.946777,4938.592756,4937.138433502192
386.71381,0.143506,-32.946275,4938.263291,4939.748699982201
386.72381,0.143737,-32.945773,4937.93383,4938.738461447203
386.73381,0.143967,-32.945271,4937.604375,4937.585265503121
386.74381,0.144197,-32.944769,4937.274925,4938.816954075041
386.75381,0.144427,-32.944267,4936.94548,4935.477791416792
386.76381,0.144656,-32.943765,4936.61604,4936.541083968605
386.77381,0.144884,-32.943264,4936.286604,4934.981270241087
386.78381,0.145112,-32.942762,4935.957174,4935.153097378559
386.79381,0.145339,-32.94226,4935.627749,4935.953838722429
386.80381,0.145566,-32.941758,4935.298329,4934.5684041041395
386.81381,0.145793,-32.941256,4934.968914,4934.491182808795
386.82381,0.146018,-32.940754,4934.639504,4933.919316713785
386.83381,0.146244,-32.940252,4934.310099,4934.523051517141
386.84381,0.146468,-32.93975,4933.980699,4936.175748742866
386.85381,0.146692,-32.939248,4933.651304,4933.540486824387
386.86381,0.146916,-32.938746,4933.321914,4933.968454210781
386.87381,0.147139,-32.938245,4932.992529,4933.014918092085
386.88381,0.147362,-32.937743,4932.663149,4933.595401647585
386.89381,0.147584,-32.937241,4932.333774,4931.722233733323
386.90381,0.147805,-32.936739,4932.004404,4933.556763012553
386.91381,0.148026,-32.936237,4931.675039,4934.370073198922
386.92381,0.148247,-32.935735,4931.345679,4931.9246977210705
386.93381,0.148467,-32.935233,4931.016325,4932.154908710356
386.94381,0.148686,-32.934731,4930.686975,4931.871870953445
386.95381,0.148905,-32.934229,4930.35763,4931.769231766584
386.96381,0.149123,-32.933727,4930.02829,4931.401301954675
386.97381,0.149341,-32.933225,4929.698955,4929.494147362709
386.98381,0.149558,-32.932723,4929.369626,4929.739742187538
386.99381,0.149775,-32.932221,4929.040301,4932.0993035120755
387.00381,0.149991,-32.931719,4928.710981,4925.612189382964
387.01381,0.150207,-32.931217,4928.381667,4930.05325375492
387.02381,0.150422,-32.930715,4928.052357,4927.499609280825
387.03381,0.150637,-32.930213,4927.723052,4929.036881547757
387.04381,0.150851,-32.929711,4927.393753,4929.031072361811
387.05381,0.151065,-32.929209,4927.064458,4926.687981341909
387.06381,0.151278,-32.928707,4926.735169,4929.875670653595
387.07381,0.15149,-32.928205,4926.405884,4926.902192909801
387.08381,0.151702,-32.927703,4926.076604,4927.751618824848
387.09381,0.151914,-32.927201,4925.74733,4925.603913667051
387.10381,0.152125,-32.926699,4925.41806,4924.874664579392
387.11381,0.152336,-32.926197,4925.088796,4925.406071743703
387.12381,0.152546,-32.925695,4924.759536,4926.643875348994
387.13381,0.152755,-32.925193,4924.430282,4927.021790841801
387.14381,0.152964,-32.924691,4924.101033,4920.299322699993
387.15381,0.153173,-32.924189,4923.771788,4924.208390214252
387.16381,0.153381,-32.923687,4923.442549,4923.995593991016
387.17381,0.153588,-32.923185,4923.113314,4923.242931424949
387.18381,0.153795,-32.922683,4922.784085,4923.886049576591
387.19381,0.154001,-32.922181,4922.454861,4923.832505345827
387.20381,0.154207,-32.921679,4922.125642,4924.903400921375
387.21381,0.154413,-32.921177,4921.796427,4926.994239027398
387.22381,0.154618,-32.920675,4921.467218,4921.4514671676425
387.23381,0.154822,-32.920173,4921.138014,4919.92625393048
387.24381,0.155026,-32.919671,4920.808814,4922.897164369699
387.25381,0.155229,-32.919169,4920.47962,4921.944668095323
387.26381,0.155432,-32.918668,4920.150431,4919.254323309946
387.27381,0.155635,-32.918166,4919.821247,4922.399851023583
387.28381,0.155836,-32.917664,4919.492068,4918.656892818503
387.29381,0.156038,-32.917162,4919.162894,4918.627199411878
387.30381,0.156239,-32.91666,4918.833725,4916.530618144099
387.31381,0.156439,-32.916158,4918.50456,4918.7707178153105
387.32381,0.156639,-32.915656,4918.175401,4918.876327743599
387.33381,0.156838,-32.915154,4917.846247,4916.771630035232
387.34381,0.157037,-32.914652,4917.517098,4918.383977312932
387.35381,0.157235,-32.91415,4917.187954,4919.277190067215
387.36381,0.157433,-32.913648,4916.858815,4919.724721108795
387.37381,0.157631,-32.913146,4916.529681,4911.860367038359
387.38381,0.157827,-32.912644,4916.200552,4915.888347556733
387.39381,0.158024,-32.912142,4915.871428,4917.203191216795
387.40381,0.15822,-32.911641,4915.54231,4915.96442638425
387.41381,0.158415,-32.911139,4915.213196,4913.1813367880195
387.42381,0.15861,-32.910637,4914.884087,4915.025631225052
387.43381,0.158804,-32.910135,4914.554983,4915.5358130483255
387.44381,0.158998,-32.909633,4914.225884,4915.112813239369
387.45381,0.159192,-32.909131,4913.89679,4914.135917035291
387.46381,0.159385,-32.908629,4913.567701,4914.6932262570435
387.47381,0.159577,-32.908127,4913.238618,4914.387115330593
387.48381,0.159769,-32.907626,4912.909539,4914.519522983061
387.49381,0.15996,-32.907124,4912.580465,4913.56629075409
387.50381,0.160151,-32.906622,4912.251396,4911.432396989346
387.51381,0.160342,-32.90612,4911.922333,4911.621932985188
387.52381,0.160532,-32.905618,4911.593274,4911.470825970507
387.53381,0.160721,-32.905116,4911.26422,4915.139360583218
387.54381,0.16091,-32.904615,4910.935172,4910.475738703141
387.55381,0.161099,-32.904113,4910.606128,4909.569609750176
387.56381,0.161287,-32.903611,4910.277089,4910.479724574101
387.57381,0.161475,-32.903109,4909.948056,4910.441496212361
387.58381,0.161662,-32.902608,4909.619027,4910.343438406507
387.59381,0.161848,-32.902106,4909.290004,4909.527538226685
387.60381,0.162035,-32.901604,4908.960985,4908.804951002954
387.61381,0.16222,-32.901102,4908.631972,4909.050111711536
387.62381,0.162405,-32.900601,4908.302963,4906.995747274223
387.63381,0.16259,-32.900099,4907.97396,4909.299588863892
387.64381,0.162774,-32.899597,4907.644961,4909.4138024760605
387.65381,0.162958,-32.899095,4907.315968,4906.703883219066
387.66381,0.163141,-32.898594,4906.986979,4907.90982543549
387.67381,0.163324,-32.898092,4906.657996,4908.7475388614685
387.68381,0.163507,-32.89759,4906.329017,4909.97288390743
387.69381,0.163689,-32.897089,4906.000044,4906.614803546826
387.70381,0.16387,-32.896587,4905.671076,4904.5514770935915
387.71381,0.164051,-32.896086,4905.342112,4904.093330213753
387.72381,0.164231,-32.895584,4905.013154,4906.232800121735
387.73381,0.164411,-32.895082,4904.684201,4905.416310953906
387.74381,0.164591,-32.894581,4904.355252,4905.044845804076
387.75381,0.16477,-32.894079,4904.026309,4904.733537902252
387.76381,0.164949,-32.893578,4903.697371,4903.23214616195
387.77381,0.165127,-32.893076,4903.368437,4905.315897952453
387.78381,0.165305,-32.892574,4903.039509,4902.563291511489
387.79381,0.165482,-32.892073,4902.710586,4902.923873463766
387.80381,0.165659,-32.891571,4902.381668,4903.197110240884
387.81381,0.165835,-32.89107,4902.052754,4903.3744876121145
387.82381,0.166011,-32.890568,4901.723846,4901.001628920398
387.83381,0.166186,-32.890067,4901.394943,4899.624801756202
387.84381,0.166361,-32.889565,4901.066045,4899.445317024689
387.85381,0.166536,-32.889064,4900.737152,4900.829099078653
387.86381,0.16671,-32.888562,4900.408264,4901.224594937021
387.87381,0.166883,-32.888061,4900.079381,4900.053543507576
387.88381,0.167056,-32.88756,4899.750502,4900.623311548759
387.89381,0.167229,-32.887058,4899.421629,4901.6901795283375
387.90381,0.167401,-32.886557,4899.092761,4898.810127710081
387.91381,0.167573,-32.886055,4898.763898,4899.356230708007
387.92381,0.167745,-32.885554,4898.43504,4899.756553949471
387.93381,0.167915,-32.885053,4898.106187,4898.428894434739
387.94381,0.168086,-32.884551,4897.777339,4897.899025311689
387.95381,0.168256,-32.88405,4897.448496,4897.851315317455
387.96381,0.168425,-32.883549,4897.119658,4897.302229791413
387.97381,0.168595,-32.883047,4896.790825,4897.611313429438
387.98381,0.168763,-32.882546,4896.461997,4896.093274777282
387.99381,0.168931,-32.882045,4896.133174,4893.9072328579605
388.00381,0.169099,-32.881544,4895.804356,4896.131527934063
388.01381,0.168038,-32.881043,4895.475543,4893.097691536501
388.02381,0.166771,-32.880542,4895.146738,4896.255955519266
388.03381,0.165514,-32.880041,4894.817937,4895.425620777551
388.04381,0.164266,-32.879541,4894.48914,4896.539183845408
388.05381,0.163028,-32.879041,4894.160347,4892.080251715454
388.06381,0.161801,-32.878541,4893.831559,4894.0661676378195
388.07381,0.160584,-32.878042,4893.502776,4895.495534761657
388.08381,0.159379,-32.877543,4893.173998,4892.876380119594
388.09381,0.158184,-32.877044,4892.845225,4894.205279711368
388.10381,0.157,-32.876545,4892.516457,4891.9452446085925
388.11381,0.155828,-32.876046,4892.187694,4891.933019721627
388.12381,0.154666,-32.875548,4891.858936,4893.242830992214
388.13381,0.153516,-32.87505,4891.530183,4892.786809709761
388.14381,0.152377,-32.874552,4891.201435,4892.645370220706
388.15381,0.15125,-32.874055,4890.872692,4892.30898223728
388.16381,0.150134,-32.873557,4890.543954,4891.183480971379
388.17381,0.14903,-32.87306,4890.215221,4892.236226837438
388.18381,0.147938,-32.872563,4889.886493,4891.726344991459
388.19381,0.146858,-32.872066,4889.55777,4890.421102804376
388.20381,0.14579,-32.87157,4889.229052,4892.980143535811
388.21381,0.144734,-32.871073,4888.900338,4888.076993228479
388.22381,0.143691,-32.870577,4888.57163,4889.060578900438
388.23381,0.14266,-32.870081,4888.242927,4889.103424608138
388.24381,0.141641,-32.869585,4887.914228,4886.202120489313
388.25381,0.140635,-32.86909,4887.585535,4886.9863166861505
388.26381,0.139642,-32.868594,4887.256847,4888.444003998361
388.27381,0.138661,-32.868099,4886.928163,4889.0176007319615
388.28381,0.137694,-32.867604,4886.599485,4887.007576766849
388.29381,0.13674,-32.867109,4886.270811,4884.169563460654
388.30381,0.135799,-32.866614,4885.942142,4885.002660471069
388.31381,0.134871,-32.86612,4885.613479,4885.311600490162
388.32381,0.133957,-32.865625,4885.28482,4885.131771223327
388.33381,0.133057,-32.865131,4884.956166,4883.605093789427
388.34381,0.13217,-32.864637,4884.627517,4887.336080921579
388.35381,0.131298,-32.864143,4884.298874,4886.98479607992
388.36381,0.130439,-32.863649,4883.970235,4886.436987398934
388.37381,0.129595,-32.863155,4883.641601,4883.455951610956
388.38381,0.128764,-32.862662,4883.312971,4882.780941638287
388.39381,0.127948,-32.862168,4882.984347,4884.806954836939
388.40381,0.127147,-32.861675,4882.655728,4884.463374260128
388.41381,0.12636,-32.861182,4882.327114,4879.985668710825
388.42381,0.125588,-32.860689,4881.998504,4881.228992666269
388.43381,0.124831,-32.860196,4881.6699,4883.804825858534
388.44381,0.124089,-32.859703,4881.341301,4883.086573203416
388.45381,0.123362,-32.85921,4881.012706,4881.154999715823
388.46381,0.12265,-32.858718,4880.684116,4880.824667219841
388.47381,0.121954,-32.858225,4880.355532,4880.1970211344515
388.48381,0.121273,-32.857733,4880.026952,4880.171222429704
388.49381,0.120607,-32.85724,4879.698377,4880.804624465818
388.50381,0.119958,-32.856748,4879.369807,4880.513945179533
388.51381,0.119324,-32.856256,4879.041242,4876.308887014159
388.52381,0.118706,-32.855764,4878.712682,4879.74279397749
388.53381,0.118103,-32.855272,4878.384127,4879.500106687977
388.54381,0.117517,-32.85478,4878.055576,4877.654092659677
388.55381,0.116947,-32.854288,4877.727031,4877.62227716466
388.56381,0.116394,-32.853797,4877.398491,4879.593631849115
388.57381,0.115857,-32.853305,4877.069955,4878.89519300508
388.58381,0.115336,-32.852814,4876.741425,4875.79140004921
388.59381,0.114831,-32.852322,4876.412899,4878.050328325018
388.60381,0.114343,-32.851831,4876.084378,4875.971024633022
388.61381,0.113872,-32.851339,4875.755862,4876.54845545121
388.62381,0.113417,-32.850848,4875.427351,4877.194539982691
388.63381,0.11298,-32.850357,4875.098845,4874.166099977867
388.64381,0.112558,-32.849866,4874.770344,4875.161826925848
388.65381,0.112154,-32.849375,4874.441848,4874.06294040028
388.66381,0.111767,-32.848883,4874.113357,4876.056005301198
388.67381,0.111396,-32.848392,4873.78487,4872.25527000293
388.68381,0.111042,-32.847902,4873.456389,4874.036476445653
388.69381,0.110706,-32.847411,4873.127912,4871.537834462171
388.70381,0.110386,-32.84692,4872.799441,4874.721256360086
388.71381,0.110083,-32.846429,4872.470974,4872.066451545455
388.72381,0.109797,-32.845938,4872.142512,4872.653760010839
388.73381,0.109528,-32.845447,4871.814055,4873.206494298482
388.74381,0.109275,-32.844957,4871.485603,4872.070188996514
388.75381,0.10904,-32.844466,4871.157156,4868.605601047038
388.76381,0.108821,-32.843975,4870.828714,4873.362710076623
388.77381,0.108619,-32.843485,4870.500277,4870.859054939175
388.78381,0.108434,-32.842994,4870.171844,4870.147112689514
388.79381,0.108266,-32.842504,4869.843417,4870.57892584246
388.80381,0.108114,-32.842013,4869.514994,4870.066270733903
388.81381,0.107979,-32.841523,4869.186576,4869.2655535175145
388.82381,0.107861,-32.841032,4868.858164,4868.197575578247
388.83381,0.107758,-32.840542,4868.529756,4869.666085193669
388.84381,0.107672,-32.840051,4868.201353,4868.257563245185
388.85381,0.107602,-32.839561,4867.872955,4866.94246354144
388.86381,0.107549,-32.83907,4867.544562,4867.471842864416
388.87381,0.107511,-32.83858,4867.216173,4866.310312865094
388.88381,0.107489,-32.83809,4866.88779,4868.01625740213
388.89381,0.107483,-32.837599,4866.559412,4867.683441861398
388.90381,0.107493,-32.837109,4866.231038,4869.826709798984
388.91381,0.107518,-32.836618,4865.902669,4866.474800098981
388.92381,0.107559,-32.836128,4865.574306,4866.124808100491
388.93381,0.107614,-32.835638,4865.245947,4868.643878127781
388.94381,0.107685,-32.835147,4864.917593,4863.5672879219355
388.95381,0.107771,-32.834657,4864.589244,4864.877389766505
388.96381,0.107871,-32.834166,4864.2609,4864.059643768638
388.97381,0.107986,-32.833676,4863.93256,4863.585206376384
388.98381,0.108115,-32.833186,4863.604226,4864.426246990454
388.99381,0.108259,-32.832695,4863.275897,4862.336332184388
389.00381,0.108417,-32.832205,4862.947572,4863.034184922279
389.01381,0.108588,-32.831714,4862.619253,4861.81810025101
389.02381,0.108773,-32.831224,4862.290938,4861.199597921849
389.03381,0.108972,-32.830733,4861.962628,4864.438130904799
389.04381,0.109184,-32.830243,4861.634323,4864.585121110421
389.05381,0.109409,-32.829752,4861.306023,4863.490927270143
389.06381,0.109647,-32.829262,4860.977728,4861.374587653512
389.07381,0.109898,-32.828771,4860.649438,4861.607716240195
389.08381,0.110161,-32.828281,4860.321153,4858.727811156323
389.09381,0.110437,-32.82779,4859.992873,4858.835274358789
389.10381,0.110725,-32.8273,4859.664597,4859.4118426874065
389.11381,0.111024,-32.826809,4859.336327,4859.522919135745
389.12381,0.111335,-32.826318,4859.008061,4859.74469835254
389.13381,0.111658,-32.825828,4858.6798,4858.9864688248545
389.14381,0.111992,-32.825337,4858.351544,4859.001496989742
389.15381,0.112337,-32.824846,4858.023293,4858.953637081498
389.16381,0.112693,-32.824355,4857.695047,4859.618370931516
389.17381,0.11306,-32.823864,4857.366806,4859.049177881203
389.18381,0.113437,-32.823374,4857.03857,4858.343658411432
389.19381,0.113825,-32.822883,4856.710339,4856.63749118025
389.20381,0.114222,-32.822392,4856.382112,4856.703212684191
389.21381,0.114629,-32.821901,4856.053891,4857.383241627426
389.22381,0.115046,-32.82141,4855.725674,4858.148918318574
389.23381,0.115472,-32.820919,4855.397463,4854.164486757246
389.24381,0.115908,-32.820428,4855.069256,4857.13981587426
389.25381,0.116353,-32.819936,4854.741054,4856.689882912159
389.26381,0.116806,-32.819445,4854.412857,4857.370901368561
389.27381,0.117268,-32.818954,4854.084665,4853.602999137879
389.28381,0.117738,-32.818463,4853.756478,4852.639017310171
389.29381,0.118217,-32.817972,4853.428296,4850.349754783323
389.30381,0.118704,-32.81748,4853.100119,4854.81554638615
389.31381,0.119199,-32.816989,4852.771946,4855.998103708313
389.32381,0.119701,-32.816497,4852.443779,4853.861374681398
389.33381,0.120211,-32.816006,4852.115617,4852.668851448116
389.34381,0.120728,-32.815514,4851.787459,4852.556404077622
389.35381,0.121252,-32.815023,4851.459306,4850.712956740005
389.36381,0.121783,-32.814531,4851.131158,4850.69033897681
389.37381,0.122321,-32.814039,4850.803016,4851.229162456356
389.38381,0.122866,-32.813548,4850.474878,4847.970497667224
389.39381,0.123417,-32.813056,4850.146745,4850.295244276924
389.40381,0.123974,-32.812564,4849.818617,4849.108506619861
389.41381,0.124537,-32.812072,4849.490493,4850.528408809207
389.42381,0.125107,-32.81158,4849.162375,4851.321019456802
389.43381,0.125682,-32.811088,4848.834262,4849.711705728914
389.44381,0.126263,-32.810596,4848.506153,4851.99828248742
389.45381,0.126849,-32.810104,4848.17805,4848.793880025109
389.46381,0.12744,-32.809612,4847.849951,4850.167912706465
389.47381,0.128037,-32.809119,4847.521858,4848.9667769911475
389.48381,0.128639,-32.808627,4847.193769,4849.158781139008
389.49381,0.129245,-32.808135,4846.865685,4847.22531400351
389.50381,0.129857,-32.807642,4846.537606,4846.402114994605
389.51381,0.130472,-32.80715,4846.209532,4844.513028650515
389.52381,0.131093,-32.806657,4845.881463,4846.194929253875
389.53381,0.131717,-32.806165,4845.553399,4845.27847509695
389.54381,0.132346,-32.805672,4845.22534,4846.986266260121
389.55381,0.132979,-32.805179,4844.897286,4844.649279869734
389.56381,0.133616,-32.804686,4844.569236,4843.759089110702
389.57381,0.134257,-32.804194,4844.241192,4842.624639640374
389.58381,0.134901,-32.803701,4843.913152,4845.622820153642
389.59381,0.135549,-32.803208,4843.585118,4845.07403719469
389.60381,0.136201,-32.802715,4843.257088,4846.134968311807
389.61381,0.136855,-32.802221,4842.929064,4843.463157774367
389.62381,0.137513,-32.801728,4842.601044,4841.524351476076
389.63381,0.138175,-32.801235,4842.273029,4845.279187788397
389.64381,0.138839,-32.800742,4841.945019,4839.165161287064
389.65381,0.139506,-32.800248,4841.617014,4842.282718199552
389.66381,0.140176,-32.799755,4841.289014,4840.808999569349
389.67381,0.140848,-32.799261,4840.961019,4840.347546486406
389.68381,0.141523,-32.798768,4840.633029,4840.15403642191
389.69381,0.142201,-32.798274,4840.305044,4841.883350940818
389.70381,0.142881,-32.79778,4839.977064,4839.088984799268
389.71381,0.143564,-32.797286,4839.649088,4835.980413150522
389.72381,0.144248,-32.796792,4839.321118,4839.69358502748
389.73381,0.144935,-32.796298,4838.993152,4836.535076061802
389.74381,0.145624,-32.795804,4838.665192,4839.823370192305
389.75381,0.146315,-32.79531,4838.337236,4839.571254459501
389.76381,0.147008,-32.794816,4838.009286,4838.079522435464
389.77381,0.147703,-32.794322,4837.68134,4835.997473731937
389.78381,0.148399,-32.793828,4837.353399,4836.977118331896
389.79381,0.149097,-32.793333,4837.025463,4837.376965287723
389.80381,0.149797,-32.792839,4836.697533,4835.60291355431
389.81381,0.150498,-32.792344,4836.369607,4835.631007441362
389.82381,0.1512,-32.79185,4836.041686,4837.017050476892
389.83381,0.151904,-32.791355,4835.71377,4836.382692096175
389.84381,0.15261,-32.79086,4835.385859,4835.915869749279
389.85381,0.153316,-32.790365,4835.057952,4836.773302921624
389.86381,0.154024,-32.78987,4834.730051,4833.1990568977635
389.87381,0.154733,-32.789375,4834.402155,4833.433117041276
389.88381,0.155443,-32.78888,4834.074264,4833.706589022529
389.89381,0.156153,-32.788385,4833.746377,4836.140267850189
389.90381,0.156865,-32.78789,4833.418496,4833.433231733416
389.91381,0.157578,-32.787395,4833.09062,4833.871988273019
389.92381,0.158291,-32.786899,4832.762748,4833.097853754675
389.93381,0.159005,-32.786404,4832.434882,4832.727801157889
389.94381,0.15972,-32.785908,4832.10702,4832.750947499822
389.95381,0.160436,-32.785413,4831.779163,4831.467214213459
389.96381,0.161152,-32.784917,4831.451312,4833.2233702878275
389.97381,0.161869,-32.784421,4831.123465,4830.886078364787
389.98381,0.162586,-32.783926,4830.795623,4829.641656568636
389.99381,0.163304,-32.78343,4830.467787,4828.690089449773
390.00381,0.164022,-32.782934,4830.139955,4829.117997878673
390.01381,0.16474,-32.782438,4829.812128,4826.981120523998
390.02381,0.165459,-32.781942,4829.484306,4830.639815292045
390.03381,0.166178,-32.781445,4829.156489,4832.940990406652
390.04381,0.166897,-32.780949,4828.828677,4826.951854832904
390.05381,0.167617,-32.780453,4828.50087,4828.264643782399
390.06381,0.168336,-32.779956,4828.173068,4829.278903010598
390.07381,0.169056,-32.77946,4827.845271,4828.3573190468205
390.08381,0.169776,-32.778963,4827.517479,4828.223514874058
390.09381,0.170495,-32.778467,4827.189692,4827.558082438585
390.10381,0.171215,-32.77797,4826.86191,4827.511598699925
390.11381,0.171935,-32.777473,4826.534132,4827.179986990393
390.12381,0.172655,-32.776976,4826.20636,4824.597526805238
390.13381,0.173374,-32.776479,4825.878593,4825.205388838869
390.14381,0.174093,-32.775982,4825.550831,4829.994204514122
390.15381,0.174813,-32.775485,4825.223073,4826.420514059107
390.16381,0.175532,-32.774988,4824.895321,4827.015089660154
390.17381,0.17625,-32.774491,4824.567573,4823.644189314451
390.18381,0.176969,-32.773993,4824.239831,4821.797453309594
390.19381,0.177687,-32.773496,4823.912094,4825.034705696003
390.20381,0.178405,-32.772998,4823.584361,4824.316657874631
390.21381,0.179122,-32.772501,4823.256634,4824.30857963812
390.22381,0.179839,-32.772003,4822.928911,4823.668895207942
390.23381,0.180556,-32.771506,4822.601194,4824.417714159672
390.24381,0.181272,-32.771008,4822.273481,4825.074664900982
390.25381,0.181988,-32.77051,4821.945773,4822.377413043769
390.26381,0.182703,-32.770012,4821.618071,4819.6736779919065
390.27381,0.183418,-32.769514,4821.290373,4823.0031547895
390.28381,0.184132,-32.769016,4820.96268,4821.030527155743
390.29381,0.184845,-32.768518,4820.634993,4824.348339852745
390.30381,0.185558,-32.768019,4820.30731,4819.934232707525
390.31381,0.186271,-32.767521,4819.979632,4819.616211041808
390.32381,0.186982,-32.767023,4819.65196,4819.610429764724
390.33381,0.187694,-32.766524,4819.324292,4818.316300131585
390.34381,0.188404,-32.766026,4818.996629,4818.884666535749
390.35381,0.189114,-32.765527,4818.668971,4818.778412558794
390.36381,0.189823,-32.765028,4818.341319,4819.747503156623
390.37381,0.190531,-32.76453,4818.013671,4817.089959615332
390.38381,0.191238,-32.764031,4817.686028,4817.959775122745
390.39381,0.191945,-32.763532,4817.35839,4817.46896284541
390.40381,0.192651,-32.763033,4817.030757,4817.620320126647
390.41381,0.193356,-32.762534,4816.70313,4815.769410704364
390.42381,0.194061,-32.762035,4816.375507,4816.7223482698
390.43381,0.194764,-32.761536,4816.047889,4813.890108602624
390.44381,0.195467,-32.761036,4815.720276,4816.429546300949
390.45381,0.196168,-32.760537,4815.392668,4814.349394366134
390.46381,0.196869,-32.760038,4815.065065,4816.268517792466
390.47381,0.197569,-32.759538,4814.737467,4816.829367723124
390.48381,0.198268,-32.759039,4814.409875,4816.939856847037
390.49381,0.198966,-32.758539,4814.082287,4816.693822863928
390.50381,0.199663,-32.758039,4813.754704,4813.057595862422
390.51381,0.200359,-32.757539,4813.427126,4811.837989134658
390.52381,0.201055,-32.75704,4813.099553,4813.401128246575
390.53381,0.201749,-32.75654,4812.771985,4812.605312821409
390.54381,0.202442,-32.75604,4812.444422,4814.956969887143
390.55381,0.203134,-32.75554,4812.116864,4812.731023072979
390.56381,0.203825,-32.75504,4811.789311,4814.439773888414
390.57381,0.204516,-32.754539,4811.461764,4814.384096760263
390.58381,0.205205,-32.754039,4811.134221,4813.0399968333995
390.59381,0.205893,-32.753539,4810.806683,4811.004609651681
390.60381,0.20658,-32.753038,4810.47915,4809.404532910482
390.61381,0.207266,-32.752538,4810.151622,4809.721250939761
390.62381,0.20795,-32.752037,4809.824099,4809.422027811941
390.63381,0.208634,-32.751537,4809.496581,4810.439549946406
390.64381,0.209317,-32.751036,4809.169068,4809.985275068482
390.65381,0.209998,-32.750535,4808.84156,4808.966445039208
390.66381,0.210679,-32.750034,4808.514058,4809.689856016617
390.67381,0.211358,-32.749534,4808.18656,4808.674581307495
390.68381,0.212036,-32.749033,4807.859067,4809.0354041184855
390.69381,0.212713,-32.748532,4807.531579,4806.801544197797
390.70381,0.213389,-32.748031,4807.204096,4808.454751954912
390.71381,0.214063,-32.747529,4806.876619,4806.879147429505
390.72381,0.214737,-32.747028,4806.549146,4806.447227623761
390.73381,0.215409,-32.746527,4806.221678,4805.106514706785
390.74381,0.21608,-32.746026,4805.894215,4807.234657404661
390.75381,0.21675,-32.745524,4805.566757,4805.967712753076
390.76381,0.217418,-32.745023,4805.239305,4807.676487686208
390.77381,0.218086,-32.744521,4804.911857,4807.02981099172
390.78381,0.218752,-32.74402,4804.584414,4807.927477592064
390.79381,0.219417,-32.743518,4804.256977,4805.119047471781
390.80381,0.220081,-32.743016,4803.929544,4805.193063384465
390.81381,0.220743,-32.742514,4803.602116,4804.193412054729
390.82381,0.221405,-32.742013,4803.274694,4806.040227683032
390.83381,0.222065,-32.741511,4802.947276,4805.711783779263
390.84381,0.222723,-32.741009,4802.619863,4804.717730624313
390.85381,0.223381,-32.740507,4802.292456,4805.22417225246
390.86381,0.224037,-32.740005,4801.965053,4801.607513010072
390.87381,0.224692,-32.739502,4801.637656,4802.954996374467
390.88381,0.225346,-32.739,4801.310263,4802.836378134696
390.89381,0.225998,-32.738498,4800.982876,4801.322701988318
390.90381,0.22665,-32.737996,4800.655493,4801.696556122012
390.91381,0.227299,-32.737493,4800.328116,4801.561900800795
390.92381,0.227948,-32.736991,4800.000743,4798.159944272873
390.93381,0.228595,-32.736488,4799.673376,4799.427465023889
390.94381,0.229241,-32.735986,4799.346014,4798.848306363731
390.95381,0.229886,-32.735483,4799.018656,4799.7556021590135
390.96381,0.23053,-32.73498,4798.691304,4800.054557126749
390.97381,0.231172,-32.734478,4798.363957,4797.763157266702
390.98381,0.231812,-32.733975,4798.036614,4793.861459139972
390.99381,0.232452,-32.733472,4797.709277,4798.205787580898
391.00381,0.23309,-32.732969,4797.381945,4798.144673045282
391.01381,0.233727,-32.732466,4797.054618,4797.1987528445825
391.02381,0.234362,-32.731963,4796.727296,4796.482403091571
391.03381,0.232887,-32.73146,4796.399979,4795.966088018611
391.04381,0.230153,-32.730958,4796.072666,4795.751555818852
391.05381,0.227428,-32.730457,4795.745359,4796.500850915724
391.06381,0.224713,-32.729956,4795.418057,4794.682028795406
391.07381,0.222007,-32.729456,4795.09076,4794.140869315018
391.08381,0.21931,-32.728957,4794.763468,4793.588778954616
391.09381,0.216623,-32.728458,4794.436181,4795.493468972465
391.10381,0.213946,-32.72796,4794.108899,4794.447730871196
391.11381,0.211278,-32.727463,4793.781622,4795.192035223948
391.12381,0.20862,-32.726967,4793.45435,4793.712152500663
391.13381,0.205971,-32.726471,4793.127083,4794.352585254293
391.14381,0.203332,-32.725976,4792.79982,4794.612511032011
391.15381,0.200703,-32.725481,4792.472563,4793.626524890698
391.16381,0.198083,-32.724987,4792.145311,4791.6798763695015
391.17381,0.195474,-32.724494,4791.818063,4789.282796907568
391.18381,0.192874,-32.724001,4791.490821,4790.54534123865
391.19381,0.190284,-32.723509,4791.163583,4793.62061823335
391.20381,0.187704,-32.723017,4790.836351,4790.540736895265
391.21381,0.185134,-32.722526,4790.509123,4789.9860391289085
391.22381,0.182574,-32.722035,4790.1819,4787.119443824949
391.23381,0.180025,-32.721545,4789.854682,4790.435366341418
391.24381,0.177486,-32.721056,4789.527469,4789.897843558163
391.25381,0.174957,-32.720567,4789.200261,4788.616975359176
391.26381,0.172438,-32.720078,4788.873058,4786.665786124886
391.27381,0.16993,-32.71959,4788.54586,4790.859231817048
391.28381,0.167433,-32.719102,4788.218666,4791.994414093048
391.29381,0.164947,-32.718615,4787.891478,4787.801540514919
391.30381,0.162471,-32.718129,4787.564294,4785.977146127146
391.31381,0.160007,-32.717642,4787.237115,4786.144659195449
391.32381,0.157553,-32.717156,4786.909941,4789.21585699328
391.33381,0.155111,-32.716671,4786.582772,4784.7191985072595
391.34381,0.15268,-32.716186,4786.255608,4787.3669831730385
391.35381,0.150261,-32.715701,4785.928448,4785.946780874466
391.36381,0.147854,-32.715217,4785.601294,4786.834304402885
391.37381,0.145458,-32.714733,4785.274144,4784.993404805336
391.38381,0.143075,-32.714249,4784.946999,4788.69677177841
391.39381,0.140704,-32.713766,4784.619859,4787.486024163257
391.40381,0.138346,-32.713283,4784.292724,4784.437593108921
391.41381,0.136001,-32.712801,4783.965593,4784.5755972754205
391.42381,0.133668,-32.712318,4783.638468,4782.873177640547
391.43381,0.131349,-32.711836,4783.311347,4781.52654697997
391.44381,0.129044,-32.711355,4782.984231,4785.147986243692
391.45381,0.126753,-32.710873,4782.65712,4782.560284228327
391.46381,0.124475,-32.710392,4782.330013,4781.594985535212
391.47381,0.122213,-32.709911,4782.002912,4782.843139441635
391.48381,0.119965,-32.709431,4781.675815,4780.263504174862
391.49381,0.117733,-32.708951,4781.348723,4778.7423019500175
391.50381,0.115517,-32.708471,4781.021636,4777.19234346996
391.51381,0.113317,-32.707991,4780.694554,4779.635762833699
391.52381,0.111134,-32.707511,4780.367476,4784.263732462158
391.53381,0.108968,-32.707032,4780.040404,4782.0380339079065
391.54381,0.10682,-32.706553,4779.713336,4778.098442168564
391.55381,0.10469,-32.706074,4779.386272,4778.249803760139
391.56381,0.102579,-32.705595,4779.059214,4777.682363336698
391.57381,0.100489,-32.705117,4778.732161,4777.409119847661
391.58381,0.098419,-32.704638,4778.405112,4776.509732892468
391.59381,0.09637,-32.70416,4778.078068,4779.676549893833
391.60381,0.094344,-32.703682,4777.751029,4776.827411397189
391.61381,0.09234,-32.703204,4777.423994,4778.547993791773
391.62381,0.090361,-32.702727,4777.096965,4777.1944559365365
391.63381,0.088407,-32.702249,4776.76994,4775.029139402798
391.64381,0.08648,-32.701772,4776.44292,4776.737390709339
391.65381,0.08458,-32.701295,4776.115904,4777.550630752405
391.66381,0.082709,-32.700817,4775.788894,4774.396849480225
391.67381,0.080868,-32.70034,4775.461888,4775.974492811578
391.68381,0.079059,-32.699863,4775.134887,4773.991923859747
391.69381,0.077284,-32.699387,4774.807891,4777.2532074881365
391.70381,0.075544,-32.69891,4774.480899,4774.5940697169635
391.71381,0.073841,-32.698433,4774.153912,4773.238730929549
391.72381,0.072177,-32.697957,4773.82693,4773.989902296759
391.73381,0.070554,-32.69748,4773.499953,4774.941654850845
391.74381,0.068974,-32.697004,4773.172981,4774.941181850604
391.75381,0.06744,-32.696528,4772.846013,4772.992884583945
391.76381,0.065955,-32.696051,4772.51905,4773.779136093076
391.77381,0.064521,-32.695575,4772.192092,4774.303008018055
391.78381,0.06314,-32.695099,4771.865139,4772.220012262607
391.79381,0.061816,-32.694623,4771.53819,4770.645465017157
391.80381,0.060551,-32.694147,4771.211246,4775.609413608398
391.81381,0.059349,-32.693671,4770.884307,4770.697167911137
391.82381,0.058213,-32.693195,4770.557373,4770.156828607237
391.83381,0.057146,-32.692719,4770.230443,4771.035873031046
391.84381,0.056151,-32.692243,4769.903519,4771.699522031846
391.85381,0.055231,-32.691767,4769.576598,4768.717764425254
391.86381,0.054389,-32.691291,4769.249683,4771.291824912669
391.87381,0.053629,-32.690815,4768.922773,4770.100104925722
391.88381,0.052952,-32.690339,4768.595867,4765.803533786799
391.89381,0.052362,-32.689862,4768.268966,4768.478351327888
391.90381,0.051861,-32.689386,4767.94207,4768.397487921276
391.91381,0.05145,-32.68891,4767.615178,4768.924925856959
391.92381,0.05113,-32.688434,4767.288291,4768.926058204839
391.93381,0.050903,-32.687958,4766.961409,4766.231620171548
391.94381,0.050769,-32.687482,4766.634532,4767.767483424959
391.95381,0.050728,-32.687006,4766.30766,4769.799843177881
391.96381,0.05078,-32.686529,4765.980792,4767.378343992611
391.97381,0.050923,-32.686053,4765.653929,4765.977542400748
391.98381,0.051156,-32.685577,4765.327071,4765.910076367622
391.99381,0.051477,-32.6851,4765.000218,4766.083785912368
392.00381,0.051884,-32.684624,4764.673369,4767.475981539818
392.01381,0.052373,-32.684147,4764.346525,4766.916650613398
392.02381,0.052942,-32.683671,4764.019686,4763.331241220937
392.03381,0.053588,-32.683194,4763.692852,4764.129750640349
392.04381,0.054307,-32.682717,4763.366022,4765.434987223623
392.05381,0.055095,-32.68224,4763.039198,4761.1245107675395
392.06381,0.05595,-32.681763,4762.712377,4763.818093239222
392.07381,0.056867,-32.681286,4762.385562,4760.505241556587
392.08381,0.057842,-32.680809,4762.058752,4761.056053388179
392.09381,0.058873,-32.680332,4761.731946,4761.241007674325
392.10381,0.059956,-32.679854,4761.405145,4763.035959174899
392.11381,0.061087,-32.679377,4761.078349,4761.584595518986
392.12381,0.062264,-32.678899,4760.751558,4762.660263394833
392.13381,0.063482,-32.678421,4760.424771,4762.547940004886
392.14381,0.06474,-32.677943,4760.097989,4758.916500979474
392.15381,0.066034,-32.677465,4759.771212,4759.4786838194195
392.16381,0.067362,-32.676987,4759.44444,4759.9679986539995
392.17381,0.068722,-32.676509,4759.117672,4758.907193543883
392.18381,0.07011,-32.676031,4758.79091,4761.38623941193
392.19381,0.071526,-32.675552,4758.464152,4757.631725860491
392.20381,0.072966,-32.675074,4758.137399,4760.027014973008
392.21381,0.07443,-32.674595,4757.81065,4760.649916208832
392.22381,0.075914,-32.674116,4757.483907,4756.017864588253
392.23381,0.077419,-32.673637,4757.157168,4758.475424435854
392.24381,0.078941,-32.673157,4756.830434,4756.412194266534
392.25381,0.08048,-32.672678,4756.503705,4757.826952032066
392.26381,0.082034,-32.672198,4756.17698,4756.915833289695
392.27381,0.083602,-32.671719,4755.850261,4755.288095010361
392.28381,0.085183,-32.671239,4755.523546,4756.58454754248
392.29381,0.086776,-32.670759,4755.196836,4754.811009591873
392.30381,0.08838,-32.670279,4754.870131,4755.613519895479
392.31381,0.089993,-32.669798,4754.543431,4758.292343603713
392.32381,0.091616,-32.669318,4754.216735,4751.814973468616
392.33381,0.093247,-32.668837,4753.890044,4752.642891365788
392.34381,0.094885,-32.668356,4753.563358,4753.459926703906
392.35381,0.09653,-32.667875,4753.236677,4754.20627960566
392.36381,0.098181,-32.667393,4752.910001,4754.6092858087095
392.37381,0.099838,-32.666912,4752.583329,4753.495807152143
392.38381,0.1015,-32.66643,4752.256662,4755.040107964943
392.39381,0.103166,-32.665948,4751.930001,4752.774444435034
392.40381,0.104836,-32.665466,4751.603344,4751.1044744175815
392.41381,0.106509,-32.664984,4751.276691,4753.367521954667
392.42381,0.108186,-32.664502,4750.950044,4748.813191932506
392.43381,0.109865,-32.664019,4750.623401,4752.367065861403
392.44381,0.111547,-32.663536,4750.296763,4750.859307118672
392.45381,0.11323,-32.663053,4749.970131,4751.338318882666
392.46381,0.114915,-32.66257,4749.643502,4748.303905448327
392.47381,0.116602,-32.662086,4749.316879,4749.791145529663
392.48381,0.118289,-32.661603,4748.990261,4749.252078459899
392.49381,0.119977,-32.661119,4748.663647,4746.543895889876
392.50381,0.121665,-32.660635,4748.337038,4748.489815096219
392.51381,0.123354,-32.66015,4748.010434,4746.727075275182
392.52381,0.125043,-32.659666,4747.683835,4748.717305556529
392.53381,0.126731,-32.659181,4747.357241,4750.549319872341
392.54381,0.128419,-32.658696,4747.030652,4749.3920530050045
392.55381,0.130106,-32.658211,4746.704067,4748.442970798342
392.56381,0.131793,-32.657725,4746.377487,4745.244281397596
392.57381,0.133478,-32.65724,4746.050913,4747.894169326743
392.58381,0.135163,-32.656754,4745.724343,4745.607397511404
392.59381,0.136846,-32.656268,4745.397778,4747.089765926741
392.60381,0.138528,-32.655782,4745.071217,4743.915539470777
392.61381,0.140208,-32.655295,4744.744662,4744.562117696056
392.62381,0.141887,-32.654808,4744.418111,4745.953920426835
392.63381,0.143564,-32.654321,4744.091566,4746.902992956609
392.64381,0.145238,-32.653834,4743.765025,4744.655889522459
392.65381,0.146911,-32.653346,4743.438489,4746.13836739286
392.66381,0.148582,-32.652859,4743.111958,4744.588160632327
392.67381,0.150251,-32.652371,4742.785432,4741.691494916184
392.68381,0.151917,-32.651882,4742.458911,4744.932500170678
392.69381,0.153581,-32.651394,4742.132394,4741.5510881519285
392.70381,0.155243,-32.650905,4741.805883,4741.289572317152
392.71381,0.156902,-32.650416,4741.479376,4742.476037378299
392.72381,0.158558,-32.649927,4741.152874,4743.8226637701155
392.73381,0.160212,-32.649438,4740.826378,4742.470566171697
392.74381,0.161863,-32.648948,4740.499886,4739.9148715907495
392.75381,0.163511,-32.648458,4740.173399,4736.956665803347
392.76381,0.165156,-32.647968,4739.846917,4739.126298952337
392.77381,0.166799,-32.647478,4739.520439,4738.343277825041
392.78381,0.168438,-32.646987,4739.193967,4739.95466832566
392.79381,0.170075,-32.646496,4738.8675,4739.1393790456095
392.80381,0.171708,-32.646005,4738.541037,4738.319332092785
392.81381,0.173339,-32.645514,4738.214579,4739.576113235545
392.82381,0.174966,-32.645022,4737.888127,4735.962080339074
392.83381,0.17659,-32.64453,4737.561679,4739.8336058445675
392.84381,0.178211,-32.644038,4737.235236,4738.57963062525
392.85381,0.179829,-32.643546,4736.908798,4735.263375050541
392.86381,0.181443,-32.643053,4736.582365,4738.0397006189105
392.87381,0.183054,-32.64256,4736.255937,4735.253294733168
392.88381,0.184662,-32.642067,4735.929514,4736.554410357803
392.89381,0.186266,-32.641573,4735.603096,4734.9852796674695
392.90381,0.187868,-32.64108,4735.276683,4735.1384811618755
392.91381,0.189465,-32.640586,4734.950274,4737.000686386642
392.92381,0.191059,-32.640092,4734.623871,4733.994440287208
392.93381,0.19265,-32.639597,4734.297472,4734.387081552907
392.94381,0.194237,-32.639102,4733.971079,4735.718217907076
392.95381,0.195821,-32.638607,4733.64469,4735.059437176782
392.96381,0.197402,-32.638112,4733.318307,4734.788053248726
392.97381,0.198978,-32.637617,4732.991928,4735.064783924231
392.98381,0.200552,-32.637121,4732.665554,4733.558770870262
392.99381,0.202121,-32.636625,4732.339186,4733.362814082608
393.00381,0.203687,-32.636129,4732.012822,4732.713301284719
393.01381,0.20525,-32.635632,4731.686463,4734.037328029651
393.02381,0.206809,-32.635135,4731.360109,4733.220967742832
393.03381,0.208364,-32.634638,4731.03376,4731.988852708936
393.04381,0.209916,-32.634141,4730.707417,4729.580366605374
393.05381,0.211464,-32.633644,4730.381078,4730.7694216699365
393.06381,0.213008,-32.633146,4730.054744,4730.01108312831
393.07381,0.214549,-32.632648,4729.728415,4732.812122275671
393.08381,0.216086,-32.632149,4729.402091,4730.465941331794
393.09381,0.217619,-32.631651,4729.075772,4730.010935958823
393.10381,0.219149,-32.631152,4728.749458,4730.235273460063
393.11381,0.220675,-32.630653,4728.423149,4729.371859741561
393.12381,0.222198,-32.630153,4728.096845,4727.740620218683
393.13381,0.223716,-32.629654,4727.770546,4730.438981854874
393.14381,0.225231,-32.629154,4727.444252,4726.953768413064
393.15381,0.226743,-32.628654,4727.117963,4729.9577284472325
393.16381,0.22825,-32.628153,4726.791678,4725.175218937852
393.17381,0.229754,-32.627653,4726.465399,4724.766485536149
393.18381,0.231254,-32.627152,4726.139125,4725.194776985128
393.19381,0.232751,-32.62665,4725.812856,4727.026780626497
393.20381,0.234244,-32.626149,4725.486592,4727.808829463766
393.21381,0.235733,-32.625647,4725.160333,4724.707956222642
393.22381,0.237218,-32.625145,4724.834079,4724.563324590441
393.23381,0.2387,-32.624643,4724.507831,4724.229341143245
393.24381,0.240178,-32.624141,4724.181587,4722.764981873219
393.25381,0.241652,-32.623638,4723.855348,4724.899158331436
393.26381,0.243122,-32.623135,4723.529114,4724.303058581476
393.27381,0.244589,-32.622632,4723.202885,4719.559658807727
393.28381,0.246052,-32.622128,4722.876661,4723.146236930756
393.29381,0.247512,-32.621624,4722.550442,4722.128006635262
393.30381,0.248967,-32.62112,4722.224229,4722.083184736832
393.31381,0.250419,-32.620616,4721.89802,4723.681877234798
393.32381,0.251867,-32.620111,4721.571816,4723.253766466757
393.33381,0.253312,-32.619606,4721.245618,4720.443608859434
393.34381,0.254753,-32.619101,4720.919424,4719.663701120272
393.35381,0.25619,-32.618596,4720.593236,4720.913273207906
393.36381,0.257623,-32.618091,4720.267052,4720.216910885238
393.37381,0.259053,-32.617585,4719.940874,4719.429474310866
393.38381,0.260479,-32.617079,4719.614701,4721.8144234101155
393.39381,0.261901,-32.616572,4719.288532,4718.680044609486
393.40381,0.26332,-32.616066,4718.962369,4719.665086476825
393.41381,0.264735,-32.615559,4718.636211,4722.614542119171
393.42381,0.266146,-32.615052,4718.310058,4718.430008032902
393.43381,0.267554,-32.614544,4717.98391,4719.506932968978
393.44381,0.268958,-32.614037,4717.657767,4716.521725918726
393.45381,0.270358,-32.613529,4717.331629,4718.746809750838
393.46381,0.271755,-32.613021,4717.005497,4719.501161107384
393.47381,0.273148,-32.612513,4716.679369,4716.968541651719
393.48381,0.274537,-32.612004,4716.353246,4716.5538475578305
393.49381,0.275923,-32.611495,4716.027129,4716.533325109845
393.50381,0.277305,-32.610986,4715.701016,4717.011741056745
393.51381,0.278683,-32.610477,4715.374909,4713.685366105458
393.52381,0.280058,-32.609967,4715.048807,4716.445841101591
393.53381,0.281429,-32.609457,4714.72271,4715.339085114661
393.54381,0.282797,-32.608947,4714.396618,4712.502116104805
393.55381,0.284161,-32.608437,4714.070531,4714.348199194418
393.56381,0.285521,-32.607926,4713.744449,4713.863907064915
393.57381,0.286878,-32.607415,4713.418372,4714.871691416514
393.58381,0.288231,-32.606904,4713.092301,4714.690144377842
393.59381,0.28958,-32.606393,4712.766234,4710.273129349302
393.60381,0.290926,-32.605882,4712.440173,4714.334407673787
393.61381,0.292268,-32.60537,4712.114117,4712.644458079801
393.62381,0.293607,-32.604858,4711.788065,4712.474518015389
393.63381,0.294942,-32.604346,4711.462019,4712.571564502702
393.64381,0.296274,-32.603833,4711.135979,4710.487602700505
393.65381,0.297602,-32.60332,4710.809943,4709.425299288912
393.66381,0.298927,-32.602807,4710.483912,4708.209564729899
393.67381,0.300247,-32.602294,4710.157887,4713.30902301607
393.68381,0.301565,-32.601781,4709.831866,4709.6866160398795
393.69381,0.302879,-32.601267,4709.505851,4708.928692126286
393.70381,0.304189,-32.600753,4709.179841,4710.697785925004
393.71381,0.305496,-32.600239,4708.853836,4708.764511725504
393.72381,0.306799,-32.599725,4708.527836,4709.630498794607
393.73381,0.308099,-32.59921,4708.201841,4705.530270829689
393.74381,0.309396,-32.598695,4707.875852,4707.662340873821
393.75381,0.310688,-32.59818,4707.549868,4711.123633171873
393.76381,0.311978,-32.597665,4707.223888,4706.730847652013
393.77381,0.313264,-32.597149,4706.897914,4706.966270837547
393.78381,0.314546,-32.596634,4706.571945,4707.512438169821
393.79381,0.315825,-32.596118,4706.245982,4709.186904525866
393.80381,0.317101,-32.595602,4705.920023,4707.0003840505115
393.81381,0.318373,-32.595085,4705.59407,4703.750005919956
393.82381,0.319641,-32.594569,4705.268121,4703.697180255649
393.83381,0.320907,-32.594052,4704.942178,4706.5554325784115
393.84381,0.322168,-32.593535,4704.61624,4704.332043505226
393.85381,0.323427,-32.593017,4704.290308,4704.182338986965
393.86381,0.324682,-32.5925,4703.96438,4703.771432524313
393.87381,0.325933,-32.591982,4703.638458,4701.662617612173
393.88381,0.327181,-32.591464,4703.31254,4704.629334067311
393.89381,0.328426,-32.590946,4702.986628,4705.481801585916
393.90381,0.329667,-32.590428,4702.660721,4706.2916362027745
393.91381,0.330905,-32.589909,4702.33482,4704.076647192422
393.92381,0.33214,-32.58939,4702.008923,4705.314797553398
393.93381,0.333371,-32.588871,4701.683032,4700.437544371129
393.94381,0.334599,-32.588352,4701.357146,4701.821453995519
393.95381,0.335824,-32.587832,4701.031265,4705.3153716114075
393.96381,0.337045,-32.587313,4700.705389,4701.028141831498
393.97381,0.338263,-32.586793,4700.379519,4700.995348054979
393.98381,0.339477,-32.586273,4700.053653,4700.007966469515
393.99381,0.340689,-32.585753,4699.727793,4700.688596024734
394.00381,0.341896,-32.585232,4699.401938,4703.716284620816
394.01381,0.343101,-32.584711,4699.076089,4700.009045549236
394.02381,0.344302,-32.58419,4698.750244,4697.004938645941
394.03381,0.345311,-32.583669,4698.424405,4695.935784084744
394.04381,0.344699,-32.583148,4698.098571,4697.59770190886
394.05381,0.34409,-32.582628,4697.772742,4696.771875865767
394.06381,0.343484,-32.582108,4697.446918,4700.524592937003
394.07381,0.342879,-32.581589,4697.1211,4696.016825045013
394.08381,0.342278,-32.58107,4696.795286,4698.507616403623
394.09381,0.341678,-32.580551,4696.469478,4697.8903166985665
394.10381,0.341081,-32.580033,4696.143675,4694.919027551357
394.11381,0.340486,-32.579515,4695.817878,4697.453023416432
394.12381,0.339894,-32.578998,4695.492085,4697.178403541058
394.13381,0.339304,-32.578481,4695.166298,4698.462499194523
394.14381,0.338717,-32.577965,4694.840515,4692.922321973385
394.15381,0.338134,-32.577449,4694.514738,4693.580349736019
394.16381,0.337553,-32.576934,4694.188966,4695.812247306748
394.17381,0.336975,-32.576418,4693.8632,4694.131318838093
394.18381,0.336398,-32.575903,4693.537438,4693.509005336134
394.19381,0.335824,-32.575389,4693.211682,4692.445940879127
394.20381,0.335252,-32.574874,4692.88593,4694.009552100648
394.21381,0.334683,-32.57436,4692.560184,4691.843767067055
394.22381,0.334116,-32.573847,4692.234443,4693.944449495021
394.23381,0.333551,-32.573333,4691.908707,4694.652847678199
394.24381,0.332988,-32.57282,4691.582976,4690.165575983583
394.25381,0.332427,-32.572307,4691.257251,4692.01023050998
394.26381,0.331869,-32.571795,4690.93153,4691.724159473715
394.27381,0.331313,-32.571283,4690.605815,4689.155374620971
394.28381,0.330759,-32.570771,4690.280105,4687.7301177264135
394.29381,0.330208,-32.570259,4689.954399,4688.41495948098
394.30381,0.329658,-32.569748,4689.628699,4688.347289107529
394.31381,0.329111,-32.569237,4689.303004,4690.964711612156
394.32381,0.328566,-32.568726,4688.977315,4690.640161112189
394.33381,0.328023,-32.568215,4688.65163,4688.629913731873
394.34381,0.327482,-32.567705,4688.32595,4689.164455214844
394.35381,0.326944,-32.567195,4688.000276,4688.241936037781
394.36381,0.326408,-32.566685,4687.674606,4687.714605119696
394.37381,0.325874,-32.566176,4687.348942,4687.797517082519
394.38381,0.325342,-32.565667,4687.023283,4689.605666933152
394.39381,0.324812,-32.565158,4686.697629,4686.193755758969
394.40381,0.324284,-32.564649,4686.37198,4686.237091220263
394.41381,0.323758,-32.564141,4686.046336,4684.989402515739
394.42381,0.323235,-32.563633,4685.720697,4684.5693033260795
394.43381,0.322714,-32.563125,4685.395063,4685.324147192902
394.44381,0.322194,-32.562617,4685.069434,4684.601473377416
394.45381,0.321677,-32.56211,4684.743811,4684.566772486419
394.46381,0.321162,-32.561603,4684.418192,4684.147528689581
394.47381,0.320649,-32.561096,4684.092579,4686.041699404266
394.48381,0.320138,-32.560589,4683.76697,4683.7218830480315
394.49381,0.31963,-32.560083,4683.441367,4684.909591028392
394.50381,0.319123,-32.559577,4683.115769,4685.677091107284
394.51381,0.318618,-32.559071,4682.790175,4683.822264263602
394.52381,0.318116,-32.558565,4682.464587,4682.92586659314
394.53381,0.317615,-32.558059,4682.139004,4683.300105498405
394.54381,0.317117,-32.557554,4681.813426,4680.674730003642
394.55381,0.316621,-32.557049,4681.487853,4682.074456082859
394.56381,0.316126,-32.556544,4681.162285,4682.156143323447
394.57381,0.315634,-32.55604,4680.836722,4682.138669268311
394.58381,0.315144,-32.555536,4680.511164,4680.651374193409
394.59381,0.314655,-32.555031,4680.185611,4681.2466238855895
394.60381,0.314169,-32.554528,4679.860064,4679.718791100819
394.61381,0.313685,-32.554024,4679.534521,4675.626806978499
394.62381,0.313202,-32.55352,4679.208983,4680.696349520839
394.63381,0.312722,-32.553017,4678.88345,4680.195002769584
394.64381,0.312244,-32.552514,4678.557923,4680.082628952474
394.65381,0.311767,-32.552011,4678.2324,4678.538047954677
394.66381,0.311293,-32.551509,4677.906883,4677.88082772094
394.67381,0.310821,-32.551006,4677.58137,4678.60514748525
394.68381,0.31035,-32.550504,4677.255862,4676.59003983505
394.69381,0.309882,-32.550002,4676.93036,4675.129058335178
394.70381,0.309415,-32.5495,4676.604862,4675.797799809484
394.71381,0.308951,-32.548999,4676.27937,4677.864940129436
394.72381,0.308488,-32.548497,4675.953882,4677.127259020515
394.73381,0.308027,-32.547996,4675.6284,4675.995796570621
394.74381,0.307568,-32.547495,4675.302923,4673.926859033729
394.75381,0.307112,-32.546994,4674.97745,4675.9648381670095
394.76381,0.306657,-32.546493,4674.651983,4675.599256651655
394.77381,0.306203,-32.545993,4674.32652,4676.7669210436
394.78381,0.305752,-32.545493,4674.001063,4675.422448727245
394.79381,0.305303,-32.544993,4673.67561,4674.758463199103
394.80381,0.304856,-32.544493,4673.350163,4673.861300536083
394.81381,0.30441,-32.543993,4673.024721,4667.963996029674
394.82381,0.303966,-32.543493,4672.699283,4671.580364727324
394.83381,0.303525,-32.542994,4672.373851,4671.569005290161
394.84381,0.303085,-32.542495,4672.048423,4673.3821754760675
394.85381,0.302647,-32.541996,4671.723001,4669.861071174699
394.86381,0.30221,-32.541497,4671.397583,4670.252586549199
394.87381,0.301776,-32.540998,4671.072171,4672.494212944913
394.88381,0.301344,-32.540499,4670.746763,4671.573864899265
394.89381,0.300913,-32.540001,4670.421361,4670.70410782687
394.90381,0.300484,-32.539503,4670.095963,4671.558342272544
394.91381,0.300057,-32.539005,4669.770571,4672.448406384153
394.92381,0.299632,-32.538507,4669.445183,4668.468084465629
394.93381,0.299208,-32.538009,4669.119801,4670.653154324444
394.94381,0.298786,-32.537512,4668.794423,4670.415487355277
394.95381,0.298367,-32.537014,4668.46905,4667.4936269362925
394.96381,0.297949,-32.536517,4668.143683,4668.618973789339
394.97381,0.297532,-32.53602,4667.81832,4666.4998697151195
394.98381,0.297118,-32.535523,4667.492962,4667.62092613157
394.99381,0.296705,-32.535026,4667.16761,4668.7732100330195
395.00381,0.296294,-32.534529,4666.842262,4666.818942872803
395.01381,0.295885,-32.534033,4666.516919,4666.729464168617
395.02381,0.295477,-32.533537,4666.191581,4667.021841701531
395.03381,0.295072,-32.53304,4665.866248,4667.545355275982
395.04381,0.294668,-32.532544,4665.54092,4664.123965830258
395.05381,0.294265,-32.532048,4665.215597,4667.160332127372
395.06381,0.293865,-32.531553,4664.890279,4667.090945299205
395.07381,0.293466,-32.531057,4664.564966,4665.134479722464
395.08381,0.293069,-32.530561,4664.239658,4663.531026394658
395.09381,0.292674,-32.530066,4663.914355,4664.220738865591
395.10381,0.29228,-32.529571,4663.589057,4664.595558519958
395.11381,0.291888,-32.529076,4663.263764,4663.210364794238
395.12381,0.291498,-32.528581,4662.938475,4667.140187677754
395.13381,0.291109,-32.528086,4662.613192,4665.869637035819
395.14381,0.290723,-32.527591,4662.287914,4664.625861755293
395.15381,0.290337,-32.527097,4661.96264,4661.449779804481
395.16381,0.289954,-32.526602,4661.637372,4664.548164924791
395.17381,0.289572,-32.526108,4661.312108,4663.831713528615
395.18381,0.289192,-32.525614,4660.98685,4663.581503138569
395.19381,0.288813,-32.52512,4660.661596,4658.555907809139
395.20381,0.288436,-32.524626,4660.336347,4659.965243178999
395.21381,0.288061,-32.524132,4660.011103,4663.135401073189
395.22381,0.287687,-32.523638,4659.685865,4658.6946057866335
395.23381,0.287315,-32.523145,4659.360631,4661.436552036995
395.24381,0.286945,-32.522651,4659.035402,4660.861522455422
395.25381,0.286576,-32.522158,4658.710178,4660.805982306073
395.26381,0.286209,-32.521665,4658.384958,4660.347261800067
395.27381,0.285844,-32.521171,4658.059744,4658.620116393
395.28381,0.28548,-32.520678,4657.734535,4659.425996534225
395.29381,0.285117,-32.520186,4657.409331,4658.79693985978
395.30381,0.284757,-32.519693,4657.084131,4659.821304905634
395.31381,0.284398,-32.5192,4656.758937,4655.561417708576
395.32381,0.28404,-32.518708,4656.433747,4655.834108052329
395.33381,0.283684,-32.518215,4656.108563,4654.022966340764
395.34381,0.28333,-32.517723,4655.783383,4657.345249260029
395.35381,0.282977,-32.517231,4655.458208,4653.959234423283
395.36381,0.282626,-32.516738,4655.133038,4653.173228483077
395.37381,0.282276,-32.516246,4654.807874,4656.149884196863
395.38381,0.281928,-32.515755,4654.482714,4653.5110265861495
395.39381,0.281581,-32.515263,4654.157558,4658.109533918353
395.40381,0.281236,-32.514771,4653.832408,4654.002376103769
395.41381,0.280892,-32.514279,4653.507263,4654.353294351579
395.42381,0.28055,-32.513788,4653.182123,4653.241207538982
395.43381,0.28021,-32.513296,4652.856987,4651.871283259296
395.44381,0.279871,-32.512805,4652.531857,4653.437741309379
395.45381,0.279533,-32.512314,4652.206731,4655.348268482541
395.46381,0.279197,-32.511823,4651.88161,4652.644231048362
395.47381,0.278863,-32.511332,4651.556495,4649.785406807942
395.48381,0.27853,-32.510841,4651.231384,4652.964620735014
395.49381,0.278198,-32.51035,4650.906278,4653.052871869624
395.50381,0.277868,-32.509859,4650.581177,4649.133699769174
395.51381,0.27754,-32.509368,4650.256081,4650.2871093742415
395.52381,0.277213,-32.508878,4649.930989,4650.706705545796
395.53381,0.276887,-32.508387,4649.605903,4648.933896981585
395.54381,0.276563,-32.507897,4649.280822,4647.13409218193
395.55381,0.27624,-32.507407,4648.955745,4648.391273592644
395.56381,0.275919,-32.506916,4648.630674,4649.129323253359
395.57381,0.275599,-32.506426,4648.305607,4648.783204764073
395.58381,0.275281,-32.505936,4647.980545,4645.843570036536
395.59381,0.274964,-32.505446,4647.655488,4647.845424905871
395.60381,0.274648,-32.504956,4647.330436,4648.321615105597
395.61381,0.274334,-32.504467,4647.005389,4647.466533427872
395.62381,0.274022,-32.503977,4646.680347,4646.427270487547
395.63381,0.27371,-32.503487,4646.355309,4648.9800124545245
395.64381,0.273401,-32.502998,4646.030277,4644.831921127507
395.65381,0.273092,-32.502508,4645.70525,4645.34480531593
395.66381,0.272785,-32.502019,4645.380227,4646.99637112812
395.67381,0.27248,-32.501529,4645.055209,4645.6438446252505
395.68381,0.272175,-32.50104,4644.730196,4644.401079931626
395.69381,0.271872,-32.500551,4644.405188,4644.774620631883
395.70381,0.271571,-32.500062,4644.080185,4646.481539778092
395.71381,0.271271,-32.499573,4643.755187,4644.977151507614
395.72381,0.270972,-32.499084,4643.430194,4643.704803938585
395.73381,0.270675,-32.498595,4643.105205,4642.64862536272
395.74381,0.270379,-32.498106,4642.780222,4641.096617205991
395.75381,0.270084,-32.497617,4642.455243,4642.570936911687
395.76381,0.269791,-32.497129,4642.13027,4641.471002935296
395.77381,0.269499,-32.49664,4641.805301,4642.318130061666
395.78381,0.269208,-32.496151,4641.480337,4640.573618683605
395.79381,0.268919,-32.495663,4641.155378,4645.348699794515
395.80381,0.268631,-32.495175,4640.830424,4641.237390847491
395.81381,0.268344,-32.494686,4640.505474,4640.4842256563215
395.82381,0.268059,-32.494198,4640.18053,4641.1841650447195
395.83381,0.267775,-32.49371,4639.85559,4640.250523466831
395.84381,0.267492,-32.493222,4639.530656,4639.035874744497
395.85381,0.267211,-32.492733,4639.205726,4640.166177857378
395.86381,0.266931,-32.492245,4638.880801,4642.399295096688
395.87381,0.266652,-32.491757,4638.555881,4638.875711196906
395.88381,0.266374,-32.49127,4638.230966,4638.407423195562
395.89381,0.266098,-32.490782,4637.906056,4640.421548153159
395.90381,0.265823,-32.490294,4637.58115,4637.398614610785
395.91381,0.26555,-32.489806,4637.25625,4636.317212821197
395.92381,0.265277,-32.489319,4636.931354,4638.413746205439
395.93381,0.265006,-32.488831,4636.606463,4635.424776608353
395.94381,0.264736,-32.488343,4636.281577,4636.379486425076
395.95381,0.264467,-32.487856,4635.956696,4638.245470383714
395.96381,0.2642,-32.487369,4635.63182,4634.578069597918
395.97381,0.263934,-32.486881,4635.306949,4636.296088621336
395.98381,0.263669,-32.486394,4634.982083,4635.1365489002
395.99381,0.263405,-32.485907,4634.657221,4638.057658846314
396.00381,0.263143,-32.485419,4634.332365,4636.2525133047075
396.01381,0.262882,-32.484932,4634.007513,4634.245185047916
396.02381,0.262622,-32.484445,4633.682666,4633.872153360597
396.03381,0.262363,-32.483958,4633.357824,4635.303739761462
396.04381,0.262105,-32.483471,4633.032987,4632.521944041266
396.05381,0.261849,-32.482984,4632.708154,4631.670057023118
396.06381,0.261594,-32.482497,4632.383327,4632.4657272816
396.07381,0.26134,-32.48201,4632.058505,4631.899764420974
396.08381,0.261087,-32.481524,4631.733687,4632.599696020597
396.09381,0.260835,-32.481037,4631.408874,4632.532133810676
396.10381,0.260585,-32.48055,4631.084066,4632.025693557588
396.11381,0.260336,-32.480064,4630.759263,4631.635900608404
396.12381,0.260088,-32.479577,4630.434465,4629.210351795742
396.13381,0.259841,-32.47909,4630.109671,4630.8938747961265
396.14381,0.259595,-32.478604,4629.784883,4628.930024343803
396.15381,0.25935,-32.478118,4629.460099,4626.753299575451
396.16381,0.259107,-32.477631,4629.135321,4631.014892951408
396.17381,0.258865,-32.477145,4628.810547,4633.017333813383
396.18381,0.258624,-32.476658,4628.485778,4626.247029544338
396.19381,0.258384,-32.476172,4628.161014,4627.238380235625
396.20381,0.258145,-32.475686,4627.836254,4627.660846673723
396.21381,0.257907,-32.4752,4627.5115,4627.006830172955
396.22381,0.25767,-32.474714,4627.18675,4626.4264542353385
396.23381,0.257435,-32.474227,4626.862006,4624.193203500645
396.24381,0.257201,-32.473741,4626.537266,4626.8670043150405
396.25381,0.256967,-32.473255,4626.212531,4624.7705760717
396.26381,0.256735,-32.472769,4625.887801,4627.908752687978
396.27381,0.256504,-32.472284,4625.563075,4627.252633782395
396.28381,0.256274,-32.471798,4625.238355,4622.998716223699
396.29381,0.256045,-32.471312,4624.913639,4623.779346537458
396.30381,0.255818,-32.470826,4624.588929,4626.336747323407
396.31381,0.255591,-32.47034,4624.264223,4624.666862971768
396.32381,0.255365,-32.469854,4623.939522,4624.35573619259
396.33381,0.255141,-32.469369,4623.614826,4624.683869316278
396.34381,0.254918,-32.468883,4623.290135,4623.555599040311
396.35381,0.254695,-32.468397,4622.965448,4623.190040009046
396.36381,0.254474,-32.467912,4622.640767,4621.857114192311
396.37381,0.254254,-32.467426,4622.31609,4623.905483386095
396.38381,0.254034,-32.466941,4621.991418,4622.103285596152
396.39381,0.253816,-32.466455,4621.666751,4624.429919518901
396.40381,0.253599,-32.46597,4621.342089,4621.5071016266875
396.41381,0.253383,-32.465485,4621.017432,4620.571909485043
396.42381,0.253168,-32.464999,4620.692779,4622.790531829346
396.43381,0.252954,-32.464514,4620.368132,4620.665639727125
396.44381,0.252741,-32.464028,4620.043489,4617.41538691816
396.45381,0.25253,-32.463543,4619.718851,4618.326382175836
396.46381,0.252319,-32.463058,4619.394218,4619.584200835656
396.47381,0.252109,-32.462573,4619.06959,4618.596308914523
396.48381,0.2519,-32.462088,4618.744967,4618.432774268841
396.49381,0.251692,-32.461602,4618.420348,4620.48585589293
396.50381,0.251485,-32.461117,4618.095735,4618.24701239403
396.51381,0.251279,-32.460632,4617.771126,4617.947959357695
396.52381,0.251075,-32.460147,4617.446522,4620.636347479344
396.53381,0.250871,-32.459662,4617.121923,4614.831691370378
396.54381,0.250668,-32.459177,4616.797329,4614.779992010633
396.55381,0.250466,-32.458692,4616.472739,4617.197473258128
396.56381,0.250265,-32.458207,4616.148155,4615.383590314596
396.57381,0.250065,-32.457722,4615.823575,4614.032152859048
396.58381,0.249866,-32.457238,4615.499,4616.439651052232
396.59381,0.249668,-32.456753,4615.174431,4614.080578769324
396.60381,0.249471,-32.456268,4614.849865,4616.166524888292
396.61381,0.249275,-32.455783,4614.525305,4616.016309086228
396.62381,0.24908,-32.455298,4614.20075,4615.640257816609
396.63381,0.248886,-32.454814,4613.876199,4616.796343581171
396.64381,0.248693,-32.454329,4613.551653,4613.081325329367
396.65381,0.248501,-32.453844,4613.227113,4613.457815745357
396.66381,0.248309,-32.45336,4612.902577,4611.972031347487
396.67381,0.248119,-32.452875,4612.578045,4611.672246115286
396.68381,0.247929,-32.452391,4612.253519,4613.544419701073
396.69381,0.247741,-32.451906,4611.928998,4613.044242026157
396.70381,0.247553,-32.451421,4611.604481,4614.119613881976
396.71381,0.247367,-32.450937,4611.279969,4609.700466684239
396.72381,0.247181,-32.450452,4610.955462,4611.605099995331
396.73381,0.246996,-32.449968,4610.63096,4614.678614938879
396.74381,0.246812,-32.449484,4610.306463,4609.9816403016
396.75381,0.246629,-32.448999,4609.98197,4609.959557410642
396.76381,0.246447,-32.448515,4609.657483,4608.21554522224
396.77381,0.246266,-32.44803,4609.333,4611.4596220703015
396.78381,0.246085,-32.447546,4609.008522,4609.487777533469
396.79381,0.245906,-32.447062,4608.684049,4608.344565987233
396.80381,0.245727,-32.446577,4608.359581,4610.252967316986
396.81381,0.245549,-32.446093,4608.035118,4607.774887133465
396.82381,0.245373,-32.445609,4607.710659,4606.055385622095
396.83381,0.245197,-32.445125,4607.386206,4610.702791110447
396.84381,0.245022,-32.44464,4607.061757,4607.955850236127
396.85381,0.244847,-32.444156,4606.737313,4606.461339631259
396.86381,0.244674,-32.443672,4606.412874,4607.259286160141
396.87381,0.244502,-32.443188,4606.088439,4607.072408857959
396.88381,0.24433,-32.442704,4605.76401,4606.797244696612
396.89381,0.244159,-32.44222,4605.439585,4605.387762597154
396.90381,0.243989,-32.441736,4605.115165,4605.227397798772
396.91381,0.24382,-32.441252,4604.79075,4606.120186061737
396.92381,0.243652,-32.440768,4604.46634,4604.191948017359
396.93381,0.243484,-32.440284,4604.141935,4606.164795816524
396.94381,0.243318,-32.4398,4603.817535,4602.253351520421
396.95381,0.243152,-32.439316,4603.493139,4601.4330541579875
396.96381,0.242987,-32.438832,4603.168748,4604.6784484830005
396.97381,0.242823,-32.438348,4602.844363,4603.229636418509
396.98381,0.24266,-32.437864,4602.519981,4602.668334592294
396.99381,0.242497,-32.43738,4602.195605,4605.096491633475
397.00381,0.242335,-32.436896,4601.871234,4602.268932479867
397.01381,0.242174,-32.436412,4601.546867,4601.395834382806
397.02381,0.242014,-32.435928,4601.222506,4602.841975227553
397.03381,0.241855,-32.435444,4600.898149,4600.217300682354
397.04381,0.241697,-32.434961,4600.573797,4602.176347547614
397.05381,0.241539,-32.434477,4600.24945,4604.237065661224
397.06381,0.241382,-32.433993,4599.925107,4599.357286490909
397.07381,0.241226,-32.433509,4599.60077,4599.139515831428
397.08381,0.24107,-32.433026,4599.276437,4598.738332842626
397.09381,0.240916,-32.432542,4598.952109,4598.748439552325
397.10381,0.240762,-32.432058,4598.627786,4603.410371854167
397.11381,0.240609,-32.431574,4598.303468,4600.989188195754
397.12381,0.240457,-32.431091,4597.979155,4597.630006907909
397.13381,0.240305,-32.430607,4597.654846,4598.745297913599
397.14381,0.240155,-32.430124,4597.330543,4596.685955212298
397.15381,0.240005,-32.42964,4597.006244,4597.551182741808
397.16381,0.239855,-32.429156,4596.68195,4597.570987809452
397.17381,0.239707,-32.428673,4596.357661,4597.181166377468
397.18381,0.239559,-32.428189,4596.033376,4598.21509462537
397.19381,0.239412,-32.427706,4595.709097,4594.418546992012
397.20381,0.239266,-32.427222,4595.384822,4594.489042286707
397.21381,0.239121,-32.426738,4595.060552,4595.802580593638
397.22381,0.238976,-32.426255,4594.736287,4594.926551360487
397.23381,0.238832,-32.425771,4594.412027,4597.7842481609505
397.24381,0.238688,-32.425288,4594.087772,4594.15651200638
397.25381,0.238546,-32.424805,4593.763522,4595.109475542811
397.26381,0.238404,-32.424321,4593.439276,4591.747160127105
397.27381,0.238263,-32.423838,4593.115035,4594.9286302564415
397.28381,0.238122,-32.423354,4592.790799,4593.865676503994
397.29381,0.237983,-32.422871,4592.466568,4591.499788824554
397.30381,0.237844,-32.422387,4592.142342,4594.650346269827
397.31381,0.237705,-32.421904,4591.81812,4592.144140330097
397.32381,0.237568,-32.421421,4591.493904,4588.3435988605825
397.33381,0.237431,-32.420937,4591.169692,4590.530185772314
397.34381,0.237295,-32.420454,4590.845485,4592.380487454511
397.35381,0.237159,-32.419971,4590.521283,4590.596301502177
397.36381,0.237024,-32.419487,4590.197085,4591.753180042452
397.37381,0.23689,-32.419004,4589.872893,4590.161844986234
397.38381,0.236757,-32.418521,4589.548705,4589.950173583727
397.39381,0.236624,-32.418037,4589.224523,4592.606727262974
397.40381,0.236492,-32.417554,4588.900345,4587.631961303914
397.41381,0.23636,-32.417071,4588.576172,4589.914476993658
397.42381,0.236229,-32.416588,4588.252003,4588.59721346188
397.43381,0.236099,-32.416104,4587.92784,4586.663820970645
397.44381,0.23597,-32.415621,4587.603681,4587.105936296888
397.45381,0.235841,-32.415138,4587.279527,4586.411351168148
397.46381,0.235713,-32.414655,4586.955378,4587.00628683891
397.47381,0.235585,-32.414172,4586.631234,4585.1925004045215
397.48381,0.235458,-32.413688,4586.307095,4587.037637342335
397.49381,0.235332,-32.413205,4585.98296,4586.571410843859
397.50381,0.235207,-32.412722,4585.658831,4587.10365104867
397.51381,0.235082,-32.412239,4585.334706,4586.403689112005
397.52381,0.234958,-32.411756,4585.010586,4587.429544187953
397.53381,0.234834,-32.411273,4584.686471,4584.044715764224
397.54381,0.234711,-32.41079,4584.362361,4586.423378280641
397.55381,0.234588,-32.410307,4584.038255,4583.217948925902
397.56381,0.234467,-32.409824,4583.714154,4581.319352921841
397.57381,0.234346,-32.40934,4583.390059,4584.568635036025
397.58381,0.234225,-32.408857,4583.065968,4583.149690435585
397.59381,0.234105,-32.408374,4582.741882,4581.043598621572
397.60381,0.233986,-32.407891,4582.4178,4583.525206231936
397.61381,0.233867,-32.407408,4582.093724,4584.249719969477
397.62381,0.233749,-32.406925,4581.769652,4583.026363387901
397.63381,0.233632,-32.406442,4581.445585,4583.563870607889
397.64381,0.233515,-32.405959,4581.121523,4580.114304030891
397.65381,0.233399,-32.405476,4580.797466,4577.196443165004
397.66381,0.233283,-32.404993,4580.473414,4581.045586360722
397.67381,0.233168,-32.40451,4580.149366,4580.601830852686
397.68381,0.233053,-32.404027,4579.825323,4580.55740188185
397.69381,0.23294,-32.403545,4579.501286,4579.071167472751
397.70381,0.232826,-32.403062,4579.177253,4577.395133005395
397.71381,0.232714,-32.402579,4578.853224,4579.438638384007
397.72381,0.232601,-32.402096,4578.529201,4578.357795589067
397.73381,0.23249,-32.401613,4578.205182,4576.991688809864
397.74381,0.232379,-32.40113,4577.881169,4578.952016932955
397.75381,0.232269,-32.400647,4577.55716,4577.400003969723
397.76381,0.232159,-32.400164,4577.233156,4578.094418094599
397.77381,0.232049,-32.399681,4576.909157,4579.008753028536
397.78381,0.231941,-32.399199,4576.585162,4574.32888217826
397.79381,0.231833,-32.398716,4576.261173,4574.788238987386
397.80381,0.231725,-32.398233,4575.937188,4577.6084632792135
397.81381,0.231618,-32.39775,4575.613208,4574.8695929485375
397.82381,0.231511,-32.397267,4575.289233,4576.115202693124
397.83381,0.231406,-32.396785,4574.965263,4577.883641324089
397.84381,0.2313,-32.396302,4574.641297,4576.592332035548
397.85381,0.231195,-32.395819,4574.317337,4576.634871708768
397.86381,0.231091,-32.395336,4573.993381,4574.602589521377
397.87381,0.230987,-32.394853,4573.66943,4572.5691997240365
397.88381,0.230884,-32.394371,4573.345484,4572.517462798041
397.89381,0.230781,-32.393888,4573.021542,4573.258641285689
397.90381,0.230679,-32.393405,4572.697606,4573.158868962532
397.91381,0.230578,-32.392922,4572.373674,4572.328999748006
397.92381,0.230477,-32.39244,4572.049747,4570.334408267753
397.93381,0.230376,-32.391957,4571.725825,4571.334165244544
397.94381,0.230276,-32.391474,4571.401908,4569.168767225559
397.95381,0.230176,-32.390992,4571.077996,4572.190546433664
397.96381,0.230077,-32.390509,4570.754088,4571.652268847608
397.97381,0.229979,-32.390026,4570.430186,4573.394067938094
397.98381,0.229881,-32.389544,4570.106288,4566.082025434477
397.99381,0.229783,-32.389061,4569.782395,4569.352653227402
398.00381,0.229686,-32.388578,4569.458507,4570.078592913666
398.01381,0.22959,-32.388096,4569.134623,4567.6360324523675
398.02381,0.229494,-32.387613,4568.810745,4570.686996444074
398.03381,0.229398,-32.387131,4568.486871,4569.407470358362
398.04381,0.229304,-32.386648,4568.163002,4569.2639743967275
398.05381,0.229209,-32.386165,4567.839138,4570.884254072737
398.06381,0.229115,-32.385683,4567.515279,4566.459393199105
398.07381,0.229022,-32.3852,4567.191424,4564.781358809311
398.08381,0.228929,-32.384718,4566.867575,4567.475551422775
398.09381,0.228836,-32.384235,4566.54373,4567.554707098768
398.10381,0.228744,-32.383752,4566.21989,4564.744173650966
398.11381,0.228652,-32.38327,4565.896055,4566.197625168053
398.12381,0.228561,-32.382787,4565.572225,4564.003843913644
398.13381,0.228471,-32.382305,4565.248399,4568.594835314401
398.14381,0.228381,-32.381822,4564.924579,4566.020022716732
398.15381,0.228291,-32.38134,4564.600763,4564.129394653482
398.16381,0.228202,-32.380857,4564.276952,4565.347107359058
398.17381,0.228113,-32.380375,4563.953146,4565.366127500551
398.18381,0.228025,-32.379892,4563.629344,4565.564614658411
398.19381,0.227937,-32.37941,4563.305548,4564.325549339413
398.20381,0.227849,-32.378927,4562.981756,4566.909644286989
398.21381,0.227763,-32.378445,4562.657969,4562.388278702384
398.22381,0.227676,-32.377962,4562.334187,4561.380746598201
398.23381,0.22759,-32.37748,4562.01041,4561.255973303016
398.24381,0.227505,-32.376998,4561.686638,4562.721182803715
398.25381,0.227419,-32.376515,4561.36287,4562.85159628049
398.26381,0.227335,-32.376033,4561.039107,4560.838138017971
398.27381,0.227251,-32.37555,4560.71535,4560.292301414879
398.28381,0.227167,-32.375068,4560.391596,4561.147933550787
398.29381,0.227084,-32.374586,4560.067848,4561.655822219342
398.30381,0.227001,-32.374103,4559.744105,4559.709059490432
398.31381,0.226918,-32.373621,4559.420366,4559.364004849196
398.32381,0.226836,-32.373138,4559.096632,4557.895652083713
398.33381,0.226755,-32.372656,4558.772903,4561.137897061864
398.34381,0.226673,-32.372174,4558.449179,4558.923629158194
398.35381,0.226593,-32.371691,4558.12546,4559.508465647298
398.36381,0.226512,-32.371209,4557.801745,4559.941061057157
398.37381,0.226432,-32.370727,4557.478036,4558.610495039583
398.38381,0.226353,-32.370244,4557.154331,4556.566357862519
398.39381,0.226274,-32.369762,4556.830631,4556.854687119731
398.40381,0.226195,-32.36928,4556.506936,4555.046881980608
398.41381,0.226117,-32.368798,4556.183245,4556.778351797025
398.42381,0.226039,-32.368315,4555.85956,4555.395617136554
398.43381,0.225962,-32.367833,4555.535879,4555.166618452398
398.44381,0.225885,-32.367351,4555.212203,4555.74412624464
398.45381,0.225808,-32.366868,4554.888532,4557.286012733966
398.46381,0.225732,-32.366386,4554.564866,4556.771221657661
398.47381,0.225656,-32.365904,4554.241204,4554.2013603491605
398.48381,0.225581,-32.365422,4553.917547,4554.35131417264
398.49381,0.225506,-32.364939,4553.593896,4554.833310647656
398.50381,0.225431,-32.364457,4553.270249,4556.139855447863
398.51381,0.225357,-32.363975,4552.946607,4553.711464902672
398.52381,0.225283,-32.363493,4552.622969,4550.968058171449
398.53381,0.225209,-32.363011,4552.299337,4551.945323082801
398.54381,0.225136,-32.362528,4551.975709,4552.659970061958
398.55381,0.225064,-32.362046,4551.652086,4551.162466600239
398.56381,0.224991,-32.361564,4551.328468,4552.985159684666
398.57381,0.224919,-32.361082,4551.004855,4550.277020296008
398.58381,0.224848,-32.3606,4550.681246,4549.066994218651
398.59381,0.224777,-32.360118,4550.357643,4550.17323143074
398.60381,0.224706,-32.359636,4550.034044,4552.004513307494
398.61381,0.224636,-32.359153,4549.71045,4550.165490344263
398.62381,0.224565,-32.358671,4549.386861,4550.048578362828
398.63381,0.224496,-32.358189,4549.063277,4546.095528808866
398.64381,0.224426,-32.357707,4548.739697,4548.663885235618
398.65381,0.224358,-32.357225,4548.416123,4548.256751475208
398.66381,0.224289,-32.356743,4548.092553,4546.5337309582765
398.67381,0.224221,-32.356261,4547.768988,4549.1915896579185
398.68381,0.224153,-32.355779,4547.445428,4545.154357263302
398.69381,0.224085,-32.355297,4547.121872,4547.133804343596
398.70381,0.224018,-32.354815,4546.798322,4548.119762573782
398.71381,0.223951,-32.354333,4546.474776,4545.518621763755
398.72381,0.223885,-32.353851,4546.151235,4545.912737438472
398.73381,0.223819,-32.353369,4545.827699,4546.0557943622625
398.74381,0.223753,-32.352887,4545.504168,4548.7534822986845
398.75381,0.223688,-32.352405,4545.180641,4546.512741586527
398.76381,0.223623,-32.351923,4544.857119,4545.10595472224
398.77381,0.223558,-32.351441,4544.533603,4544.838230121292
398.78381,0.223494,-32.350959,4544.210091,4545.95145369087
398.79381,0.22343,-32.350477,4543.886583,4543.4114787034505
398.80381,0.223366,-32.349995,4543.563081,4542.347496887103
398.81381,0.223302,-32.349513,4543.239584,4541.678480316291
398.82381,0.223239,-32.349031,4542.916091,4542.486867247935
398.83381,0.223177,-32.348549,4542.592603,4539.117683538697
398.84381,0.223114,-32.348067,4542.26912,4539.761925173054
398.85381,0.223052,-32.347585,4541.945642,4538.924169594342
398.86381,0.222991,-32.347103,4541.622168,4540.30722563329
398.87381,0.222929,-32.346621,4541.2987,4543.036677111109
398.88381,0.222868,-32.346139,4540.975236,4544.41058575973
398.89381,0.222807,-32.345657,4540.651777,4538.642435251311
398.90381,0.222747,-32.345176,4540.328323,4540.763828774461
398.91381,0.222687,-32.344694,4540.004873,4538.942271112736
398.92381,0.222627,-32.344212,4539.681429,4537.583560971031
398.93381,0.222568,-32.34373,4539.357989,4540.7812213161515
398.94381,0.222509,-32.343248,4539.034554,4536.914032960896
398.95381,0.22245,-32.342766,4538.711124,4539.291664867452
398.96381,0.222391,-32.342285,4538.387699,4539.978749592619
398.97381,0.222333,-32.341803,4538.064278,4536.4566213080625
398.98381,0.222275,-32.341321,4537.740863,4538.775177027407
398.99381,0.222217,-32.340839,4537.417452,4538.534761943973
399.00381,0.22216,-32.340357,4537.094046,4538.453816699575
399.01381,0.222103,-32.339876,4536.770645,4538.192592559676
399.02381,0.222046,-32.339394,4536.447248,4538.375646104441
399.03381,0.22199,-32.338912,4536.123857,4537.69989552275
399.04381,0.221934,-32.33843,4535.80047,4537.932821956506
399.05381,0.221878,-32.337949,4535.477088,4536.060578702301
399.06381,0.221823,-32.337467,4535.153711,4534.057039279104
399.07381,0.221767,-32.336985,4534.830339,4535.654504733492
399.08381,0.221712,-32.336504,4534.506972,4533.749976027408
399.09381,0.221658,-32.336022,4534.183609,4530.345376871381
399.10381,0.221603,-32.33554,4533.860251,4534.966443929828
399.11381,0.221549,-32.335058,4533.536898,4533.64853454216
399.12381,0.221496,-32.334577,4533.21355,4534.0009323672975
399.13381,0.221442,-32.334095,4532.890207,4533.959918684953
399.14381,0.221389,-32.333614,4532.566868,4534.198001969634
399.15381,0.221336,-32.333132,4532.243534,4533.509149773839
399.16381,0.221283,-32.33265,4531.920205,4530.7000031064035
399.17381,0.221231,-32.332169,4531.596881,4528.500920023848
399.18381,0.221179,-32.331687,4531.273562,4533.6113638731495
399.19381,0.221127,-32.331205,4530.950248,4531.609568641194
399.20381,0.221075,-32.330724,4530.626938,4529.736555980538
399.21381,0.221024,-32.330242,4530.303633,4531.166249173478
399.22381,0.220973,-32.329761,4529.980333,4529.372315174299
399.23381,0.220922,-32.329279,4529.657038,4530.3458173453555
399.24381,0.220872,-32.328798,4529.333747,4533.760589722766
399.25381,0.220822,-32.328316,4529.010462,4529.603456795104
399.26381,0.220772,-32.327835,4528.687181,4529.0641351008135
399.27381,0.220722,-32.327353,4528.363905,4529.6753564725805
399.28381,0.220673,-32.326872,4528.040634,4529.026059927512
399.29381,0.220624,-32.32639,4527.717368,4527.474589749333
399.30381,0.220575,-32.325909,4527.394106,4528.7280721326615
399.31381,0.220526,-32.325427,4527.07085,4528.061556169194
399.32381,0.220478,-32.324946,4526.747598,4526.80313307938
399.33381,0.220429,-32.324464,4526.424351,4529.152854556037
399.34381,0.220382,-32.323983,4526.101108,4526.834046683645
399.35381,0.220334,-32.323501,4525.777871,4525.554398706531
399.36381,0.220287,-32.32302,4525.454638,4525.270325903784
399.37381,0.22024,-32.322538,4525.131411,4526.750300283192
399.38381,0.220193,-32.322057,4524.808188,4524.874649974332
399.39381,0.220146,-32.321576,4524.484969,4524.950260130327
399.40381,0.2201,-32.321094,4524.161756,4527.358125559467
399.41381,0.220054,-32.320613,4523.838548,4523.965449625179
399.42381,0.220008,-32.320132,4523.515344,4524.6709230954275
399.43381,0.219962,-32.31965,4523.192145,4523.753137999163
399.44381,0.219917,-32.319169,4522.868951,4524.5769083579025
399.45381,0.219871,-32.318688,4522.545762,4525.086629569939
399.46381,0.219826,-32.318206,4522.222577,4523.380274459323
399.47381,0.219782,-32.317725,4521.899397,4521.790811151514
399.48381,0.219737,-32.317244,4521.576223,4522.281004648317
399.49381,0.219693,-32.316762,4521.253053,4519.49451540988
399.50381,0.219649,-32.316281,4520.929887,4522.014323498511
399.51381,0.219605,-32.3158,4520.606727,4521.590499999121
399.52381,0.219562,-32.315319,4520.283571,4519.388925791015
399.53381,0.219518,-32.314837,4519.960421,4523.49438762365
399.54381,0.219475,-32.314356,4519.637275,4519.313862135585
399.55381,0.219433,-32.313875,4519.314133,4518.361427870056
399.56381,0.21939,-32.313394,4518.990997,4518.889291868833
399.57381,0.219348,-32.312913,4518.667866,4519.477084978026
399.58381,0.219305,-32.312431,4518.344739,4521.617545124815
399.59381,0.219263,-32.31195,4518.021617,4517.967308019353
399.60381,0.219222,-32.311469,4517.6985,4516.453391146147
399.61381,0.21918,-32.310988,4517.375388,4515.836671408081
399.62381,0.219139,-32.310507,4517.05228,4516.010088321861
399.63381,0.219098,-32.310026,4516.729177,4521.117911700288
399.64381,0.219057,-32.309544,4516.40608,4519.492968825421
399.65381,0.219016,-32.309063,4516.082987,4514.507727617959
399.66381,0.218976,-32.308582,4515.759898,4517.784889848714
399.67381,0.218936,-32.308101,4515.436815,4517.077007174149
399.68381,0.218896,-32.30762,4515.113736,4516.539086872254
399.69381,0.218856,-32.307139,4514.790663,4516.275737714626
399.70381,0.218816,-32.306658,4514.467594,4516.520294994205
399.71381,0.218777,-32.306177,4514.144529,4514.011325204696
399.72381,0.218738,-32.305696,4513.82147,4513.692533324032
399.73381,0.218699,-32.305215,4513.498415,4514.899416962852
399.74381,0.21866,-32.304734,4513.175366,4512.751298710457
399.75381,0.218621,-32.304253,4512.852321,4510.981027331825
399.76381,0.218583,-32.303772,4512.529281,4511.758897405758
399.77381,0.218545,-32.303291,4512.206245,4514.323658788354
399.78381,0.218507,-32.30281,4511.883215,4509.961031879891
399.79381,0.218469,-32.302329,4511.560189,4513.205064064568
399.80381,0.218432,-32.301848,4511.237168,4511.228307545584
399.81381,0.218394,-32.301367,4510.914152,4512.368187332003
399.82381,0.218357,-32.300886,4510.591141,4511.348915494375
399.83381,0.21832,-32.300406,4510.268134,4508.076749247009
399.84381,0.218283,-32.299925,4509.945133,4509.2203296479465
399.85381,0.218247,-32.299444,4509.622136,4510.282053427399
399.86381,0.21821,-32.298963,4509.299144,4510.164354171624
399.87381,0.218174,-32.298482,4508.976157,4510.542578595758
399.88381,0.218138,-32.298001,4508.653174,4508.88418536901
399.89381,0.218102,-32.297521,4508.330197,4510.585790456404
399.90381,0.218067,-32.29704,4508.007224,4507.958854323738
399.91381,0.218031,-32.296559,4507.684256,4508.052109980285
399.92381,0.217996,-32.296078,4507.361293,4505.116020807233
399.93381,0.217961,-32.295597,4507.038334,4506.547926348588
399.94381,0.217926,-32.295117,4506.715381,4506.708546604808
399.95381,0.217891,-32.294636,4506.392432,4506.437516583416
399.96381,0.217856,-32.294155,4506.069488,4503.402564587439
399.97381,0.217822,-32.293674,4505.746549,4505.095714191493
399.98381,0.217788,-32.293194,4505.423614,4504.633366839783
399.99381,0.217754,-32.292713,4505.100685,4505.297301030432
400.00381,0.21772,-32.292232,4504.77776,4503.8761907033395
400.01381,0.217686,-32.291752,4504.45484,4503.427832070389
400.02381,0.217653,-32.291271,4504.131925,4504.890561995041
400.03381,0.21762,-32.290791,4503.809015,4503.008138884416
400.04381,0.217587,-32.29031,4503.486109,4506.974687109124
400.05381,0.217554,-32.289829,4503.163209,4506.055748601926
400.06381,0.217521,-32.289349,4502.840313,4503.9299738055615
400.07381,0.217488,-32.288868,4502.517422,4501.87240599314
400.08381,0.217456,-32.288388,4502.194535,4503.044067917854
400.09381,0.217423,-32.287907,4501.871654,4503.110199375241
400.10381,0.217391,-32.287426,4501.548777,4502.184513273359
400.11381,0.217359,-32.286946,4501.225905,4502.093239508306
400.12381,0.217328,-32.286465,4500.903038,4502.006642058678
400.13381,0.217296,-32.285985,4500.580176,4499.434432960871
400.14381,0.217265,-32.285504,4500.257319,4502.441134849578
400.15381,0.217233,-32.285024,4499.934466,4500.034708949707
400.16381,0.217202,-32.284544,4499.611618,4498.618778361348
400.17381,0.217171,-32.284063,4499.288775,4499.919705048943
400.18381,0.21714,-32.283583,4498.965937,4497.491526776169
400.19381,0.21711,-32.283102,4498.643104,4498.970920659423
400.20381,0.217079,-32.282622,4498.320275,4498.495949489885
400.21381,0.217049,-32.282141,4497.997451,4498.411161805341
400.22381,0.217019,-32.281661,4497.674632,4498.778872449051
400.23381,0.216989,-32.281181,4497.351818,4496.526700574723
400.24381,0.216959,-32.2807,4497.029008,4500.484080015972
400.25381,0.216929,-32.28022,4496.706204,4496.748065935263
400.26381,0.2169,-32.27974,4496.383404,4498.021862486626
400.27381,0.21687,-32.279259,4496.060609,4497.045865558035
400.28381,0.216841,-32.278779,4495.737819,4497.688861582652
400.29381,0.216812,-32.278299,4495.415033,4495.376903022888
400.30381,0.216783,-32.277819,4495.092253,4498.090758152454
400.31381,0.216754,-32.277338,4494.769477,4495.080176625586
400.32381,0.216725,-32.276858,4494.446706,4495.225283764347
400.33381,0.216697,-32.276378,4494.12394,4494.107418262793
400.34381,0.216669,-32.275898,4493.801179,4493.73272917922
400.35381,0.21664,-32.275417,4493.478422,4496.789468991577
400.36381,0.216612,-32.274937,4493.15567,4493.1969524220485
400.37381,0.216584,-32.274457,4492.832923,4490.799626809482
400.38381,0.216557,-32.273977,4492.510181,4493.00518531535
400.39381,0.216529,-32.273497,4492.187444,4491.0142500047095
400.40381,0.216502,-32.273017,4491.864711,4490.888979892977
400.41381,0.216474,-32.272537,4491.541983,4492.2958822889905
400.42381,0.216447,-32.272057,4491.21926,4490.441119710222
400.43381,0.21642,-32.271576,4490.896542,4490.830863846604
400.44381,0.216393,-32.271096,4490.573829,4491.830851752956
400.45381,0.216366,-32.270616,4490.25112,4490.632148018942
400.46381,0.21634,-32.270136,4489.928417,4491.87290777441
400.47381,0.216313,-32.269656,4489.605718,4490.517141800387
400.48381,0.216287,-32.269176,4489.283023,4490.006715387297
400.49381,0.21626,-32.268696,4488.960334,4489.943644605293
400.50381,0.216234,-32.268216,4488.63765,4490.152531533853
400.51381,0.216208,-32.267736,4488.31497,4489.716092026397
400.52381,0.216182,-32.267256,4487.992295,4484.617989449958
400.53381,0.216157,-32.266777,4487.669625,4489.173081098038
400.54381,0.216131,-32.266297,4487.346959,4488.749621221489
400.55381,0.216106,-32.265817,4487.024299,4487.640409339722
400.56381,0.21608,-32.265337,4486.701643,4489.007399830323
400.57381,0.216055,-32.264857,4486.378992,4486.175084897318
400.58381,0.21603,-32.264377,4486.056346,4486.443841521022
400.59381,0.216005,-32.263897,4485.733704,4485.742336664487
400.60381,0.21598,-32.263418,4485.411068,4484.338308588216
400.61381,0.215956,-32.262938,4485.088436,4487.859229495601
400.62381,0.215931,-32.262458,4484.765809,4484.29454957186
400.63381,0.215907,-32.261978,4484.443187,4481.866050294115
400.64381,0.215882,-32.261498,4484.12057,4482.803487539022
400.65381,0.215858,-32.261019,4483.797957,4483.802320263488
400.66381,0.215834,-32.260539,4483.475349,4486.41130319091
400.67381,0.21581,-32.260059,4483.152746,4483.86076997845
400.68381,0.215786,-32.25958,4482.830148,4483.689610350876
400.69381,0.215763,-32.2591,4482.507555,4483.437606720551
400.70381,0.215739,-32.25862,4482.184966,4481.3946107097345
400.71381,0.215716,-32.258141,4481.862382,4481.974679261939
400.72381,0.215692,-32.257661,4481.539803,4479.488806869286
400.73381,0.215669,-32.257181,4481.217229,4479.886836670262
400.74381,0.215646,-32.256702,4480.89466,4481.216388702894
400.75381,0.215623,-32.256222,4480.572095,4484.168950319476
400.76381,0.2156,-32.255743,4480.249535,4482.752975721002
400.77381,0.215577,-32.255263,4479.92698,4479.161504567855
400.78381,0.215555,-32.254783,4479.60443,4480.514435775223
400.79381,0.215532,-32.254304,4479.281884,4475.928205285698
400.80381,0.21551,-32.253824,4478.959344,4475.337549645179
400.81381,0.215487,-32.253345,4478.636808,4477.910005649233
400.82381,0.215465,-32.252866,4478.314277,4478.583840660302
400.83381,0.215443,-32.252386,4477.991751,4478.457543745465
400.84381,0.215421,-32.251907,4477.669229,4477.501160289777
400.85381,0.215399,-32.251427,4477.346712,4476.311594228346
400.86381,0.215377,-32.250948,4477.024201,4477.3203198975
400.87381,0.215356,-32.250468,4476.701693,4475.752516874912
400.88381,0.215334,-32.249989,4476.379191,4473.467118585862
400.89381,0.215313,-32.24951,4476.056694,4477.344845463485
400.90381,0.215291,-32.24903,4475.734201,4476.396140039578
400.91381,0.21527,-32.248551,4475.411713,4474.165070321049
400.92381,0.215249,-32.248072,4475.08923,4477.519060486884
400.93381,0.215228,-32.247592,4474.766752,4474.965365768063
400.94381,0.215207,-32.247113,4474.444278,4475.3257719799985
400.95381,0.215186,-32.246634,4474.121809,4475.338327886639
400.96381,0.215166,-32.246155,4473.799345,4474.067864607522
400.97381,0.215145,-32.245676,4473.476886,4475.043828615233
400.98381,0.215125,-32.245196,4473.154432,4472.4352020573115
400.99381,0.215104,-32.244717,4472.831982,4471.108678055817
401.00381,0.215084,-32.244238,4472.509538,4474.812940668875
401.01381,0.215064,-32.243759,4472.187098,4474.873327943086
401.02381,0.215044,-32.24328,4471.864662,4472.481935137927
401.03381,0.215024,-32.242801,4471.542232,4470.850996682393
401.04381,0.215004,-32.242321,4471.219806,4472.074376129185
401.05381,0.214984,-32.241842,4470.897386,4472.687368147423
401.06381,0.214964,-32.241363,4470.57497,4470.219291380951
401.07381,0.214945,-32.240884,4470.252558,4471.866871959798
401.08381,0.214925,-32.240405,4469.930152,4468.858558200313
401.09381,0.214906,-32.239926,4469.60775,4469.644369329064
401.10381,0.214886,-32.239447,4469.285353,4468.592953746008
401.11381,0.214867,-32.238968,4468.962961,4470.644179395574
401.12381,0.214848,-32.238489,4468.640574,4472.4259022513315
401.13381,0.214829,-32.23801,4468.318191,4465.664975166133
401.14381,0.21481,-32.237531,4467.995814,4470.032051598823
401.15381,0.214791,-32.237053,4467.673441,4468.443729794731
401.16381,0.214773,-32.236574,4467.351073,4469.067224960635
401.17381,0.214754,-32.236095,4467.028709,4467.076424197223
401.18381,0.214735,-32.235616,4466.706351,4466.3927754229
401.19381,0.214717,-32.235137,4466.383997,4465.178682921714
401.20381,0.214699,-32.234658,4466.061648,4464.852195781242
401.21381,0.21468,-32.234179,4465.739304,4465.544191308331
401.22381,0.214662,-32.233701,4465.416965,4465.51077050385
401.23381,0.214644,-32.233222,4465.09463,4465.832993230831
401.24381,0.214626,-32.232743,4464.7723,4466.163007596714
401.25381,0.214608,-32.232264,4464.449975,4465.018649102851
401.26381,0.21459,-32.231786,4464.127655,4465.7102876171675
401.27381,0.214572,-32.231307,4463.805339,4461.972312880741
401.28381,0.214555,-32.230828,4463.483029,4463.276326922417
401.29381,0.214537,-32.23035,4463.160723,4464.8955646972345
401.30381,0.21452,-32.229871,4462.838422,4463.595571250642
401.31381,0.214502,-32.229392,4462.516125,4463.418398258254
401.32381,0.214485,-32.228914,4462.193834,4465.260351055026
401.33381,0.214468,-32.228435,4461.871547,4462.141772763546
401.34381,0.21445,-32.227957,4461.549265,4463.405955448969
401.35381,0.214433,-32.227478,4461.226988,4461.863312201312
401.36381,0.214416,-32.227,4460.904716,4463.736495558885
401.37381,0.214399,-32.226521,4460.582448,4458.458770460383
401.38381,0.214382,-32.226043,4460.260185,4459.2078729288305
401.39381,0.214366,-32.225564,4459.937927,4458.169541510753
401.40381,0.214349,-32.225086,4459.615674,4458.897175502675
401.41381,0.214332,-32.224607,4459.293425,4461.057322536603
401.42381,0.214316,-32.224129,4458.971182,4458.614606216764
401.43381,0.214299,-32.22365,4458.648943,4460.118936794777
401.44381,0.214283,-32.223172,4458.326709,4458.265594021432
401.45381,0.214267,-32.222694,4458.004479,4457.751854201397
401.46381,0.214251,-32.222215,4457.682255,4458.806869451815
401.47381,0.214234,-32.221737,4457.360035,4457.6201662377225
401.48381,0.214218,-32.221259,4457.03782,4457.913450063898
401.49381,0.214202,-32.22078,4456.71561,4456.469360028897
401.50381,0.214186,-32.220302,4456.393404,4457.694839402306
401.51381,0.214171,-32.219824,4456.071204,4457.344596922837
401.52381,0.214155,-32.219346,4455.749008,4456.450363550609
401.53381,0.214139,-32.218867,4455.426817,4456.60504451127
401.54381,0.214124,-32.218389,4455.104631,4455.995231370997
401.55381,0.214108,-32.217911,4454.782449,4454.518838638108
401.56381,0.214093,-32.217433,4454.460272,4456.06384221889
401.57381,0.214077,-32.216955,4454.1381,4454.202540472213
401.58381,0.214062,-32.216477,4453.815933,4454.268546282349
401.59381,0.214047,-32.215998,4453.493771,4454.224498988823
401.60381,0.214032,-32.21552,4453.171613,4455.376773089676
401.61381,0.214016,-32.215042,4452.849461,4456.291094596296
401.62381,0.214001,-32.214564,4452.527313,4451.806648784708
401.63381,0.213986,-32.214086,4452.205169,4452.8413511102035
401.64381,0.213972,-32.213608,4451.883031,4452.11867695759
401.65381,0.213957,-32.21313,4451.560897,4452.965810974988
401.66381,0.213942,-32.212652,4451.238768,4453.332880104941
401.67381,0.213927,-32.212174,4450.916644,4451.773116680112
401.68381,0.213913,-32.211696,4450.594525,4451.663970851429
401.69381,0.213898,-32.211219,4450.27241,4449.3738540818285
401.70381,0.213884,-32.210741,4449.9503,4450.097963904422
401.71381,0.213869,-32.210263,4449.628195,4451.842396487494
401.72381,0.213855,-32.209785,4449.306095,4448.021769452106
401.73381,0.213841,-32.209307,4448.984,4448.4180414785615
401.74381,0.213826,-32.208829,4448.661909,4450.376293166636
401.75381,0.213812,-32.208351,4448.339823,4447.870927403749
401.76381,0.213798,-32.207874,4448.017742,4450.599171591908
401.77381,0.213784,-32.207396,4447.695666,4448.991887642847
401.78381,0.21377,-32.206918,4447.373594,4447.365727776861
401.79381,0.213756,-32.206441,4447.051527,4446.074656837552
401.80381,0.213743,-32.205963,4446.729465,4446.493284516539
401.81381,0.213729,-32.205485,4446.407408,4447.04517703023
401.82381,0.213715,-32.205008,4446.085355,4445.639220587747
401.83381,0.213701,-32.20453,4445.763308,4444.702566953299
401.84381,0.213688,-32.204052,4445.441265,4447.454368695914
401.85381,0.213674,-32.203575,4445.119227,4444.777972819096
401.86381,0.213661,-32.203097,4444.797193,4444.624049316627
401.87381,0.213648,-32.20262,4444.475165,4443.2947717430425
401.88381,0.213634,-32.202142,4444.153141,4444.515582935129
401.89381,0.213621,-32.201664,4443.831122,4444.598864855007
401.90381,0.213608,-32.201187,4443.509108,4444.410607420676
401.91381,0.213595,-32.20071,4443.187098,4445.456084994608
401.92381,0.213581,-32.200232,4442.865093,4445.027742440533
401.93381,0.213568,-32.199755,4442.543094,4444.1820444032855
401.94381,0.213555,-32.199277,4442.221098,4445.075916774019
401.95381,0.213543,-32.1988,4441.899108,4443.125346198721
401.96381,0.21353,-32.198322,4441.577122,4439.534745246467
401.97381,0.213517,-32.197845,4441.255142,4440.38980686225
401.98381,0.213504,-32.197368,4440.933165,4440.142840113097
401.99381,0.213492,-32.19689,4440.611194,4440.489607508713
402.00381,0.213479,-32.196413,4440.289228,4440.788779900423
402.01381,0.213466,-32.195936,4439.967266,4441.868788682043
402.02381,0.213454,-32.195459,4439.645309,4439.389304071321
402.03381,0.213441,-32.194981,4439.323357,4438.374108432761
402.04381,0.213429,-32.194504,4439.001409,4439.476987195106
402.05381,0.213417,-32.194027,4438.679467,4438.80076406905
402.06381,0.213404,-32.19355,4438.357529,4437.812293599481
402.07381,0.213392,-32.193073,4438.035596,4438.1915964415175
402.08381,0.21338,-32.192596,4437.713667,4436.717829444346
402.09381,0.213368,-32.192118,4437.391744,4437.7597869512965
402.10381,0.213356,-32.191641,4437.069825,4437.294337183109
402.11381,0.213344,-32.191164,4436.747911,4436.612178266595
402.12381,0.213332,-32.190687,4436.426002,4437.4963534149765
402.13381,0.21332,-32.19021,4436.104097,4436.523588515931
402.14381,0.213308,-32.189733,4435.782197,4436.408304482673
402.15381,0.213296,-32.189256,4435.460303,4435.176158437885
402.16381,0.213284,-32.188779,4435.138412,4434.689430291346
402.17381,0.213273,-32.188302,4434.816527,4435.589009939461
402.18381,0.213261,-32.187825,4434.494646,4434.698754965795
402.19381,0.213249,-32.187348,4434.17277,4435.556555265541
402.20381,0.213238,-32.186872,4433.850899,4432.321220693664
402.21381,0.213226,-32.186395,4433.529033,4432.406917085292
402.22381,0.213215,-32.185918,4433.207171,4432.599389817754
402.23381,0.213204,-32.185441,4432.885315,4435.761661236667
402.24381,0.213192,-32.184964,4432.563463,4431.742804593937
402.25381,0.213181,-32.184488,4432.241615,4432.587335602495
402.26381,0.21317,-32.184011,4431.919773,4432.083394447387
402.27381,0.213158,-32.183534,4431.597935,4432.601912662734
402.28381,0.213147,-32.183057,4431.276102,4430.543711429217
402.29381,0.213136,-32.182581,4430.954274,4431.4819533869195
402.30381,0.213125,-32.182104,4430.632451,4429.178824182919
402.31381,0.213114,-32.181627,4430.310632,4429.040193758999
402.32381,0.213103,-32.181151,4429.988818,4429.769130330938
402.33381,0.213092,-32.180674,4429.667009,4431.738264664298
402.34381,0.213081,-32.180197,4429.345205,4428.402460367408
402.35381,0.21307,-32.179721,4429.023405,4429.156592915488
402.36381,0.21306,-32.179244,4428.70161,4427.366815287931
402.37381,0.213049,-32.178768,4428.37982,4428.186496382406
402.38381,0.213038,-32.178291,4428.058035,4428.736899276153
402.39381,0.213028,-32.177815,4427.736254,4427.888566127257
402.40381,0.213017,-32.177338,4427.414478,4427.748198950797
402.41381,0.213006,-32.176862,4427.092707,4428.310851284013
402.42381,0.212996,-32.176386,4426.770941,4426.491285047977
402.43381,0.212985,-32.175909,4426.44918,4427.970081675358
402.44381,0.212975,-32.175433,4426.127423,4425.714827720035
402.45381,0.212965,-32.174956,4425.805671,4425.888925017987
402.46381,0.212954,-32.17448,4425.483924,4426.332621893742
402.47381,0.212944,-32.174004,4425.162182,4424.980767049459
402.48381,0.212934,-32.173528,4424.840444,4425.561574815814
402.49381,0.212923,-32.173051,4424.518711,4424.443300642279
402.50381,0.212913,-32.172575,4424.196983,4422.283657118767
402.51381,0.212903,-32.172099,4423.875259,4424.465995549009
402.52381,0.212893,-32.171623,4423.553541,4424.447427708377
402.53381,0.212883,-32.171146,4423.231827,4424.62755306368
402.54381,0.212873,-32.17067,4422.910118,4424.539598016064
402.55381,0.212863,-32.170194,4422.588414,4423.266675088272
402.56381,0.212853,-32.169718,4422.266714,4423.425690529407
402.57381,0.212843,-32.169242,4421.945019,4424.086687743456
402.58381,0.212833,-32.168766,4421.623329,4420.581224601753
402.59381,0.212824,-32.16829,4421.301644,4421.329261623642
402.60381,0.212814,-32.167814,4420.979963,4423.484375840527
402.61381,0.212804,-32.167338,4420.658288,4421.784872142213
402.62381,0.212794,-32.166862,4420.336617,4419.971118736219
402.63381,0.212785,-32.166386,4420.01495,4421.891150122294
402.64381,0.212775,-32.16591,4419.693289,4420.817250615908
402.65381,0.212766,-32.165434,4419.371632,4418.610360159458
402.66381,0.212756,-32.164958,4419.04998,4419.6138237242385
402.67381,0.212747,-32.164482,4418.728333,4417.217105258976
402.68381,0.212737,-32.164006,4418.406691,4417.169395114835
402.69381,0.212728,-32.163531,4418.085053,4419.577007591952
402.70381,0.212718,-32.163055,4417.76342,4417.222951531093
402.71381,0.212709,-32.162579,4417.441792,4417.5915283750055
402.72381,0.2127,-32.162103,4417.120168,4417.2594448196305
402.73381,0.21269,-32.161627,4416.79855,4419.34524892031
402.74381,0.212681,-32.161152,4416.476936,4417.254380754962
402.75381,0.212672,-32.160676,4416.155327,4413.674642820398
402.76381,0.212663,-32.1602,4415.833722,4417.403712371925
402.77381,0.212654,-32.159725,4415.512123,4413.114054415211
402.78381,0.212645,-32.159249,4415.190528,4419.645148198729
402.79381,0.212636,-32.158774,4414.868938,4415.40430867817
402.80381,0.212627,-32.158298,4414.547352,4414.3989183791755
402.81381,0.212618,-32.157822,4414.225772,4415.413862040609
402.82381,0.212609,-32.157347,4413.904196,4415.5084174756175
402.83381,0.2126,-32.156871,4413.582625,4414.390347416592
402.84381,0.212591,-32.156396,4413.261059,4411.574480108869
402.85381,0.212582,-32.15592,4412.939497,4412.702969827675
402.86381,0.212573,-32.155445,4412.61794,4410.249622722834
402.87381,0.212564,-32.154969,4412.296388,4415.37244580545
402.88381,0.212556,-32.154494,4411.974841,4412.673790750889
402.89381,0.212547,-32.154019,4411.653298,4409.642469136621
402.90381,0.212538,-32.153543,4411.33176,4413.683011181817
402.91381,0.21253,-32.153068,4411.010227,4412.5737764708265
402.92381,0.212521,-32.152593,4410.688699,4407.826759929153
402.93381,0.212513,-32.152117,4410.367175,4411.645121021565
402.94381,0.212504,-32.151642,4410.045657,4408.367230965069
402.95381,0.212495,-32.151167,4409.724143,4408.632273939142
402.96381,0.212487,-32.150692,4409.402633,4409.033031869389
402.97381,0.212479,-32.150216,4409.081129,4407.491952654844
402.98381,0.21247,-32.149741,4408.759629,4408.452917572375
402.99381,0.212462,-32.149266,4408.438134,4408.4254051404705
403.00381,0.212453,-32.148791,4408.116644,4406.938036382115
403.01381,0.212445,-32.148316,4407.795158,4407.799286508346
403.02381,0.212437,-32.147841,4407.473677,4407.517136347631
403.03381,0.212429,-32.147366,4407.152201,4407.236591107047
403.04381,0.21242,-32.146891,4406.83073,4407.261848623195
403.05381,0.212412,-32.146416,4406.509263,4407.834849686985
403.06381,0.212404,-32.145941,4406.187802,4403.273998447463
403.07381,0.212396,-32.145466,4405.866345,4406.1717109125275
403.08381,0.212388,-32.144991,4405.544892,4407.516895402318
403.09381,0.21238,-32.144516,4405.223445,4405.294610667127
403.10381,0.212372,-32.144041,4404.902002,4405.47957190927
403.11381,0.212364,-32.143566,4404.580564,4405.612246137075
403.12381,0.212356,-32.143091,4404.259131,4405.199925790942
403.13381,0.212348,-32.142616,4403.937702,4405.184200879703
403.14381,0.21234,-32.142142,4403.616278,4404.173180005298
403.15381,0.212332,-32.141667,4403.294859,4402.931543092608
403.16381,0.212324,-32.141192,4402.973445,4399.857185732995
403.17381,0.212316,-32.140717,4402.652036,4404.963167242213
403.18381,0.212308,-32.140243,4402.330631,4404.900536381438
403.19381,0.2123,-32.139768,4402.009231,4403.838688582653
403.20381,0.212293,-32.139293,4401.687835,4403.147876210475
403.21381,0.212285,-32.138819,4401.366445,4402.367454656186
403.22381,0.212277,-32.138344,4401.045059,4402.538848984642
403.23381,0.21227,-32.137869,4400.723678,4403.800061736412
403.24381,0.212262,-32.137395,4400.402302,4401.32760071774
403.25381,0.212254,-32.13692,4400.08093,4400.105051936317
403.26381,0.212247,-32.136446,4399.759563,4400.892812199711
403.27381,0.212239,-32.135971,4399.438201,4398.933248118787
403.28381,0.212232,-32.135497,4399.116844,4401.076861648225
403.29381,0.212224,-32.135022,4398.795491,4397.426005359475
403.30381,0.212217,-32.134548,4398.474143,4399.275257054002
403.31381,0.212209,-32.134073,4398.1528,4398.272088054426
403.32381,0.212202,-32.133599,4397.831462,4399.4250016172255
403.33381,0.212194,-32.133125,4397.510128,4397.0604309686
403.34381,0.212187,-32.13265,4397.188799,4399.033155116902
403.35381,0.21218,-32.132176,4396.867475,4398.72612779578
403.36381,0.212172,-32.131702,4396.546156,4397.569558028779
403.37381,0.212165,-32.131227,4396.224841,4397.438695098957
403.38381,0.212158,-32.130753,4395.903531,4395.73613816659
403.39381,0.21215,-32.130279,4395.582226,4395.522721087227
403.40381,0.212143,-32.129805,4395.260926,4397.501921410388
403.41381,0.212136,-32.12933,4394.93963,4397.798988436397
403.42381,0.212129,-32.128856,4394.618339,4398.601650330388
403.43381,0.212122,-32.128382,4394.297053,4396.255830198375
403.44381,0.212114,-32.127908,4393.975771,4393.808584675475
403.45381,0.212107,-32.127434,4393.654495,4396.474698945233
403.46381,0.2121,-32.12696,4393.333223,4395.621121219672
403.47381,0.212093,-32.126486,4393.011956,4393.885113596963
403.48381,0.212086,-32.126012,4392.690693,4391.050280193494
403.49381,0.212079,-32.125538,4392.369435,4395.131187701826
403.50381,0.212072,-32.125064,4392.048182,4392.552451537428
403.51381,0.212065,-32.12459,4391.726934,4393.404148271804
403.52381,0.212058,-32.124116,4391.405691,4390.774675107935
403.53381,0.212051,-32.123642,4391.084452,4391.83684178633
403.54381,0.212044,-32.123168,4390.763218,4391.374841139338
403.55381,0.212037,-32.122694,4390.441988,4390.071387370046
403.56381,0.212031,-32.122221,4390.120764,4388.417397668568
403.57381,0.212024,-32.121747,4389.799544,4390.964805743323
403.58381,0.212017,-32.121273,4389.478329,4389.452821137317
403.59381,0.21201,-32.120799,4389.157119,4390.327463270307
403.60381,0.212003,-32.120325,4388.835913,4388.527816606689
403.61381,0.211997,-32.119852,4388.514712,4388.833806059039
403.62381,0.21199,-32.119378,4388.193516,4388.526875983904
403.63381,0.211983,-32.118904,4387.872324,4387.956840007413
403.64381,0.211976,-32.118431,4387.551138,4388.780807889496
403.65381,0.21197,-32.117957,4387.229956,4391.097048679566
403.66381,0.211963,-32.117484,4386.908779,4388.769666352498
403.67381,0.211956,-32.11701,4386.587606,4385.095737316555
403.68381,0.21195,-32.116536,4386.266438,4385.628942769021
403.69381,0.211943,-32.116063,4385.945275,4385.234838087234
403.70381,0.211937,-32.115589,4385.624117,4386.150029408871
403.71381,0.21193,-32.115116,4385.302964,4383.62909358433
403.72381,0.211924,-32.114643,4384.981815,4385.921443483671
403.73381,0.211917,-32.114169,4384.660671,4382.3488167076775
403.74381,0.211911,-32.113696,4384.339531,4383.3920384364255
403.75381,0.211904,-32.113222,4384.018397,4382.209262975963
403.76381,0.211898,-32.112749,4383.697267,4385.38649356857
403.77381,0.211891,-32.112276,4383.376142,4384.933213659053
403.78381,0.211885,-32.111802,4383.055022,4382.601657499278
403.79381,0.211879,-32.111329,4382.733906,4382.0010333269665
403.80381,0.211872,-32.110856,4382.412795,4382.105073622694
403.81381,0.211866,-32.110383,4382.091689,4384.714532033597
403.82381,0.211859,-32.109909,4381.770587,4382.649439529277
403.83381,0.211853,-32.109436,4381.449491,4382.412049301371
403.84381,0.211847,-32.108963,4381.128399,4382.521753748365
403.85381,0.211841,-32.10849,4380.807311,4382.081655212824
403.86381,0.211834,-32.108017,4380.486229,4381.752843430258
403.87381,0.211828,-32.107544,4380.165151,4381.7857859433425
403.88381,0.211822,-32.107071,4379.844078,4380.848910216894
403.89381,0.211816,-32.106598,4379.52301,4382.850876288872
403.90381,0.21181,-32.106125,4379.201946,4378.9460051765645
403.91381,0.211803,-32.105652,4378.880887,4378.394249935862
403.92381,0.211797,-32.105179,4378.559833,4379.593388361864
403.93381,0.211791,-32.104706,4378.238783,4378.18586124842
403.94381,0.211785,-32.104233,4377.917739,4378.566896114011
403.95381,0.211779,-32.10376,4377.596699,4377.761141184613
403.96381,0.211773,-32.103287,4377.275664,4379.114636591594
403.97381,0.211767,-32.102814,4376.954633,4377.247901662211
403.98381,0.211761,-32.102341,4376.633607,4378.320903023584
403.99381,0.211755,-32.101869,4376.312586,4375.826119789533
404.00381,0.211749,-32.101396,4375.99157,4374.610903310218
404.01381,0.211743,-32.100923,4375.670558,4377.063900794206
404.02381,0.211737,-32.10045,4375.349551,4375.123601999017
404.03381,0.211731,-32.099978,4375.028549,4376.892619633521
404.04381,0.211725,-32.099505,4374.707552,4373.119812525623
404.05381,0.211719,-32.099032,4374.386559,4373.370481229545
404.06381,0.211713,-32.09856,4374.065571,4374.407821578733
404.07381,0.211707,-32.098087,4373.744588,4373.9480057161945
404.08381,0.211701,-32.097615,4373.423609,4373.0289100479895
404.09381,0.211695,-32.097142,4373.102636,4370.398892082004
404.10381,0.21169,-32.09667,4372.781667,4370.544091998477
404.11381,0.211684,-32.096197,4372.460702,4370.067233259561
404.12381,0.211678,-32.095725,4372.139743,4371.7955098379225
404.13381,0.211672,-32.095252,4371.818788,4371.529876283623
404.14381,0.211666,-32.09478,4371.497838,4372.849787870843
404.15381,0.211661,-32.094307,4371.176892,4370.70315997255
404.16381,0.211655,-32.093835,4370.855952,4372.184020206782
404.17381,0.211649,-32.093363,4370.535016,4369.447504245325
404.18381,0.211643,-32.09289,4370.214084,4372.01804010351
404.19381,0.211638,-32.092418,4369.893158,4369.804962488772
404.20381,0.211632,-32.091946,4369.572236,4368.864351818828
404.21381,0.211626,-32.091473,4369.251319,4370.763947547998
404.22381,0.211621,-32.091001,4368.930406,4368.989612787268
404.23381,0.211615,-32.090529,4368.609499,4372.811214954411
404.24381,0.211609,-32.090057,4368.288596,4370.4867410114575
404.25381,0.211604,-32.089585,4367.967698,4368.358173189605
404.26381,0.211598,-32.089113,4367.646804,4368.102062799275
404.27381,0.211593,-32.08864,4367.325915,4369.338630481779
404.28381,0.211587,-32.088168,4367.005031,4369.7244016551995
404.29381,0.211582,-32.087696,4366.684152,4366.866793301096
404.30381,0.211576,-32.087224,4366.363277,4368.342133612806
404.31381,0.21157,-32.086752,4366.042408,4366.306276283647
404.32381,0.211565,-32.08628,4365.721542,4364.9549023964255
404.33381,0.211559,-32.085808,4365.400682,4366.1387477840135
404.34381,0.211554,-32.085336,4365.079826,4367.137265780364
404.35381,0.211549,-32.084865,4364.758975,4365.494836833448
404.36381,0.211543,-32.084393,4364.438129,4367.82226466241
404.37381,0.211538,-32.083921,4364.117287,4364.164555914762
404.38381,0.211532,-32.083449,4363.796451,4364.765491210649
404.39381,0.211527,-32.082977,4363.475618,4361.076305298434
404.40381,0.211521,-32.082505,4363.154791,4365.068583530379
404.41381,0.211516,-32.082034,4362.833968,4364.460921560601
404.42381,0.211511,-32.081562,4362.51315,4365.6775258143625
404.43381,0.211505,-32.08109,4362.192337,4361.9695753741635
404.44381,0.2115,-32.080618,4361.871528,4360.712554066382
404.45381,0.211495,-32.080147,4361.550725,4363.144929646776
404.46381,0.211489,-32.079675,4361.229926,4363.530119064101
404.47381,0.211484,-32.079204,4360.909131,4361.930058116456
404.48381,0.211479,-32.078732,4360.588341,4363.36714032369
404.49381,0.211473,-32.07826,4360.267557,4361.284040533954
404.50381,0.211468,-32.077789,4359.946776,4360.91206848617
404.51381,0.211463,-32.077317,4359.626001,4360.3317170707205
404.52381,0.211458,-32.076846,4359.30523,4359.57389354677
404.53381,0.211452,-32.076374,4358.984464,4359.014049885182
404.54381,0.211447,-32.075903,4358.663702,4356.466448170038
404.55381,0.211442,-32.075432,4358.342946,4359.367200621976
404.56381,0.211437,-32.07496,4358.022194,4358.290013007755
404.57381,0.211432,-32.074489,4357.701447,4360.316629312237
404.58381,0.211426,-32.074018,4357.380704,4355.801956281761
404.59381,0.211421,-32.073546,4357.059966,4356.694619792636
404.60381,0.211416,-32.073075,4356.739233,4358.063126924315
404.61381,0.211411,-32.072604,4356.418505,4355.352901652334
404.62381,0.211406,-32.072132,4356.097781,4356.590827709052
404.63381,0.211401,-32.071661,4355.777062,4356.90369653885
404.64381,0.211396,-32.07119,4355.456348,4355.946269781177
404.65381,0.21139,-32.070719,4355.135638,4355.644515119753
404.66381,0.211385,-32.070248,4354.814933,4355.92786902272
404.67381,0.21138,-32.069777,4354.494233,4353.548773206896
404.68381,0.211375,-32.069306,4354.173538,4351.056129072833
404.69381,0.21137,-32.068835,4353.852847,4352.515417397657
404.70381,0.211365,-32.068364,4353.532161,4356.060154617399
404.71381,0.21136,-32.067893,4353.21148,4353.122576328147
404.72381,0.211355,-32.067422,4352.890803,4351.949010225931
404.73381,0.21135,-32.066951,4352.570131,4352.131269741782
404.74381,0.211345,-32.06648,4352.249464,4351.205089733984
404.75381,0.21134,-32.066009,4351.928802,4352.046803944558
404.76381,0.211335,-32.065538,4351.608144,4352.276216225306
404.77381,0.21133,-32.065067,4351.287491,4351.546787002627
404.78381,0.211325,-32.064596,4350.966843,4350.028747519867
404.79381,0.21132,-32.064125,4350.646199,4352.078123202971
404.80381,0.211315,-32.063655,4350.32556,4350.161649376127
404.81381,0.21131,-32.063184,4350.004926,4350.140008018738
404.82381,0.211306,-32.062713,4349.684297,4350.917263601423
404.83381,0.211301,-32.062242,4349.363672,4349.98138622023
404.84381,0.211296,-32.061772,4349.043052,4348.048200464489
404.85381,0.211291,-32.061301,4348.722436,4349.030953209377
404.86381,0.211286,-32.060831,4348.401826,4348.17030846052
404.87381,0.211281,-32.06036,4348.08122,4348.354658662294
404.88381,0.211276,-32.059889,4347.760619,4345.0771643752205
404.89381,0.211271,-32.059419,4347.440022,4348.573384298483
404.90381,0.211267,-32.058948,4347.11943,4345.561122258146
404.91381,0.211262,-32.058478,4346.798843,4345.155400000569
404.92381,0.211257,-32.058007,4346.478261,4347.496281448459
404.93381,0.211252,-32.057537,4346.157683,4348.792325113719
404.94381,0.211247,-32.057066,4345.83711,4347.177579220398
404.95381,0.211243,-32.056596,4345.516542,4345.5968117345865
404.96381,0.211238,-32.056126,4345.195978,4343.529384797998
404.97381,0.211233,-32.055655,4344.875419,4342.032090762913
404.98381,0.211228,-32.055185,4344.554865,4343.182199192196
404.99381,0.211224,-32.054715,4344.234315,4345.193305183785
405.00381,0.211219,-32.054244,4343.913771,4345.171100667966
405.01381,0.211214,-32.053774,4343.59323,4343.7205700483855
405.02381,0.211209,-32.053304,4343.272695,4343.53282216032
405.03381,0.211205,-32.052834,4342.952164,4343.75675034479
405.04381,0.2112,-32.052364,4342.631638,4341.876554122137
405.05381,0.211195,-32.051893,4342.311117,4343.268408319637
405.06381,0.211191,-32.051423,4341.990601,4342.517920987797
405.07381,0.211186,-32.050953,4341.670089,4342.764879360217
405.08381,0.211181,-32.050483,4341.349581,4339.256542911771
405.09381,0.211177,-32.050013,4341.029079,4340.223034321785
405.10381,0.211172,-32.049543,4340.708581,4342.579000227915
405.11381,0.211167,-32.049073,4340.388088,4340.779237149659
405.12381,0.211163,-32.048603,4340.0676,4340.199772019164
405.13381,0.211158,-32.048133,4339.747116,4341.053526683363
405.14381,0.211153,-32.047663,4339.426637,4338.276246070875
405.15381,0.211149,-32.047193,4339.106163,4340.870282683298
405.16381,0.211144,-32.046724,4338.785693,4339.226138215759
405.17381,0.21114,-32.046254,4338.465228,4340.528063506459
405.18381,0.211135,-32.045784,4338.144768,4338.767386226419
405.19381,0.21113,-32.045314,4337.824313,4339.484862732873
405.20381,0.211126,-32.044844,4337.503862,4337.111427465801
405.21381,0.211121,-32.044375,4337.183416,4336.923475280298
405.22381,0.211117,-32.043905,4336.862974,4339.026038584633
405.23381,0.211112,-32.043435,4336.542538,4337.285885642665
405.24381,0.211108,-32.042966,4336.222106,4339.888989565036
405.25381,0.211103,-32.042496,4335.901678,4335.421320540279
405.26381,0.211099,-32.042026,4335.581256,4338.213415560746
405.27381,0.211094,-32.041557,4335.260838,4336.063988644746
405.28381,0.21109,-32.041087,4334.940425,4336.420300877356
405.29381,0.211085,-32.040618,4334.620016,4338.020098314166
405.30381,0.211081,-32.040148,4334.299612,4334.283397440523
405.31381,0.211076,-32.039679,4333.979213,4336.188770581507
405.32381,0.211072,-32.039209,4333.658819,4336.479076605743
405.33381,0.211067,-32.03874,4333.338429,4332.273597130046
405.34381,0.211063,-32.03827,4333.018044,4331.561808433823
405.35381,0.211058,-32.037801,4332.697664,4331.628801592646
405.36381,0.211054,-32.037332,4332.377288,4336.8142670306715
405.37381,0.211049,-32.036862,4332.056917,4330.680659835448
405.38381,0.211045,-32.036393,4331.736551,4332.578127531206
405.39381,0.211041,-32.035924,4331.416189,4331.392937863933
405.40381,0.211036,-32.035455,4331.095832,4330.717293819498
405.41381,0.211032,-32.034985,4330.77548,4333.918723078757
405.42381,0.211027,-32.034516,4330.455132,4331.867552931615
405.43381,0.211023,-32.034047,4330.13479,4329.543727384026
405.44381,0.211019,-32.033578,4329.814452,4329.755433941162
405.45381,0.211014,-32.033109,4329.494118,4327.8851333105795
405.46381,0.21101,-32.03264,4329.173789,4328.0177302276825
405.47381,0.211005,-32.032171,4328.853465,4330.606945994337
405.48381,0.211001,-32.031701,4328.533146,4330.020735067835
405.49381,0.210997,-32.031232,4328.212831,4327.932509530599
405.50381,0.210992,-32.030763,4327.892521,4329.445046490003
405.51381,0.210988,-32.030295,4327.572216,4328.334203987255
405.52381,0.210984,-32.029826,4327.251915,4324.311556205177
405.53381,0.210979,-32.029357,4326.931619,4330.351544039685
405.54381,0.210975,-32.028888,4326.611328,4323.935050410028
405.55381,0.210971,-32.028419,4326.291042,4328.425632217825
405.56381,0.210966,-32.02795,4325.97076,4327.494866818837
405.57381,0.210962,-32.027481,4325.650483,4325.289289051636
405.58381,0.210958,-32.027012,4325.33021,4325.583714598631
405.59381,0.210954,-32.026544,4325.009942,4326.4410954968525
405.60381,0.210949,-32.026075,4324.689679,4323.403182746742
405.61381,0.210945,-32.025606,4324.369421,4321.66742763607
405.62381,0.210941,-32.025138,4324.049167,4324.729964479448
405.63381,0.210936,-32.024669,4323.728918,4324.189871938078
405.64381,0.210932,-32.0242,4323.408674,4323.151893435105
405.65381,0.210928,-32.023732,4323.088434,4325.061896810808
405.66381,0.210924,-32.023263,4322.768199,4322.721988293694
405.67381,0.210919,-32.022795,4322.447969,4321.48311658664
405.68381,0.210915,-32.022326,4322.127743,4322.324354830886
405.69381,0.210911,-32.021858,4321.807522,4321.477782585937
405.70381,0.210907,-32.021389,4321.487306,4323.20363640882
405.71381,0.210903,-32.020921,4321.167095,4320.313693475643
405.72381,0.210898,-32.020452,4320.846888,4323.60990845288
405.73381,0.210894,-32.019984,4320.526686,4320.823454448032
405.74381,0.21089,-32.019515,4320.206488,4320.347591720831
405.75381,0.210886,-32.019047,4319.886295,4320.190704918076
405.76381,0.210881,-32.018579,4319.566107,4318.445297499563
405.77381,0.210877,-32.018111,4319.245924,4322.016430435517
405.78381,0.210873,-32.017642,4318.925745,4322.187896404298
405.79381,0.210869,-32.017174,4318.605571,4319.258294837585
405.80381,0.210865,-32.016706,4318.285401,4317.041652063552
405.81381,0.210861,-32.016238,4317.965237,4320.9885494451755
405.82381,0.210856,-32.015769,4317.645077,4320.794243954022
405.83381,0.210852,-32.015301,4317.324921,4317.358585581893
405.84381,0.210848,-32.014833,4317.004771,4316.866611942277
405.85381,0.210844,-32.014365,4316.684625,4315.893469673393
405.86381,0.21084,-32.013897,4316.364483,4315.217692200937
405.87381,0.210836,-32.013429,4316.044347,4318.7187323779135
405.88381,0.210832,-32.012961,4315.724215,4314.9034774371785
405.89381,0.210828,-32.012493,4315.404088,4313.7910120575925
405.90381,0.210823,-32.012025,4315.083965,4315.766792989574
405.91381,0.210819,-32.011557,4314.763847,4316.378640075415
405.92381,0.210815,-32.011089,4314.443734,4315.591134818423
405.93381,0.210811,-32.010621,4314.123625,4316.645144456338
405.94381,0.210807,-32.010154,4313.803521,4314.9225043044335
405.95381,0.210803,-32.009686,4313.483422,4312.628901345574
405.96381,0.210799,-32.009218,4313.163328,4313.035104194812
405.97381,0.210795,-32.00875,4312.843238,4313.433594626285
405.98381,0.210791,-32.008282,4312.523153,4313.865379117277
405.99381,0.210787,-32.007815,4312.203072,4311.627220274159
406.00381,0.210782,-32.007347,4311.882996,4309.309845832068
406.01381,0.210778,-32.006879,4311.562925,4311.374670503841
406.02381,0.210774,-32.006412,4311.242859,4312.938730450182
406.03381,0.21077,-32.005944,4310.922797,4314.072397943466
406.04381,0.210766,-32.005476,4310.60274,4311.947092061289
406.05381,0.210762,-32.005009,4310.282687,4310.251044784811
406.06381,0.210758,-32.004541,4309.96264,4309.448911805107
406.07381,0.210754,-32.004074,4309.642597,4311.2360685672975
406.08381,0.21075,-32.003606,4309.322558,4311.218068305576
406.09381,0.210746,-32.003139,4309.002525,4311.812451709368
406.10381,0.210742,-32.002671,4308.682495,4305.82643563098
406.11381,0.210738,-32.002204,4308.362471,4307.998946465523
406.12381,0.210734,-32.001737,4308.042451,4307.8036674490595
406.13381,0.21073,-32.001269,4307.722436,4308.207846694364
406.14381,0.210726,-32.000802,4307.402426,4308.746091407794
406.15381,0.210722,-32.000335,4307.08242,4304.992301988405
406.16381,0.210718,-31.999867,4306.762419,4307.633552135659
406.17381,0.210714,-31.9994,4306.442423,4305.829697186313
406.18381,0.21071,-31.998933,4306.122431,4305.128559348769
406.19381,0.210706,-31.998466,4305.802444,4307.4214361729955
406.20381,0.210702,-31.997999,4305.482462,4305.753251501539
406.21381,0.210698,-31.997531,4305.162484,4305.014138132749
406.22381,0.210694,-31.997064,4304.842511,4303.52889409153
406.23381,0.21069,-31.996597,4304.522543,4305.801207479538
406.24381,0.210686,-31.99613,4304.202579,4306.928734234778
406.25381,0.210682,-31.995663,4303.88262,4306.058514793812
406.26381,0.210678,-31.995196,4303.562666,4303.563490283622
406.27381,0.210674,-31.994729,4303.242717,4303.536574449204
406.28381,0.21067,-31.994262,4302.922772,4301.62000185676
406.29381,0.210666,-31.993795,4302.602831,4306.426878885099
406.30381,0.210663,-31.993328,4302.282896,4301.7755518191325
406.31381,0.210659,-31.992861,4301.962965,4301.797617651025
406.32381,0.210655,-31.992395,4301.643038,4301.262444081659
406.33381,0.210651,-31.991928,4301.323117,4300.814027846109
406.34381,0.210647,-31.991461,4301.0032,4301.890435917827
406.35381,0.210643,-31.990994,4300.683288,4301.112247093731
406.36381,0.210639,-31.990527,4300.36338,4299.716338406154
406.37381,0.210635,-31.990061,4300.043477,4298.567345370835
406.38381,0.210631,-31.989594,4299.723579,4301.423118698674
406.39381,0.210627,-31.989127,4299.403685,4302.152744181174
406.40381,0.210623,-31.988661,4299.083796,4300.979635129591
406.41381,0.210619,-31.988194,4298.763912,4300.733215992769
406.42381,0.210616,-31.987727,4298.444032,4299.290830198537
406.43381,0.210612,-31.987261,4298.124157,4298.37314542818
406.44381,0.210608,-31.986794,4297.804287,4297.349793696507
406.45381,0.210604,-31.986328,4297.484422,4298.72327761798
406.46381,0.2106,-31.985861,4297.164561,4298.766044471493
406.47381,0.210596,-31.985395,4296.844704,4298.2822232429935
406.48381,0.210592,-31.984928,4296.524853,4297.7324210974575
406.49381,0.210588,-31.984462,4296.205006,4296.545651092585
406.50381,0.210585,-31.983996,4295.885163,4295.858687719474
406.51381,0.210581,-31.983529,4295.565326,4299.4562995922015
406.52381,0.210577,-31.983063,4295.245493,4298.933766745307
406.53381,0.210573,-31.982597,4294.925665,4294.733520933953
406.54381,0.210569,-31.98213,4294.605841,4294.317553485367
406.55381,0.210565,-31.981664,4294.286022,4296.613561703632
406.56381,0.210561,-31.981198,4293.966208,4294.356088378425
406.57381,0.210558,-31.980732,4293.646398,4293.887407523517
406.58381,0.210554,-31.980265,4293.326593,4291.44943440628
406.59381,0.21055,-31.979799,4293.006793,4293.321361403813
406.60381,0.210546,-31.979333,4292.686997,4290.59468499234
406.61381,0.210542,-31.978867,4292.367206,4295.202345993222
406.62381,0.210538,-31.978401,4292.04742,4292.276448959042
406.63381,0.210535,-31.977935,4291.727638,4294.15848546868
406.64381,0.210531,-31.977469,4291.407861,4293.673620441908
406.65381,0.210527,-31.977003,4291.088089,4292.1087391606225
406.66381,0.210523,-31.976537,4290.768321,4289.8094144664765
406.67381,0.210519,-31.976071,4290.448558,4288.851980912104
406.68381,0.210516,-31.975605,4290.1288,4290.861196530312
406.69381,0.210512,-31.975139,4289.809046,4289.340124560038
406.70381,0.210508,-31.974673,4289.489297,4288.803627454973
406.71381,0.210504,-31.974207,4289.169552,4286.624300559342
406.72381,0.2105,-31.973742,4288.849813,4288.624384767942
406.73381,0.210497,-31.973276,4288.530077,4292.014610367675
406.74381,0.210493,-31.97281,4288.210347,4290.059541109372
406.75381,0.210489,-31.972344,4287.890621,4288.550126278045
406.76381,0.210485,-31.971879,4287.5709,4287.480369134652
406.77381,0.210481,-31.971413,4287.251184,4290.4415412467115
406.78381,0.210478,-31.970947,4286.931472,4288.2478092086485
406.79381,0.210474,-31.970482,4286.611765,4284.032727296173
406.80381,0.21047,-31.970016,4286.292062,4283.254961385005
406.81381,0.210466,-31.969551,4285.972364,4284.372559368452
406.82381,0.210463,-31.969085,4285.652671,4287.079555784224
406.83381,0.210459,-31.96862,4285.332983,4288.21396228546
406.84381,0.210455,-31.968154,4285.013299,4284.518763509436
406.85381,0.210451,-31.967689,4284.69362,4283.240000904692
406.86381,0.210447,-31.967223,4284.373945,4284.765603298462
406.87381,0.210444,-31.966758,4284.054275,4284.92904309274
406.88381,0.21044,-31.966292,4283.73461,4284.737238358388
406.89381,0.210436,-31.965827,4283.414949,4284.028350309742
406.90381,0.210432,-31.965362,4283.095293,4285.142582173154
406.91381,0.210429,-31.964896,4282.775642,4280.671267978628
406.92381,0.210425,-31.964431,4282.455995,4285.386995262995
406.93381,0.210421,-31.963966,4282.136354,4282.404014126732
406.94381,0.210417,-31.963501,4281.816716,4281.213235820036
406.95381,0.210414,-31.963035,4281.497083,4282.7413070024495
406.96381,0.21041,-31.96257,4281.177455,4279.93511391324
406.97381,0.210406,-31.962105,4280.857832,4280.622929231617
406.98381,0.210403,-31.96164,4280.538213,4281.198154154563
406.99381,0.210399,-31.961175,4280.218599,4280.466032441322
407.00381,0.210395,-31.96071,4279.89899,4278.107580931927
407.01381,0.210391,-31.960245,4279.579385,4280.773955200315
407.02381,0.210388,-31.95978,4279.259785,4278.797551512404
407.03381,0.210384,-31.959315,4278.94019,4280.91978509681
407.04381,0.21038,-31.95885,4278.620599,4282.394952251004
407.05381,0.210377,-31.958385,4278.301013,4278.977105396001
407.06381,0.210373,-31.95792,4277.981431,4276.324913528167
407.07381,0.210203,-31.957455,4277.661854,4277.666635751317
407.08381,0.209946,-31.95699,4277.342282,4279.07681553651
407.09381,0.209694,-31.956525,4277.022714,4275.940072153128
407.10381,0.209448,-31.956061,4276.703151,4277.4799469738355
407.11381,0.209206,-31.955596,4276.383593,4277.861966220824
407.12381,0.208971,-31.955132,4276.064039,4274.5588565876005
407.13381,0.20874,-31.954667,4275.74449,4277.041962680754
407.14381,0.208515,-31.954203,4275.424946,4276.138861166439
407.15381,0.208296,-31.953739,4275.105406,4276.276532254048
407.16381,0.208081,-31.953275,4274.785871,4275.339563806451
407.17381,0.207872,-31.952811,4274.466341,4272.016182703001
407.18381,0.207667,-31.952347,4274.146815,4274.006500005082
407.19381,0.207468,-31.951883,4273.827294,4273.773008478842
407.20381,0.207275,-31.951419,4273.507777,4276.398784614655
407.21381,0.207086,-31.950955,4273.188266,4272.719931168316
407.22381,0.206902,-31.950492,4272.868758,4274.956538148903
407.23381,0.206724,-31.950028,4272.549256,4273.118960494237
407.24381,0.20655,-31.949565,4272.229758,4271.419304398302
407.25381,0.206382,-31.949101,4271.910264,4275.183024795186
407.26381,0.206218,-31.948638,4271.590776,4274.221143277271
407.27381,0.20606,-31.948174,4271.271292,4270.462268444142
407.28381,0.205906,-31.947711,4270.951812,4270.576769743231
407.29381,0.205757,-31.947248,4270.632337,4270.767601907529
407.30381,0.205614,-31.946785,4270.312867,4271.655111814802
407.31381,0.205475,-31.946322,4269.993402,4267.615828006409
407.32381,0.20534,-31.945859,4269.673941,4268.663468893302
407.33381,0.205211,-31.945396,4269.354485,4271.380737544371
407.34381,0.205086,-31.944933,4269.035033,4266.69887332519
407.35381,0.204966,-31.94447,4268.715586,4267.496466074458
407.36381,0.204851,-31.944007,4268.396144,4273.521808964166
407.37381,0.20474,-31.943545,4268.076706,4270.163908495318
407.38381,0.204634,-31.943082,4267.757273,4268.844592723152
407.39381,0.204533,-31.942619,4267.437844,4266.418379148317
407.40381,0.204436,-31.942157,4267.11842,4269.483697830073
407.41381,0.204344,-31.941694,4266.799001,4267.912619511586
407.42381,0.204256,-31.941232,4266.479586,4268.226261826201
407.43381,0.204173,-31.940769,4266.160176,4270.676802981853
407.44381,0.204094,-31.940307,4265.840771,4265.68568198067
407.45381,0.204019,-31.939845,4265.52137,4266.951560080392
407.46381,0.203949,-31.939382,4265.201974,4266.053297219098
407.47381,0.203883,-31.93892,4264.882583,4264.988341709785
407.48381,0.203822,-31.938458,4264.563196,4264.138311644799
407.49381,0.203765,-31.937996,4264.243813,4261.707985119594
407.50381,0.203712,-31.937534,4263.924436,4267.289896487166
407.51381,0.203663,-31.937072,4263.605063,4265.095670952691
407.52381,0.203618,-31.936609,4263.285694,4264.612716448202
407.53381,0.203578,-31.936147,4262.966331,4264.183172193531
407.54381,0.203541,-31.935685,4262.646971,4261.706462140755
407.55381,0.203509,-31.935223,4262.327617,4265.035317358374
407.56381,0.203481,-31.934762,4262.008267,4260.04807553982
407.57381,0.203457,-31.9343,4261.688922,4263.649251728374
407.58381,0.203437,-31.933838,4261.369581,4260.456081326843
407.59381,0.20342,-31.933376,4261.050245,4258.987948390092
407.60381,0.203408,-31.932914,4260.730913,4260.981968364676
407.61381,0.2034,-31.932452,4260.411587,4260.176914851187
407.62381,0.203395,-31.931991,4260.092264,4258.383145390708
407.63381,0.203394,-31.931529,4259.772947,4262.214363699149
407.64381,0.203397,-31.931067,4259.453634,4260.995891434986
407.65381,0.203404,-31.930606,4259.134325,4259.315367917375
407.66381,0.203414,-31.930144,4258.815022,4257.405934538657
407.67381,0.203429,-31.929682,4258.495723,4257.643597325292
407.68381,0.203447,-31.929221,4258.176428,4257.870567509987
407.69381,0.203468,-31.928759,4257.857138,4256.159388554965
407.70381,0.203493,-31.928298,4257.537853,4256.0750861891265
407.71381,0.203522,-31.927836,4257.218572,4257.654824570789
407.72381,0.203554,-31.927375,4256.899296,4257.129347625383
407.73381,0.203589,-31.926913,4256.580025,4259.623409728571
407.74381,0.203629,-31.926452,4256.260758,4254.61192930954
407.75381,0.203671,-31.92599,4255.941496,4255.375301630595
407.76381,0.203717,-31.925529,4255.622238,4254.205733930349
407.77381,0.203766,-31.925067,4255.302985,4254.4427029956
407.78381,0.203819,-31.924606,4254.983737,4254.195743503024
407.79381,0.203875,-31.924144,4254.664493,4255.518882897883
407.80381,0.203934,-31.923683,4254.345254,4256.668806712799
407.81381,0.203996,-31.923222,4254.026019,4256.251800189145
407.82381,0.204062,-31.92276,4253.706789,4255.662478554228
407.83381,0.204131,-31.922299,4253.387564,4253.691082819662
407.84381,0.204203,-31.921838,4253.068343,4252.915005475612
407.85381,0.204278,-31.921376,4252.749127,4250.003925241281
407.86381,0.204356,-31.920915,4252.429916,4253.71261767758
407.87381,0.204437,-31.920454,4252.110709,4252.317083470067
407.88381,0.204521,-31.919992,4251.791507,4253.334344157331
407.89381,0.204609,-31.919531,4251.472309,4251.230352885873
407.90381,0.204699,-31.91907,4251.153116,4252.96039761225
407.91381,0.204792,-31.918608,4250.833928,4253.407265950157
407.92381,0.204888,-31.918147,4250.514744,4253.660418236253
407.93381,0.204987,-31.917686,4250.195565,4251.088133597081
407.94381,0.205088,-31.917225,4249.87639,4248.703401933629
407.95381,0.205193,-31.916763,4249.55722,4251.361400950143
407.96381,0.2053,-31.916302,4249.238055,4250.236934421823
407.97381,0.20541,-31.915841,4248.918894,4247.383757232133
407.98381,0.205523,-31.91538,4248.599738,4249.33349062791
407.99381,0.205638,-31.914918,4248.280587,4250.145389490176
408.00381,0.205756,-31.914457,4247.96144,4250.008261387362
408.01381,0.205877,-31.913996,4247.642298,4247.475867583076
408.02381,0.206,-31.913535,4247.32316,4248.1438028479315
408.03381,0.206126,-31.913073,4247.004027,4249.442847079284
408.04381,0.206254,-31.912612,4246.684898,4249.437165832025
408.05381,0.206385,-31.912151,4246.365775,4243.197868859891
408.06381,0.206518,-31.91169,4246.046655,4247.532082520807
408.07381,0.206654,-31.911228,4245.727541,4248.096862044786
408.08381,0.206792,-31.910767,4245.408431,4245.016022232019
408.09381,0.206932,-31.910306,4245.089326,4242.873106276142
408.10381,0.207075,-31.909844,4244.770225,4244.050550793843
408.11381,0.207221,-31.909383,4244.451129,4244.563138982187
408.12381,0.207368,-31.908922,4244.132037,4243.146914211036
408.13381,0.207518,-31.908461,4243.81295,4244.973946378904
408.14381,0.20767,-31.907999,4243.493868,4243.1569993755065
408.15381,0.207824,-31.907538,4243.17479,4245.001235404004
408.16381,0.207981,-31.907077,4242.855717,4241.93266790095
408.17381,0.208139,-31.906616,4242.536649,4241.209507998812
408.18381,0.2083,-31.906154,4242.217585,4244.1354200589
408.19381,0.208463,-31.905693,4241.898526,4241.186664552157
408.20381,0.208628,-31.905232,4241.579471,4241.871952889276
408.21381,0.208795,-31.90477,4241.260421,4243.0379328851695
408.22381,0.208964,-31.904309,4240.941376,4239.3186755539355
408.23381,0.209135,-31.903848,4240.622335,4240.236952674787
408.24381,0.209308,-31.903386,4240.303299,4240.87817277729
408.25381,0.209483,-31.902925,4239.984267,4238.860197028433
408.26381,0.20966,-31.902464,4239.66524,4239.180905266288
408.27381,0.209839,-31.902002,4239.346218,4238.624524533187
408.28381,0.210019,-31.901541,4239.0272,4240.144828232873
408.29381,0.210202,-31.901079,4238.708187,4241.212258845559
408.30381,0.210386,-31.900618,4238.389179,4238.231618207042
408.31381,0.210573,-31.900157,4238.070175,4240.600792323513
408.32381,0.21076,-31.899695,4237.751175,4237.070465017406
408.33381,0.21095,-31.899234,4237.432181,4236.69324464395
408.34381,0.211142,-31.898772,4237.113191,4237.910459423058
408.35381,0.211335,-31.898311,4236.794205,4239.047479579205
408.36381,0.21153,-31.897849,4236.475224,4234.269966657505
408.37381,0.211726,-31.897388,4236.156248,4235.5271566635965
408.38381,0.211924,-31.896926,4235.837277,4237.197128355197
408.39381,0.212124,-31.896465,4235.51831,4231.867860234937
408.40381,0.212325,-31.896003,4235.199347,4234.754820930463
408.41381,0.212528,-31.895542,4234.88039,4236.289248900512
408.42381,0.212732,-31.89508,4234.561437,4234.879190607905
408.43381,0.212938,-31.894619,4234.242488,4235.549010292577
408.44381,0.213146,-31.894157,4233.923544,4237.897247716465
408.45381,0.213355,-31.893696,4233.604605,4234.339832917907
408.46381,0.213565,-31.893234,4233.28567,4236.579176152098
408.47381,0.213777,-31.892773,4232.96674,4231.242907721086
408.48381,0.21399,-31.892311,4232.647815,4231.828446491755
408.49381,0.214204,-31.891849,4232.328894,4233.0368159336085
408.50381,0.21442,-31.891388,4232.009978,4232.686660125438
408.51381,0.214638,-31.890926,4231.691066,4234.527272616504
408.52381,0.214856,-31.890464,4231.372159,4230.316465814646
408.53381,0.215076,-31.890003,4231.053257,4232.878021726474
408.54381,0.215297,-31.889541,4230.734359,4229.623386468122
408.55381,0.21552,-31.889079,4230.415466,4231.037293858649
408.56381,0.215743,-31.888618,4230.096578,4232.248668852377
408.57381,0.215968,-31.888156,4229.777694,4230.22659962344
408.58381,0.216194,-31.887694,4229.458815,4229.060566960813
408.59381,0.216421,-31.887232,4229.13994,4230.2517630650345
408.60381,0.21665,-31.886771,4228.82107,4227.766248154763
408.61381,0.216879,-31.886309,4228.502205,4228.43810802737
408.62381,0.21711,-31.885847,4228.183344,4229.466266275252
408.63381,0.217342,-31.885385,4227.864488,4229.796255716138
408.64381,0.217575,-31.884923,4227.545636,4227.499904024738
408.65381,0.217809,-31.884461,4227.226789,4230.141101185952
408.66381,0.218044,-31.884,4226.907947,4227.142835299265
408.67381,0.21828,-31.883538,4226.589109,4228.3286189701475
408.68381,0.218517,-31.883076,4226.270276,4225.26153043527
408.69381,0.218755,-31.882614,4225.951448,4227.709628281294
408.70381,0.218994,-31.882152,4225.632624,4227.011203351168
408.71381,0.219234,-31.88169,4225.313805,4225.019299646313
408.72381,0.219474,-31.881228,4224.99499,4226.404085286112
408.73381,0.219716,-31.880766,4224.67618,4225.274496410454
408.74381,0.219959,-31.880304,4224.357375,4224.614889113538
408.75381,0.220203,-31.879842,4224.038574,4223.479712893765
408.76381,0.220447,-31.87938,4223.719778,4224.467254474209
408.77381,0.220692,-31.878918,4223.400986,4226.363285974905
408.78381,0.220938,-31.878456,4223.082199,4224.616176300747
408.79381,0.221185,-31.877994,4222.763417,4223.555591729366
408.80381,0.221433,-31.877532,4222.44464,4223.6234689128
408.81381,0.221682,-31.877069,4222.125867,4220.966044416494
408.82381,0.221931,-31.876607,4221.807098,4222.113084385621
408.83381,0.222181,-31.876145,4221.488334,4219.052824801641
408.84381,0.222432,-31.875683,4221.169575,4222.173404396791
408.85381,0.222684,-31.875221,4220.850821,4221.023453805528
408.86381,0.222936,-31.874759,4220.532071,4220.322958308676
408.87381,0.223189,-31.874296,4220.213326,4220.993063665061
408.88381,0.223442,-31.873834,4219.894585,4220.66506503879
408.89381,0.223697,-31.873372,4219.575849,4221.110703696948
408.90381,0.223952,-31.87291,4219.257118,4220.270663669413
408.91381,0.224207,-31.872447,4218.938391,4217.940684876036
408.92381,0.224464,-31.871985,4218.619669,4220.399217573121
408.93381,0.22472,-31.871523,4218.300951,4221.280653839999
408.94381,0.224978,-31.87106,4217.982238,4216.1125767162575
408.95381,0.225236,-31.870598,4217.66353,4216.492138824702
408.96381,0.225494,-31.870136,4217.344826,4216.37330773965
408.97381,0.225753,-31.869673,4217.026127,4217.696455722663
408.98381,0.226013,-31.869211,4216.707433,4216.461003239234
408.99381,0.226273,-31.868748,4216.388743,4214.458425571813
409.00381,0.226534,-31.868286,4216.070058,4218.1078798718645
409.01381,0.226795,-31.867824,4215.751377,4214.129916483106
409.02381,0.227057,-31.867361,4215.432701,4213.552095090448
409.03381,0.227319,-31.866899,4215.11403,4213.242057462145
409.04381,0.227582,-31.866436,4214.795363,4216.707571401269
409.05381,0.227845,-31.865974,4214.476701,4214.062925911957
409.06381,0.228108,-31.865511,4214.158044,4214.418796812159
409.07381,0.228372,-31.865048,4213.839391,4212.917000551568
409.08381,0.228636,-31.864586,4213.520743,4214.07539826873
409.09381,0.228901,-31.864123,4213.202099,4214.420501593794
409.10381,0.229166,-31.863661,4212.88346,4211.978288979958
409.11381,0.229432,-31.863198,4212.564826,4214.949182380177
409.12381,0.229698,-31.862735,4212.246196,4213.835170783305
409.13381,0.229964,-31.862273,4211.927571,4212.929940066308
409.14381,0.23023,-31.86181,4211.608951,4213.266063008348
409.15381,0.230497,-31.861347,4211.290335,4211.005837119024
409.16381,0.230764,-31.860885,4210.971724,4211.421444977738
409.17381,0.231032,-31.860422,4210.653117,4211.388745893947
409.18381,0.2313,-31.859959,4210.334516,4208.218635319392
409.19381,0.231568,-31.859496,4210.015918,4207.59200014193
409.20381,0.231836,-31.859034,4209.697326,4209.836368398003
409.21381,0.232105,-31.858571,4209.378738,4209.400250274254
409.22381,0.232374,-31.858108,4209.060154,4208.730162866305
409.23381,0.232643,-31.857645,4208.741575,4208.9644632600275
409.24381,0.232912,-31.857182,4208.423001,4210.592817358865
409.25381,0.233182,-31.85672,4208.104432,4206.898138882899
409.26381,0.233452,-31.856257,4207.785867,4206.51119669389
409.27381,0.233722,-31.855794,4207.467307,4205.863603738715
409.28381,0.233992,-31.855331,4207.148751,4208.48904934547
409.29381,0.234262,-31.854868,4206.8302,4209.43238909809
409.30381,0.234533,-31.854405,4206.511654,4206.367602025599
409.31381,0.234804,-31.853942,4206.193112,4205.0729673726855
409.32381,0.235075,-31.853479,4205.874575,4206.413888275434
409.33381,0.235346,-31.853016,4205.556042,4207.942199352374
409.34381,0.235617,-31.852553,4205.237515,4205.960119698437
409.35381,0.235888,-31.85209,4204.918991,4206.617848676443
409.36381,0.23616,-31.851627,4204.600473,4205.979546511022
409.37381,0.236431,-31.851164,4204.281959,4204.088981608004
409.38381,0.236703,-31.850701,4203.963449,4204.609451431643
409.39381,0.236975,-31.850238,4203.644945,4204.514782954642
409.40381,0.237247,-31.849775,4203.326445,4204.933663119153
409.41381,0.237518,-31.849312,4203.007949,4202.5952090882965
409.42381,0.23779,-31.848849,4202.689458,4203.050318550639
409.43381,0.238063,-31.848386,4202.370972,4203.637757354848
409.44381,0.238335,-31.847923,4202.052491,4203.947375334723
409.45381,0.238607,-31.84746,4201.734014,4200.2092190770045
409.46381,0.238879,-31.846997,4201.415542,4204.136867642857
409.47381,0.239151,-31.846533,4201.097074,4200.884369874957
409.48381,0.239424,-31.84607,4200.778611,4199.281324649278
409.49381,0.239696,-31.845607,4200.460152,4202.257232081741
409.50381,0.239968,-31.845144,4200.141699,4203.329003828527
409.51381,0.240241,-31.844681,4199.82325,4198.885427121204
409.52381,0.240513,-31.844217,4199.504805,4199.028671918643
409.53381,0.240785,-31.843754,4199.186365,4199.506524964601
409.54381,0.241057,-31.843291,4198.86793,4200.169119084964
409.55381,0.24133,-31.842828,4198.549499,4197.547873159061
409.56381,0.241602,-31.842364,4198.231073,4197.36460062314
409.57381,0.241874,-31.841901,4197.912652,4196.535992926857
409.58381,0.242146,-31.841438,4197.594235,4197.620376242281
409.59381,0.242418,-31.840975,4197.275823,4201.5635658110605
409.60381,0.24269,-31.840511,4196.957416,4197.627657183711
409.61381,0.242962,-31.840048,4196.639013,4196.37588019576
409.62381,0.243234,-31.839585,4196.320615,4197.277909203548
409.63381,0.243506,-31.839121,4196.002221,4198.110286365466
409.64381,0.243778,-31.838658,4195.683833,4196.110661194198
409.65381,0.244049,-31.838195,4195.365448,4196.992585966787
409.66381,0.244321,-31.837731,4195.047069,4191.654567322591
409.67381,0.244592,-31.837268,4194.728694,4193.879912674129
409.68381,0.244864,-31.836804,4194.410323,4197.131349075167
409.69381,0.245135,-31.836341,4194.091958,4195.303353605045
409.70381,0.245406,-31.835878,4193.773596,4193.787219678572
409.71381,0.245677,-31.835414,4193.45524,4193.534752497582
409.72381,0.245948,-31.834951,4193.136888,4193.871348922636
409.73381,0.246219,-31.834487,4192.818541,4193.574528178553
409.74381,0.246489,-31.834024,4192.500198,4194.361226831492
409.75381,0.24676,-31.83356,4192.181861,4192.274089415173
409.76381,0.24703,-31.833097,4191.863527,4192.419238222901
409.77381,0.2473,-31.832633,4191.545199,4192.552118775118
409.78381,0.24757,-31.83217,4191.226875,4189.896808384129
409.79381,0.24784,-31.831706,4190.908555,4191.922313148832
409.80381,0.248109,-31.831243,4190.59024,4191.8692658514565
409.81381,0.248379,-31.830779,4190.27193,4192.269551970211
409.82381,0.248648,-31.830316,4189.953625,4189.258465659897
409.83381,0.248917,-31.829852,4189.635324,4189.134439008897
409.84381,0.249186,-31.829389,4189.317028,4189.72997640453
409.85381,0.249454,-31.828925,4188.998736,4189.73814478799
409.86381,0.249723,-31.828462,4188.680449,4188.515073204548
409.87381,0.249991,-31.827998,4188.362167,4189.946237884419
409.88381,0.250259,-31.827535,4188.043889,4190.039321733001
409.89381,0.250527,-31.827071,4187.725616,4191.0845073951405
409.90381,0.250795,-31.826607,4187.407348,4187.884154971123
409.91381,0.251062,-31.826144,4187.089084,4187.315655952074
409.92381,0.251329,-31.82568,4186.770825,4186.089931503529
409.93381,0.251596,-31.825217,4186.452571,4186.312215527518
409.94381,0.251863,-31.824753,4186.134321,4185.938252931181
409.95381,0.252129,-31.824289,4185.816076,4186.353674593361
409.96381,0.252395,-31.823826,4185.497835,4184.93076249111
409.97381,0.252661,-31.823362,4185.179599,4184.423184535754
409.98381,0.252927,-31.822898,4184.861368,4184.7575288973285
409.99381,0.253192,-31.822435,4184.543141,4185.008795376525
410.00381,0.253458,-31.821971,4184.224919,4184.546590499376
410.01381,0.253723,-31.821508,4183.906702,4182.181275105495
410.02381,0.253987,-31.821044,4183.588489,4182.218110850164
410.03381,0.254252,-31.82058,4183.270281,4184.638803862187
410.04381,0.254516,-31.820117,4182.952077,4183.1428653649855
410.05381,0.254779,-31.819653,4182.633878,4184.039200977027
410.06381,0.255043,-31.819189,4182.315684,4179.601138768051
410.07381,0.255306,-31.818726,4181.997495,4182.979662409107
410.08381,0.255569,-31.818262,4181.67931,4181.971325540932
410.09381,0.255832,-31.817798,4181.361129,4180.987169589161
410.10381,0.256094,-31.817334,4181.042954,4182.3022714896915
410.11381,0.256356,-31.816871,4180.724783,4180.36268861875
410.12381,0.256618,-31.816407,4180.406616,4181.434642087509
410.13381,0.256879,-31.815943,4180.088455,4178.561992272633
410.14381,0.257141,-31.81548,4179.770297,4181.467262738094
410.15381,0.257401,-31.815016,4179.452145,4180.780314866459
410.16381,0.257662,-31.814552,4179.133997,4180.997392094644
410.17381,0.257922,-31.814089,4178.815854,4178.967225337789
410.18381,0.258182,-31.813625,4178.497715,4178.980130509853
410.19381,0.258441,-31.813161,4178.179581,4180.630949242208
410.20381,0.258701,-31.812697,4177.861452,4175.987218797048
410.21381,0.25896,-31.812234,4177.543327,4176.144389538291
410.22381,0.259218,-31.81177,4177.225207,4178.386419771297
410.23381,0.259476,-31.811306,4176.907092,4173.384536523322
410.24381,0.259734,-31.810843,4176.588981,4177.3596042719455
410.25381,0.259992,-31.810379,4176.270875,4176.957356680571
410.26381,0.260249,-31.809915,4175.952774,4177.771114843892
410.27381,0.260506,-31.809451,4175.634677,4176.408943474105
410.28381,0.260762,-31.808988,4175.316585,4174.931114267385
410.29381,0.261019,-31.808524,4174.998497,4177.200521267541
410.30381,0.261274,-31.80806,4174.680414,4175.234804792142
410.31381,0.26153,-31.807596,4174.362336,4175.875786856839
410.32381,0.261785,-31.807133,4174.044262,4174.346377999063
410.33381,0.26204,-31.806669,4173.726193,4174.256440640798
410.34381,0.262294,-31.806205,4173.408129,4173.190764661688
410.35381,0.262548,-31.805741,4173.090069,4173.8584496341
410.36381,0.262802,-31.805278,4172.772014,4172.0941693033
410.37381,0.262513,-31.804814,4172.453964,4173.476026291932
410.38381,0.262139,-31.804351,4172.135918,4169.185741903874
410.39381,0.261767,-31.803887,4171.817877,4171.760902574222
410.40381,0.261395,-31.803424,4171.49984,4172.829121543263
410.41381,0.261025,-31.802961,4171.181808,4171.5625412708705
410.42381,0.260657,-31.802498,4170.863781,4171.779257208635
410.43381,0.260289,-31.802036,4170.545758,4170.377634153981
410.44381,0.259923,-31.801573,4170.22774,4168.279079051872
410.45381,0.259558,-31.801111,4169.909727,4173.42247281532
410.46381,0.259197,-31.800649,4169.591718,4166.178821229545
410.47381,0.258838,-31.800187,4169.273714,4168.847604273531
410.48381,0.258479,-31.799724,4168.955714,4167.809551049489
410.49381,0.258122,-31.799262,4168.637719,4169.52254031045
410.50381,0.257766,-31.7988,4168.319729,4169.855293333187
410.51381,0.257411,-31.798338,4168.001743,4166.413100922129
410.52381,0.257057,-31.797876,4167.683762,4172.097504523328
410.53381,0.256705,-31.797414,4167.365786,4166.737441881151
410.54381,0.256353,-31.796952,4167.047814,4164.628658832193
410.55381,0.256003,-31.79649,4166.729847,4164.531962993819
410.56381,0.255654,-31.796028,4166.411884,4167.537813439595
410.57381,0.255307,-31.795566,4166.093926,4165.397720677309
410.58381,0.25496,-31.795104,4165.775973,4167.5701296703055
410.59381,0.254615,-31.794642,4165.458024,4163.809691404927
410.60381,0.25427,-31.79418,4165.14008,4166.692261747298
410.61381,0.253927,-31.793718,4164.82214,4165.8879976782355
410.62381,0.253586,-31.793256,4164.504206,4165.600676252265
410.63381,0.253245,-31.792794,4164.186275,4168.2463024959625
410.64381,0.252905,-31.792332,4163.86835,4165.745355438146
410.65381,0.252567,-31.79187,4163.550429,4163.684760942063
410.66381,0.25223,-31.791408,4163.232512,4166.279382290149
410.67381,0.251894,-31.790947,4162.914601,4164.677170245672
410.68381,0.251559,-31.790485,4162.596693,4165.036641828625
410.69381,0.251225,-31.790023,4162.278791,4163.456807915096
410.70381,0.250892,-31.789561,4161.960893,4163.992159897169
410.71381,0.250561,-31.789099,4161.643,4159.765996726883
410.72381,0.25023,-31.788638,4161.325111,4160.5114031261255
410.73381,0.249901,-31.788176,4161.007227,4160.97383775359
410.74381,0.249573,-31.787714,4160.689347,4161.497313617723
410.75381,0.249246,-31.787252,4160.371473,4159.359516428297
410.76381,0.24892,-31.786791,4160.053602,4160.191956389802
410.77381,0.248595,-31.786329,4159.735737,4163.256991028691
410.78381,0.248272,-31.785867,4159.417876,4161.014899157878
410.79381,0.247949,-31.785406,4159.100019,4156.924282181856
410.80381,0.247628,-31.784944,4158.782168,4158.676275703176
410.81381,0.247307,-31.784482,4158.464321,4160.269277429839
410.82381,0.246988,-31.784021,4158.146478,4160.773919724294
410.83381,0.24667,-31.783559,4157.82864,4156.596174264286
410.84381,0.246353,-31.783098,4157.510807,4157.084750837193
410.85381,0.246037,-31.782636,4157.192978,4156.407006298785
410.86381,0.245722,-31.782174,4156.875154,4156.282774106233
410.87381,0.245408,-31.781713,4156.557335,4155.537857365066
410.88381,0.245096,-31.781251,4156.23952,4159.180231685071
410.89381,0.244784,-31.78079,4155.92171,4154.9578747799105
410.90381,0.244473,-31.780328,4155.603904,4156.855591527832
410.91381,0.244164,-31.779867,4155.286103,4156.612480566934
410.92381,0.243855,-31.779405,4154.968307,4154.6243999316885
410.93381,0.243548,-31.778944,4154.650515,4152.0796644406155
410.94381,0.243241,-31.778482,4154.332728,4153.659667297484
410.95381,0.242936,-31.778021,4154.014945,4155.830062274343
410.96381,0.242632,-31.777559,4153.697167,4153.661258094132
410.97381,0.242329,-31.777098,4153.379394,4155.764601393176
410.98381,0.242026,-31.776636,4153.061625,4153.108104325411
410.99381,0.241725,-31.776175,4152.743861,4152.5728856044625
411.00381,0.241425,-31.775713,4152.426102,4151.282786281474
411.01381,0.241126,-31.775252,4152.108347,4151.767633774409
411.02381,0.240828,-31.77479,4151.790597,4154.520353311351
411.03381,0.240531,-31.774329,4151.472851,4151.6623607163465
411.04381,0.240235,-31.773867,4151.15511,4149.886846327357
411.05381,0.23994,-31.773406,4150.837374,4149.17144928446
411.06381,0.239646,-31.772944,4150.519642,4151.815144066412
411.07381,0.239353,-31.772483,4150.201915,4152.096024779143
411.08381,0.239061,-31.772021,4149.884193,4150.8701698990235
411.09381,0.23877,-31.77156,4149.566475,4150.467586544017
411.10381,0.23848,-31.771099,4149.248761,4150.909821740954
411.11381,0.238191,-31.770637,4148.931053,4153.600888841807
411.12381,0.237903,-31.770176,4148.613349,4151.784058364708
411.13381,0.237616,-31.769714,4148.295649,4148.668003517295
411.14381,0.23733,-31.769253,4147.977954,4147.412968641918
411.15381,0.237045,-31.768792,4147.660264,4148.281521968447
411.16381,0.236761,-31.76833,4147.342579,4146.860026537679
411.17381,0.236478,-31.767869,4147.024898,4146.636122870207
411.18381,0.236196,-31.767407,4146.707221,4149.671313938997
411.19381,0.235915,-31.766946,4146.389549,4147.372188873119
411.20381,0.235635,-31.766485,4146.071882,4149.028010178152
411.21381,0.235356,-31.766023,4145.75422,4146.301826018356
411.22381,0.235078,-31.765562,4145.436562,4143.1027898249695
411.23381,0.234801,-31.7651,4145.118908,4144.244716209121
411.24381,0.234524,-31.764639,4144.80126,4144.981672609936
411.25381,0.234249,-31.764178,4144.483616,4143.893553822316
411.26381,0.233975,-31.763716,4144.165976,4146.354728358765
411.27381,0.233701,-31.763255,4143.848341,4146.421271634471
411.28381,0.233429,-31.762793,4143.530711,4144.555605581671
411.29381,0.233157,-31.762332,4143.213086,4147.446527980578
411.30381,0.232887,-31.761871,4142.895465,4144.941104935556
411.31381,0.232617,-31.761409,4142.577848,4144.645801168801
411.32381,0.232349,-31.760948,4142.260236,4140.579367200887
411.33381,0.232081,-31.760486,4141.942629,4141.363234735059
411.34381,0.231814,-31.760025,4141.625027,4139.452823157521
411.35381,0.231548,-31.759564,4141.307429,4141.320076937892
411.36381,0.231283,-31.759102,4140.989835,4141.5870891273935
411.37381,0.231019,-31.758641,4140.672247,4143.496927650661
411.38381,0.230756,-31.758179,4140.354663,4142.611359013007
411.39381,0.230493,-31.757718,4140.037083,4141.335031952091
411.40381,0.230232,-31.757257,4139.719508,4138.320751518648
411.41381,0.229972,-31.756795,4139.401938,4138.643038123473
411.42381,0.229712,-31.756334,4139.084372,4137.384654235678
411.43381,0.229453,-31.755872,4138.766811,4138.943950624547
411.44381,0.229196,-31.755411,4138.449255,4137.71954716528
411.45381,0.228939,-31.75495,4138.131703,4138.423063103931
411.46381,0.228683,-31.754488,4137.814156,4137.272098106907
411.47381,0.228428,-31.754027,4137.496613,4137.45588557321
411.48381,0.228174,-31.753565,4137.179075,4137.945098744598
411.49381,0.22792,-31.753104,4136.861542,4135.864105133565
411.50381,0.227668,-31.752643,4136.544013,4137.7182421385405
411.51381,0.227416,-31.752181,4136.226489,4135.433393262649
411.52381,0.227166,-31.75172,4135.90897,4136.825058211886
411.53381,0.226916,-31.751258,4135.591455,4134.530821325238
411.54381,0.226667,-31.750797,4135.273944,4137.657798526423
411.55381,0.226419,-31.750336,4134.956439,4135.824058050534
411.56381,0.226171,-31.749874,4134.638938,4133.25842306052
411.57381,0.225925,-31.749413,4134.321441,4135.901439213963
411.58381,0.22568,-31.748951,4134.003949,4133.350706888433
411.59381,0.225435,-31.74849,4133.686462,4133.923293470229
411.60381,0.225191,-31.748028,4133.36898,4132.552638293095
411.61381,0.224948,-31.747567,4133.051502,4132.551547218864
411.62381,0.224706,-31.747106,4132.734028,4134.46884436856
411.63381,0.224465,-31.746644,4132.41656,4131.300211941006
411.64381,0.224224,-31.746183,4132.099095,4129.3747215917665
411.65381,0.223985,-31.745721,4131.781636,4134.491015901378
411.66381,0.223746,-31.74526,4131.464181,4132.860539236467
411.67381,0.223508,-31.744798,4131.146731,4133.096522068305
411.68381,0.223271,-31.744337,4130.829285,4130.221072085494
411.69381,0.223035,-31.743875,4130.511844,4130.792779609758
411.70381,0.222799,-31.743414,4130.194408,4128.771303544506
411.71381,0.222564,-31.742952,4129.876976,4129.497443112237
411.72381,0.222331,-31.742491,4129.559548,4131.129886482235
411.73381,0.222098,-31.742029,4129.242126,4129.229597043575
411.74381,0.221865,-31.741568,4128.924708,4128.725280929202
411.75381,0.221634,-31.741106,4128.607295,4128.439758356579
411.76381,0.221403,-31.740645,4128.289886,4127.961112570742
411.77381,0.221174,-31.740183,4127.972482,4127.10849088041
411.78381,0.220945,-31.739722,4127.655082,4129.45513528767
411.79381,0.220716,-31.73926,4127.337687,4125.750697902693
411.80381,0.220489,-31.738799,4127.020297,4126.889987091242
411.81381,0.220262,-31.738337,4126.702911,4128.395131782153
411.82381,0.220037,-31.737876,4126.38553,4125.731773269344
411.83381,0.219812,-31.737414,4126.068154,4127.241545572843
411.84381,0.219587,-31.736953,4125.750782,4128.185344857992
411.85381,0.219364,-31.736491,4125.433415,4125.702719621146
411.86381,0.219141,-31.73603,4125.116052,4124.713444011676
411.87381,0.218919,-31.735568,4124.798694,4124.99454989555
411.88381,0.218698,-31.735107,4124.481341,4123.4941427330605
411.89381,0.218478,-31.734645,4124.163992,4123.707772920054
411.90381,0.218258,-31.734183,4123.846648,4125.880595173032
411.91381,0.218039,-31.733722,4123.529308,4120.72038306713
411.92381,0.217821,-31.73326,4123.211973,4122.914877382263
411.93381,0.217604,-31.732799,4122.894643,4122.290392181743
411.94381,0.217388,-31.732337,4122.577317,4122.806924972884
411.95381,0.217172,-31.731876,4122.259996,4121.697231462184
411.96381,0.216957,-31.731414,4121.94268,4119.9637601175145
411.97381,0.216742,-31.730952,4121.625368,4120.946551852674
411.98381,0.216529,-31.730491,4121.308061,4120.688724426643
411.99381,0.216316,-31.730029,4120.990758,4123.042986202476
412.00381,0.216104,-31.729567,4120.67346,4121.84711809766
412.01381,0.215893,-31.729106,4120.356167,4120.888917749865
412.02381,0.215682,-31.728644,4120.038878,4120.66315151897
412.03381,0.215472,-31.728183,4119.721594,4119.126076073261
412.04381,0.215263,-31.727721,4119.404314,4118.601876051333
412.05381,0.215055,-31.727259,4119.08704,4120.189561344422
412.06381,0.214847,-31.726798,4118.769769,4119.666600436598
412.07381,0.21464,-31.726336,4118.452504,4117.898645583968
412.08381,0.214434,-31.725874,4118.135243,4118.237720058323
412.09381,0.214229,-31.725413,4117.817986,4117.472281017565
412.10381,0.214024,-31.724951,4117.500734,4117.949449722902
412.11381,0.21382,-31.724489,4117.183487,4120.987979159933
412.12381,0.213616,-31.724028,4116.866244,4115.569325267095
412.13381,0.213414,-31.723566,4116.549007,4116.257103230222
412.14381,0.213212,-31.723104,4116.231773,4116.052409180773
412.15381,0.213011,-31.722643,4115.914544,4119.981988510285
412.16381,0.21281,-31.722181,4115.59732,4115.662116805442
412.17381,0.21261,-31.721719,4115.280101,4112.936295045013
412.18381,0.212411,-31.721257,4114.962886,4114.764566454647
412.19381,0.212213,-31.720796,4114.645676,4114.419805080469
412.20381,0.212015,-31.720334,4114.32847,4113.510548402253
412.21381,0.211818,-31.719872,4114.011269,4110.3987102039
412.22381,0.211622,-31.71941,4113.694073,4111.466568484461
412.23381,0.211426,-31.718949,4113.376881,4112.736981011951
412.24381,0.211231,-31.718487,4113.059694,4111.675329205332
412.25381,0.211037,-31.718025,4112.742511,4112.2853352324755
412.26381,0.210843,-31.717563,4112.425333,4113.654513822575
412.27381,0.21065,-31.717102,4112.10816,4114.039123073208
412.28381,0.210458,-31.71664,4111.790991,4113.433094999207
412.29381,0.210267,-31.716178,4111.473827,4109.82907779242
412.30381,0.210076,-31.715716,4111.156668,4111.2026800971125
412.31381,0.209885,-31.715254,4110.839513,4111.307662295479
412.32381,0.209696,-31.714793,4110.522362,4110.261719806092
412.33381,0.209507,-31.714331,4110.205217,4110.1870561474425
412.34381,0.209319,-31.713869,4109.888076,4111.735923776007
412.35381,0.209131,-31.713407,4109.570939,4112.8080343452075
412.36381,0.208944,-31.712945,4109.253808,4109.098810978411
412.37381,0.208758,-31.712484,4108.936681,4110.84956432482
412.38381,0.208572,-31.712022,4108.619558,4110.1727785466355
412.39381,0.208387,-31.71156,4108.30244,4109.6412535315
412.40381,0.208203,-31.711098,4107.985327,4108.265598786739
412.41381,0.208019,-31.710636,4107.668218,4108.402846708166
412.42381,0.207836,-31.710174,4107.351114,4110.122800621277
412.43381,0.207654,-31.709713,4107.034015,4108.1839547117215
412.44381,0.207472,-31.709251,4106.71692,4106.664659216066
412.45381,0.207291,-31.708789,4106.39983,4105.260573335997
412.46381,0.20711,-31.708327,4106.082744,4109.836149154978
412.47381,0.206931,-31.707865,4105.765663,4103.2828756778335
412.48381,0.206751,-31.707403,4105.448587,4105.067230453189
412.49381,0.206573,-31.706941,4105.131515,4104.754018595179
412.50381,0.206395,-31.706479,4104.814448,4108.201395085539
412.51381,0.206217,-31.706017,4104.497385,4106.636395804849
412.52381,0.206041,-31.705556,4104.180328,4106.865133710683
412.53381,0.205864,-31.705094,4103.863274,4102.971228798943
412.54381,0.205689,-31.704632,4103.546226,4103.329262149645
412.55381,0.205514,-31.70417,4103.229182,4103.892015365077
412.56381,0.20534,-31.703708,4102.912142,4102.916354841455
412.57381,0.205166,-31.703246,4102.595108,4100.304504870767
412.58381,0.204993,-31.702784,4102.278077,4102.775982775587
412.59381,0.204821,-31.702322,4101.961052,4103.968428080606
412.60381,0.204649,-31.70186,4101.644031,4100.010247822753
412.61381,0.204478,-31.701398,4101.327015,4103.001603573592
412.62381,0.204307,-31.700936,4101.010003,4104.411084264052
412.63381,0.204137,-31.700474,4100.692996,4100.862013485985
412.64381,0.203967,-31.700012,4100.375993,4097.770327903014
412.65381,0.203799,-31.69955,4100.058996,4097.8802560366685
412.66381,0.20363,-31.699088,4099.742002,4098.415613217561
412.67381,0.203463,-31.698626,4099.425014,4099.321411044141
412.68381,0.203295,-31.698164,4099.10803,4097.592497552445
412.69381,0.203129,-31.697702,4098.791051,4097.088015199008
412.70381,0.202963,-31.69724,4098.474076,4100.128414439224
412.71381,0.202798,-31.696778,4098.157106,4098.925758255693
412.72381,0.202633,-31.696316,4097.84014,4095.404075049011
412.73381,0.202469,-31.695854,4097.52318,4097.418712241812
412.74381,0.202305,-31.695392,4097.206223,4097.208721534111
412.75381,0.202142,-31.69493,4096.889272,4099.307999576283
412.76381,0.20198,-31.694468,4096.572325,4096.164695147178
412.77381,0.201818,-31.694006,4096.255382,4094.596103241481
412.78381,0.201656,-31.693544,4095.938445,4093.33996944897
412.79381,0.201496,-31.693082,4095.621511,4095.9810209103584
412.80381,0.201335,-31.69262,4095.304583,4095.4160595992253
412.81381,0.201176,-31.692158,4094.987659,4095.978610757747
412.82381,0.201017,-31.691696,4094.67074,4094.706972231088
412.83381,0.200858,-31.691234,4094.353825,4095.7375596045276
412.84381,0.2007,-31.690772,4094.036915,4095.125252918392
412.85381,0.200543,-31.69031,4093.72001,4093.9688406099785
412.86381,0.200386,-31.689847,4093.403109,4092.0156628911427
412.87381,0.200229,-31.689385,4093.086213,4093.1640978592086
412.88381,0.200074,-31.688923,4092.769321,4091.246977075373
412.89381,0.199918,-31.688461,4092.452434,4097.36152071453
412.90381,0.199764,-31.687999,4092.135552,4093.2549192927977
412.91381,0.19961,-31.687537,4091.818674,4093.0252934267655
412.92381,0.199456,-31.687075,4091.501801,4093.2900890535657
412.93381,0.199303,-31.686613,4091.184933,4093.976833364524
412.94381,0.19915,-31.686151,4090.868069,4093.293683661748
412.95381,0.198998,-31.685689,4090.55121,4091.834907481292
412.96381,0.198847,-31.685226,4090.234355,4090.356083385663
412.97381,0.198696,-31.684764,4089.917505,4088.875071404132
412.98381,0.198546,-31.684302,4089.60066,4090.7769098766407
412.99381,0.198396,-31.68384,4089.283819,4090.9019646799293
413.00381,0.198246,-31.683378,4088.966983,4089.938021317181
413.01381,0.198097,-31.682916,4088.650152,4088.0752016746546
413.02381,0.197949,-31.682454,4088.333325,4087.662743067018
413.03381,0.197801,-31.681991,4088.016503,4090.284414297763
413.04381,0.197654,-31.681529,4087.699685,4088.0512744484863
413.05381,0.197507,-31.681067,4087.382872,4087.228347642337
413.06381,0.197361,-31.680605,4087.066064,4089.238962122269
413.07381,0.197215,-31.680143,4086.74926,4084.761588026441
413.08381,0.19707,-31.679681,4086.432461,4086.2047760417363
413.09381,0.196925,-31.679219,4086.115666,4086.6615706283155
413.10381,0.196781,-31.678756,4085.798876,4084.529689961824
413.11381,0.196637,-31.678294,4085.482091,4086.372103354212
413.12381,0.196494,-31.677832,4085.165311,4086.4074105913323
413.13381,0.196351,-31.67737,4084.848535,4082.454056035567
413.14381,0.196209,-31.676908,4084.531763,4084.908788355137
413.15381,0.196067,-31.676445,4084.214996,4083.781378758325
413.16381,0.195926,-31.675983,4083.898234,4086.814097092273
413.17381,0.195785,-31.675521,4083.581477,4083.6458045001823
413.18381,0.195645,-31.675059,4083.264724,4083.7301422831383
413.19381,0.195505,-31.674597,4082.947976,4085.064724238405
413.20381,0.195366,-31.674134,4082.631232,4083.5751987495814
413.21381,0.195227,-31.673672,4082.314493,4081.3591585231666
413.22381,0.195089,-31.67321,4081.997758,4082.440093128524
413.23381,0.194951,-31.672748,4081.681029,4082.598955778442
413.24381,0.194814,-31.672286,4081.364303,4080.8636392298818
413.25381,0.194677,-31.671823,4081.047583,4081.8352441772226
413.26381,0.194541,-31.671361,4080.730867,4080.606101016223
413.27381,0.194405,-31.670899,4080.414156,4080.4503490308366
413.28381,0.194269,-31.670437,4080.097449,4079.8173068470587
413.29381,0.194134,-31.669975,4079.780747,4082.3995407138173
413.30381,0.194,-31.669512,4079.46405,4080.6993626162666
413.31381,0.193866,-31.66905,4079.147357,4081.915872283821
413.32381,0.193732,-31.668588,4078.830669,4080.719731555255
413.33381,0.193599,-31.668126,4078.513985,4078.3328696727267
413.34381,0.193467,-31.667663,4078.197306,4080.3362014967215
413.35381,0.193335,-31.667201,4077.880632,4078.4002259245026
413.36381,0.193203,-31.666739,4077.563962,4075.260872919837
413.37381,0.193072,-31.666277,4077.247297,4079.0563503706862
413.38381,0.192941,-31.665814,4076.930636,4078.6811652244105
413.39381,0.192811,-31.665352,4076.613981,4073.544968357336
413.40381,0.192681,-31.66489,4076.297329,4074.0887738372962
413.41381,0.192551,-31.664428,4075.980683,4075.993359371914
413.42381,0.192422,-31.663965,4075.664041,4074.8988785047723
413.43381,0.192294,-31.663503,4075.347403,4074.354391777096
413.44381,0.192166,-31.663041,4075.030771,4074.4080159052373
413.45381,0.192038,-31.662579,4074.714143,4074.104221808526
413.46381,0.191911,-31.662117,4074.397519,4076.5835759715546
413.47381,0.191784,-31.661654,4074.0809,4073.97918952704
413.48381,0.191658,-31.661192,4073.764286,4074.724813128992
413.49381,0.191532,-31.66073,4073.447677,4074.2677202708624
413.50381,0.191407,-31.660267,4073.131072,4072.6772204840177
413.51381,0.191282,-31.659805,4072.814471,4070.644526494274
413.52381,0.191157,-31.659343,4072.497875,4074.6568807793155
413.53381,0.191033,-31.658881,4072.181284,4072.7507324388152
413.54381,0.190909,-31.658418,4071.864698,4071.7449574583134
413.55381,0.190786,-31.657956,4071.548116,4072.8413576655994
413.56381,0.190663,-31.657494,4071.231539,4071.6286258850714
413.57381,0.190541,-31.657032,4070.914966,4070.353678927259
413.58381,0.190419,-31.656569,4070.598398,4070.464834046961
413.59381,0.190297,-31.656107,4070.281835,4072.6724283680205
413.60381,0.190176,-31.655645,4069.965276,4072.053315203927
413.61381,0.190056,-31.655183,4069.648722,4069.5698088166355
413.62381,0.189935,-31.65472,4069.332172,4068.664770121312
413.63381,0.189815,-31.654258,4069.015627,4068.6009685791173
413.64381,0.189696,-31.653796,4068.699087,4070.037954142932
413.65381,0.189577,-31.653334,4068.382551,4067.805942782473
413.66381,0.189458,-31.652871,4068.06602,4067.7640469157245
413.67381,0.18934,-31.652409,4067.749494,4068.089727653273
413.68381,0.189222,-31.651947,4067.432972,4068.221980013592
413.69381,0.189105,-31.651485,4067.116455,4067.484781603471
413.70381,0.188988,-31.651022,4066.799943,4067.5731088602665
413.71381,0.188871,-31.65056,4066.483435,4066.9206707315034
413.72381,0.188755,-31.650098,4066.166931,4066.773394278911
413.73381,0.188639,-31.649635,4065.850433,4066.6451365763637
413.74381,0.188524,-31.649173,4065.533939,4063.828700426332
413.75381,0.188409,-31.648711,4065.217449,4065.2537359384055
413.76381,0.188295,-31.648249,4064.900964,4067.940745439908
413.77381,0.18818,-31.647786,4064.584484,4064.1429320370767
413.78381,0.188067,-31.647324,4064.268009,4062.911833783037
413.79381,0.187953,-31.646862,4063.951538,4063.4144714617896
413.80381,0.18784,-31.6464,4063.635071,4065.5507810646995
413.81381,0.187728,-31.645937,4063.31861,4065.2220784110573
413.82381,0.187615,-31.645475,4063.002153,4064.5656646776843
413.83381,0.187504,-31.645013,4062.6857,4064.5056043174845
413.84381,0.187392,-31.644551,4062.369252,4066.6387049843675
413.85381,0.187281,-31.644088,4062.052809,4063.501832261783
413.86381,0.187171,-31.643626,4061.736371,4062.8804796842705
413.87381,0.18706,-31.643164,4061.419937,4060.2448740726977
413.88381,0.18695,-31.642702,4061.103507,4061.2383258009922
413.89381,0.186841,-31.642239,4060.787083,4061.089493014937
413.90381,0.186732,-31.641777,4060.470663,4059.9400787736663
413.91381,0.186623,-31.641315,4060.154247,4059.2336791442062
413.92381,0.186515,-31.640853,4059.837836,4060.2955570611707
413.93381,0.186407,-31.64039,4059.52143,4057.1611167491455
413.94381,0.186299,-31.639928,4059.205029,4060.5360853823663
413.95381,0.186192,-31.639466,4058.888632,4056.7612194800918
413.96381,0.186085,-31.639004,4058.572239,4058.6530992844605
413.97381,0.185978,-31.638541,4058.255851,4060.027504215271
413.98381,0.185872,-31.638079,4057.939468,4059.247532657317
413.99381,0.185766,-31.637617,4057.62309,4057.601479608393
414.00381,0.185661,-31.637155,4057.306716,4056.782030482657
414.01381,0.185556,-31.636693,4056.990347,4055.605801156351
414.02381,0.185451,-31.63623,4056.673982,4058.620024993975
414.03381,0.184249,-31.635768,4056.357622,4054.6947685030987
414.04381,0.182579,-31.635306,4056.041269,4053.374329655108
414.05381,0.180914,-31.634845,4055.724921,4056.0351412977207
414.06381,0.179253,-31.634384,4055.408575,4054.288447610375
414.07381,0.177598,-31.633923,4055.092233,4055.4285703064625
414.08381,0.175948,-31.633462,4054.775896,4057.101190138315
414.09381,0.174305,-31.633002,4054.459564,4053.7706293234437
414.10381,0.172667,-31.632542,4054.143236,4055.7030457656733
414.11381,0.171035,-31.632082,4053.826913,4056.218536132071
414.12381,0.16941,-31.631622,4053.510594,4053.0997121723967
414.13381,0.16779,-31.631163,4053.19428,4051.44002462837
414.14381,0.166176,-31.630704,4052.877971,4052.3949590171965
414.15381,0.164568,-31.630245,4052.561666,4050.4089392009614
414.16381,0.162966,-31.629787,4052.245366,4052.222554156405
414.17381,0.16137,-31.629329,4051.929071,4053.5112015765067
414.18381,0.15978,-31.62887,4051.61278,4051.628230236706
414.19381,0.158196,-31.628413,4051.296493,4052.2279459343704
414.20381,0.156618,-31.627955,4050.980211,4051.3759599530745
414.21381,0.155047,-31.627498,4050.663934,4050.660912516325
414.22381,0.153481,-31.62704,4050.347661,4046.361153484396
414.23381,0.151921,-31.626584,4050.031393,4052.7356169659156
414.24381,0.150367,-31.626127,4049.71513,4053.2692996805713
414.25381,0.14882,-31.62567,4049.398871,4049.1587519506725
414.26381,0.147278,-31.625214,4049.082616,4051.220981594735
414.27381,0.145743,-31.624758,4048.766366,4051.8088446874517
414.28381,0.144214,-31.624302,4048.450121,4048.781107907744
414.29381,0.142691,-31.623846,4048.13388,4050.6725689344103
414.30381,0.141175,-31.62339,4047.817644,4049.175727139848
414.31381,0.139665,-31.622935,4047.501413,4047.9419201579826
414.32381,0.138161,-31.62248,4047.185186,4047.6344824197945
414.33381,0.136663,-31.622024,4046.868963,4049.392033668564
414.34381,0.135172,-31.62157,4046.552745,4048.721542217534
414.35381,0.133687,-31.621115,4046.236532,4047.086193031616
414.36381,0.132209,-31.62066,4045.920323,4046.064360856903
414.37381,0.130737,-31.620206,4045.604118,4043.2132536813992
414.38381,0.129272,-31.619751,4045.287919,4046.934813358904
414.39381,0.127813,-31.619297,4044.971723,4045.812570064625
414.40381,0.126361,-31.618843,4044.655533,4042.7892076350095
414.41381,0.124916,-31.618389,4044.339347,4046.6018875966192
414.42381,0.123478,-31.617935,4044.023165,4047.5465983438307
414.43381,0.122046,-31.617482,4043.706988,4044.677757686523
414.44381,0.120621,-31.617028,4043.390815,4044.4562803436174
414.45381,0.119204,-31.616575,4043.074647,4042.513504856307
414.46381,0.117793,-31.616121,4042.758484,4043.5010603007095
414.47381,0.116389,-31.615668,4042.442325,4041.947823448028
414.48381,0.114993,-31.615215,4042.12617,4044.1493787052127
414.49381,0.113603,-31.614762,4041.810021,4041.2080528760675
414.50381,0.112221,-31.614309,4041.493875,4043.272182569237
414.51381,0.110846,-31.613856,4041.177734,4043.0178262107966
414.52381,0.109479,-31.613404,4040.861598,4040.9482914556097
414.53381,0.10812,-31.612951,4040.545466,4040.730961560172
414.54381,0.106768,-31.612499,4040.229339,4039.033216175302
414.55381,0.105423,-31.612046,4039.913216,4039.603119680369
414.56381,0.104087,-31.611594,4039.597098,4038.373920999002
414.57381,0.102759,-31.611141,4039.280984,4039.033300721435
414.58381,0.101438,-31.610689,4038.964875,4041.4524555800685
414.59381,0.100126,-31.610237,4038.648771,4039.048383165011
414.60381,0.098822,-31.609785,4038.332671,4039.982307821985
414.61381,0.097527,-31.609333,4038.016575,4036.586171147017
414.62381,0.09624,-31.608881,4037.700484,4036.555858895567
414.63381,0.094962,-31.608429,4037.384397,4038.0390976603335
414.64381,0.093693,-31.607978,4037.068315,4038.5983460207513
414.65381,0.092433,-31.607526,4036.752238,4036.710455399176
414.66381,0.091182,-31.607074,4036.436165,4033.9979901896095
414.67381,0.089941,-31.606622,4036.120096,4037.4115973868265
414.68381,0.088709,-31.606171,4035.804032,4034.3361424247237
414.69381,0.087487,-31.605719,4035.487973,4036.483814823203
414.70381,0.086275,-31.605268,4035.171918,4035.0781613511017
414.71381,0.085073,-31.604816,4034.855868,4036.7150259268237
414.72381,0.083881,-31.604365,4034.539822,4033.041175695523
414.73381,0.0827,-31.603913,4034.22378,4034.0194272541075
414.74381,0.08153,-31.603462,4033.907743,4031.9923810465643
414.75381,0.080371,-31.603011,4033.591711,4033.7730355074
414.76381,0.079223,-31.602559,4033.275683,4035.602164410924
414.77381,0.078087,-31.602108,4032.95966,4032.4627102441623
414.78381,0.076962,-31.601657,4032.643641,4031.760904362414
414.79381,0.07585,-31.601205,4032.327627,4031.97479343788
414.80381,0.074751,-31.600754,4032.011617,4029.5861544713152
414.81381,0.073664,-31.600303,4031.695612,4032.377289937758
414.82381,0.072591,-31.599852,4031.379611,4029.602990420778
414.83381,0.071531,-31.599401,4031.063615,4030.8566222403106
414.84381,0.070485,-31.598949,4030.747623,4031.510556477669
414.85381,0.069453,-31.598498,4030.431636,4030.474518711739
414.86381,0.068436,-31.598047,4030.115653,4030.7906194206175
414.87381,0.067434,-31.597596,4029.799675,4030.6482508837457
414.88381,0.066448,-31.597145,4029.483701,4028.2324382287547
414.89381,0.065478,-31.596693,4029.167732,4030.374052480323
414.90381,0.064524,-31.596242,4028.851767,4031.7561697489773
414.91381,0.063587,-31.595791,4028.535807,4026.9161462539396
414.92381,0.062667,-31.59534,4028.219851,4027.729611834897
414.93381,0.061766,-31.594889,4027.9039,4028.363309333451
414.94381,0.060883,-31.594437,4027.587954,4027.3758543325257
414.95381,0.060019,-31.593986,4027.272011,4027.4482112263295
414.96381,0.059175,-31.593535,4026.956074,4027.22021567393
414.97381,0.058351,-31.593083,4026.640141,4025.86823315442
414.98381,0.057548,-31.592632,4026.324212,4026.3919223604908
414.99381,0.056766,-31.592181,4026.008288,4028.410808439499
415.00381,0.056006,-31.591729,4025.692368,4023.7407797705932
415.01381,0.055269,-31.591278,4025.376453,4025.8201972193006
415.02381,0.054555,-31.590827,4025.060543,4025.640764148794
415.03381,0.053866,-31.590375,4024.744637,4027.04319110963
415.04381,0.053201,-31.589924,4024.428735,4025.0425371154847
415.05381,0.052561,-31.589472,4024.112838,4027.954369557521
415.06381,0.051947,-31.589021,4023.796946,4022.7277718361465
415.07381,0.05136,-31.588569,4023.481058,4024.7991381907855
415.08381,0.0508,-31.588118,4023.165175,4022.4568721322544
415.09381,0.050268,-31.587666,4022.849296,4026.0805983000155
415.10381,0.049764,-31.587214,4022.533421,4021.7295601853966
415.11381,0.04929,-31.586763,4022.217551,4021.595695108635
415.12381,0.048845,-31.586311,4021.901686,4022.329326580235
415.13381,0.04843,-31.585859,4021.585825,4021.7826530708526
415.14381,0.048045,-31.585407,4021.269969,4023.6272871041274
415.15381,0.047692,-31.584955,4020.954117,4019.8124670087855
415.16381,0.04737,-31.584503,4020.63827,4021.926900316896
415.17381,0.047081,-31.584051,4020.322427,4021.7473865604466
415.18381,0.046823,-31.583599,4020.006589,4018.8585579227542
415.19381,0.046597,-31.583147,4019.690755,4021.1319065859484
415.20381,0.046405,-31.582695,4019.374926,4018.777879198737
415.21381,0.046244,-31.582243,4019.059101,4019.74880981175
415.22381,0.046117,-31.581791,4018.743281,4021.7278202466478
415.23381,0.046022,-31.581338,4018.427465,4020.901879100379
415.24381,0.04596,-31.580886,4018.111654,4016.9358420788176
415.25381,0.045931,-31.580434,4017.795848,4016.1410542988756
415.26381,0.045933,-31.579981,4017.480045,4017.2748635342286
415.27381,0.045968,-31.579528,4017.164248,4016.1101651834574
415.28381,0.046034,-31.579076,4016.848455,4019.5159253894954
415.29381,0.046132,-31.578623,4016.532666,4019.5336845868246
415.30381,0.04626,-31.57817,4016.216882,4016.505633652095
415.31381,0.046419,-31.577718,4015.901103,4015.5671550117604
415.32381,0.046607,-31.577265,4015.585328,4018.3096563978875
415.33381,0.046824,-31.576812,4015.269558,4016.746264886309
415.34381,0.04707,-31.576359,4014.953792,4013.253633383571
415.35381,0.047343,-31.575906,4014.638031,4012.776928862406
415.36381,0.047643,-31.575453,4014.322274,4015.924655062661
415.37381,0.04797,-31.574999,4014.006521,4014.9395215641257
415.38381,0.048322,-31.574546,4013.690774,4015.3003735341094
415.39381,0.048698,-31.574093,4013.375031,4015.1847035984215
415.40381,0.049099,-31.573639,4013.059292,4014.336980381747
415.41381,0.049522,-31.573186,4012.743558,4012.767211416017
415.42381,0.049968,-31.572732,4012.427828,4012.7949653761398
415.43381,0.050434,-31.572279,4012.112103,4013.382132767409
415.44381,0.050922,-31.571825,4011.796383,4011.741826226063
415.45381,0.051429,-31.571371,4011.480667,4010.5299252083087
415.46381,0.051956,-31.570917,4011.164955,4011.775500327897
415.47381,0.0525,-31.570463,4010.849248,4010.9339270026344
415.48381,0.053062,-31.570009,4010.533546,4010.1492515451805
415.49381,0.05364,-31.569555,4010.217848,4009.9298139007738
415.50381,0.054235,-31.569101,4009.902155,4011.0950719939015
415.51381,0.054845,-31.568647,4009.586466,4008.8188866784108
415.52381,0.055469,-31.568192,4009.270782,4007.3297942175454
415.53381,0.056107,-31.567738,4008.955102,4010.345167319221
415.54381,0.056758,-31.567283,4008.639427,4007.145537848432
415.55381,0.057422,-31.566829,4008.323757,4008.5886514942063
415.56381,0.058098,-31.566374,4008.008091,4007.0645503484943
415.57381,0.058785,-31.565919,4007.692429,4006.7103620796493
415.58381,0.059483,-31.565464,4007.376772,4007.4186953603976
415.59381,0.060191,-31.565009,4007.06112,4009.2379533329167
415.60381,0.060909,-31.564554,4006.745472,4006.2056831905684
415.61381,0.061636,-31.564099,4006.429829,4004.722442803344
415.62381,0.062372,-31.563644,4006.11419,4006.5329600169216
415.63381,0.063116,-31.563189,4005.798556,4006.6140462697253
415.64381,0.063867,-31.562733,4005.482926,4005.172433630081
415.65381,0.064627,-31.562278,4005.167301,4006.4153929035683
415.66381,0.065393,-31.561822,4004.851681,4007.2222612963187
415.67381,0.066166,-31.561366,4004.536065,4006.316448995406
415.68381,0.066945,-31.560911,4004.220453,4004.0525180387713
415.69381,0.06773,-31.560455,4003.904847,4004.254090997921
415.70381,0.06852,-31.559999,4003.589244,4005.1506510098275
415.71381,0.069316,-31.559543,4003.273647,4003.3946090214545
415.72381,0.070117,-31.559087,4002.958053,3999.504236514565
415.73381,0.070922,-31.55863,4002.642465,4004.51902346344
415.74381,0.071731,-31.558174,4002.326881,4002.6750039436565
415.75381,0.072545,-31.557718,4002.011301,4004.111653707878
415.76381,0.073362,-31.557261,4001.695726,4003.9684339478104
415.77381,0.074183,-31.556805,4001.380156,3999.801939120774
415.78381,0.075007,-31.556348,4001.06459,4001.1694900653547
415.79381,0.075834,-31.555891,4000.749029,4000.5477172232877
415.80381,0.076664,-31.555434,4000.433473,3998.722530661937
415.81381,0.077497,-31.554977,4000.11792,4002.43647309378
415.82381,0.078332,-31.55452,3999.802373,4002.303893720377
415.83381,0.07917,-31.554063,3999.48683,4001.6456837477426
415.84381,0.080009,-31.553606,3999.171292,4001.2278010790737
415.85381,0.080851,-31.553148,3998.855758,4001.2147748947095
415.86381,0.081694,-31.552691,3998.540229,3997.817729890496
415.87381,0.082539,-31.552233,3998.224704,3996.4112200809777
415.88381,0.083385,-31.551776,3997.909184,4000.368691156414
415.89381,0.084232,-31.551318,3997.593669,3997.751435737178
415.90381,0.085081,-31.55086,3997.278158,3998.6761071562664
415.91381,0.085931,-31.550402,3996.962651,3996.8821773962613
415.92381,0.086781,-31.549944,3996.64715,3996.385071932398
415.93381,0.087633,-31.549486,3996.331653,3997.62920273072
415.94381,0.088485,-31.549028,3996.01616,3994.2926754944797
415.95381,0.089337,-31.54857,3995.700672,3996.791400112621
415.96381,0.09019,-31.548111,3995.385189,3993.545807684239
415.97381,0.091044,-31.547653,3995.06971,3992.8259393526196
415.98381,0.091898,-31.547194,3994.754236,3996.0747115111394
415.99381,0.092752,-31.546735,3994.438766,3994.9352331865853
416.00381,0.093606,-31.546276,3994.123301,3993.276996321229
416.01381,0.09446,-31.545818,3993.80784,3994.800923362935
416.02381,0.095314,-31.545359,3993.492384,3993.48276480601
416.03381,0.096167,-31.544899,3993.176933,3992.995461515456
416.04381,0.097021,-31.54444,3992.861486,3995.289088227832
416.05381,0.097874,-31.543981,3992.546044,3994.882374019075
416.06381,0.098727,-31.543521,3992.230607,3992.6342597757607
416.07381,0.099579,-31.543062,3991.915174,3993.1729795298947
416.08381,0.100431,-31.542602,3991.599746,3990.2859929258198
416.09381,0.101283,-31.542143,3991.284322,3993.186980257948
416.10381,0.102134,-31.541683,3990.968903,3989.5427909132554
416.11381,0.102984,-31.541223,3990.653488,3991.8107219356775
416.12381,0.103833,-31.540763,3990.338078,3991.6965496766684
416.13381,0.104682,-31.540303,3990.022673,3990.409664387559
416.14381,0.10553,-31.539843,3989.707272,3990.5558490130256
416.15381,0.106377,-31.539382,3989.391876,3988.3569836590127
416.16381,0.107223,-31.538922,3989.076485,3990.1119446969865
416.17381,0.108068,-31.538461,3988.761098,3989.5725362538296
416.18381,0.108912,-31.538001,3988.445715,3987.152499782113
416.19381,0.109755,-31.53754,3988.130338,3989.3201974047543
416.20381,0.110597,-31.537079,3987.814965,3989.2197912441525
416.21381,0.111438,-31.536619,3987.499596,3986.286302250228
416.22381,0.112278,-31.536158,3987.184232,3988.7998634434894
416.23381,0.113117,-31.535696,3986.868873,3988.8307680517737
416.24381,0.113954,-31.535235,3986.553518,3989.59785664236
416.25381,0.114791,-31.534774,3986.238168,3986.666248047539
416.26381,0.115626,-31.534313,3985.922823,3985.224887366253
416.27381,0.116459,-31.533851,3985.607482,3984.512754191402
416.28381,0.117292,-31.53339,3985.292146,3985.7678200324344
416.29381,0.118123,-31.532928,3984.976814,3983.7634134448454
416.30381,0.118953,-31.532466,3984.661487,3984.044690236123
416.31381,0.119781,-31.532004,3984.346165,3986.458341461177
416.32381,0.120608,-31.531542,3984.030847,3983.4128682527785
416.33381,0.121433,-31.53108,3983.715534,3984.663927639582
416.34381,0.122257,-31.530618,3983.400226,3985.1439977170025
416.35381,0.12308,-31.530156,3983.084922,3982.8898425862612
416.36381,0.123901,-31.529694,3982.769622,3982.857262772529
416.37381,0.124721,-31.529231,3982.454328,3984.3127322141727
416.38381,0.125539,-31.528769,3982.139038,3982.289584142487
416.39381,0.126355,-31.528306,3981.823752,3984.0799825606873
416.40381,0.12717,-31.527843,3981.508472,3980.8266779492533
416.41381,0.127984,-31.52738,3981.193196,3984.6914646895066
416.42381,0.128795,-31.526917,3980.877924,3983.016615774553
416.43381,0.129606,-31.526454,3980.562657,3980.9553456742924
416.44381,0.130414,-31.525991,3980.247395,3982.9454505237472
416.45381,0.131221,-31.525528,3979.932137,3979.383085996793
416.46381,0.132026,-31.525065,3979.616884,3981.069388183209
416.47381,0.13283,-31.524601,3979.301636,3979.6969569600105
416.48381,0.133632,-31.524138,3978.986392,3979.405280770041
416.49381,0.134432,-31.523674,3978.671153,3974.5428885811884
416.50381,0.135231,-31.523211,3978.355919,3977.5274547199997
416.51381,0.136028,-31.522747,3978.040689,3977.8908396923516
416.52381,0.136823,-31.522283,3977.725464,3975.3701108938267
416.53381,0.137617,-31.521819,3977.410243,3978.843252825895
416.54381,0.138409,-31.521355,3977.095028,3973.9755784676686
416.55381,0.139199,-31.520891,3976.779816,3977.394176810779
416.56381,0.139987,-31.520427,3976.46461,3976.263868626725
416.57381,0.140774,-31.519963,3976.149408,3976.386544962176
416.58381,0.141558,-31.519498,3975.83421,3973.496821190844
416.59381,0.142342,-31.519034,3975.519018,3975.3264762521794
416.60381,0.143123,-31.518569,3975.20383,3975.231312076533
416.61381,0.143902,-31.518104,3974.888646,3975.7740411684867
416.62381,0.14468,-31.51764,3974.573468,3975.6448280356435
416.63381,0.145456,-31.517175,3974.258294,3976.4844968207535
416.64381,0.14623,-31.51671,3973.943124,3971.9887573855394
416.65381,0.147003,-31.516245,3973.627959,3974.5954914341573
416.66381,0.147773,-31.51578,3973.312799,3974.2211770253293
416.67381,0.148542,-31.515315,3972.997644,3972.1249416212136
416.68381,0.149309,-31.514849,3972.682493,3971.453948165646
416.69381,0.150074,-31.514384,3972.367347,3970.60549281053
416.70381,0.150838,-31.513918,3972.052205,3972.3468356766925
416.71381,0.151599,-31.513453,3971.737069,3971.755833032297
416.72381,0.152359,-31.512987,3971.421936,3971.1086396918554
416.73381,0.153117,-31.512521,3971.106809,3971.241382246294
416.74381,0.153873,-31.512056,3970.791686,3970.1056074614885
416.75381,0.154628,-31.51159,3970.476568,3973.5789183955026
416.76381,0.15538,-31.511124,3970.161454,3974.2201146580546
416.77381,0.156131,-31.510658,3969.846345,3969.540479110428
416.78381,0.156879,-31.510192,3969.531241,3969.5144807559423
416.79381,0.157626,-31.509725,3969.216141,3968.0312716320113
416.80381,0.158372,-31.509259,3968.901046,3968.314142875055
416.81381,0.159115,-31.508793,3968.585956,3969.517246369864
416.82381,0.159856,-31.508326,3968.270871,3965.432037400863
416.83381,0.160596,-31.50786,3967.95579,3967.2635138764513
416.84381,0.161334,-31.507393,3967.640713,3968.2870800196033
416.85381,0.16207,-31.506926,3967.325642,3967.256456067059
416.86381,0.162804,-31.506459,3967.010575,3968.8297305783276
416.87381,0.163536,-31.505992,3966.695513,3967.1881263555547
416.88381,0.164267,-31.505525,3966.380455,3965.6676365460926
416.89381,0.164995,-31.505058,3966.065402,3964.8126740307844
416.90381,0.165722,-31.504591,3965.750354,3967.025543945134
416.91381,0.166447,-31.504124,3965.43531,3965.9666793255656
416.92381,0.16717,-31.503657,3965.120271,3965.623665113833
416.93381,0.167891,-31.503189,3964.805237,3965.594997900226
416.94381,0.168611,-31.502722,3964.490208,3965.1057041396816
416.95381,0.169328,-31.502254,3964.175183,3964.460631701378
416.96381,0.170044,-31.501787,3963.860162,3964.413998321976
416.97381,0.170758,-31.501319,3963.545147,3966.638071527356
416.98381,0.17147,-31.500851,3963.230136,3965.9783381958737
416.99381,0.17218,-31.500384,3962.91513,3963.764433836194
417.00381,0.172889,-31.499916,3962.600128,3961.433109431273
417.01381,0.173595,-31.499448,3962.285132,3963.2533278928177
417.02381,0.1743,-31.49898,3961.970139,3963.0275476541815
417.03381,0.175003,-31.498511,3961.655152,3958.642129000123
417.04381,0.175704,-31.498043,3961.340169,3962.3714342763114
417.05381,0.176403,-31.497575,3961.025191,3960.5923804577037
417.06381,0.177101,-31.497107,3960.710218,3959.29240018685
417.07381,0.177796,-31.496638,3960.395249,3963.514883803752
417.08381,0.17849,-31.49617,3960.080285,3958.897351022698
417.09381,0.179182,-31.495701,3959.765326,3959.1013637216774
417.10381,0.179872,-31.495232,3959.450371,3962.142588011187
417.11381,0.180561,-31.494764,3959.135421,3958.563295034394
417.12381,0.181247,-31.494295,3958.820476,3961.6256521448254
417.13381,0.181932,-31.493826,3958.505535,3960.2003720281955
417.14381,0.182615,-31.493357,3958.190599,3955.879494871021
417.15381,0.183296,-31.492888,3957.875668,3957.071024668455
417.16381,0.183975,-31.492419,3957.560741,3958.209576689025
417.17381,0.184653,-31.49195,3957.24582,3956.972844411328
417.18381,0.185328,-31.491481,3956.930902,3955.928115234941
417.19381,0.186002,-31.491011,3956.61599,3958.74564449628
417.20381,0.186674,-31.490542,3956.301082,3958.3610082678747
417.21381,0.187345,-31.490072,3955.986179,3955.900125081831
417.22381,0.188013,-31.489603,3955.671281,3955.9345450681
417.23381,0.18868,-31.489133,3955.356387,3955.9577224995687
417.24381,0.189345,-31.488664,3955.041498,3952.893799174348
417.25381,0.190008,-31.488194,3954.726614,3953.7346777981506
417.26381,0.190669,-31.487724,3954.411734,3955.0816255242266
417.27381,0.191329,-31.487255,3954.096859,3954.6093526901363
417.28381,0.191987,-31.486785,3953.781989,3958.984265080227
417.29381,0.192643,-31.486315,3953.467124,3953.5186365972195
417.30381,0.193297,-31.485845,3953.152263,3952.6345849685936
417.31381,0.19395,-31.485375,3952.837407,3952.0568860331273
417.32381,0.194601,-31.484904,3952.522555,3951.8118112286593
417.33381,0.19525,-31.484434,3952.207709,3951.008979842874
417.34381,0.195897,-31.483964,3951.892867,3950.903171087372
417.35381,0.196542,-31.483494,3951.578029,3952.5589574197747
417.36381,0.197186,-31.483023,3951.263197,3950.7479111764947
417.37381,0.197828,-31.482553,3950.948369,3953.6889926098193
417.38381,0.198468,-31.482082,3950.633546,3951.3087046583473
417.39381,0.199107,-31.481612,3950.318727,3948.990244277605
417.40381,0.199744,-31.481141,3950.003913,3951.870785948863
417.41381,0.200379,-31.48067,3949.689104,3949.0051678882282
417.42381,0.201012,-31.4802,3949.3743,3949.375219260731
417.43381,0.201644,-31.479729,3949.0595,3948.34056208807
417.44381,0.202273,-31.479258,3948.744705,3949.061722782728
417.45381,0.202902,-31.478787,3948.429915,3949.085102586185
417.46381,0.203528,-31.478316,3948.11513,3949.263909443935
417.47381,0.204153,-31.477845,3947.800349,3948.65153602438
417.48381,0.204776,-31.477374,3947.485573,3946.869626378855
417.49381,0.205397,-31.476903,3947.170801,3946.7367952634677
417.50381,0.206017,-31.476432,3946.856035,3947.8390897849945
417.51381,0.206635,-31.475961,3946.541273,3948.738228486341
417.52381,0.207251,-31.475489,3946.226516,3944.7733125965246
417.53381,0.207865,-31.475018,3945.911763,3947.3888582588743
417.54381,0.208478,-31.474546,3945.597015,3943.0140585306303
417.55381,0.209089,-31.474075,3945.282272,3943.427503924019
417.56381,0.209699,-31.473603,3944.967534,3942.161566034121
417.57381,0.210306,-31.473132,3944.6528,3942.7318119346896
417.58381,0.210912,-31.47266,3944.338071,3944.729583434105
417.59381,0.211517,-31.472189,3944.023347,3944.8870719054594
417.60381,0.21212,-31.471717,3943.708627,3943.936484900025
417.61381,0.212721,-31.471245,3943.393912,3944.1793846118267
417.62381,0.21332,-31.470773,3943.079202,3945.7347183674174
417.63381,0.213918,-31.470301,3942.764497,3943.0340565657216
417.64381,0.214514,-31.46983,3942.449796,3943.5687368798185
417.65381,0.215108,-31.469358,3942.1351,3941.7236626289296
417.66381,0.215701,-31.468886,3941.820409,3943.0255490020795
417.67381,0.216292,-31.468414,3941.505723,3942.5039528263146
417.68381,0.215645,-31.467942,3941.191041,3942.646002736134
417.69381,0.214639,-31.46747,3940.876364,3940.1131837429934
417.70381,0.213638,-31.466999,3940.561692,3940.6487143931176
417.71381,0.212643,-31.466528,3940.247024,3942.712619119513
417.72381,0.211653,-31.466057,3939.932361,3942.442013831192
417.73381,0.210668,-31.465586,3939.617703,3940.4321821505796
417.74381,0.20969,-31.465116,3939.303049,3939.5770905541713
417.75381,0.208717,-31.464647,3938.9884,3939.698574245778
417.76381,0.20775,-31.464177,3938.673756,3941.521296112784
417.77381,0.206788,-31.463708,3938.359117,3940.8051373136714
417.78381,0.205832,-31.463239,3938.044482,3936.297110104702
417.79381,0.204882,-31.462771,3937.729852,3936.8667703649558
417.80381,0.203938,-31.462302,3937.415227,3935.916442083323
417.81381,0.202999,-31.461834,3937.100606,3937.3722975835794
417.82381,0.202065,-31.461366,3936.78599,3935.312147986321
417.83381,0.201137,-31.460899,3936.471379,3936.9262688581584
417.84381,0.200215,-31.460431,3936.156772,3933.3594760495835
417.85381,0.199299,-31.459964,3935.84217,3935.2749923750416
417.86381,0.198388,-31.459497,3935.527573,3936.2116502870444
417.87381,0.197482,-31.459031,3935.21298,3935.2372862721872
417.88381,0.196583,-31.458564,3934.898392,3937.4546923784405
417.89381,0.195689,-31.458098,3934.583809,3932.887499287268
417.90381,0.1948,-31.457632,3934.26923,3933.09811179714
417.91381,0.193918,-31.457166,3933.954656,3934.387869441083
417.92381,0.193041,-31.456701,3933.640087,3933.6118273696075
417.93381,0.192169,-31.456236,3933.325522,3931.210256607574
417.94381,0.191304,-31.455771,3933.010962,3931.2136952769674
417.95381,0.190444,-31.455306,3932.696407,3933.301091648408
417.96381,0.189589,-31.454841,3932.381856,3931.144725565404
417.97381,0.188741,-31.454377,3932.06731,3928.466810395858
417.98381,0.187898,-31.453913,3931.752769,3932.815426825098
417.99381,0.187061,-31.453449,3931.438232,3931.0543063038886
418.00381,0.18623,-31.452985,3931.1237,3929.6770551111968
418.01381,0.185404,-31.452521,3930.809172,3933.269913861739
418.02381,0.184584,-31.452058,3930.494649,3930.6513668268235
418.03381,0.18377,-31.451595,3930.180131,3927.7717150348312
418.04381,0.182962,-31.451132,3929.865617,3929.453442407165
418.05381,0.18216,-31.450669,3929.551108,3929.548315424795
418.06381,0.181363,-31.450206,3929.236604,3927.7062189606645
418.07381,0.180572,-31.449743,3928.922104,3927.197445524789
418.08381,0.179787,-31.449281,3928.607609,3928.7878961387096
418.09381,0.179008,-31.448819,3928.293119,3929.3465932224185
418.10381,0.178234,-31.448357,3927.978633,3930.5925777406496
418.11381,0.177466,-31.447895,3927.664151,3927.9198326625383
418.12381,0.176705,-31.447434,3927.349675,3928.7145943373557
418.13381,0.175949,-31.446972,3927.035203,3928.2261841513414
418.14381,0.175199,-31.446511,3926.720735,3926.3135712814624
418.15381,0.174454,-31.44605,3926.406272,3925.5821647718417
418.16381,0.173716,-31.445589,3926.091814,3926.475350017194
418.17381,0.172984,-31.445128,3925.777361,3925.4902766621663
418.18381,0.172257,-31.444667,3925.462912,3926.2649723448653
418.19381,0.171537,-31.444207,3925.148467,3925.1132190334406
418.20381,0.170822,-31.443746,3924.834028,3922.9587048842636
418.21381,0.170113,-31.443286,3924.519592,3923.869662793344
418.22381,0.16941,-31.442826,3924.205162,3925.3671285450187
418.23381,0.168713,-31.442366,3923.890736,3923.7555609862334
418.24381,0.168022,-31.441906,3923.576315,3922.00389328171
418.25381,0.167337,-31.441446,3923.261898,3923.386868429295
418.26381,0.166658,-31.440987,3922.947486,3921.628927605276
418.27381,0.165985,-31.440527,3922.633078,3923.2953737552975
418.28381,0.165318,-31.440068,3922.318675,3923.2078336824966
418.29381,0.164657,-31.439609,3922.004277,3921.4686320948
418.30381,0.164002,-31.43915,3921.689883,3924.755536770403
418.31381,0.163353,-31.438691,3921.375494,3922.204805740147
418.32381,0.16271,-31.438232,3921.061109,3921.7383782855018
418.33381,0.162073,-31.437773,3920.746729,3918.534568131291
418.34381,0.161441,-31.437314,3920.432354,3920.9661011431217
418.35381,0.160816,-31.436856,3920.117983,3919.5880609422634
418.36381,0.160197,-31.436398,3919.803617,3923.646351470198
418.37381,0.159585,-31.435939,3919.489255,3919.9442805075
418.38381,0.158978,-31.435481,3919.174898,3920.858996094884
418.39381,0.158377,-31.435023,3918.860545,3920.00707123328
418.40381,0.157782,-31.434565,3918.546197,3916.127682114312
418.41381,0.157194,-31.434107,3918.231854,3919.4586314602107
418.42381,0.156611,-31.433649,3917.917515,3918.557259295562
418.43381,0.156034,-31.433192,3917.603181,3919.203686232114
418.44381,0.155464,-31.432734,3917.288851,3917.0650445076435
418.45381,0.1549,-31.432277,3916.974526,3918.458366345589
418.46381,0.154342,-31.431819,3916.660206,3917.541384648202
418.47381,0.153789,-31.431362,3916.34589,3917.9701230817614
418.48381,0.153243,-31.430905,3916.031579,3913.288815894065
418.49381,0.152704,-31.430448,3915.717272,3918.471017620074
418.50381,0.15217,-31.429991,3915.40297,3916.2730524613944
418.51381,0.151642,-31.429534,3915.088672,3917.496156739618
418.52381,0.151121,-31.429077,3914.774379,3915.318909682052
418.53381,0.150605,-31.42862,3914.46009,3912.643321717532
418.54381,0.150096,-31.428163,3914.145807,3914.4734088942646
418.55381,0.149593,-31.427707,3913.831527,3912.8250023133105
418.56381,0.149096,-31.42725,3913.517252,3914.625955688812
418.57381,0.148605,-31.426794,3913.202982,3911.0439410275562
418.58381,0.148121,-31.426337,3912.888716,3913.1818406896555
418.59381,0.147642,-31.425881,3912.574455,3913.5437224742936
418.60381,0.14717,-31.425425,3912.260199,3912.3605581156335
418.61381,0.146703,-31.424968,3911.945947,3911.5238648181135
418.62381,0.146243,-31.424512,3911.6317,3912.27210092618
418.63381,0.145789,-31.424056,3911.317457,3913.739971756612
418.64381,0.145342,-31.4236,3911.003218,3912.0137172836758
418.65381,0.1449,-31.423144,3910.688985,3912.0351810324405
418.66381,0.144464,-31.422688,3910.374755,3910.4217875950803
418.67381,0.144035,-31.422233,3910.060531,3912.6546109073806
418.68381,0.143612,-31.421777,3909.746311,3909.96508743243
418.69381,0.143195,-31.421321,3909.432095,3910.5946819288442
418.70381,0.142784,-31.420865,3909.117884,3912.213920146586
418.71381,0.142379,-31.42041,3908.803678,3908.8897547075107
418.72381,0.14198,-31.419954,3908.489476,3909.9986888740195
418.73381,0.141587,-31.419499,3908.175279,3909.265574760586
418.74381,0.141201,-31.419043,3907.861086,3908.3160491801204
418.75381,0.140821,-31.418588,3907.546898,3906.1628459994477
418.76381,0.140446,-31.418132,3907.232714,3907.3634512121257
418.77381,0.140078,-31.417677,3906.918535,3906.729360217004
418.78381,0.139716,-31.417222,3906.604361,3906.864257314103
418.79381,0.13936,-31.416767,3906.290191,3906.5788688594625
418.80381,0.13901,-31.416311,3905.976026,3906.532031962882
418.81381,0.138666,-31.415856,3905.661865,3907.0194199893044
418.82381,0.138328,-31.415401,3905.347708,3904.8009379427804
418.83381,0.137996,-31.414946,3905.033557,3906.3515578304405
418.84381,0.13767,-31.414491,3904.71941,3905.0560153899155
418.85381,0.137351,-31.414036,3904.405267,3906.4152309330116
418.86381,0.137037,-31.413581,3904.091129,3903.3818400895393
418.87381,0.136729,-31.413126,3903.776995,3906.1551065436397
418.88381,0.136427,-31.412671,3903.462866,3900.1527605884485
418.89381,0.136131,-31.412217,3903.148742,3904.0671475112226
418.90381,0.135841,-31.411762,3902.834622,3903.1804860013485
418.91381,0.135558,-31.411307,3902.520507,3902.0971138871755
418.92381,0.13528,-31.410852,3902.206396,3903.6978571658983
418.93381,0.135007,-31.410397,3901.89229,3902.9025170723594
418.94381,0.134741,-31.409943,3901.578188,3903.28489400201
418.95381,0.134481,-31.409488,3901.264091,3901.1675219667486
418.96381,0.134226,-31.409033,3900.949998,3899.4598695146906
418.97381,0.133978,-31.408579,3900.63591,3902.2879162949553
418.98381,0.133735,-31.408124,3900.321827,3901.0004567674564
418.99381,0.133498,-31.40767,3900.007748,3901.251307803115
419.00381,0.133267,-31.407215,3899.693673,3899.233276316053
419.01381,0.133042,-31.40676,3899.379603,3901.9511788571963
419.02381,0.132822,-31.406306,3899.065538,3900.2759603974946
419.03381,0.132608,-31.405851,3898.751477,3899.4514785266283
419.04381,0.1324,-31.405397,3898.437421,3901.5142255130954
419.05381,0.132197,-31.404942,3898.123369,3898.148333118382
419.06381,0.132,-31.404488,3897.809322,3897.4348059887584
419.07381,0.131809,-31.404034,3897.495279,3897.5871867337796
419.08381,0.131623,-31.403579,3897.181241,3895.958492050532
419.09381,0.131443,-31.403125,3896.867208,3897.6514413217806
419.10381,0.131269,-31.40267,3896.553179,3898.718923787037
419.11381,0.1311,-31.402216,3896.239154,3893.8248172790736
419.12381,0.130937,-31.401762,3895.925135,3896.567035217734
419.13381,0.130779,-31.401307,3895.611119,3893.304048477551
419.14381,0.130626,-31.400853,3895.297108,3896.2781625183597
419.15381,0.130479,-31.400399,3894.983102,3895.8723204829453
419.16381,0.130338,-31.399944,3894.6691,3896.2620742863664
419.17381,0.130201,-31.39949,3894.355103,3894.4275503615386
419.18381,0.13007,-31.399036,3894.041111,3894.012480737072
419.19381,0.129945,-31.398581,3893.727123,3894.7002885568522
419.20381,0.129825,-31.398127,3893.413139,3896.6218874182596
419.21381,0.12971,-31.397673,3893.09916,3892.990086063366
419.22381,0.1296,-31.397218,3892.785186,3893.631699722784
419.23381,0.129495,-31.396764,3892.471216,3891.258433001042
419.24381,0.129396,-31.39631,3892.15725,3892.839944514445
419.25381,0.129302,-31.395855,3891.84329,3893.3858798859155
419.26381,0.129212,-31.395401,3891.529333,3892.082224091091
419.27381,0.129128,-31.394947,3891.215381,3892.518288233934
419.28381,0.129049,-31.394493,3890.901434,3889.9456629926703
419.29381,0.128975,-31.394038,3890.587492,3889.0412070955194
419.30381,0.128906,-31.393584,3890.273554,3890.300352965795
419.31381,0.128842,-31.39313,3889.95962,3892.033874999339
419.32381,0.128783,-31.392676,3889.645691,3891.3550190626042
419.33381,0.128728,-31.392221,3889.331766,3890.6737232280457
419.34381,0.128679,-31.391767,3889.017847,3887.42844242095
419.35381,0.128634,-31.391313,3888.703931,3886.2623162676514
419.36381,0.128594,-31.390858,3888.39002,3888.3236987570504
419.37381,0.128558,-31.390404,3888.076114,3889.7585686575944
419.38381,0.128528,-31.38995,3887.762212,3889.3838596838254
419.39381,0.128502,-31.389496,3887.448315,3890.2931538761127
419.40381,0.128481,-31.389041,3887.134422,3887.1875886391567
419.41381,0.128464,-31.388587,3886.820534,3886.6218960904507
419.42381,0.128452,-31.388133,3886.506651,3889.144948504371
419.43381,0.128444,-31.387678,3886.192771,3888.4237776058994
419.44381,0.12844,-31.387224,3885.878897,3887.7379580139063
419.45381,0.128442,-31.38677,3885.565027,3887.7808883709927
419.46381,0.128447,-31.386315,3885.251162,3884.579791663906
419.47381,0.128457,-31.385861,3884.937301,3885.8815520916437
419.48381,0.128471,-31.385407,3884.623444,3883.404972033223
419.49381,0.12849,-31.384952,3884.309593,3884.223291070074
419.50381,0.128512,-31.384498,3883.995745,3885.2014106279707
419.51381,0.128539,-31.384043,3883.681903,3885.0994182500885
419.52381,0.12857,-31.383589,3883.368064,3881.6386280207653
419.53381,0.128605,-31.383135,3883.054231,3882.0289955345556
419.54381,0.128644,-31.38268,3882.740402,3883.559166925465
419.55381,0.128688,-31.382226,3882.426577,3882.983647808343
419.56381,0.128735,-31.381771,3882.112757,3882.7055607896305
419.57381,0.128786,-31.381317,3881.798942,3881.125878369431
419.58381,0.128841,-31.380862,3881.485131,3880.499467486413
419.59381,0.1289,-31.380408,3881.171325,3881.239971696941
419.60381,0.128963,-31.379953,3880.857523,3880.3486066263486
419.61381,0.129029,-31.379499,3880.543725,3881.8469568152696
419.62381,0.1291,-31.379044,3880.229933,3880.5291769617857
419.63381,0.129174,-31.37859,3879.916145,3877.443540987369
419.64381,0.129251,-31.378135,3879.602361,3876.5496072920246
419.65381,0.129333,-31.377681,3879.288582,3878.2625031880493
419.66381,0.129418,-31.377226,3878.974807,3880.7348446997444
419.67381,0.129506,-31.376771,3878.661037,3877.683365316689
419.68381,0.129598,-31.376317,3878.347272,3878.841094127006
419.69381,0.129694,-31.375862,3878.033511,3880.540340955911
419.70381,0.129792,-31.375408,3877.719755,3876.043035710587
419.71381,0.129895,-31.374953,3877.406003,3881.199717767485
419.72381,0.13,-31.374498,3877.092256,3877.3641122072854
419.73381,0.130109,-31.374043,3876.778513,3878.1575472571058
419.74381,0.130221,-31.373589,3876.464775,3876.6682438341386
419.75381,0.130337,-31.373134,3876.151041,3874.303501793091
419.76381,0.130455,-31.372679,3875.837312,3875.5252819116477
419.77381,0.130577,-31.372224,3875.523588,3875.80328220071
419.78381,0.130702,-31.37177,3875.209868,3873.0268353837396
419.79381,0.13083,-31.371315,3874.896152,3874.1550505672917
419.80381,0.130961,-31.37086,3874.582441,3873.753525251829
419.81381,0.131095,-31.370405,3874.268735,3873.6768322893026
419.82381,0.131232,-31.36995,3873.955033,3872.4912749963123
419.83381,0.131372,-31.369495,3873.641336,3874.0803912742695
419.84381,0.131515,-31.369041,3873.327643,3874.315013930572
419.85381,0.13166,-31.368586,3873.013955,3873.947106568875
419.86381,0.131809,-31.368131,3872.700272,3871.5450092193137
419.87381,0.13196,-31.367676,3872.386593,3873.2972381443824
419.88381,0.132114,-31.367221,3872.072918,3869.641047504705
419.89381,0.13227,-31.366766,3871.759248,3870.100622577164
419.90381,0.13243,-31.366311,3871.445583,3873.326224979353
419.91381,0.132591,-31.365856,3871.131922,3868.851303553762
419.92381,0.132756,-31.365401,3870.818266,3871.097175046476
419.93381,0.132923,-31.364946,3870.504614,3871.223386240285
419.94381,0.133092,-31.36449,3870.190967,3869.3515574278144
419.95381,0.133264,-31.364035,3869.877324,3873.298692205595
419.96381,0.133439,-31.36358,3869.563686,3871.606706496696
419.97381,0.133616,-31.363125,3869.250052,3869.07468356632
419.98381,0.133795,-31.36267,3868.936423,3871.5622804379404
419.99381,0.133976,-31.362215,3868.622799,3871.7485999813907
420.00381,0.13416,-31.361759,3868.309179,3869.4955352386582
420.01381,0.134346,-31.361304,3867.995564,3868.52477373598
420.02381,0.134534,-31.360849,3867.681953,3867.943732342938
420.03381,0.134725,-31.360393,3867.368347,3870.822903082988
420.04381,0.134918,-31.359938,3867.054745,3868.740207635177
420.05381,0.135112,-31.359483,3866.741148,3865.086263622497
420.06381,0.135309,-31.359027,3866.427556,3866.0743989215166
420.07381,0.135508,-31.358572,3866.113968,3869.373185963915
420.08381,0.135709,-31.358117,3865.800384,3866.5885038614156
420.09381,0.135912,-31.357661,3865.486805,3866.1591441940827
420.10381,0.136117,-31.357206,3865.173231,3865.3206526791882
420.11381,0.136324,-31.35675,3864.859661,3867.8985772362616
420.12381,0.136533,-31.356295,3864.546096,3864.972394154403
420.13381,0.136743,-31.355839,3864.232535,3866.6496018747985
420.14381,0.136956,-31.355384,3863.918979,3866.6379764346925
420.15381,0.13717,-31.354928,3863.605428,3864.334001351818
420.16381,0.137386,-31.354472,3863.291881,3862.608217138094
420.17381,0.137604,-31.354017,3862.978338,3863.339597550968
420.18381,0.137823,-31.353561,3862.6648,3863.2652747365587
420.19381,0.138045,-31.353105,3862.351267,3863.7761826793926
420.20381,0.138268,-31.35265,3862.037738,3864.318457051749
420.21381,0.138492,-31.352194,3861.724214,3862.4542532878654
420.22381,0.138718,-31.351738,3861.410694,3860.9752941763973
420.23381,0.138946,-31.351283,3861.097179,3862.648521516573
420.24381,0.139175,-31.350827,3860.783669,3864.113216963992
420.25381,0.139406,-31.350371,3860.470163,3859.3137287958243
420.26381,0.139638,-31.349915,3860.156661,3858.2251491228867
420.27381,0.139871,-31.349459,3859.843164,3860.977888523584
420.28381,0.140106,-31.349003,3859.529672,3858.215391103778
420.29381,0.140343,-31.348548,3859.216184,3859.2580073978743
420.30381,0.140581,-31.348092,3858.902701,3859.5715781020326
420.31381,0.14082,-31.347636,3858.589222,3857.0743313626836
420.32381,0.14106,-31.34718,3858.275748,3858.911735468717
420.33381,0.141302,-31.346724,3857.962279,3856.913129735546
420.34381,0.141545,-31.346268,3857.648814,3856.503786431104
420.35381,0.14179,-31.345812,3857.335353,3859.108291180041
420.36381,0.142035,-31.345356,3857.021898,3859.3349997913606
420.37381,0.142282,-31.344899,3856.708446,3857.1768540644844
420.38381,0.14253,-31.344443,3856.395,3854.806891068372
420.39381,0.142779,-31.343987,3856.081557,3854.4786219706416
420.40381,0.143029,-31.343531,3855.76812,3855.323829369419
420.41381,0.143281,-31.343075,3855.454687,3856.248966067377
420.42381,0.143533,-31.342619,3855.141258,3853.6903815392484
420.43381,0.143786,-31.342162,3854.827834,3854.523619055961
420.44381,0.144041,-31.341706,3854.514415,3856.068875344851
420.45381,0.144296,-31.34125,3854.201,3851.8537188358323
420.46381,0.144553,-31.340794,3853.88759,3854.1823048328424
420.47381,0.14481,-31.340337,3853.574185,3852.5362400438735
420.48381,0.145069,-31.339881,3853.260783,3853.5530325762966
420.49381,0.145328,-31.339425,3852.947387,3852.637101765016
420.50381,0.145588,-31.338968,3852.633995,3852.186748402783
420.51381,0.145849,-31.338512,3852.320608,3851.929747674588
420.52381,0.146111,-31.338055,3852.007225,3850.756984796326
420.53381,0.146374,-31.337599,3851.693846,3851.2901185802657
420.54381,0.146637,-31.337142,3851.380473,3854.3088023715836
420.55381,0.146902,-31.336686,3851.067104,3850.8491215712866
420.56381,0.147167,-31.336229,3850.753739,3853.356246894555
420.57381,0.147433,-31.335773,3850.440379,3850.4865974286113
420.58381,0.1477,-31.335316,3850.127024,3848.4574709384897
420.59381,0.147967,-31.33486,3849.813673,3851.0601640590935
420.60381,0.148235,-31.334403,3849.500326,3849.167729437161
420.61381,0.148504,-31.333946,3849.186985,3846.6049574338726
420.62381,0.148773,-31.33349,3848.873647,3849.216295560263
420.63381,0.149043,-31.333033,3848.560315,3850.317044094409
420.64381,0.149314,-31.332576,3848.246987,3849.416248863152
420.65381,0.149585,-31.33212,3847.933663,3848.9572022639954
420.66381,0.149857,-31.331663,3847.620344,3845.996609739562
420.67381,0.15013,-31.331206,3847.30703,3848.4704135624397
420.68381,0.150403,-31.330749,3846.99372,3847.5644210965065
420.69381,0.150676,-31.330293,3846.680415,3846.444513989758
420.70381,0.15095,-31.329836,3846.367114,3846.094282819132
420.71381,0.151225,-31.329379,3846.053818,3846.548341045404
420.72381,0.1515,-31.328922,3845.740527,3846.542261156261
420.73381,0.151776,-31.328465,3845.42724,3846.1213844062536
420.74381,0.152052,-31.328008,3845.113958,3842.9775744570775
420.75381,0.152328,-31.327551,3844.80068,3844.4381387076305
420.76381,0.152605,-31.327094,3844.487406,3845.5959963556943
420.77381,0.152882,-31.326637,3844.174138,3845.6977147304606
420.78381,0.15316,-31.32618,3843.860874,3845.4548239113674
420.79381,0.153438,-31.325723,3843.547614,3842.3472736874096
420.80381,0.153717,-31.325266,3843.234359,3844.049416115884
420.81381,0.153995,-31.324809,3842.921109,3843.0433986187777
420.82381,0.154275,-31.324352,3842.607863,3843.5387548256313
420.83381,0.154554,-31.323895,3842.294622,3840.3137225941127
420.84381,0.154834,-31.323438,3841.981385,3844.814093841043
420.85381,0.155114,-31.322981,3841.668153,3841.6572205299676
420.86381,0.155394,-31.322524,3841.354926,3842.3721547578216
420.87381,0.155675,-31.322066,3841.041703,3842.361148594612
420.88381,0.155956,-31.321609,3840.728484,3839.8797771444506
420.89381,0.156237,-31.321152,3840.41527,3839.799005962247
420.90381,0.156519,-31.320695,3840.102061,3841.296271005399
420.91381,0.1568,-31.320238,3839.788857,3841.599317262391
420.92381,0.157082,-31.31978,3839.475656,3839.3319686485975
420.93381,0.157364,-31.319323,3839.162461,3838.381268021372
420.94381,0.157646,-31.318866,3838.84927,3840.7908255115713
420.95381,0.157929,-31.318408,3838.536084,3837.0981618785804
420.96381,0.158211,-31.317951,3838.222902,3839.0898910312712
420.97381,0.158494,-31.317494,3837.909725,3834.3615919127496
420.98381,0.158777,-31.317036,3837.596552,3837.5326090641915
420.99381,0.15906,-31.316579,3837.283384,3835.3839297540458
421.00381,0.159343,-31.316121,3836.97022,3837.232337312262
421.01381,0.159626,-31.315664,3836.657061,3836.805038502923
421.02381,0.159909,-31.315207,3836.343907,3838.0903693047244
421.03381,0.160193,-31.314749,3836.030757,3837.2348365311545
421.04381,0.160476,-31.314292,3835.717612,3834.5590370825503
421.05381,0.16076,-31.313834,3835.404471,3834.2747138480386
421.06381,0.161043,-31.313377,3835.091335,3836.2813826276374
421.07381,0.161327,-31.312919,3834.778204,3835.989092093372
421.08381,0.161611,-31.312462,3834.465077,3833.8983070458085
421.09381,0.161894,-31.312004,3834.151955,3833.2275716711774
421.10381,0.162178,-31.311546,3833.838837,3833.1047201237325
421.11381,0.162462,-31.311089,3833.525724,3833.344795960435
421.12381,0.162746,-31.310631,3833.212615,3836.5830119323923
421.13381,0.163029,-31.310174,3832.899511,3832.9962704201334
421.14381,0.163313,-31.309716,3832.586412,3833.202795649826
421.15381,0.163597,-31.309258,3832.273317,3832.5386333245624
421.16381,0.16388,-31.308801,3831.960227,3833.8582036536936
421.17381,0.164164,-31.308343,3831.647141,3830.7328215982257
421.18381,0.164447,-31.307885,3831.33406,3831.882503593859
421.19381,0.164731,-31.307427,3831.020983,3829.9326522067254
421.20381,0.165014,-31.30697,3830.707911,3832.3588755856636
421.21381,0.165298,-31.306512,3830.394844,3830.3435443817925
421.22381,0.165581,-31.306054,3830.081781,3831.3741934456966
421.23381,0.165864,-31.305596,3829.768723,3830.3163388012717
421.24381,0.166147,-31.305139,3829.455669,3830.0890912717155
421.25381,0.16643,-31.304681,3829.14262,3827.809965307455
421.26381,0.166713,-31.304223,3828.829575,3830.5847971357844
421.27381,0.166995,-31.303765,3828.516535,3829.256424313641
421.28381,0.166649,-31.303307,3828.2035,3829.636241436337
421.29381,0.16482,-31.30285,3827.890469,3828.4831584323433
421.30381,0.163001,-31.302392,3827.577443,3825.150369730291
421.31381,0.161191,-31.301936,3827.264421,3828.0262479538915
421.32381,0.15939,-31.301479,3826.951404,3828.846704021256
421.33381,0.157599,-31.301023,3826.638392,3828.168438127382
421.34381,0.155819,-31.300567,3826.325384,3829.6118500179186
421.35381,0.154048,-31.300111,3826.012381,3827.1597671310847
421.36381,0.152287,-31.299656,3825.699382,3825.9051318184975
421.37381,0.150537,-31.299201,3825.386387,3825.7238581233782
421.38381,0.148798,-31.298746,3825.073398,3827.360386202711
421.39381,0.147068,-31.298292,3824.760412,3824.299963696643
421.40381,0.145349,-31.297838,3824.447432,3825.7527398753086
421.41381,0.143641,-31.297384,3824.134456,3823.0428350899206
421.42381,0.141943,-31.29693,3823.821484,3825.530438437172
421.43381,0.140257,-31.296477,3823.508517,3824.9538414554554
421.44381,0.138581,-31.296024,3823.195555,3822.480528680708
421.45381,0.136917,-31.295571,3822.882597,3822.5406464758107
421.46381,0.135264,-31.295118,3822.569643,3822.3290521944004
421.47381,0.133622,-31.294665,3822.256694,3824.4183602585417
421.48381,0.131992,-31.294213,3821.94375,3824.403154177405
421.49381,0.130374,-31.293761,3821.63081,3821.8160839170114
421.50381,0.128769,-31.293309,3821.317875,3824.948590303783
421.51381,0.127175,-31.292857,3821.004944,3821.836915781292
421.52381,0.125594,-31.292406,3820.692018,3820.3722259557044
421.53381,0.124026,-31.291954,3820.379096,3821.9732524281717
421.54381,0.12247,-31.291503,3820.066178,3818.7358860788786
421.55381,0.120928,-31.291052,3819.753266,3819.3188247056155
421.56381,0.119399,-31.290601,3819.440357,3819.673322242401
421.57381,0.117884,-31.290151,3819.127454,3820.3925920140327
421.58381,0.116383,-31.2897,3818.814554,3817.5381864564533
421.59381,0.114896,-31.28925,3818.50166,3815.7890784099104
421.60381,0.113424,-31.288799,3818.188769,3816.651429344849
421.61381,0.111966,-31.288349,3817.875884,3820.0085344640524
421.62381,0.110524,-31.287899,3817.563002,3814.8067113199195
421.63381,0.109096,-31.28745,3817.250126,3817.0289640357696
421.64381,0.107685,-31.287,3816.937253,3817.0340979277935
421.65381,0.10629,-31.28655,3816.624386,3817.375830079519
421.66381,0.104911,-31.286101,3816.311522,3816.2198029748947
421.67381,0.103549,-31.285652,3815.998664,3815.4336500072895
421.68381,0.102204,-31.285203,3815.685809,3818.0467246122203
421.69381,0.100877,-31.284753,3815.37296,3818.822214134973
421.70381,0.099568,-31.284304,3815.060114,3816.3127107814717
421.71381,0.098278,-31.283856,3814.747273,3815.5632904476
421.72381,0.097006,-31.283407,3814.434437,3815.9843425018335
421.73381,0.095753,-31.282958,3814.121605,3813.8797343076562
421.74381,0.094521,-31.282509,3813.808778,3812.2299752003146
421.75381,0.093309,-31.282061,3813.495955,3814.7430147427385
421.76381,0.092117,-31.281612,3813.183137,3818.2103955275616
421.77381,0.090947,-31.281164,3812.870323,3813.1656407838914
421.78381,0.089799,-31.280716,3812.557514,3813.0679308845383
421.79381,0.088674,-31.280267,3812.244709,3810.5897505921293
421.80381,0.087571,-31.279819,3811.931908,3812.3450703368853
421.81381,0.086492,-31.279371,3811.619112,3812.4041256861638
421.82381,0.085436,-31.278923,3811.306321,3810.0111601224608
421.83381,0.084406,-31.278475,3810.993534,3811.2807011795207
421.84381,0.083401,-31.278027,3810.680751,3810.8206087571266
421.85381,0.082422,-31.277579,3810.367973,3808.7570630124437
421.86381,0.081469,-31.277131,3810.0552,3812.6495252324053
421.87381,0.080544,-31.276683,3809.742431,3808.2253382374897
421.88381,0.079646,-31.276235,3809.429666,3810.6491117907954
421.89381,0.078776,-31.275788,3809.116906,3808.003712371515
421.90381,0.077936,-31.27534,3808.80415,3812.953870521646
421.91381,0.077125,-31.274892,3808.491399,3809.598897555821
421.92381,0.076345,-31.274444,3808.178652,3807.7479453410897
421.93381,0.075596,-31.273997,3807.86591,3810.756117441374
421.94381,0.074877,-31.273549,3807.553172,3808.9844216532847
421.95381,0.074191,-31.273101,3807.240439,3804.563296708651
421.96381,0.073538,-31.272654,3806.92771,3807.1429886141023
421.97381,0.072918,-31.272206,3806.614986,3805.548211625378
421.98381,0.072331,-31.271758,3806.302266,3810.5389984200956
421.99381,0.071779,-31.271311,3805.989551,3807.5773510778636
422.00381,0.071261,-31.270863,3805.67684,3806.85956176793
422.01381,0.070779,-31.270415,3805.364134,3804.504888221755
422.02381,0.070332,-31.269968,3805.051432,3805.055954314285
422.03381,0.06992,-31.26952,3804.738734,3806.5034160160008
422.04381,0.069545,-31.269072,3804.426041,3804.560111284517
422.05381,0.069206,-31.268624,3804.113353,3802.045762228269
422.06381,0.068904,-31.268177,3803.800669,3805.7012962326035
422.07381,0.068639,-31.267729,3803.487989,3803.3667155551607
422.08381,0.06841,-31.267281,3803.175314,3805.11841782418
422.09381,0.068218,-31.266833,3802.862644,3803.7220069541722
422.10381,0.068063,-31.266385,3802.549978,3805.191760522632
422.11381,0.067945,-31.265938,3802.237316,3802.680839218506
422.12381,0.067864,-31.26549,3801.924659,3802.362614671106
422.13381,0.067819,-31.265042,3801.612006,3800.55452699065
422.14381,0.06781,-31.264594,3801.299358,3803.013254165412
422.15381,0.067838,-31.264146,3800.986714,3800.730944308074
422.16381,0.067901,-31.263698,3800.674075,3800.890061153772
422.17381,0.067999,-31.263249,3800.36144,3801.8308536856907
422.18381,0.068131,-31.262801,3800.04881,3801.072247285552
422.19381,0.068298,-31.262353,3799.736184,3798.8197124682465
422.20381,0.068499,-31.261905,3799.423563,3801.7758127609645
422.21381,0.068733,-31.261456,3799.110946,3801.0741475623518
422.22381,0.068999,-31.261008,3798.798334,3800.0699592119827
422.23381,0.069297,-31.26056,3798.485726,3799.1244199032312
422.24381,0.069626,-31.260111,3798.173123,3796.5300695982187
422.25381,0.069985,-31.259663,3797.860524,3797.122535805122
422.26381,0.070374,-31.259214,3797.54793,3798.393031174685
422.27381,0.070792,-31.258765,3797.23534,3796.995254487267
422.28381,0.071238,-31.258316,3796.922754,3795.1400248816
422.29381,0.071711,-31.257868,3796.610173,3797.0648660305565
422.30381,0.07221,-31.257419,3796.297597,3795.7900609265894
422.31381,0.072735,-31.25697,3795.985025,3795.977166597138
422.32381,0.073286,-31.256521,3795.672458,3796.428253822387
422.33381,0.07386,-31.256072,3795.359895,3795.0115923928192
422.34381,0.074457,-31.255622,3795.047336,3795.661106015878
422.35381,0.075077,-31.255173,3794.734782,3795.453278199965
422.36381,0.075718,-31.254724,3794.422233,3795.019212514397
422.37381,0.07638,-31.254274,3794.109688,3792.0488320973527
422.38381,0.077062,-31.253825,3793.797147,3793.628184233906
422.39381,0.077764,-31.253375,3793.484611,3793.723847352797
422.40381,0.078484,-31.252926,3793.17208,3794.4994727362664
422.41381,0.079222,-31.252476,3792.859553,3793.1266270950437
422.42381,0.079977,-31.252026,3792.54703,3794.6038840083984
422.43381,0.080749,-31.251576,3792.234512,3790.2156010212707
422.44381,0.081536,-31.251126,3791.921999,3792.3251466647935
422.45381,0.082338,-31.250676,3791.60949,3794.2668290912584
422.46381,0.083155,-31.250225,3791.296985,3791.9180114236924
422.47381,0.083985,-31.249775,3790.984485,3793.1924487838933
422.48381,0.084829,-31.249325,3790.67199,3791.9762049321885
422.49381,0.085685,-31.248874,3790.359499,3790.6197810688022
422.50381,0.086554,-31.248424,3790.047012,3790.5212209216606
422.51381,0.087433,-31.247973,3789.73453,3788.82877327649
422.52381,0.088324,-31.247522,3789.422053,3789.9270415695582
422.53381,0.089225,-31.247071,3789.10958,3789.318582222063
422.54381,0.090137,-31.24662,3788.797111,3788.549145844808
422.55381,0.091057,-31.246169,3788.484647,3788.1934077501483
422.56381,0.091987,-31.245718,3788.172188,3787.317587579249
422.57381,0.092925,-31.245266,3787.859733,3788.0903394105385
422.58381,0.093871,-31.244815,3787.547283,3790.3518184946947
422.59381,0.094826,-31.244363,3787.234837,3784.6850796149524
422.60381,0.095787,-31.243911,3786.922395,3786.282039657745
422.61381,0.096755,-31.24346,3786.609958,3786.6335766392394
422.62381,0.09773,-31.243008,3786.297526,3786.6977978809123
422.63381,0.098712,-31.242556,3785.985098,3781.7978577990602
422.64381,0.099699,-31.242104,3785.672675,3787.723109483871
422.65381,0.100692,-31.241651,3785.360256,3784.859045974091
422.66381,0.10169,-31.241199,3785.047842,3784.963864037358
422.67381,0.102693,-31.240746,3784.735432,3785.2420920060495
422.68381,0.1037,-31.240294,3784.423027,3785.9173889561107
422.69381,0.104712,-31.239841,3784.110626,3782.1730957310688
422.70381,0.105728,-31.239388,3783.79823,3787.001891995554
422.71381,0.106749,-31.238935,3783.485839,3785.0732083731536
422.72381,0.107772,-31.238482,3783.173451,3783.2085014373065
422.73381,0.108799,-31.238029,3782.861069,3783.273227191697
422.74381,0.10983,-31.237576,3782.548691,3781.578965448744
422.75381,0.110863,-31.237122,3782.236317,3783.2093101070927
422.76381,0.111899,-31.236669,3781.923948,3783.5800182578982
422.77381,0.112938,-31.236215,3781.611584,3781.9341501438166
422.78381,0.113979,-31.235761,3781.299224,3781.583487520672
422.79381,0.115022,-31.235307,3780.986869,3782.7171814845487
422.80381,0.116067,-31.234853,3780.674518,3781.2669467043124
422.81381,0.117114,-31.234399,3780.362172,3780.2273803442845
422.82381,0.118163,-31.233945,3780.04983,3779.293774749963
422.83381,0.119213,-31.23349,3779.737493,3782.063765515778
422.84381,0.120265,-31.233036,3779.42516,3778.6443843575807
422.85381,0.121318,-31.232581,3779.112832,3778.8410003409704
422.86381,0.122372,-31.232126,3778.800509,3779.863839311207
422.87381,0.123427,-31.231671,3778.48819,3776.9190750442112
422.88381,0.124482,-31.231216,3778.175875,3779.27889047086
422.89381,0.125539,-31.230761,3777.863565,3777.2377710008254
422.90381,0.126596,-31.230306,3777.55126,3775.7284038160487
422.91381,0.127653,-31.22985,3777.238959,3776.6664514563895
422.92381,0.128711,-31.229394,3776.926663,3776.5522133324803
422.93381,0.129769,-31.228939,3776.614371,3776.322578999695
422.94381,0.130827,-31.228483,3776.302084,3776.9346745253306
422.95381,0.131886,-31.228027,3775.989802,3774.64685617174
422.96381,0.132944,-31.227571,3775.677524,3774.1754174865605
422.97381,0.134002,-31.227114,3775.36525,3776.488329813254
422.98381,0.13506,-31.226658,3775.052981,3776.7097205604064
422.99381,0.136118,-31.226202,3774.740717,3775.268956518661
423.00381,0.137175,-31.225745,3774.428457,3774.540844449181
423.01381,0.138232,-31.225288,3774.116202,3772.7361850368943
423.02381,0.139288,-31.224831,3773.803952,3775.256339306686
423.03381,0.140344,-31.224374,3773.491706,3772.3707675904434
423.04381,0.141399,-31.223917,3773.179464,3774.274060920829
423.05381,0.142454,-31.22346,3772.867227,3773.431022163153
423.06381,0.143507,-31.223002,3772.554995,3772.5647039947407
423.07381,0.14456,-31.222545,3772.242767,3776.104503133348
423.08381,0.145612,-31.222087,3771.930544,3775.39251325079
423.09381,0.146663,-31.221629,3771.618325,3769.305982780836
423.10381,0.147713,-31.221171,3771.306111,3771.828671204006
423.11381,0.148761,-31.220713,3770.993902,3772.903424760647
423.12381,0.149809,-31.220255,3770.681697,3769.5570499083738
423.13381,0.150856,-31.219796,3770.369497,3768.829458031184
423.14381,0.151901,-31.219338,3770.057301,3767.690363278804
423.15381,0.152945,-31.218879,3769.74511,3770.9635224119284
423.16381,0.153988,-31.21842,3769.432924,3769.1326105774747
423.17381,0.155029,-31.217962,3769.120742,3769.7133020881156
423.18381,0.156069,-31.217502,3768.808564,3771.3120827786347
423.19381,0.157108,-31.217043,3768.496392,3766.033479457251
423.20381,0.158145,-31.216584,3768.184224,3768.484456732751
423.21381,0.159181,-31.216124,3767.87206,3766.990375419752
423.22381,0.160215,-31.215665,3767.559901,3769.1345090972413
423.23381,0.161247,-31.215205,3767.247747,3766.202755939379
423.24381,0.162278,-31.214745,3766.935597,3766.9368556339177
423.25381,0.163308,-31.214285,3766.623452,3767.367273693673
423.26381,0.164336,-31.213825,3766.311311,3768.6479010908215
423.27381,0.165362,-31.213365,3765.999175,3768.5009972946004
423.28381,0.166386,-31.212905,3765.687044,3764.9930086581553
423.29381,0.167409,-31.212444,3765.374917,3767.7219289563964
423.30381,0.168429,-31.211983,3765.062795,3765.259695218424
423.31381,0.169449,-31.211523,3764.750678,3764.773645853609
423.32381,0.170466,-31.211062,3764.438565,3766.415409939679
423.33381,0.171481,-31.210601,3764.126456,3762.8822556915156
423.34381,0.172495,-31.210139,3763.814353,3766.4178999390374
423.35381,0.173507,-31.209678,3763.502254,3763.620511549103
423.36381,0.174516,-31.209217,3763.190159,3763.8263712378052
423.37381,0.175524,-31.208755,3762.878069,3766.339731140484
423.38381,0.17653,-31.208293,3762.565984,3764.1165628680515
423.39381,0.177535,-31.207831,3762.253903,3763.117386685666
423.40381,0.178537,-31.20737,3761.941827,3760.234687207774
423.41381,0.179537,-31.206907,3761.629756,3764.1954677676745
423.42381,0.180535,-31.206445,3761.317689,3760.1635706291563
423.43381,0.181531,-31.205983,3761.005627,3760.992354513012
423.44381,0.182525,-31.20552,3760.69357,3760.1812959750205
423.45381,0.183517,-31.205058,3760.381517,3760.013326001097
423.46381,0.184507,-31.204595,3760.069468,3760.980258015292
423.47381,0.185495,-31.204132,3759.757425,3759.377651784056
423.48381,0.186481,-31.203669,3759.445386,3762.230979516468
423.49381,0.187465,-31.203206,3759.133351,3759.7087725190318
423.50381,0.188447,-31.202743,3758.821322,3758.5753566923627
423.51381,0.189427,-31.202279,3758.509297,3758.879523342551
423.52381,0.190404,-31.201816,3758.197276,3756.2605535413477
423.53381,0.19138,-31.201352,3757.88526,3759.5043696026482
423.54381,0.192353,-31.200888,3757.573249,3755.884037240295
423.55381,0.193324,-31.200424,3757.261242,3757.169708997896
423.56381,0.194293,-31.19996,3756.949241,3757.160585204265
423.57381,0.19526,-31.199496,3756.637243,3755.2656152691807
423.58381,0.196225,-31.199032,3756.325251,3758.130163391539
423.59381,0.197187,-31.198567,3756.013263,3756.9288252768097
423.60381,0.198147,-31.198103,3755.701279,3754.8842976165806
423.61381,0.199106,-31.197638,3755.389301,3755.2509921518476
423.62381,0.200062,-31.197173,3755.077326,3757.1401589894044
423.63381,0.201015,-31.196708,3754.765357,3756.0205753283035
423.64381,0.201967,-31.196243,3754.453392,3756.388613439381
423.65381,0.202916,-31.195778,3754.141432,3752.228463601929
423.66381,0.203863,-31.195313,3753.829477,3752.429399905915
423.67381,0.204808,-31.194847,3753.517526,3754.4011265448326
423.68381,0.205751,-31.194382,3753.20558,3752.256981713552
423.69381,0.206691,-31.193916,3752.893638,3749.6697523170888
423.70381,0.20763,-31.19345,3752.581701,3750.0725353257894
423.71381,0.208566,-31.192985,3752.269769,3751.13943049485
423.72381,0.2095,-31.192519,3751.957842,3751.863083220407
423.73381,0.210431,-31.192052,3751.645919,3752.4402540985966
423.74381,0.21136,-31.191586,3751.334001,3753.4410230294993
423.75381,0.212287,-31.19112,3751.022087,3752.829117545407
423.76381,0.213212,-31.190653,3750.710178,3750.279632124537
423.77381,0.214135,-31.190187,3750.398274,3750.426843213853
423.78381,0.215055,-31.18972,3750.086375,3751.2819428423636
423.79381,0.215973,-31.189253,3749.77448,3749.054826156039
423.80381,0.216889,-31.188786,3749.46259,3748.4953324654066
423.81381,0.217803,-31.188319,3749.150704,3750.9769274369055
423.82381,0.218714,-31.187852,3748.838823,3749.558350277921
423.83381,0.219623,-31.187384,3748.526947,3751.1096090188285
423.84381,0.22053,-31.186917,3748.215075,3750.132143752028
423.85381,0.221434,-31.186449,3747.903209,3746.772535772226
423.86381,0.222336,-31.185982,3747.591347,3748.267030368354
423.87381,0.223236,-31.185514,3747.279489,3747.8817633166873
423.88381,0.224134,-31.185046,3746.967636,3748.538408706895
423.89381,0.22503,-31.184578,3746.655788,3745.943817995474
423.90381,0.225923,-31.18411,3746.343945,3746.1989001494194
423.91381,0.226814,-31.183642,3746.032106,3745.6349408137244
423.92381,0.227702,-31.183173,3745.720272,3746.6523700036723
423.93381,0.228589,-31.182705,3745.408442,3746.713857605849
423.94381,0.229473,-31.182236,3745.096618,3744.482210024255
423.95381,0.230355,-31.181768,3744.784798,3745.069974797109
423.96381,0.231235,-31.181299,3744.472982,3745.8637401760493
423.97381,0.232112,-31.18083,3744.161172,3743.6581492802334
423.98381,0.232987,-31.180361,3743.849366,3743.856215782377
423.99381,0.23386,-31.179892,3743.537565,3744.067253840535
424.00381,0.234731,-31.179423,3743.225768,3742.5060399874646
424.01381,0.235599,-31.178954,3742.913976,3742.9596872126353
424.02381,0.236465,-31.178484,3742.602189,3742.7927959793387
424.03381,0.237329,-31.178015,3742.290406,3742.432862761648
424.04381,0.238191,-31.177545,3741.978629,3740.322896143155
424.05381,0.23905,-31.177075,3741.666855,3739.8727577880595
424.06381,0.239908,-31.176605,3741.355087,3742.4020961422734
424.07381,0.240762,-31.176135,3741.043323,3741.4890995542582
424.08381,0.241615,-31.175665,3740.731564,3739.817895300893
424.09381,0.242466,-31.175195,3740.41981,3739.4960651515726
424.10381,0.243314,-31.174725,3740.10806,3738.7989239023104
424.11381,0.24416,-31.174255,3739.796316,3739.566667766293
424.12381,0.245004,-31.173784,3739.484575,3741.310283938541
424.13381,0.245845,-31.173314,3739.17284,3739.353418754606
424.14381,0.246685,-31.172843,3738.861109,3740.5563227201656
424.15381,0.247522,-31.172372,3738.549383,3740.5542319932806
424.16381,0.248357,-31.171902,3738.237662,3737.425395225352
424.17381,0.249189,-31.171431,3737.925945,3740.723482375704
424.18381,0.25002,-31.17096,3737.614233,3739.623376751335
424.19381,0.250848,-31.170488,3737.302526,3739.9646412057946
424.20381,0.251674,-31.170017,3736.990823,3735.3399550654794
424.21381,0.252498,-31.169546,3736.679125,3738.1901656691175
424.22381,0.253319,-31.169075,3736.367432,3737.9812310029665
424.23381,0.254139,-31.168603,3736.055744,3734.932021704486
424.24381,0.254956,-31.168131,3735.74406,3736.7261382097145
424.25381,0.255771,-31.16766,3735.432381,3736.406307593035
424.26381,0.256584,-31.167188,3735.120707,3735.753004618869
424.27381,0.257395,-31.166716,3734.809038,3736.0576269700086
424.28381,0.258203,-31.166244,3734.497373,3733.5298665610635
424.29381,0.259009,-31.165772,3734.185713,3734.015007419657
424.30381,0.259814,-31.1653,3733.874057,3732.341807862681
424.31381,0.260616,-31.164828,3733.562407,3736.1272334430696
424.32381,0.261415,-31.164355,3733.250761,3731.1859310449745
424.33381,0.262213,-31.163883,3732.93912,3734.3538171663877
424.34381,0.263008,-31.16341,3732.627483,3736.7251594940594
424.35381,0.263802,-31.162938,3732.315851,3728.8333394837773
424.36381,0.264593,-31.162465,3732.004224,3734.4338877359464
424.37381,0.265382,-31.161992,3731.692602,3728.702780880089
424.38381,0.266169,-31.16152,3731.380984,3733.749223650366
424.39381,0.266954,-31.161047,3731.069372,3731.8974318984133
424.40381,0.267736,-31.160574,3730.757764,3732.7414642261338
424.41381,0.268517,-31.160101,3730.44616,3726.798194089625
424.42381,0.269295,-31.159627,3730.134562,3731.7955316353937
424.43381,0.270071,-31.159154,3729.822968,3731.8648414839186
424.44381,0.270845,-31.158681,3729.511378,3731.0840003476446
424.45381,0.271617,-31.158208,3729.199794,3727.444548500664
424.46381,0.272387,-31.157734,3728.888214,3727.305639908103
424.47381,0.273155,-31.15726,3728.576639,3728.158404004738
424.48381,0.27392,-31.156787,3728.265069,3728.370866706109
424.49381,0.274684,-31.156313,3727.953504,3729.0547908844615
424.50381,0.275445,-31.155839,3727.641943,3728.6703778642154
424.51381,0.276205,-31.155365,3727.330387,3727.5513483095815
424.52381,0.276962,-31.154891,3727.018836,3729.052312720683
424.53381,0.277717,-31.154417,3726.707289,3726.479355920933
424.54381,0.27847,-31.153943,3726.395747,3728.4367122105295
424.55381,0.279221,-31.153469,3726.08421,3726.467282260576
424.56381,0.27997,-31.152995,3725.772678,3726.847524314504
424.57381,0.280717,-31.152521,3725.46115,3725.511633596216
424.58381,0.281462,-31.152046,3725.149627,3728.3510293437007
424.59381,0.282204,-31.151572,3724.838109,3726.530039058729
424.60381,0.282945,-31.151097,3724.526596,3726.3696758547144
424.61381,0.283684,-31.150623,3724.215087,3727.8441893692466
424.62381,0.28442,-31.150148,3723.903584,3722.438788577046
424.63381,0.285155,-31.149673,3723.592084,3723.091139784068
424.64381,0.285887,-31.149198,3723.28059,3722.2812638396863
424.65381,0.286618,-31.148723,3722.9691,3726.481856976952
424.66381,0.287346,-31.148249,3722.657616,3722.227414347933
424.67381,0.288072,-31.147773,3722.346135,3722.4648914145873
424.68381,0.288797,-31.147298,3722.03466,3722.629571306355
424.69381,0.289519,-31.146823,3721.723189,3721.9206234145017
424.70381,0.290239,-31.146348,3721.411724,3723.5041265294017
424.71381,0.290958,-31.145873,3721.100263,3720.1137372578705
424.72381,0.291674,-31.145397,3720.788806,3719.814777544022
424.73381,0.292388,-31.144922,3720.477355,3720.569448287211
424.74381,0.293101,-31.144447,3720.165908,3720.714957443293
424.75381,0.293811,-31.143971,3719.854466,3722.5817698612127
424.76381,0.294519,-31.143495,3719.543028,3721.62978154368
424.77381,0.295226,-31.14302,3719.231596,3721.903980709654
424.78381,0.29593,-31.142544,3718.920168,3718.2091553922596
424.79381,0.296633,-31.142068,3718.608745,3718.5946023931474
424.80381,0.297333,-31.141593,3718.297327,3718.9331659293775
424.81381,0.298031,-31.141117,3717.985913,3717.2584162387925
424.82381,0.298728,-31.140641,3717.674504,3719.7588183618223
424.83381,0.299423,-31.140165,3717.3631,3718.3288452383963
424.84381,0.299454,-31.139689,3717.051701,3716.561344244063
424.85381,0.29833,-31.139213,3716.740306,3716.3897681533062
424.86381,0.297209,-31.138738,3716.428917,3716.7711666308137
424.87381,0.296092,-31.138264,3716.117532,3720.2823149867045
424.88381,0.294979,-31.13779,3715.806151,3715.8411233823217
424.89381,0.293868,-31.137316,3715.494776,3715.8983876078332
424.90381,0.292762,-31.136843,3715.183405,3718.3513193318595
424.91381,0.291658,-31.136371,3714.872039,3717.1125715119006
424.92381,0.290558,-31.135899,3714.560678,3715.358153811273
424.93381,0.289461,-31.135427,3714.249321,3713.435672718344
424.94381,0.288368,-31.134956,3713.937969,3711.9773979598017
424.95381,0.287277,-31.134486,3713.626622,3715.2890270993107
424.96381,0.286191,-31.134016,3713.315279,3715.309825215305
424.97381,0.285107,-31.133547,3713.003942,3713.2841226417904
424.98381,0.284027,-31.133078,3712.692608,3716.8271111330178
424.99381,0.282949,-31.132609,3712.38128,3711.7164626572307
425.00381,0.281876,-31.132141,3712.069956,3713.143984522042
425.01381,0.280805,-31.131673,3711.758637,3712.644281209227
425.02381,0.279738,-31.131206,3711.447323,3714.197159436456
425.03381,0.278674,-31.130739,3711.136013,3711.140477296872
425.04381,0.277613,-31.130273,3710.824708,3709.9861506844586
425.05381,0.276555,-31.129807,3710.513408,3708.210107517684
425.06381,0.275501,-31.129342,3710.202112,3711.7569347640724
425.07381,0.27445,-31.128877,3709.890821,3709.4765916151205
425.08381,0.273401,-31.128413,3709.579534,3709.424097557741
425.09381,0.272357,-31.127949,3709.268253,3707.167117260108
425.10381,0.271315,-31.127485,3708.956975,3709.980994281769
425.11381,0.270276,-31.127022,3708.645703,3707.9432674474406
425.12381,0.269241,-31.126559,3708.334435,3712.1169688505383
425.13381,0.268209,-31.126096,3708.023172,3706.980038434012
425.14381,0.26718,-31.125634,3707.711913,3709.2945918368077
425.15381,0.266154,-31.125173,3707.400659,3707.278998908579
425.16381,0.265131,-31.124711,3707.08941,3707.937883493408
425.17381,0.264111,-31.124251,3706.778165,3705.727006887596
425.18381,0.263094,-31.12379,3706.466925,3707.7991035056148
425.19381,0.262081,-31.12333,3706.155689,3706.963881152319
425.20381,0.26107,-31.12287,3705.844458,3706.559607348884
425.21381,0.260063,-31.122411,3705.533232,3709.1165474705153
425.22381,0.259058,-31.121952,3705.22201,3704.6725928865158
425.23381,0.258057,-31.121493,3704.910792,3704.3194444950113
425.24381,0.257059,-31.121035,3704.59958,3704.417395116113
425.25381,0.256064,-31.120577,3704.288372,3706.08613056004
425.26381,0.255071,-31.12012,3703.977168,3706.856718438571
425.27381,0.254082,-31.119663,3703.665969,3703.7968082185607
425.28381,0.253096,-31.119206,3703.354775,3703.3395634870476
425.29381,0.252113,-31.118749,3703.043585,3703.1632086482873
425.30381,0.251133,-31.118293,3702.7324,3702.545698615752
425.31381,0.250155,-31.117837,3702.421219,3702.3669331022948
425.32381,0.249181,-31.117382,3702.110043,3705.0073174385875
425.33381,0.24821,-31.116927,3701.798872,3700.999926816219
425.34381,0.247242,-31.116472,3701.487705,3703.606568050583
425.35381,0.246277,-31.116017,3701.176542,3700.4076927194105
425.36381,0.245314,-31.115563,3700.865384,3702.122696622738
425.37381,0.244355,-31.115109,3700.554231,3701.6593301792464
425.38381,0.243398,-31.114656,3700.243082,3699.363176887304
425.39381,0.242445,-31.114203,3699.931938,3696.8464853743144
425.40381,0.241494,-31.11375,3699.620798,3698.647999320327
425.41381,0.240546,-31.113297,3699.309663,3700.6906351390126
425.42381,0.239602,-31.112845,3698.998532,3700.156278024176
425.43381,0.23866,-31.112392,3698.687406,3699.150835981461
425.44381,0.237721,-31.111941,3698.376284,3698.5033334650448
425.45381,0.236784,-31.111489,3698.065167,3698.5420586437717
425.46381,0.235851,-31.111038,3697.754055,3699.4691120219836
425.47381,0.234921,-31.110587,3697.442946,3698.2193585174386
425.48381,0.233993,-31.110136,3697.131843,3697.6631087011897
425.49381,0.233068,-31.109686,3696.820744,3697.20917423199
425.50381,0.232146,-31.109236,3696.509649,3696.844280359338
425.51381,0.231227,-31.108786,3696.198559,3694.7336127200792
425.52381,0.230311,-31.108337,3695.887473,3695.9363809957586
425.53381,0.229398,-31.107887,3695.576392,3693.9012042815525
425.54381,0.228487,-31.107438,3695.265316,3696.3087405734127
425.55381,0.227579,-31.106989,3694.954244,3695.4692816755337
425.56381,0.226674,-31.106541,3694.643176,3695.3031380068724
425.57381,0.225772,-31.106092,3694.332113,3699.402348948813
425.58381,0.224872,-31.105644,3694.021054,3696.0342081196623
425.59381,0.223976,-31.105197,3693.71,3693.0715171328393
425.60381,0.223082,-31.104749,3693.39895,3691.6556801388692
425.61381,0.22219,-31.104302,3693.087905,3692.3893947851893
425.62381,0.221302,-31.103855,3692.776864,3693.291872568028
425.63381,0.220416,-31.103408,3692.465828,3695.524668401875
425.64381,0.219533,-31.102961,3692.154796,3692.2010681838506
425.65381,0.218653,-31.102515,3691.843769,3693.2749968560133
425.66381,0.217776,-31.102069,3691.532746,3690.967719470155
425.67381,0.216901,-31.101623,3691.221727,3690.5085797301526
425.68381,0.216029,-31.101177,3690.910713,3691.781958881118
425.69381,0.215159,-31.100731,3690.599704,3689.867999591215
425.70381,0.214292,-31.100286,3690.288699,3689.8090946419443
425.71381,0.213428,-31.099841,3689.977698,3689.8498229686084
425.72381,0.212567,-31.099396,3689.666702,3692.3316271482186
425.73381,0.211708,-31.098951,3689.35571,3689.862278749995
425.74381,0.210852,-31.098507,3689.044723,3689.39740930215
425.75381,0.209999,-31.098063,3688.73374,3688.307975106824
425.76381,0.209148,-31.097619,3688.422761,3688.0791784507355
425.77381,0.2083,-31.097175,3688.111787,3685.5724962519703
425.78381,0.207455,-31.096731,3687.800818,3691.458123258882
425.79381,0.206612,-31.096287,3687.489853,3688.565670200795
425.80381,0.205772,-31.095844,3687.178892,3686.5321973685454
425.81381,0.204934,-31.095401,3686.867936,3684.7885467264778
425.82381,0.204099,-31.094958,3686.556984,3686.7671415970935
425.83381,0.203267,-31.094515,3686.246037,3686.198357773022
425.84381,0.202437,-31.094073,3685.935094,3686.507531090152
425.85381,0.20161,-31.09363,3685.624155,3687.2229736877716
425.86381,0.200785,-31.093188,3685.313221,3683.4197000664103
425.87381,0.199963,-31.092746,3685.002292,3685.169205516669
425.88381,0.199144,-31.092304,3684.691366,3684.9314681158166
425.89381,0.198327,-31.091863,3684.380445,3685.467511265457
425.90381,0.197513,-31.091421,3684.069529,3688.140096059543
425.91381,0.196701,-31.09098,3683.758617,3685.0423021463553
425.92381,0.195892,-31.090539,3683.447709,3683.6391822399814
425.93381,0.195085,-31.090097,3683.136806,3684.997076445057
425.94381,0.194281,-31.089657,3682.825907,3684.2032401099905
425.95381,0.193479,-31.089216,3682.515013,3682.9577667062476
425.96381,0.19268,-31.088775,3682.204123,3683.0325583627764
425.97381,0.191883,-31.088335,3681.893238,3681.942292838798
425.98381,0.191089,-31.087895,3681.582356,3680.2621181499603
425.99381,0.190298,-31.087455,3681.27148,3682.919159881778
426.00381,0.189508,-31.087015,3680.960607,3679.921716448903
426.01381,0.188722,-31.086575,3680.649739,3678.501516773029
426.02381,0.187938,-31.086135,3680.338876,3680.9776296712594
426.03381,0.187156,-31.085695,3680.028017,3681.144511201211
426.04381,0.186377,-31.085256,3679.717162,3680.679269708932
426.05381,0.1856,-31.084817,3679.406312,3677.906626037349
426.06381,0.184826,-31.084378,3679.095466,3682.061668217563
426.07381,0.184054,-31.083939,3678.784624,3681.244192355056
426.08381,0.183284,-31.0835,3678.473787,3677.800231393332
426.09381,0.182518,-31.083061,3678.162954,3677.959133610203
426.10381,0.181753,-31.082623,3677.852126,3675.1825403916973
426.11381,0.180991,-31.082184,3677.541302,3678.532502839929
426.12381,0.180231,-31.081746,3677.230482,3676.8865752173365
426.13381,0.179474,-31.081307,3676.919667,3677.9995160882922
426.14381,0.178719,-31.080869,3676.608856,3677.4812025983224
426.15381,0.177967,-31.080431,3676.298049,3676.334395560719
426.16381,0.177217,-31.079994,3675.987247,3675.2771981944215
426.17381,0.176469,-31.079556,3675.676449,3676.5721063923584
426.18381,0.175724,-31.079118,3675.365656,3675.0366679065673
426.19381,0.174981,-31.078681,3675.054867,3677.0929156980314
426.20381,0.17424,-31.078243,3674.744082,3675.3102873563244
426.21381,0.173502,-31.077806,3674.433302,3672.3370176110634
426.22381,0.172766,-31.077369,3674.122526,3674.42424914996
426.23381,0.172033,-31.076932,3673.811755,3672.344194497206
426.24381,0.171302,-31.076495,3673.500988,3672.072107670041
426.25381,0.170573,-31.076058,3673.190225,3674.087796306923
426.26381,0.169847,-31.075621,3672.879467,3672.479480235581
426.27381,0.169123,-31.075184,3672.568713,3671.8372453662787
426.28381,0.168401,-31.074748,3672.257963,3671.0393837061097
426.29381,0.167682,-31.074311,3671.947218,3672.1600506719415
426.30381,0.166965,-31.073875,3671.636477,3669.60407046766
426.31381,0.16625,-31.073439,3671.32574,3671.099330469477
426.32381,0.165538,-31.073003,3671.015008,3672.767972411982
426.33381,0.164827,-31.072566,3670.70428,3671.8686918358285
426.34381,0.16412,-31.07213,3670.393557,3670.3093336825445
426.35381,0.163414,-31.071695,3670.082837,3667.134559860469
426.36381,0.162711,-31.071259,3669.772123,3670.3537591377253
426.37381,0.16201,-31.070823,3669.461412,3668.8298645108543
426.38381,0.161311,-31.070387,3669.150706,3670.8393777454585
426.39381,0.160615,-31.069952,3668.840004,3670.9664569153124
426.40381,0.159921,-31.069516,3668.529307,3667.806645047798
426.41381,0.159229,-31.069081,3668.218614,3669.215978607681
426.42381,0.158539,-31.068646,3667.907926,3668.013805888584
426.43381,0.157852,-31.06821,3667.597241,3667.738676203234
426.44381,0.157167,-31.067775,3667.286561,3667.933976594687
426.45381,0.156484,-31.06734,3666.975886,3668.651143672884
426.46381,0.155804,-31.066905,3666.665215,3665.4240002294514
426.47381,0.155125,-31.06647,3666.354548,3667.063894460288
426.48381,0.154449,-31.066035,3666.043885,3666.3990145408925
426.49381,0.153775,-31.065601,3665.733227,3664.7482971523978
426.50381,0.153103,-31.065166,3665.422573,3661.3841536950486
426.51381,0.152434,-31.064731,3665.111924,3664.476962234963
426.52381,0.151767,-31.064297,3664.801278,3663.5280533464143
426.53381,0.151102,-31.063862,3664.490638,3664.8951625102272
426.54381,0.150439,-31.063428,3664.180001,3664.373152207095
426.55381,0.149778,-31.062993,3663.869369,3664.7241325447917
426.56381,0.14912,-31.062559,3663.558741,3666.3707273123555
426.57381,0.148464,-31.062125,3663.248118,3664.09837901394
426.58381,0.14781,-31.061691,3662.937499,3662.048191704697
426.59381,0.147158,-31.061257,3662.626884,3661.2477973436467
426.60381,0.146508,-31.060823,3662.316274,3661.200554978658
426.61381,0.14586,-31.060389,3662.005668,3660.742642480241
426.62381,0.145215,-31.059955,3661.695066,3661.1253385513096
426.63381,0.144572,-31.059521,3661.384469,3662.5556968897404
426.64381,0.143931,-31.059087,3661.073876,3662.700796733789
426.65381,0.143292,-31.058653,3660.763287,3658.893648760142
426.66381,0.142655,-31.058219,3660.452702,3662.3740081714886
426.67381,0.142021,-31.057786,3660.142122,3662.483940631395
426.68381,0.141388,-31.057352,3659.831547,3661.1421400862023
426.69381,0.140758,-31.056919,3659.520975,3659.4829977507225
426.70381,0.14013,-31.056485,3659.210408,3663.300622712429
426.71381,0.139504,-31.056052,3658.899846,3661.473714854364
426.72381,0.13888,-31.055618,3658.589287,3659.985925465469
426.73381,0.138258,-31.055185,3658.278733,3659.1965622359485
426.74381,0.137639,-31.054752,3657.968184,3660.1396028785007
426.75381,0.137021,-31.054318,3657.657638,3656.3670645854113
426.76381,0.136406,-31.053885,3657.347097,3658.385544603081
426.77381,0.135792,-31.053452,3657.036561,3655.70498691484
426.78381,0.135181,-31.053019,3656.726028,3658.38804398676
426.79381,0.134572,-31.052586,3656.4155,3657.150795807541
426.80381,0.133965,-31.052153,3656.104977,3656.4170318618444
426.81381,0.13336,-31.05172,3655.794457,3655.8022099519276
426.82381,0.132757,-31.051287,3655.483942,3656.8721503832326
426.83381,0.132156,-31.050854,3655.173431,3655.0868456172407
426.84381,0.131558,-31.050421,3654.862925,3656.126899512628
426.85381,0.130961,-31.049988,3654.552423,3653.708109777483
426.86381,0.130367,-31.049555,3654.241925,3654.278761748912
426.87381,0.129774,-31.049123,3653.931432,3654.3779686735184
426.88381,0.129184,-31.04869,3653.620943,3654.924764180335
426.89381,0.128596,-31.048257,3653.310458,3652.3985152175305
426.90381,0.128009,-31.047824,3652.999978,3654.191574038152
426.91381,0.127425,-31.047392,3652.689502,3653.633204931079
426.92381,0.126843,-31.046959,3652.37903,3648.7187833074563
426.93381,0.126263,-31.046527,3652.068562,3653.3597724163255
426.94381,0.125685,-31.046094,3651.758099,3649.463874792208
426.95381,0.125109,-31.045662,3651.447641,3652.640205555893
426.96381,0.124535,-31.045229,3651.137186,3649.3847987849645
426.97381,0.123963,-31.044797,3650.826736,3649.106909654374
426.98381,0.123393,-31.044364,3650.51629,3652.026105922969
426.99381,0.122826,-31.043932,3650.205849,3649.7913006535077
427.00381,0.12226,-31.0435,3649.895412,3649.7527028996005
427.01381,0.121696,-31.043067,3649.584979,3650.6520743374967
427.02381,0.121134,-31.042635,3649.27455,3651.2192417579354
427.03381,0.120575,-31.042203,3648.964126,3648.3436291634553
427.04381,0.120017,-31.04177,3648.653706,3649.232567366479
427.05381,0.119461,-31.041338,3648.343291,3647.75910496412
427.06381,0.118908,-31.040906,3648.032879,3648.192194851961
427.07381,0.118356,-31.040474,3647.722472,3648.2495832451855
427.08381,0.117806,-31.040042,3647.41207,3645.476815586374
427.09381,0.117259,-31.039609,3647.101672,3648.945963257764
427.10381,0.116713,-31.039177,3646.791278,3646.139151792437
427.11381,0.116169,-31.038745,3646.480888,3647.3109307746295
427.12381,0.115628,-31.038313,3646.170503,3648.505180289653
427.13381,0.115088,-31.037881,3645.860122,3648.193626040544
427.14381,0.114551,-31.037449,3645.549745,3643.130874687059
427.15381,0.114015,-31.037017,3645.239373,3644.8142099113684
427.16381,0.113481,-31.036585,3644.929005,3646.7873040702516
427.17381,0.11295,-31.036153,3644.618641,3644.137539816687
427.18381,0.11242,-31.035721,3644.308282,3641.948218129862
427.19381,0.111892,-31.035289,3643.997927,3644.4858882550325
427.20381,0.111366,-31.034857,3643.687576,3642.208087150861
427.21381,0.110843,-31.034425,3643.37723,3641.865752408891
427.22381,0.110321,-31.033993,3643.066888,3643.4493359227104
427.23381,0.109801,-31.033561,3642.75655,3641.007241727195
427.24381,0.109283,-31.033129,3642.446216,3642.049050781551
427.25381,0.108767,-31.032698,3642.135887,3645.091321511614
427.26381,0.108254,-31.032266,3641.825562,3641.7638280483757
427.27381,0.107742,-31.031834,3641.515242,3642.8306234557595
427.28381,0.107232,-31.031402,3641.204926,3643.437084708464
427.29381,0.106724,-31.03097,3640.894614,3637.8565198319875
427.30381,0.106218,-31.030538,3640.584306,3639.7398352872897
427.31381,0.105714,-31.030107,3640.274003,3644.2488703419745
427.32381,0.105211,-31.029675,3639.963704,3641.7870582364762
427.33381,0.104711,-31.029243,3639.65341,3640.0721190640484
427.34381,0.104213,-31.028811,3639.343119,3641.8238687051166
427.35381,0.103717,-31.028379,3639.032833,3639.055833524869
427.36381,0.103223,-31.027948,3638.722552,3641.615695306732
427.37381,0.10273,-31.027516,3638.412274,3640.1431021368753
427.38381,0.10224,-31.027084,3638.102001,3638.577130053338
427.39381,0.101751,-31.026652,3637.791733,3638.0156198134305
427.40381,0.101265,-31.026221,3637.481468,3638.360688558098
427.41381,0.10078,-31.025789,3637.171208,3638.048779551973
427.42381,0.100298,-31.025357,3636.860953,3637.3671726996035
427.43381,0.099817,-31.024926,3636.550701,3636.029196039889
427.44381,0.099338,-31.024494,3636.240454,3638.8346732748764
427.45381,0.098861,-31.024062,3635.930211,3637.4869694091876
427.46381,0.098386,-31.02363,3635.619973,3636.721282224812
427.47381,0.097914,-31.023199,3635.309739,3636.8764198123977
427.48381,0.097443,-31.022767,3634.999509,3635.3512501896244
427.49381,0.096973,-31.022335,3634.689283,3635.055887277422
427.50381,0.096506,-31.021904,3634.379062,3634.715513417556
427.51381,0.096041,-31.021472,3634.068845,3633.9961488526856
427.52381,0.095578,-31.02104,3633.758633,3635.407050233282
427.53381,0.095117,-31.020609,3633.448424,3630.9150512930632
427.54381,0.094657,-31.020177,3633.13822,3631.142211562143
427.55381,0.0942,-31.019745,3632.828021,3633.291978220376
427.56381,0.093744,-31.019314,3632.517826,3635.4926642561113
427.57381,0.093291,-31.018882,3632.207635,3632.777972426969
427.58381,0.092839,-31.01845,3631.897448,3632.15602352253
427.59381,0.092389,-31.018019,3631.587266,3629.6478425775094
427.60381,0.091941,-31.017587,3631.277088,3632.447194086829
427.61381,0.091496,-31.017155,3630.966914,3631.5879342318854
427.62381,0.091052,-31.016724,3630.656744,3631.4689584711264
427.63381,0.09061,-31.016292,3630.346579,3630.0682346299436
427.64381,0.09017,-31.01586,3630.036419,3630.3227511287837
427.65381,0.089731,-31.015429,3629.726262,3628.5379433993485
427.66381,0.089295,-31.014997,3629.41611,3631.4077119893923
427.67381,0.088861,-31.014565,3629.105962,3630.581353238116
427.68381,0.088429,-31.014134,3628.795819,3627.553818684852
427.69381,0.087998,-31.013702,3628.48568,3627.5087262932147
427.70381,0.08757,-31.01327,3628.175545,3627.1528477928973
427.71381,0.087143,-31.012839,3627.865414,3627.6221738503104
427.72381,0.086718,-31.012407,3627.555288,3625.369536064297
427.73381,0.086296,-31.011975,3627.245166,3627.3581990020916
427.74381,0.085875,-31.011544,3626.935048,3628.897309333048
427.75381,0.085456,-31.011112,3626.624935,3627.366727426778
427.76381,0.085039,-31.01068,3626.314826,3624.3780067647
427.77381,0.084624,-31.010249,3626.004722,3625.7916846427997
427.78381,0.084211,-31.009817,3625.694621,3627.794791813699
427.79381,0.0838,-31.009385,3625.384525,3624.489589653853
427.80381,0.083391,-31.008954,3625.074433,3624.654365029471
427.81381,0.082984,-31.008522,3624.764346,3624.671203086521
427.82381,0.082578,-31.00809,3624.454263,3622.8369411596336
427.83381,0.082175,-31.007658,3624.144184,3625.6942400500825
427.84381,0.081774,-31.007227,3623.83411,3622.7527700079318
427.85381,0.081374,-31.006795,3623.52404,3623.156474399313
427.86381,0.080977,-31.006363,3623.213974,3624.0547788932463
427.87381,0.080581,-31.005931,3622.903913,3622.86490071697
427.88381,0.080187,-31.0055,3622.593855,3622.3784912775313
427.89381,0.079796,-31.005068,3622.283803,3620.2653432159505
427.90381,0.079406,-31.004636,3621.973754,3621.8980293277696
427.91381,0.079018,-31.004204,3621.66371,3619.130385319243
427.92381,0.078632,-31.003773,3621.35367,3623.186048594482
427.93381,0.078248,-31.003341,3621.043634,3622.6793279110884
427.94381,0.077866,-31.002909,3620.733603,3623.3294717953677
427.95381,0.077486,-31.002477,3620.423576,3621.26984362507
427.96381,0.077108,-31.002045,3620.113554,3620.755164290361
427.97381,0.076732,-31.001614,3619.803535,3619.149180202329
427.98381,0.076358,-31.001182,3619.493521,3620.122996752797
427.99381,0.075986,-31.00075,3619.183512,3620.211919819972
428.00381,0.075616,-31.000318,3618.873506,3619.73661052052
428.01381,0.075248,-30.999886,3618.563505,3620.0274039782144
428.02381,0.074881,-30.999454,3618.253509,3618.4103708511007
428.03381,0.074517,-30.999022,3617.943516,3619.392020595916
428.04381,0.074155,-30.998591,3617.633528,3617.1919924954036
428.05381,0.073794,-30.998159,3617.323544,3617.7020584890147
428.06381,0.073436,-30.997727,3617.013565,3617.137903518526
428.07381,0.07308,-30.997295,3616.70359,3618.3540758043077
428.08381,0.072725,-30.996863,3616.393619,3616.693203209105
428.09381,0.072373,-30.996431,3616.083653,3616.482596611801
428.10381,0.072022,-30.995999,3615.77369,3619.321318560427
428.11381,0.071674,-30.995567,3615.463733,3619.016566347534
428.12381,0.071327,-30.995135,3615.153779,3617.4171540929456
428.13381,0.070983,-30.994703,3614.84383,3615.073680156514
428.14381,0.070641,-30.994271,3614.533885,3614.864723628596
428.15381,0.0703,-30.993839,3614.223944,3614.1829094863356
428.16381,0.069962,-30.993407,3613.914008,3614.2533254181476
428.17381,0.069625,-30.992975,3613.604076,3612.1234991651554
428.18381,0.069291,-30.992543,3613.294149,3614.2620867582814
428.19381,0.068958,-30.992111,3612.984225,3610.779697296044
428.20381,0.068628,-30.991679,3612.674306,3613.879686066764
428.21381,0.068299,-30.991247,3612.364392,3609.2102069200073
428.22381,0.067973,-30.990815,3612.054482,3610.8803302967553
428.23381,0.067649,-30.990383,3611.744576,3611.0405725899873
428.24381,0.067326,-30.989951,3611.434674,3611.8362193772837
428.25381,0.067006,-30.989519,3611.124777,3611.8936035221673
428.26381,0.066688,-30.989087,3610.814883,3610.772981281755
428.27381,0.066372,-30.988655,3610.504995,3610.742757834866
428.28381,0.066057,-30.988223,3610.19511,3609.923189558226
428.29381,0.065745,-30.987791,3609.88523,3610.633114882539
428.30381,0.065435,-30.987359,3609.575355,3610.4621182633527
428.31381,0.065127,-30.986926,3609.265483,3609.23114987059
428.32381,0.064821,-30.986494,3608.955616,3609.7638939002077
428.33381,0.064517,-30.986062,3608.645753,3609.523918656503
428.34381,0.064215,-30.98563,3608.335895,3609.0750430827643
428.35381,0.063915,-30.985198,3608.026041,3605.5660923665864
428.36381,0.063618,-30.984766,3607.716191,3608.2958898334473
428.37381,0.063322,-30.984333,3607.406345,3607.524891285822
428.38381,0.063028,-30.983901,3607.096504,3606.5922221311444
428.39381,0.062737,-30.983469,3606.786667,3609.141948131252
428.40381,0.062448,-30.983037,3606.476835,3606.1790602688243
428.41381,0.06216,-30.982605,3606.167007,3606.675477753461
428.42381,0.061875,-30.982172,3605.857183,3606.382279719297
428.43381,0.061592,-30.98174,3605.547363,3605.137804322796
428.44381,0.061311,-30.981308,3605.237548,3606.917112611281
428.45381,0.061032,-30.980875,3604.927737,3607.68820189635
428.46381,0.060755,-30.980443,3604.61793,3605.625185475224
428.47381,0.06048,-30.980011,3604.308128,3605.10600574232
428.48381,0.060208,-30.979578,3603.99833,3603.50923394324
428.49381,0.059937,-30.979146,3603.688537,3606.4988754547826
428.50381,0.059669,-30.978714,3603.378747,3600.699847790121
428.51381,0.059402,-30.978281,3603.068962,3606.234806987243
428.52381,0.059138,-30.977849,3602.759182,3602.438448480507
428.53381,0.058876,-30.977417,3602.449405,3601.616889845546
428.54381,0.058616,-30.976984,3602.139633,3598.258669071854
428.55381,0.058359,-30.976552,3601.829866,3602.375441096278
428.56381,0.058103,-30.976119,3601.520102,3602.0206315999544
428.57381,0.05785,-30.975687,3601.210343,3604.4935825810435
428.58381,0.057598,-30.975255,3600.900589,3602.5168123491976
428.59381,0.057349,-30.974822,3600.590838,3602.8122071960806
428.60381,0.057102,-30.97439,3600.281092,3599.9511625290115
428.61381,0.056858,-30.973957,3599.97135,3600.6675361543926
428.62381,0.056615,-30.973525,3599.661613,3600.9665549573974
428.63381,0.056375,-30.973092,3599.35188,3598.1976133691355
428.64381,0.056136,-30.97266,3599.042151,3597.547819833177
428.65381,0.0559,-30.972227,3598.732427,3597.3669064003134
428.66381,0.055666,-30.971795,3598.422707,3596.0812288530997
428.67381,0.055435,-30.971362,3598.112991,3598.2852640341125
428.68381,0.055205,-30.97093,3597.803279,3596.2005123898016
428.69381,0.054978,-30.970497,3597.493572,3596.98273391265
428.70381,0.054753,-30.970064,3597.183869,3600.9155454563856
428.71381,0.05453,-30.969632,3596.874171,3601.406740505916
428.72381,0.054309,-30.969199,3596.564477,3597.0173104688565
428.73381,0.05409,-30.968767,3596.254787,3595.9516736098285
428.74381,0.053874,-30.968334,3595.945101,3595.5759673521106
428.75381,0.05366,-30.967901,3595.63542,3593.485267550353
428.76381,0.053448,-30.967469,3595.325743,3597.5823992903715
428.77381,0.053239,-30.967036,3595.016071,3593.543482103038
428.78381,0.053031,-30.966603,3594.706403,3594.7599910136723
428.79381,0.052826,-30.966171,3594.396739,3595.5802146858987
428.80381,0.052623,-30.965738,3594.087079,3593.6753613783935
428.81381,0.052422,-30.965305,3593.777424,3594.488446800606
428.82381,0.052224,-30.964873,3593.467773,3593.061992373022
428.83381,0.052028,-30.96444,3593.158127,3591.9408753627554
428.84381,0.051834,-30.964007,3592.848484,3593.9972115571168
428.85381,0.051642,-30.963574,3592.538846,3595.1092229987175
428.86381,0.051452,-30.963142,3592.229213,3593.002873511289
428.87381,0.051265,-30.962709,3591.919584,3594.392619747648
428.88381,0.05108,-30.962276,3591.609959,3590.696494772532
428.89381,0.050897,-30.961843,3591.300338,3592.7307898565473
428.90381,0.050717,-30.96141,3590.990722,3590.6125813715616
428.91381,0.050538,-30.960978,3590.68111,3590.6647835792246
428.92381,0.050362,-30.960545,3590.371502,3588.8344164832047
428.93381,0.050189,-30.960112,3590.061899,3590.9747084432634
428.94381,0.050017,-30.959679,3589.7523,3590.568480092047
428.95381,0.049848,-30.959246,3589.442705,3592.046610132897
428.96381,0.049681,-30.958813,3589.133115,3592.320596496366
428.97381,0.049516,-30.958381,3588.823529,3590.798516298468
428.98381,0.049354,-30.957948,3588.513947,3590.1639875190285
428.99381,0.049194,-30.957515,3588.20437,3592.4151436636303
429.00381,0.049036,-30.957082,3587.894797,3586.7403427496956
429.01381,0.04888,-30.956649,3587.585229,3587.0406410646883
429.02381,0.048727,-30.956216,3587.275664,3588.172075206669
429.03381,0.048575,-30.955783,3586.966104,3586.090074060088
429.04381,0.048427,-30.95535,3586.656549,3586.465207651229
429.05381,0.04828,-30.954917,3586.346997,3586.325615675026
429.06381,0.048136,-30.954484,3586.03745,3586.1006848917264
429.07381,0.047994,-30.954051,3585.727908,3584.8657425373967
429.08381,0.047854,-30.953618,3585.418369,3585.5340341273945
429.09381,0.047716,-30.953185,3585.108835,3587.391901691373
429.10381,0.047581,-30.952752,3584.799305,3583.501902483209
429.11381,0.047448,-30.952319,3584.48978,3583.617372795431
429.12381,0.047317,-30.951886,3584.180259,3584.888497507422
429.13381,0.047188,-30.951453,3583.870742,3583.120383960614
429.14381,0.047062,-30.95102,3583.56123,3583.5219564799413
429.15381,0.046938,-30.950587,3583.251722,3581.8533199909084
429.16381,0.046816,-30.950154,3582.942218,3584.226360932421
429.17381,0.046697,-30.949721,3582.632719,3583.5130352065194
429.18381,0.046579,-30.949288,3582.323224,3583.273026128691
429.19381,0.046464,-30.948855,3582.013733,3583.7628579163706
429.20381,0.046351,-30.948422,3581.704247,3582.9481314362433
429.21381,0.046241,-30.947988,3581.394765,3581.681991642952
429.22381,0.046132,-30.947555,3581.085287,3580.4101833336167
429.23381,0.046026,-30.947122,3580.775814,3582.743352624799
429.24381,0.045922,-30.946689,3580.466345,3580.1101412487146
429.25381,0.04582,-30.946256,3580.15688,3577.3367052592366
429.26381,0.045721,-30.945823,3579.847419,3579.3287644360294
429.27381,0.045623,-30.94539,3579.537963,3582.257641270519
429.28381,0.045528,-30.944956,3579.228512,3582.5043381378173
429.29381,0.045435,-30.944523,3578.919064,3576.72829522538
429.30381,0.045344,-30.94409,3578.609621,3579.334475974825
429.31381,0.045256,-30.943657,3578.300182,3579.2292292702323
429.32381,0.045169,-30.943224,3577.990748,3577.453913516367
429.33381,0.045085,-30.94279,3577.681318,3579.4036556591827
429.34381,0.045003,-30.942357,3577.371892,3577.2498177689436
429.35381,0.044923,-30.941924,3577.062471,3577.899103669812
429.36381,0.044845,-30.941491,3576.753054,3576.2520373136385
429.37381,0.044769,-30.941057,3576.443641,3578.570612421799
429.38381,0.044695,-30.940624,3576.134233,3577.1743429722023
429.39381,0.044624,-30.940191,3575.824829,3576.2198695134025
429.40381,0.044555,-30.939758,3575.515429,3576.1674098992676
429.41381,0.044487,-30.939324,3575.206033,3577.1557899874692
429.42381,0.044422,-30.938891,3574.896642,3574.6124917239863
429.43381,0.044359,-30.938458,3574.587256,3575.3376117201647
429.44381,0.044298,-30.938024,3574.277873,3574.2679515423706
429.45381,0.044239,-30.937591,3573.968495,3574.778882521677
429.46381,0.044182,-30.937158,3573.659121,3575.524753810285
429.47381,0.044127,-30.936724,3573.349752,3571.7620477499904
429.48381,0.044074,-30.936291,3573.040387,3573.1301814569697
429.49381,0.044023,-30.935858,3572.731026,3573.046504438371
429.50381,0.043975,-30.935424,3572.42167,3570.7732726303548
429.51381,0.043928,-30.934991,3572.112318,3575.3647564893554
429.52381,0.043883,-30.934558,3571.80297,3571.347300324044
429.53381,0.04384,-30.934124,3571.493626,3570.413355909601
429.54381,0.043799,-30.933691,3571.184287,3572.290249176838
429.55381,0.04376,-30.933257,3570.874953,3570.9583888907923
429.56381,0.043723,-30.932824,3570.565622,3570.0937610439687
429.57381,0.043688,-30.932391,3570.256296,3571.5593536862775
429.58381,0.043655,-30.931957,3569.946974,3571.311779206786
429.59381,0.043624,-30.931524,3569.637657,3568.67773570946
429.60381,0.043595,-30.93109,3569.328344,3568.9352970221466
429.61381,0.043568,-30.930657,3569.019035,3570.399558275036
429.62381,0.043542,-30.930223,3568.709731,3568.5776613210073
429.63381,0.043518,-30.92979,3568.400431,3566.6380864474813
429.64381,0.043497,-30.929357,3568.091135,3570.2952513725777
429.65381,0.043477,-30.928923,3567.781844,3566.114398280755
429.66381,0.043458,-30.92849,3567.472557,3566.3414370714236
429.67381,0.043442,-30.928056,3567.163274,3567.2494412788033
429.68381,0.043427,-30.927623,3566.853995,3568.19798351491
429.69381,0.043415,-30.927189,3566.544721,3568.0090423508877
429.70381,0.043404,-30.926756,3566.235452,3564.926479676253
429.71381,0.043394,-30.926322,3565.926186,3566.7036453723194
429.72381,0.043387,-30.925889,3565.616925,3566.8115193702906
429.73381,0.043381,-30.925455,3565.307668,3566.0573665139123
429.74381,0.043377,-30.925022,3564.998416,3564.0143378202665
429.75381,0.043375,-30.924588,3564.689168,3565.726586648301
429.76381,0.043374,-30.924155,3564.379924,3566.3846344393282
429.77381,0.043375,-30.923721,3564.070685,3566.1041829370006
429.78381,0.043377,-30.923288,3563.76145,3562.8965921884846
429.79381,0.043382,-30.922854,3563.452219,3563.8033971596883
429.80381,0.043387,-30.922421,3563.142993,3563.271410534818
429.81381,0.043395,-30.921987,3562.833771,3562.1925090196496
429.82381,0.043404,-30.921554,3562.524553,3559.4794721133007
429.83381,0.043415,-30.92112,3562.21534,3561.395569594509
429.84381,0.043427,-30.920686,3561.906131,3561.233460720378
429.85381,0.043441,-30.920253,3561.596926,3565.707023886091
429.86381,0.043456,-30.919819,3561.287726,3561.000070433419
429.87381,0.043473,-30.919386,3560.97853,3560.266763933721
429.88381,0.043491,-30.918952,3560.669338,3563.1266721213688
429.89381,0.043511,-30.918519,3560.360151,3560.140330390594
429.90381,0.043532,-30.918085,3560.050968,3559.9803308511937
429.91381,0.043554,-30.917652,3559.741789,3559.8439153352706
429.92381,0.043579,-30.917218,3559.432615,3558.33742630766
429.93381,0.043604,-30.916784,3559.123445,3559.7515545606934
429.94381,0.043631,-30.916351,3558.814279,3558.1145165803587
429.95381,0.043659,-30.915917,3558.505117,3559.303526118114
429.96381,0.043689,-30.915484,3558.19596,3556.867347043127
429.97381,0.04372,-30.91505,3557.886808,3558.95557832288
429.98381,0.043753,-30.914616,3557.577659,3558.4187295895017
429.99381,0.043786,-30.914183,3557.268515,3558.5726790242747
430.00381,0.043821,-30.913749,3556.959376,3558.6972095445194
430.01381,0.043858,-30.913316,3556.650241,3557.6855896671887
430.02381,0.043895,-30.912882,3556.34111,3557.714540029391
430.03381,0.043934,-30.912448,3556.031983,3552.114069198692
430.04381,0.043974,-30.912015,3555.722861,3555.380106716047
430.05381,0.044016,-30.911581,3555.413743,3552.2470994141922
430.06381,0.044058,-30.911147,3555.104629,3554.425068767264
430.07381,0.044102,-30.910714,3554.79552,3552.6573289312964
430.08381,0.044147,-30.91028,3554.486415,3556.1127703318693
430.09381,0.044193,-30.909847,3554.177314,3554.617599338781
430.10381,0.044241,-30.909413,3553.868218,3552.175163948531
430.11381,0.044289,-30.908979,3553.559126,3554.3527051989686
430.12381,0.044339,-30.908546,3553.250038,3553.1226974506844
430.13381,0.044389,-30.908112,3552.940955,3553.271031282313
430.14381,0.044441,-30.907678,3552.631876,3549.573343955511
430.15381,0.044494,-30.907245,3552.322801,3553.232723663981
430.16381,0.044548,-30.906811,3552.013731,3552.218239179023
430.17381,0.044603,-30.906377,3551.704665,3550.0461657257356
430.18381,0.044659,-30.905944,3551.395603,3548.558620760447
430.19381,0.044716,-30.90551,3551.086546,3550.803376778882
430.20381,0.044774,-30.905077,3550.777493,3553.371517575379
430.21381,0.044833,-30.904643,3550.468445,3551.397723786835
430.22381,0.044893,-30.904209,3550.1594,3552.8739695012505
430.23381,0.044954,-30.903776,3549.85036,3547.7228799750796
430.24381,0.045016,-30.903342,3549.541325,3546.7205978843576
430.25381,0.045079,-30.902908,3549.232294,3551.1412913648
430.26381,0.045143,-30.902475,3548.923267,3548.3065318456584
430.27381,0.045208,-30.902041,3548.614244,3548.9066008829623
430.28381,0.045274,-30.901607,3548.305226,3547.487809440663
430.29381,0.04534,-30.901174,3547.996212,3549.6652737086265
430.30381,0.045408,-30.90074,3547.687202,3548.6673428072636
430.31381,0.045476,-30.900306,3547.378197,3548.814637389538
430.32381,0.045545,-30.899873,3547.069196,3549.201541039056
430.33381,0.045615,-30.899439,3546.7602,3544.7069717695076
430.34381,0.045686,-30.899005,3546.451208,3545.5988407891837
430.35381,0.045757,-30.898572,3546.14222,3543.7119144402304
430.36381,0.04583,-30.898138,3545.833236,3546.7127479545225
430.37381,0.045903,-30.897704,3545.524257,3546.3340624601424
430.38381,0.045977,-30.897271,3545.215282,3544.099074074569
430.39381,0.046051,-30.896837,3544.906311,3544.5169728428486
430.40381,0.046127,-30.896404,3544.597345,3541.70978971952
430.41381,0.046203,-30.89597,3544.288383,3544.0209783707573
430.42381,0.046279,-30.895536,3543.979426,3543.2803305419825
430.43381,0.046357,-30.895103,3543.670473,3544.33782689792
430.44381,0.046435,-30.894669,3543.361524,3545.072300935229
430.45381,0.046514,-30.894235,3543.052579,3542.845132818043
430.46381,0.046594,-30.893802,3542.743639,3542.441944480992
430.47381,0.046674,-30.893368,3542.434703,3542.305369226821
430.48381,0.046755,-30.892934,3542.125772,3543.0538556999304
430.49381,0.046836,-30.892501,3541.816845,3541.465497127189
430.50381,0.046918,-30.892067,3541.507922,3540.7577677441814
430.51381,0.047001,-30.891633,3541.199003,3541.563297875742
430.52381,0.047084,-30.8912,3540.890089,3542.5650295945816
430.53381,0.047168,-30.890766,3540.581179,3539.881034232894
430.54381,0.047252,-30.890333,3540.272274,3538.9107905735846
430.55381,0.047337,-30.889899,3539.963373,3537.2202060468794
430.56381,0.047423,-30.889465,3539.654476,3539.624019166898
430.57381,0.047509,-30.889032,3539.345583,3540.321820719854
430.58381,0.047596,-30.888598,3539.036695,3538.792356519635
430.59381,0.047683,-30.888164,3538.727811,3538.0980478393844
430.60381,0.047771,-30.887731,3538.418932,3540.1084434176887
430.61381,0.047859,-30.887297,3538.110057,3539.165377657663
430.62381,0.047947,-30.886864,3537.801186,3538.8378260102995
430.63381,0.048037,-30.88643,3537.492319,3534.2444667321524
430.64381,0.048126,-30.885996,3537.183457,3538.0882526367304
430.65381,0.048216,-30.885563,3536.874599,3539.29312015418
430.66381,0.048307,-30.885129,3536.565746,3535.973286243934
430.67381,0.048398,-30.884696,3536.256897,3536.7880282114174
430.68381,0.048489,-30.884262,3535.948052,3534.667722558725
430.69381,0.048581,-30.883828,3535.639212,3535.2493661285494
430.70381,0.048673,-30.883395,3535.330376,3533.4949810713297
430.71381,0.048766,-30.882961,3535.021544,3531.506728752591
430.72381,0.048859,-30.882528,3534.712716,3533.511701439848
430.73381,0.048952,-30.882094,3534.403893,3534.7202802956213
430.74381,0.049046,-30.88166,3534.095074,3536.553689999712
430.75381,0.04914,-30.881227,3533.78626,3534.6078749627063
430.76381,0.049235,-30.880793,3533.47745,3533.0010993035644
430.77381,0.049329,-30.88036,3533.168644,3530.9653111727266
430.78381,0.049425,-30.879926,3532.859843,3534.827305607919
430.79381,0.04952,-30.879493,3532.551046,3535.7792769361317
430.80381,0.049616,-30.879059,3532.242253,3530.406049512743
430.81381,0.049712,-30.878626,3531.933464,3532.2645697065304
430.82381,0.049809,-30.878192,3531.62468,3528.9665141184328
430.83381,0.049906,-30.877759,3531.315901,3532.664886699348
430.84381,0.050003,-30.877325,3531.007125,3530.162181234985
430.85381,0.0501,-30.876891,3530.698354,3529.5649472134482
430.86381,0.050198,-30.876458,3530.389587,3530.514456505553
430.87381,0.050296,-30.876024,3530.080825,3529.1488835458013
430.88381,0.050394,-30.875591,3529.772067,3527.657883127753
430.89381,0.050492,-30.875157,3529.463313,3530.0281439554287
430.90381,0.050591,-30.874724,3529.154564,3528.043984731718
430.91381,0.05069,-30.87429,3528.845819,3528.9359944311846
430.92381,0.050789,-30.873857,3528.537078,3531.4365027842373
430.93381,0.050889,-30.873423,3528.228341,3527.934191814832
430.94381,0.050988,-30.87299,3527.919609,3528.866588727443
430.95381,0.051088,-30.872557,3527.610882,3528.620635638551
430.96381,0.051188,-30.872123,3527.302158,3526.1040353171256
430.97381,0.051288,-30.87169,3526.993439,3524.293625805896
430.98381,0.051389,-30.871256,3526.684725,3523.093674654183
430.99381,0.051489,-30.870823,3526.376014,3524.3441501351454
431.00381,0.05159,-30.870389,3526.067308,3526.2491210391086
431.01381,0.051691,-30.869956,3525.758606,3523.776946028209
431.02381,0.051792,-30.869522,3525.449909,3524.7943822666434
431.03381,0.051894,-30.869089,3525.141216,3526.90206182155
431.04381,0.051995,-30.868656,3524.832527,3522.589204442285
431.05381,0.052097,-30.868222,3524.523843,3523.5582911069314
431.06381,0.052199,-30.867789,3524.215163,3525.9712705808356
431.07381,0.052301,-30.867355,3523.906487,3524.303740573148
431.08381,0.052403,-30.866922,3523.597816,3520.9591626620486
431.09381,0.052505,-30.866488,3523.289149,3525.215279137349
431.10381,0.052607,-30.866055,3522.980486,3524.3139167913587
431.11381,0.05271,-30.865622,3522.671827,3523.762500158933
431.12381,0.052812,-30.865188,3522.363173,3523.270860014224
431.13381,0.052915,-30.864755,3522.054524,3522.1608588417835
431.14381,0.053018,-30.864322,3521.745878,3523.022083734408
431.15381,0.053121,-30.863888,3521.437237,3520.1478986585366
431.16381,0.053224,-30.863455,3521.128601,3519.967979228829
431.17381,0.053327,-30.863022,3520.819968,3519.4885052934783
431.18381,0.05343,-30.862588,3520.51134,3520.604806111913
431.19381,0.053533,-30.862155,3520.202716,3521.884674075227
431.20381,0.053636,-30.861722,3519.894097,3520.8879979978515
431.21381,0.05374,-30.861288,3519.585482,3521.017382309006
431.22381,0.053843,-30.860855,3519.276871,3521.1366565383723
431.23381,0.053947,-30.860422,3518.968265,3518.9537287218077
431.24381,0.05405,-30.859989,3518.659663,3517.157154071207
431.25381,0.054154,-30.859555,3518.351065,3519.185460303674
431.26381,0.054258,-30.859122,3518.042472,3518.8348522963274
431.27381,0.054361,-30.858689,3517.733883,3517.538258778434
431.28381,0.054465,-30.858255,3517.425298,3518.1222985810964
431.29381,0.054569,-30.857822,3517.116718,3517.8974801539553
431.30381,0.054673,-30.857389,3516.808141,3518.7745773317793
431.31381,0.054777,-30.856956,3516.49957,3514.6432577650808
431.32381,0.05488,-30.856523,3516.191002,3519.410618823185
431.33381,0.054984,-30.856089,3515.882439,3515.39823466931
431.34381,0.055088,-30.855656,3515.573881,3516.211065404118
431.35381,0.055192,-30.855223,3515.265326,3516.52448293877
431.36381,0.055296,-30.85479,3514.956776,3516.969945606598
431.37381,0.0554,-30.854357,3514.64823,3516.2523729378895
431.38381,0.055504,-30.853924,3514.339689,3515.3467750395484
431.39381,0.055608,-30.85349,3514.031152,3513.980843724078
431.40381,0.055712,-30.853057,3513.722619,3512.9366429689
431.41381,0.055816,-30.852624,3513.414091,3511.7916939941815
431.42381,0.055919,-30.852191,3513.105567,3513.6037056873115
431.43381,0.056023,-30.851758,3512.797047,3513.218146985915
431.44381,0.056127,-30.851325,3512.488532,3513.877758318482
431.45381,0.056231,-30.850892,3512.18002,3511.0778447740745
431.46381,0.056335,-30.850459,3511.871514,3513.110156527618
431.47381,0.056439,-30.850025,3511.563011,3511.47068904348
431.48381,0.056542,-30.849592,3511.254513,3508.550856712338
431.49381,0.056646,-30.849159,3510.946019,3511.9226340971104
431.50381,0.05675,-30.848726,3510.63753,3507.7420821305536
431.51381,0.056853,-30.848293,3510.329045,3510.5452298277646
431.52381,0.056957,-30.84786,3510.020564,3509.9283827816366
431.53381,0.056828,-30.847427,3509.712088,3510.3666476882368
431.54381,0.056608,-30.846994,3509.403616,3507.3739069869303
431.55381,0.056393,-30.846561,3509.095148,3511.4925719022394
431.56381,0.056183,-30.846128,3508.786684,3509.4935173863105
431.57381,0.055978,-30.845695,3508.478225,3508.1034829239056
431.58381,0.055778,-30.845263,3508.16977,3508.8277885542325
431.59381,0.055587,-30.84483,3507.86132,3508.3890032761847
431.60381,0.055407,-30.844397,3507.552874,3508.997826680411
431.61381,0.055232,-30.843964,3507.244432,3509.2303948500016
431.62381,0.055062,-30.843531,3506.935995,3504.9974335229053
431.63381,0.054896,-30.843097,3506.627561,3506.397742289347
431.64381,0.054736,-30.842664,3506.319133,3507.671350535741
431.65381,0.054581,-30.842231,3506.010708,3505.9477686689797
431.66381,0.054431,-30.841797,3505.702288,3507.2329038166254
431.67381,0.054285,-30.841363,3505.393872,3506.8415948653787
431.68381,0.054145,-30.84093,3505.085461,3507.6211524966934
431.69381,0.05401,-30.840496,3504.777054,3501.963358523143
431.70381,0.053879,-30.840062,3504.468651,3504.2202007656724
431.71381,0.053754,-30.839628,3504.160252,3504.786466067979
431.72381,0.053633,-30.839194,3503.851858,3502.2202351754063
431.73381,0.053518,-30.838759,3503.543469,3503.550556594203
431.74381,0.053407,-30.838325,3503.235083,3505.572706966598
431.75381,0.053301,-30.837891,3502.926702,3504.6146386786554
431.76381,0.0532,-30.837456,3502.618325,3502.9522083034103
431.77381,0.053104,-30.837022,3502.309953,3502.30767716386
431.78381,0.053013,-30.836587,3502.001585,3504.2379466334237
431.79381,0.052926,-30.836152,3501.693221,3500.3228240355943
431.80381,0.052845,-30.835717,3501.384862,3500.598819598219
431.81381,0.052768,-30.835282,3501.076507,3501.0817497908665
431.82381,0.052696,-30.834847,3500.768156,3500.685063990077
431.83381,0.052629,-30.834412,3500.45981,3501.3275713765806
431.84381,0.052566,-30.833977,3500.151468,3502.90102114246
431.85381,0.052509,-30.833541,3499.84313,3500.199364481357
431.86381,0.052455,-30.833106,3499.534797,3497.690881301547
431.87381,0.052407,-30.83267,3499.226468,3501.6096719757884
431.88381,0.052363,-30.832235,3498.918144,3498.581827501219
431.89381,0.052324,-30.831799,3498.609824,3497.770018314975
431.90381,0.052289,-30.831363,3498.301508,3497.5073495322663
431.91381,0.052259,-30.830927,3497.993196,3499.2521310904167
431.92381,0.052234,-30.830491,3497.684889,3498.1028090732652
431.93381,0.052212,-30.830055,3497.376586,3495.243926697606
431.94381,0.052196,-30.829619,3497.068288,3498.4660881082323
431.95381,0.052183,-30.829183,3496.759994,3497.302325987111
431.96381,0.052176,-30.828746,3496.451704,3495.0243805301425
431.97381,0.052172,-30.82831,3496.143419,3495.695466878493
431.98381,0.052173,-30.827874,3495.835138,3494.793702861586
431.99381,0.052178,-30.827437,3495.526862,3495.0983083499127
432.00381,0.052187,-30.827,3495.218589,3492.6204063711084
432.01381,0.0522,-30.826564,3494.910322,3496.1054970483
432.02381,0.052218,-30.826127,3494.602058,3498.6618027602294
432.03381,0.052239,-30.82569,3494.293799,3496.585837849296
432.04381,0.052265,-30.825253,3493.985544,3490.2022104675125
432.05381,0.052294,-30.824816,3493.677294,3497.0989055504856
432.06381,0.052328,-30.824378,3493.369048,3494.349312213667
432.07381,0.052366,-30.823941,3493.060806,3492.5790637106084
432.08381,0.052407,-30.823504,3492.752569,3492.278461555597
432.09381,0.052452,-30.823066,3492.444336,3494.8417421481654
432.10381,0.052501,-30.822629,3492.136108,3493.863382306205
432.11381,0.052554,-30.822191,3491.827884,3494.3340352235377
432.12381,0.052611,-30.821754,3491.519664,3491.241776438966
432.13381,0.052671,-30.821316,3491.211449,3489.558860485912
432.14381,0.052735,-30.820878,3490.903238,3491.053026166276
432.15381,0.052802,-30.82044,3490.595031,3489.5952939807144
432.16381,0.052873,-30.820002,3490.286829,3492.94004916333
432.17381,0.052947,-30.819564,3489.978631,3489.4208847787922
432.18381,0.053025,-30.819126,3489.670438,3490.3647355758594
432.19381,0.053106,-30.818688,3489.362249,3489.0883730260266
432.20381,0.053191,-30.818249,3489.054064,3487.9612432312792
432.21381,0.053279,-30.817811,3488.745884,3489.472949032911
432.22381,0.05337,-30.817372,3488.437708,3487.2568273172305
432.23381,0.053464,-30.816934,3488.129536,3487.7665961135717
432.24381,0.053561,-30.816495,3487.821369,3486.5602200315075
432.25381,0.053662,-30.816057,3487.513206,3488.9051382136226
432.26381,0.053765,-30.815618,3487.205048,3485.8534555937044
432.27381,0.053872,-30.815179,3486.896894,3486.070517939325
432.28381,0.053981,-30.81474,3486.588744,3485.7136180491407
432.29381,0.054093,-30.814301,3486.280599,3486.318421234229
432.30381,0.054208,-30.813862,3485.972458,3485.7456875578755
432.31381,0.054326,-30.813423,3485.664322,3485.770166681764
432.32381,0.054447,-30.812984,3485.35619,3483.804113286246
432.33381,0.054571,-30.812544,3485.048062,3484.1567052803857
432.34381,0.054697,-30.812105,3484.739939,3483.5631474022202
432.35381,0.054825,-30.811666,3484.43182,3484.6497308342064
432.36381,0.054957,-30.811226,3484.123706,3484.0043542463986
432.37381,0.055091,-30.810787,3483.815596,3483.934028127209
432.38381,0.055227,-30.810347,3483.50749,3483.6585356614846
432.39381,0.055366,-30.809907,3483.199389,3485.8527958357986
432.40381,0.055507,-30.809467,3482.891292,3481.2095725361946
432.41381,0.05565,-30.809028,3482.583199,3482.3178404162427
432.42381,0.055796,-30.808588,3482.275111,3479.917648160217
432.43381,0.055944,-30.808148,3481.967028,3481.840379666734
432.44381,0.056094,-30.807708,3481.658948,3481.233390326507
432.45381,0.056247,-30.807268,3481.350873,3481.5831272375935
432.46381,0.056401,-30.806827,3481.042803,3481.777115063885
432.47381,0.056558,-30.806387,3480.734737,3477.5684686469867
432.48381,0.056716,-30.805947,3480.426675,3478.9432446692917
432.49381,0.056877,-30.805506,3480.118618,3480.1570859880135
432.50381,0.05704,-30.805066,3479.810565,3479.7775898033697
432.51381,0.057204,-30.804625,3479.502517,3480.4016342451923
432.52381,0.057371,-30.804185,3479.194473,3477.854782170582
432.53381,0.057539,-30.803744,3478.886433,3477.3272954439312
432.54381,0.057709,-30.803304,3478.578398,3477.920790984682
432.55381,0.057881,-30.802863,3478.270367,3477.948932929667
432.56381,0.058054,-30.802422,3477.96234,3478.1305411896515
432.57381,0.05823,-30.801981,3477.654318,3479.0059353937463
432.58381,0.058406,-30.80154,3477.346301,3478.9172127898423
432.59381,0.058585,-30.801099,3477.038288,3478.6224239054213
432.60381,0.058765,-30.800658,3476.730279,3478.655970704506
432.61381,0.058947,-30.800217,3476.422274,3474.9936248287477
432.62381,0.05913,-30.799776,3476.114275,3476.0326664254862
432.63381,0.059314,-30.799334,3475.806279,3474.2407716785606
432.64381,0.0595,-30.798893,3475.498288,3476.5886065210566
432.65381,0.059688,-30.798452,3475.190301,3478.124639801726
432.66381,0.059876,-30.79801,3474.882319,3474.226945612809
432.67381,0.060066,-30.797569,3474.574341,3475.3009091940007
432.68381,0.060258,-30.797127,3474.266367,3474.713617783043
432.69381,0.06045,-30.796686,3473.958398,3475.359968984459
432.70381,0.060644,-30.796244,3473.650434,3474.5489585112496
432.71381,0.060839,-30.795802,3473.342473,3473.099499853127
432.72381,0.061036,-30.79536,3473.034518,3472.737599704729
432.73381,0.061233,-30.794918,3472.726566,3471.0404407672063
432.74381,0.061432,-30.794477,3472.418619,3475.560126772271
432.75381,0.061631,-30.794035,3472.110677,3474.131002480413
432.76381,0.061832,-30.793593,3471.802739,3468.5282218727516
432.77381,0.062033,-30.79315,3471.494805,3469.02603931004
432.78381,0.062236,-30.792708,3471.186876,3469.4561963888423
432.79381,0.06244,-30.792266,3470.878951,3473.2022891045117
432.80381,0.062644,-30.791824,3470.57103,3470.788394266537
432.81381,0.06285,-30.791382,3470.263114,3469.802924987122
432.82381,0.063056,-30.790939,3469.955203,3471.5794559423484
432.83381,0.063263,-30.790497,3469.647295,3469.2277332189938
432.84381,0.063471,-30.790054,3469.339393,3471.2585949760864
432.85381,0.06368,-30.789612,3469.031494,3467.04056408045
432.86381,0.06389,-30.789169,3468.7236,3469.9499993148856
432.87381,0.0641,-30.788727,3468.415711,3467.5852906829955
432.88381,0.064311,-30.788284,3468.107826,3466.6352284506306
432.89381,0.064523,-30.787841,3467.799945,3467.89042557045
432.90381,0.064736,-30.787399,3467.492069,3467.830275302181
432.91381,0.064949,-30.786956,3467.184197,3468.0208978087658
432.92381,0.065163,-30.786513,3466.87633,3467.4767971351057
432.93381,0.065377,-30.78607,3466.568467,3466.903027870425
432.94381,0.065592,-30.785627,3466.260609,3467.210257786446
432.95381,0.065808,-30.785184,3465.952755,3464.2495798083655
432.96381,0.066024,-30.784741,3465.644905,3463.0139809709317
432.97381,0.066241,-30.784298,3465.33706,3465.398898332627
432.98381,0.066458,-30.783855,3465.029219,3465.4937331781844
432.99381,0.066676,-30.783412,3464.721383,3463.3684443320044
433.00381,0.066894,-30.782968,3464.413551,3464.4898706053177
433.01381,0.067113,-30.782525,3464.105723,3464.702094633383
433.02381,0.067332,-30.782082,3463.7979,3463.2033864492237
433.03381,0.067552,-30.781638,3463.490082,3462.8617924543473
433.04381,0.067772,-30.781195,3463.182267,3463.566739738967
433.05381,0.067992,-30.780751,3462.874458,3464.619849631955
433.06381,0.068213,-30.780308,3462.566652,3463.857056680907
433.07381,0.068434,-30.779864,3462.258852,3460.7486635715445
433.08381,0.068656,-30.779421,3461.951055,3458.4410826832504
433.09381,0.068877,-30.778977,3461.643263,3462.8720539731694
433.10381,0.0691,-30.778533,3461.335476,3459.997691334701
433.11381,0.069322,-30.77809,3461.027692,3461.5988458723687
433.12381,0.069545,-30.777646,3460.719914,3462.5042995031777
433.13381,0.069767,-30.777202,3460.41214,3460.1292601004925
433.14381,0.069991,-30.776758,3460.10437,3458.794691831514
433.15381,0.070214,-30.776314,3459.796604,3459.6144924518026
433.16381,0.070438,-30.77587,3459.488843,3458.1235510856714
433.17381,0.070661,-30.775426,3459.181087,3457.420904380947
433.18381,0.070885,-30.774982,3458.873335,3455.04527812338
433.19381,0.07111,-30.774538,3458.565587,3455.5273416527953
433.20381,0.071334,-30.774094,3458.257844,3455.692621229203
433.21381,0.071558,-30.77365,3457.950105,3455.7980932074493
433.22381,0.071783,-30.773206,3457.642371,3457.471136325412
433.23381,0.072008,-30.772761,3457.334641,3457.8979155771453
433.24381,0.072233,-30.772317,3457.026916,3458.769125415561
433.25381,0.072457,-30.771873,3456.719195,3456.357981648185
433.26381,0.072683,-30.771428,3456.411479,3454.600076056257
433.27381,0.072908,-30.770984,3456.103766,3456.7405804984373
433.28381,0.073133,-30.77054,3455.796059,3456.5962992959
433.29381,0.073358,-30.770095,3455.488356,3452.181936097212
433.30381,0.073583,-30.769651,3455.180657,3455.156175684864
433.31381,0.073809,-30.769206,3454.872963,3454.0898409849356
433.32381,0.074034,-30.768761,3454.565273,3455.1757771150174
433.33381,0.074259,-30.768317,3454.257587,3454.130102750263
433.34381,0.074484,-30.767872,3453.949906,3452.671482584724
433.35381,0.07471,-30.767427,3453.64223,3453.530462321294
433.36381,0.074935,-30.766983,3453.334558,3454.4355088054845
433.37381,0.07516,-30.766538,3453.02689,3452.988706030923
433.38381,0.075386,-30.766093,3452.719227,3455.232447007991
433.39381,0.075611,-30.765648,3452.411568,3452.4593012451887
433.40381,0.075836,-30.765203,3452.103914,3451.8324820434545
433.41381,0.076061,-30.764759,3451.796264,3450.6358211417105
433.42381,0.076286,-30.764314,3451.488619,3451.558329369623
433.43381,0.076511,-30.763869,3451.180978,3451.756559248727
433.44381,0.076735,-30.763424,3450.873342,3453.2163537838974
433.45381,0.07696,-30.762979,3450.56571,3451.1760699004412
433.46381,0.077185,-30.762534,3450.258082,3449.997524320542
433.47381,0.077409,-30.762088,3449.950459,3447.590929794135
433.48381,0.077634,-30.761643,3449.64284,3450.9138967662266
433.49381,0.077858,-30.761198,3449.335226,3450.040195516122
433.50381,0.078082,-30.760753,3449.027616,3447.4146324977796
433.51381,0.078306,-30.760308,3448.720011,3448.8914805641757
433.52381,0.078529,-30.759862,3448.41241,3447.346209833201
433.53381,0.078753,-30.759417,3448.104814,3449.922472452087
433.54381,0.078977,-30.758972,3447.797222,3448.2992253791804
433.55381,0.0792,-30.758527,3447.489634,3447.5593096551725
433.56381,0.079423,-30.758081,3447.182051,3445.7206442500674
433.57381,0.079646,-30.757636,3446.874473,3446.483333000137
433.58381,0.079869,-30.75719,3446.566899,3447.6188940569004
433.59381,0.080091,-30.756745,3446.259329,3447.3089650449547
433.60381,0.080313,-30.756299,3445.951764,3448.185379423322
433.61381,0.080535,-30.755854,3445.644203,3446.5510715678647
433.62381,0.080757,-30.755408,3445.336647,3444.9406946086415
433.63381,0.080979,-30.754963,3445.029095,3443.4591589848014
433.64381,0.0812,-30.754517,3444.721547,3443.7234190372374
433.65381,0.081422,-30.754071,3444.414004,3444.8404949743444
433.66381,0.081643,-30.753626,3444.106466,3442.0581089904294
433.67381,0.081863,-30.75318,3443.798932,3442.980863529359
433.68381,0.082084,-30.752734,3443.491402,3442.9057037783227
433.69381,0.082304,-30.752289,3443.183877,3442.069013061765
433.70381,0.082524,-30.751843,3442.876357,3443.830176308137
433.71381,0.082744,-30.751397,3442.56884,3442.756439528017
433.72381,0.082963,-30.750951,3442.261329,3441.737937906538
433.73381,0.083182,-30.750506,3441.953821,3440.7923607515527
433.74381,0.083401,-30.75006,3441.646319,3440.5649247990336
433.75381,0.08362,-30.749614,3441.33882,3443.061943349493
433.76381,0.083838,-30.749168,3441.031326,3442.804698029238
433.77381,0.084056,-30.748722,3440.723837,3442.413671944971
433.78381,0.084274,-30.748276,3440.416352,3439.101740369075
433.79381,0.084491,-30.74783,3440.108871,3440.48871239239
433.80381,0.084709,-30.747384,3439.801395,3438.7078683497507
433.81381,0.084925,-30.746938,3439.493924,3440.238226165012
433.82381,0.085142,-30.746492,3439.186456,3439.256008192901
433.83381,0.085358,-30.746046,3438.878994,3440.9381040650533
433.84381,0.085574,-30.7456,3438.571536,3441.3433152018997
433.85381,0.08579,-30.745154,3438.264082,3437.079753828283
433.86381,0.086005,-30.744707,3437.956632,3438.493138914449
433.87381,0.08622,-30.744261,3437.649188,3438.140298007372
433.88381,0.086434,-30.743815,3437.341747,3435.629586341837
433.89381,0.086649,-30.743369,3437.034311,3436.9098961082004
433.90381,0.086863,-30.742923,3436.72688,3436.0456578040253
433.91381,0.087076,-30.742476,3436.419453,3438.807989292218
433.92381,0.08729,-30.74203,3436.11203,3435.1226427233128
433.93381,0.087503,-30.741584,3435.804612,3433.971169718547
433.94381,0.087715,-30.741138,3435.497199,3434.808567321972
433.95381,0.087927,-30.740691,3435.189789,3432.8462647844594
433.96381,0.088139,-30.740245,3434.882385,3436.9936415883317
433.97381,0.088351,-30.739799,3434.574985,3435.964315254344
433.98381,0.088562,-30.739352,3434.267589,3433.5640525410486
433.99381,0.088773,-30.738906,3433.960198,3434.661119468915
434.00381,0.088983,-30.738459,3433.652811,3435.1328093983293
434.01381,0.089193,-30.738013,3433.345428,3434.2445349199934
434.02381,0.089403,-30.737567,3433.03805,3430.407169056399
434.03381,0.089612,-30.73712,3432.730677,3432.4177577655746
434.04381,0.089821,-30.736674,3432.423308,3433.8776214222494
434.05381,0.09003,-30.736227,3432.115944,3433.085513887453
434.06381,0.090238,-30.735781,3431.808584,3433.342215473184
434.07381,0.090446,-30.735334,3431.501228,3428.4635557957195
434.08381,0.090653,-30.734888,3431.193877,3430.178619943043
434.09381,0.090861,-30.734441,3430.88653,3434.7163426271313
434.10381,0.091067,-30.733994,3430.579188,3431.4527518659006
434.11381,0.091274,-30.733548,3430.27185,3431.9316744240473
434.12381,0.09148,-30.733101,3429.964517,3429.861993249186
434.13381,0.091685,-30.732655,3429.657188,3431.3545151787685
434.14381,0.09189,-30.732208,3429.349864,3431.1548518989157
434.15381,0.092095,-30.731761,3429.042544,3428.5920015571674
434.16381,0.092299,-30.731315,3428.735229,3425.766117063999
434.17381,0.092503,-30.730868,3428.427918,3427.136214886835
434.18381,0.092707,-30.730421,3428.120611,3426.542614071244
434.19381,0.09291,-30.729975,3427.813309,3424.9252355176804
434.20381,0.093113,-30.729528,3427.506012,3428.867686673293
434.21381,0.093315,-30.729081,3427.198719,3426.1748522195485
434.22381,0.093517,-30.728634,3426.89143,3427.1552522782727
434.23381,0.093719,-30.728188,3426.584146,3425.5479621771988
434.24381,0.09392,-30.727741,3426.276867,3424.522510093081
434.25381,0.094121,-30.727294,3425.969591,3427.0675480339273
434.26381,0.094321,-30.726847,3425.662321,3426.6159836004153
434.27381,0.094521,-30.726401,3425.355054,3426.734233425661
434.28381,0.094721,-30.725954,3425.047793,3424.3483047035384
434.29381,0.09492,-30.725507,3424.740535,3427.1367306509
434.30381,0.095118,-30.72506,3424.433282,3424.103946653459
434.31381,0.095317,-30.724613,3424.126034,3422.916659670012
434.32381,0.095515,-30.724166,3423.81879,3422.4585409438387
434.33381,0.095712,-30.723719,3423.511551,3421.8799884386676
434.34381,0.095909,-30.723273,3423.204316,3421.994681414524
434.35381,0.096106,-30.722826,3422.897085,3425.740692786884
434.36381,0.096302,-30.722379,3422.589859,3424.384740863976
434.37381,0.096498,-30.721932,3422.282638,3420.7085261099173
434.38381,0.096693,-30.721485,3421.975421,3419.94758689398
434.39381,0.096888,-30.721038,3421.668208,3419.4841114411392
434.40381,0.097083,-30.720591,3421.361,3422.9934231708075
434.41381,0.097277,-30.720144,3421.053796,3419.8951767412445
434.42381,0.097471,-30.719697,3420.746597,3419.1108544986364
434.43381,0.097664,-30.71925,3420.439402,3419.225662096445
434.44381,0.097857,-30.718803,3420.132212,3420.872516874286
434.45381,0.098049,-30.718356,3419.825026,3418.8020292585325
434.46381,0.098241,-30.717909,3419.517845,3419.2875778599578
434.47381,0.098433,-30.717462,3419.210668,3420.1588083884512
434.48381,0.098624,-30.717015,3418.903496,3418.146998380956
434.49381,0.098815,-30.716568,3418.596328,3418.6171726292005
434.50381,0.099005,-30.716121,3418.289164,3417.359851630364
434.51381,0.099195,-30.715674,3417.982005,3420.286495616193
434.52381,0.099385,-30.715227,3417.674851,3419.9541630487515
434.53381,0.099574,-30.71478,3417.367701,3416.4142705620757
434.54381,0.099762,-30.714333,3417.060555,3417.278321052887
434.55381,0.09995,-30.713886,3416.753414,3417.008886596061
434.56381,0.100138,-30.713439,3416.446277,3415.180978915625
434.57381,0.100326,-30.712992,3416.139145,3419.016018456924
434.58381,0.100513,-30.712545,3415.832018,3415.5254590255895
434.59381,0.100699,-30.712098,3415.524894,3415.9239928984607
434.60381,0.100885,-30.711651,3415.217776,3411.7618128426802
434.61381,0.101071,-30.711204,3414.910661,3415.4388426394744
434.62381,0.101256,-30.710757,3414.603552,3415.0179413963465
434.63381,0.101441,-30.71031,3414.296446,3412.694651831364
434.64381,0.101625,-30.709863,3413.989345,3416.0039789395296
434.65381,0.101809,-30.709415,3413.682249,3412.257331173067
434.66381,0.101992,-30.708968,3413.375157,3412.3491773780675
434.67381,0.102175,-30.708521,3413.06807,3415.1450202325423
434.68381,0.102358,-30.708074,3412.760987,3413.6475879353984
434.69381,0.10254,-30.707627,3412.453908,3413.155439317057
434.70381,0.102722,-30.70718,3412.146834,3414.986594833851
434.71381,0.102903,-30.706733,3411.839765,3414.128247941661
434.72381,0.103084,-30.706286,3411.532699,3411.739598304601
434.73381,0.103265,-30.705839,3411.225639,3414.005774674215
434.74381,0.103445,-30.705392,3410.918583,3412.161907482835
434.75381,0.103624,-30.704944,3410.611531,3409.306341076192
434.76381,0.103804,-30.704497,3410.304484,3410.455861106569
434.77381,0.103982,-30.70405,3409.997441,3409.8453116243854
434.78381,0.104161,-30.703603,3409.690403,3410.4240549718447
434.79381,0.104339,-30.703156,3409.383369,3408.8678055899504
434.80381,0.104516,-30.702709,3409.07634,3410.032619256693
434.81381,0.104693,-30.702262,3408.769315,3410.2508306258937
434.82381,0.10487,-30.701815,3408.462294,3406.4497539670183
434.83381,0.105046,-30.701367,3408.155279,3407.5905710350357
434.84381,0.105222,-30.70092,3407.848267,3407.2085879108945
434.85381,0.105397,-30.700473,3407.54126,3408.1809748515584
434.86381,0.105572,-30.700026,3407.234258,3405.7771764770764
434.87381,0.105746,-30.699579,3406.92726,3408.2328308412475
434.88381,0.10592,-30.699132,3406.620266,3404.552944192884
434.89381,0.106094,-30.698685,3406.313277,3407.2319753508136
434.90381,0.106267,-30.698237,3406.006292,3407.4963442063067
434.91381,0.10644,-30.69779,3405.699312,3405.963666607532
434.92381,0.106612,-30.697343,3405.392337,3404.3079052796834
434.93381,0.106784,-30.696896,3405.085365,3407.8643285839416
434.94381,0.106956,-30.696449,3404.778399,3403.642633670441
434.95381,0.107127,-30.696002,3404.471436,3403.8638456608987
434.96381,0.107297,-30.695555,3404.164479,3403.332895176249
434.97381,0.107468,-30.695108,3403.857525,3403.9196442143275
434.98381,0.107637,-30.69466,3403.550576,3401.6121887246786
434.99381,0.107807,-30.694213,3403.243632,3403.04885206185
435.00381,0.107976,-30.693766,3402.936692,3401.406338377425
435.01381,0.108144,-30.693319,3402.629757,3400.4470009885754
435.02381,0.108312,-30.692872,3402.322826,3403.133051819609
435.03381,0.10848,-30.692425,3402.015899,3401.6303559910993
435.04381,0.108647,-30.691978,3401.708977,3404.1113966387834
435.05381,0.108814,-30.691531,3401.40206,3400.813115719856
435.06381,0.10898,-30.691084,3401.095147,3404.8610602224926
435.07381,0.109146,-30.690636,3400.788238,3403.8084644993423
435.08381,0.109312,-30.690189,3400.481334,3398.9512636435525
435.09381,0.109477,-30.689742,3400.174434,3401.024890560976
435.10381,0.109642,-30.689295,3399.867539,3401.5933022978284
435.11381,0.109806,-30.688848,3399.560648,3400.031885978185
435.12381,0.10997,-30.688401,3399.253762,3397.593250907434
435.13381,0.110133,-30.687954,3398.94688,3398.9170472246656
435.14381,0.110297,-30.687507,3398.640003,3398.511733362003
435.15381,0.110459,-30.68706,3398.33313,3397.6197656411437
435.16381,0.110621,-30.686613,3398.026262,3395.4239392284308
435.17381,0.110783,-30.686166,3397.719398,3398.7355820641405
435.18381,0.110945,-30.685719,3397.412539,3399.625270147857
435.19381,0.111105,-30.685272,3397.105684,3397.6237714754525
435.20381,0.111266,-30.684825,3396.798833,3398.139020503034
435.21381,0.111426,-30.684377,3396.491987,3399.1521795744866
435.22381,0.111586,-30.68393,3396.185146,3398.152017910778
435.23381,0.111745,-30.683483,3395.878309,3396.585644069686
435.24381,0.111904,-30.683036,3395.571476,3397.5416441823613
435.25381,0.112063,-30.682589,3395.264648,3394.1683291658637
435.26381,0.112221,-30.682142,3394.957824,3396.949166147107
435.27381,0.112378,-30.681695,3394.651005,3393.294747195398
435.28381,0.112536,-30.681248,3394.34419,3396.0965900797873
435.29381,0.112692,-30.680801,3394.03738,3395.112461373884
435.30381,0.112849,-30.680354,3393.730574,3392.992168820789
435.31381,0.113005,-30.679907,3393.423773,3392.4712717365674
435.32381,0.11316,-30.67946,3393.116976,3392.593649948214
435.33381,0.113316,-30.679013,3392.810184,3395.0958286472187
435.34381,0.113471,-30.678567,3392.503396,3393.4849606719713
435.35381,0.113625,-30.67812,3392.196612,3392.008701465481
435.36381,0.113779,-30.677673,3391.889833,3394.432251897575
435.37381,0.113932,-30.677226,3391.583059,3391.2905614726956
435.38381,0.114086,-30.676779,3391.276289,3389.6244501934243
435.39381,0.114238,-30.676332,3390.969523,3390.547690728082
435.40381,0.113978,-30.675885,3390.662762,3391.862833932959
435.41381,0.113223,-30.675438,3390.356006,3390.2708838005356
435.42381,0.112475,-30.674992,3390.049256,3390.57320355479
435.43381,0.111732,-30.674545,3389.74251,3389.6222457802637
435.44381,0.110995,-30.674099,3389.435767,3390.9987295355295
435.45381,0.110263,-30.673652,3389.129028,3390.914659788646
435.46381,0.109535,-30.673206,3388.822294,3390.3553965193
435.47381,0.108812,-30.67276,3388.515564,3388.849112231807
435.48381,0.108094,-30.672314,3388.208839,3388.8771370253285
435.49381,0.107383,-30.671869,3387.902118,3387.299919763723
435.50381,0.106677,-30.671423,3387.595401,3387.7940384459835
435.51381,0.105978,-30.670978,3387.288689,3387.9081629258644
435.52381,0.105285,-30.670533,3386.981982,3388.8892315165726
435.53381,0.104598,-30.670088,3386.675279,3390.3689027066666
435.54381,0.103917,-30.669643,3386.36858,3386.491165415556
435.55381,0.103242,-30.669199,3386.061886,3385.853265223965
435.56381,0.102574,-30.668755,3385.755196,3387.767630649958
435.57381,0.101912,-30.668311,3385.448511,3385.8900833171515
435.58381,0.101256,-30.667867,3385.14183,3386.1147001388895
435.59381,0.100607,-30.667423,3384.835153,3386.7547076090623
435.60381,0.099965,-30.666979,3384.528481,3383.219118778465
435.61381,0.099328,-30.666536,3384.221814,3383.155957233081
435.62381,0.098699,-30.666092,3383.915151,3383.9596130984514
435.63381,0.098076,-30.665649,3383.608492,3384.138652100363
435.64381,0.097459,-30.665206,3383.301838,3384.895130436515
435.65381,0.09685,-30.664764,3382.995188,3382.8856394369022
435.66381,0.096247,-30.664321,3382.688542,3380.0232267768265
435.67381,0.09565,-30.663879,3382.381901,3380.8693442707427
435.68381,0.095061,-30.663436,3382.075265,3381.817694420685
435.69381,0.094478,-30.662994,3381.768633,3381.0989108614476
435.70381,0.093902,-30.662552,3381.462005,3381.009843161393
435.71381,0.093333,-30.66211,3381.155382,3381.2908078311243
435.72381,0.092771,-30.661668,3380.848763,3377.180038589251
435.73381,0.092217,-30.661227,3380.542148,3380.7024715949606
435.74381,0.091669,-30.660785,3380.235538,3380.32265917082
435.75381,0.091128,-30.660344,3379.928933,3377.4006997135766
435.76381,0.090595,-30.659903,3379.622331,3379.2626444281245
435.77381,0.090068,-30.659462,3379.315735,3380.2839869046265
435.78381,0.089549,-30.659021,3379.009142,3378.9282380001346
435.79381,0.089037,-30.658581,3378.702554,3377.399094458115
435.80381,0.088533,-30.65814,3378.395971,3380.2155073576623
435.81381,0.088036,-30.657699,3378.089391,3379.346265382621
435.82381,0.087546,-30.657259,3377.782817,3379.241716582498
435.83381,0.087064,-30.656819,3377.476246,3377.5490709646
435.84381,0.086589,-30.656379,3377.16968,3376.1107438067447
435.85381,0.086122,-30.655939,3376.863119,3375.8818413096947
435.86381,0.085662,-30.655499,3376.556561,3376.1553972170295
435.87381,0.08521,-30.655059,3376.250009,3376.0659660881292
435.88381,0.084766,-30.65462,3375.94346,3375.937983789357
435.89381,0.084329,-30.65418,3375.636916,3377.5246692755527
435.90381,0.0839,-30.653741,3375.330377,3376.4612224639063
435.91381,0.083479,-30.653302,3375.023841,3374.0442142910706
435.92381,0.083065,-30.652863,3374.717311,3375.1676582550795
435.93381,0.08266,-30.652424,3374.410784,3373.3473345731973
435.94381,0.082262,-30.651985,3374.104262,3377.746845367416
435.95381,0.081873,-30.651546,3373.797744,3374.7294869149446
435.96381,0.081491,-30.651107,3373.491231,3372.6345480218056
435.97381,0.081117,-30.650669,3373.184722,3373.3600018064844
435.98381,0.080751,-30.650231,3372.878218,3371.200738512902
435.99381,0.080393,-30.649792,3372.571718,3373.761480061662
436.00381,0.080044,-30.649354,3372.265222,3372.1679599778754
436.01381,0.079702,-30.648916,3371.958731,3370.057921167806
436.02381,0.079369,-30.648478,3371.652244,3369.5310509275487
436.03381,0.079044,-30.64804,3371.345761,3371.3908578483442
436.04381,0.078726,-30.647602,3371.039283,3371.5788379171095
436.05381,0.078418,-30.647164,3370.732809,3371.690007093696
436.06381,0.078117,-30.646727,3370.42634,3369.822826035276
436.07381,0.077824,-30.646289,3370.119874,3367.433430064566
436.08381,0.07754,-30.645852,3369.813414,3369.534999566199
436.09381,0.077264,-30.645414,3369.506957,3369.910149420233
436.10381,0.076996,-30.644977,3369.200505,3369.01266078606
436.11381,0.076737,-30.64454,3368.894058,3370.842629486077
436.12381,0.076486,-30.644103,3368.587615,3368.620741992453
436.13381,0.076243,-30.643666,3368.281176,3370.1025867175035
436.14381,0.076008,-30.643229,3367.974741,3370.2694368935026
436.15381,0.075782,-30.642792,3367.668311,3368.142309292896
436.16381,0.075563,-30.642356,3367.361885,3366.198909203241
436.17381,0.075354,-30.641919,3367.055464,3368.4891792701283
436.18381,0.075152,-30.641482,3366.749047,3367.4311108676166
436.19381,0.074959,-30.641046,3366.442634,3368.324810669085
436.20381,0.074774,-30.64061,3366.136226,3367.6368913578854
436.21381,0.074597,-30.640173,3365.829822,3365.6940843130587
436.22381,0.074429,-30.639737,3365.523423,3366.8193977590977
436.23381,0.074268,-30.639301,3365.217028,3365.048835711969
436.24381,0.074116,-30.638865,3364.910637,3367.35890010055
436.25381,0.073972,-30.638429,3364.60425,3364.2175499168184
436.26381,0.073836,-30.637993,3364.297868,3364.19190592732
436.27381,0.073708,-30.637557,3363.99149,3367.876584780072
436.28381,0.073589,-30.637121,3363.685117,3363.248587574725
436.29381,0.073477,-30.636685,3363.378748,3364.622505694869
436.30381,0.073374,-30.63625,3363.072383,3365.4054450737253
436.31381,0.073278,-30.635814,3362.766023,3364.196176364962
436.32381,0.07319,-30.635379,3362.459667,3362.951772588012
436.33381,0.073111,-30.634943,3362.153315,3363.41412147466
436.34381,0.073039,-30.634508,3361.846968,3363.3710444397548
436.35381,0.072975,-30.634073,3361.540625,3359.7765554811754
436.36381,0.072918,-30.633637,3361.234287,3358.675453612287
436.37381,0.07287,-30.633202,3360.927952,3362.1762427478197
436.38381,0.072829,-30.632767,3360.621623,3360.3663478350168
436.39381,0.072795,-30.632332,3360.315297,3362.149707689048
436.40381,0.07277,-30.631897,3360.008976,3358.0705927902795
436.41381,0.072751,-30.631462,3359.702659,3358.883875299879
436.42381,0.07274,-30.631027,3359.396347,3357.585165866481
436.43381,0.072737,-30.630593,3359.090039,3358.2956482290474
436.44381,0.072741,-30.630158,3358.783735,3357.5570240008205
436.45381,0.072752,-30.629723,3358.477435,3357.6493704833597
436.46381,0.07277,-30.629289,3358.17114,3357.1734420437133
436.47381,0.072795,-30.628854,3357.86485,3359.6278916359106
436.48381,0.072828,-30.628419,3357.558563,3357.1901302996503
436.49381,0.072867,-30.627985,3357.252281,3356.443735669628
436.50381,0.072913,-30.627551,3356.946004,3359.143367014479
436.51381,0.072966,-30.627116,3356.63973,3354.323914640909
436.52381,0.073026,-30.626682,3356.333461,3359.258975896553
436.53381,0.073092,-30.626248,3356.027197,3357.12749196652
436.54381,0.073165,-30.625814,3355.720936,3354.992254133974
436.55381,0.073244,-30.625379,3355.41468,3354.4033103836537
436.56381,0.07333,-30.624945,3355.108429,3357.498690032008
436.57381,0.073423,-30.624511,3354.802181,3353.885152646402
436.58381,0.073521,-30.624077,3354.495939,3354.745732569431
436.59381,0.073626,-30.623643,3354.1897,3354.7268090947373
436.60381,0.073736,-30.623209,3353.883466,3353.8376401716373
436.61381,0.073853,-30.622776,3353.577236,3354.876275721854
436.62381,0.073976,-30.622342,3353.27101,3354.6873523604004
436.63381,0.074104,-30.621908,3352.964789,3351.257115190614
436.64381,0.074238,-30.621474,3352.658572,3351.302206000209
436.65381,0.074378,-30.621041,3352.352359,3349.4976324702952
436.66381,0.074524,-30.620607,3352.046151,3349.3128536993263
436.67381,0.074674,-30.620173,3351.739947,3351.207534063895
436.68381,0.074831,-30.61974,3351.433748,3352.7351418398416
436.69381,0.074992,-30.619306,3351.127552,3351.5649046408143
436.70381,0.075159,-30.618873,3350.821362,3352.1140253468207
436.71381,0.075331,-30.618439,3350.515175,3351.4764279700935
436.72381,0.075508,-30.618006,3350.208993,3348.667934098568
436.73381,0.07569,-30.617573,3349.902815,3347.6274739152414
436.74381,0.075877,-30.617139,3349.596641,3349.774599817943
436.75381,0.076069,-30.616706,3349.290472,3349.7722842817107
436.76381,0.076265,-30.616273,3348.984307,3347.5603889050885
436.77381,0.076466,-30.61584,3348.678147,3349.0959116742492
436.78381,0.076672,-30.615407,3348.37199,3344.6536570794883
436.79381,0.076882,-30.614973,3348.065839,3349.0394871174
436.80381,0.077096,-30.61454,3347.759691,3346.4048016104234
436.81381,0.077315,-30.614107,3347.453548,3349.1065357853663
436.82381,0.077538,-30.613674,3347.147409,3347.6934565928445
436.83381,0.077765,-30.613241,3346.841274,3346.949100517513
436.84381,0.077996,-30.612808,3346.535144,3347.194840540283
436.85381,0.07823,-30.612375,3346.229018,3347.6452584466138
436.86381,0.078469,-30.611943,3345.922896,3345.4987306474595
436.87381,0.078712,-30.61151,3345.616779,3344.9686185233854
436.88381,0.078958,-30.611077,3345.310666,3343.224267861324
436.89381,0.079208,-30.610644,3345.004558,3345.913144076448
436.90381,0.079462,-30.610211,3344.698453,3345.417288012865
436.91381,0.079719,-30.609779,3344.392353,3344.536073648559
436.92381,0.079979,-30.609346,3344.086258,3344.2417329415284
436.93381,0.080243,-30.608913,3343.780167,3344.3697054929085
436.94381,0.08051,-30.608481,3343.47408,3342.663994754025
436.95381,0.08078,-30.608048,3343.167997,3343.498791626469
436.96381,0.081053,-30.607616,3342.861919,3343.503084057356
436.97381,0.08133,-30.607183,3342.555845,3342.7439105093604
436.98381,0.081609,-30.60675,3342.249775,3342.018289551214
436.99381,0.081891,-30.606318,3341.94371,3341.3913575301367
437.00381,0.082176,-30.605886,3341.637649,3338.380261619086
437.01381,0.082464,-30.605453,3341.331592,3340.967207739159
437.02381,0.082754,-30.605021,3341.02554,3341.1958044333833
437.03381,0.083047,-30.604588,3340.719491,3341.5380564261613
437.04381,0.083343,-30.604156,3340.413448,3340.2411591496907
437.05381,0.083641,-30.603724,3340.107408,3340.195175300239
437.06381,0.083942,-30.603291,3339.801373,3337.121839089325
437.07381,0.084245,-30.602859,3339.495343,3339.619473308201
437.08381,0.08455,-30.602427,3339.189316,3339.6686672425544
437.09381,0.084858,-30.601995,3338.883294,3338.839654638673
437.10381,0.085167,-30.601562,3338.577276,3340.3909974433313
437.11381,0.085479,-30.60113,3338.271263,3339.8780639747133
437.12381,0.085793,-30.600698,3337.965254,3337.558197507093
437.13381,0.086109,-30.600266,3337.659249,3334.4419648449602
437.14381,0.086427,-30.599834,3337.353248,3338.0159945835635
437.15381,0.086747,-30.599402,3337.047252,3336.709659429586
437.16381,0.087069,-30.59897,3336.74126,3335.9981564593154
437.17381,0.087392,-30.598538,3336.435273,3337.4975397226553
437.18381,0.087718,-30.598106,3336.129289,3334.974473507101
437.19381,0.088045,-30.597674,3335.823311,3334.671231126133
437.20381,0.088373,-30.597242,3335.517336,3333.8640651978785
437.21381,0.088703,-30.59681,3335.211366,3336.0926791248135
437.22381,0.089035,-30.596378,3334.9054,3334.2252851573267
437.23381,0.089368,-30.595946,3334.599438,3333.3263692193095
437.24381,0.089703,-30.595514,3334.293481,3334.7042700322586
437.25381,0.090039,-30.595082,3333.987528,3333.2175964589965
437.26381,0.090377,-30.59465,3333.681579,3335.6429260277064
437.27381,0.090716,-30.594218,3333.375635,3334.3204375990426
437.28381,0.091056,-30.593786,3333.069695,3333.7239602530967
437.29381,0.091397,-30.593355,3332.763759,3332.525403260212
437.30381,0.09174,-30.592923,3332.457828,3333.6086161428047
437.31381,0.092083,-30.592491,3332.151901,3333.4967622843756
437.32381,0.092428,-30.592059,3331.845978,3333.1251302262235
437.33381,0.092774,-30.591628,3331.54006,3333.837907236677
437.34381,0.093121,-30.591196,3331.234145,3331.507920688933
437.35381,0.093469,-30.590764,3330.928236,3333.8709375678
437.36381,0.093818,-30.590333,3330.62233,3330.9521095883474
437.37381,0.094167,-30.589901,3330.316429,3330.605348814679
437.38381,0.094518,-30.589469,3330.010532,3325.9705375373487
437.39381,0.09487,-30.589038,3329.70464,3327.842648640012
437.40381,0.095222,-30.588606,3329.398751,3331.907690465045
437.41381,0.095575,-30.588174,3329.092867,3331.4289371888226
437.42381,0.095929,-30.587743,3328.786988,3327.583314232013
437.43381,0.096284,-30.587311,3328.481113,3326.8078960604175
437.44381,0.096639,-30.58688,3328.175242,3327.835614565069
437.45381,0.096995,-30.586448,3327.869375,3327.5156945727044
437.46381,0.097351,-30.586017,3327.563513,3325.4235556878916
437.47381,0.097708,-30.585585,3327.257655,3327.9211435475
437.48381,0.098066,-30.585154,3326.951801,3326.734372170945
437.49381,0.098424,-30.584722,3326.645952,3328.683040167209
437.50381,0.098783,-30.584291,3326.340107,3327.3409686157656
437.51381,0.099142,-30.583859,3326.034266,3325.3101320874216
437.52381,0.099502,-30.583428,3325.728429,3326.2045618865454
437.53381,0.099862,-30.582996,3325.422597,3323.1237139835976
437.54381,0.100223,-30.582565,3325.116769,3327.217496948642
437.55381,0.100583,-30.582134,3324.810946,3327.0646511240884
437.56381,0.100945,-30.581702,3324.505127,3325.2124155847187
437.57381,0.101306,-30.581271,3324.199312,3326.073372879776
437.58381,0.101668,-30.58084,3323.893501,3324.7756673185477
437.59381,0.10203,-30.580408,3323.587695,3323.204017116269
437.60381,0.102393,-30.579977,3323.281893,3321.918519109938
437.61381,0.102755,-30.579546,3322.976096,3324.982198019957
437.62381,0.103118,-30.579114,3322.670302,3324.9631375661406
437.63381,0.103481,-30.578683,3322.364513,3320.6363724064076
437.64381,0.103844,-30.578252,3322.058729,3322.007182410485
437.65381,0.104207,-30.577821,3321.752948,3321.617440193325
437.66381,0.104571,-30.577389,3321.447172,3319.3861606920022
437.67381,0.104934,-30.576958,3321.1414,3321.4262940106973
437.68381,0.105298,-30.576527,3320.835633,3318.788669937156
437.69381,0.105662,-30.576096,3320.52987,3319.9818142134795
437.70381,0.106025,-30.575664,3320.224111,3321.7395550898655
437.71381,0.106389,-30.575233,3319.918357,3319.8001269564165
437.72381,0.106753,-30.574802,3319.612606,3319.4196787220276
437.73381,0.107117,-30.574371,3319.306861,3317.8300091118426
437.74381,0.10748,-30.57394,3319.001119,3317.798166249325
437.75381,0.107844,-30.573509,3318.695382,3318.407912805196
437.76381,0.108208,-30.573078,3318.389649,3317.8935232813283
437.77381,0.108571,-30.572646,3318.08392,3320.2117051347186
437.78381,0.108935,-30.572215,3317.778196,3316.408203044484
437.79381,0.109298,-30.571784,3317.472476,3317.2930281527674
437.80381,0.109661,-30.571353,3317.16676,3314.3068631258047
437.81381,0.110024,-30.570922,3316.861049,3318.8961646184734
437.82381,0.110387,-30.570491,3316.555342,3316.6728157604507
437.83381,0.11075,-30.57006,3316.249639,3316.8240768932174
437.84381,0.111113,-30.569629,3315.943941,3316.484872592056
437.85381,0.111475,-30.569198,3315.638246,3316.323141073285
437.86381,0.111837,-30.568767,3315.332557,3315.5028408760977
437.87381,0.112199,-30.568336,3315.026871,3315.2519492754673
437.88381,0.112561,-30.567905,3314.72119,3314.0649730960545
437.89381,0.112923,-30.567474,3314.415513,3317.1930079132885
437.90381,0.113284,-30.567043,3314.10984,3311.447927471065
437.91381,0.113645,-30.566612,3313.804172,3312.048805663563
437.92381,0.114006,-30.566181,3313.498508,3311.799410597311
437.93381,0.114366,-30.56575,3313.192849,3313.156133265326
437.94381,0.114726,-30.56532,3312.887193,3311.894970255969
437.95381,0.115086,-30.564889,3312.581542,3312.1522470829204
437.96381,0.115445,-30.564458,3312.275895,3311.587864364785
437.97381,0.115805,-30.564027,3311.970253,3312.1389116073324
437.98381,0.116163,-30.563596,3311.664615,3313.758720161292
437.99381,0.116522,-30.563165,3311.358981,3312.3537919353003
438.00381,0.11688,-30.562734,3311.053352,3310.751976089082
438.01381,0.117238,-30.562303,3310.747726,3311.342576658784
438.02381,0.117595,-30.561873,3310.442106,3309.5808274174997
438.03381,0.117952,-30.561442,3310.136489,3310.825376373281
438.04381,0.118308,-30.561011,3309.830877,3309.589826504973
438.05381,0.118665,-30.56058,3309.525269,3308.1236319786617
438.06381,0.11902,-30.560149,3309.219665,3311.912514886823
438.07381,0.119376,-30.559719,3308.914066,3311.6024356925204
438.08381,0.119731,-30.559288,3308.608471,3311.5167820817946
438.09381,0.120085,-30.558857,3308.30288,3309.5338891547167
438.10381,0.120439,-30.558426,3307.997294,3305.594829738109
438.11381,0.120792,-30.557996,3307.691711,3308.8662273782084
438.12381,0.121145,-30.557565,3307.386134,3306.9300494213094
438.13381,0.121498,-30.557134,3307.08056,3308.8538075225633
438.14381,0.12185,-30.556704,3306.774991,3302.163029058497
438.15381,0.122202,-30.556273,3306.469426,3305.2641358424207
438.16381,0.122553,-30.555842,3306.163866,3304.7552675178786
438.17381,0.122904,-30.555412,3305.858309,3305.8785235383743
438.18381,0.123254,-30.554981,3305.552757,3304.659747094391
438.19381,0.123603,-30.55455,3305.24721,3304.60332830283
438.20381,0.123952,-30.55412,3304.941666,3304.631798048617
438.21381,0.124301,-30.553689,3304.636127,3303.5537688144013
438.22381,0.124649,-30.553258,3304.330592,3304.027443617457
438.23381,0.124996,-30.552828,3304.025062,3304.037523602258
438.24381,0.125343,-30.552397,3303.719536,3304.8616757892623
438.25381,0.12569,-30.551967,3303.414014,3303.6889068755336
438.26381,0.126036,-30.551536,3303.108497,3301.372935470196
438.27381,0.126381,-30.551106,3302.802983,3301.2506287832825
438.28381,0.126726,-30.550675,3302.497474,3302.590453870103
438.29381,0.12707,-30.550245,3302.19197,3300.2478559189453
438.30381,0.127414,-30.549814,3301.88647,3304.204377697021
438.31381,0.127757,-30.549384,3301.580974,3304.5220104179275
438.32381,0.128099,-30.548953,3301.275482,3301.408967682019
438.33381,0.128441,-30.548523,3300.969995,3299.766712963684
438.34381,0.128782,-30.548092,3300.664511,3300.1616063234505
438.35381,0.129123,-30.547662,3300.359033,3300.278811862857
438.36381,0.129463,-30.547231,3300.053558,3298.4114110968535
438.37381,0.129802,-30.546801,3299.748088,3297.866177760787
438.38381,0.130141,-30.54637,3299.442622,3299.8913783531802
438.39381,0.13048,-30.54594,3299.137161,3299.4396715379617
438.40381,0.130817,-30.545509,3298.831703,3297.6423409794165
438.41381,0.131154,-30.545079,3298.52625,3299.763461904854
438.42381,0.131491,-30.544649,3298.220802,3299.525017403509
438.43381,0.131826,-30.544218,3297.915358,3298.3230383550385
438.44381,0.132162,-30.543788,3297.609917,3298.721272262406
438.45381,0.132496,-30.543358,3297.304482,3295.6969823531836
438.46381,0.13283,-30.542927,3296.99905,3297.9395907715148
438.47381,0.133128,-30.542497,3296.693623,3295.5486853926504
438.48381,0.132322,-30.542067,3296.3882,3298.67954101598
438.49381,0.131524,-30.541637,3296.082782,3295.416400747668
438.50381,0.130733,-30.541207,3295.777368,3294.0562015962682
438.51381,0.129949,-30.540777,3295.471958,3294.5971809785165
438.52381,0.129173,-30.540347,3295.166552,3295.723756212065
438.53381,0.128407,-30.539918,3294.861151,3295.460299428823
438.54381,0.127651,-30.539489,3294.555754,3295.3874120501496
438.55381,0.126902,-30.539059,3294.250361,3295.803963252291
438.56381,0.126161,-30.53863,3293.944973,3297.2426278611333
438.57381,0.125428,-30.538201,3293.639588,3293.963389348401
438.58381,0.124702,-30.537772,3293.334209,3293.538400676217
438.59381,0.123985,-30.537342,3293.028833,3291.8533084618416
438.60381,0.123275,-30.536913,3292.723462,3294.4166180014145
438.61381,0.122573,-30.536484,3292.418095,3292.16093668322
438.62381,0.121879,-30.536055,3292.112732,3290.2461015735907
438.63381,0.121194,-30.535626,3291.807374,3289.292395048312
438.64381,0.120516,-30.535197,3291.50202,3291.0580350062
438.65381,0.119846,-30.534768,3291.19667,3290.870899051469
438.66381,0.119184,-30.534339,3290.891324,3289.3809242598277
438.67381,0.118531,-30.533909,3290.585983,3289.5873765424044
438.68381,0.117886,-30.53348,3290.280646,3287.536574411089
438.69381,0.117248,-30.533051,3289.975313,3289.1037304239303
438.70381,0.11662,-30.532622,3289.669985,3289.323517745889
438.71381,0.115999,-30.532193,3289.364661,3289.579947597913
438.72381,0.115387,-30.531764,3289.059341,3290.8178583443114
438.73381,0.114784,-30.531335,3288.754026,3288.6673847153047
438.74381,0.114188,-30.530906,3288.448714,3289.146142761943
438.75381,0.113602,-30.530477,3288.143407,3287.221526455742
438.76381,0.113023,-30.530048,3287.838105,3288.558187683537
438.77381,0.112454,-30.529619,3287.532806,3287.994369134002
438.78381,0.111893,-30.52919,3287.227512,3285.3604716125496
438.79381,0.11134,-30.528761,3286.922223,3287.3947496103337
438.80381,0.110796,-30.528332,3286.616937,3286.406638603724
438.81381,0.110261,-30.527903,3286.311656,3289.0449782260966
438.82381,0.109735,-30.527474,3286.006379,3287.9964491382
438.83381,0.109218,-30.527045,3285.701107,3284.3968204071693
438.84381,0.108709,-30.526616,3285.395838,3282.5440427373474
438.85381,0.108209,-30.526187,3285.090574,3284.6032421742493
438.86381,0.107718,-30.525758,3284.785315,3281.7743946143446
438.87381,0.107236,-30.525329,3284.480059,3283.7169391197435
438.88381,0.106763,-30.5249,3284.174808,3285.539022753424
438.89381,0.106299,-30.52447,3283.869561,3280.859868964258
438.90381,0.105844,-30.524041,3283.564319,3285.184767953019
438.91381,0.105398,-30.523612,3283.25908,3283.2197544909545
438.92381,0.104961,-30.523183,3282.953846,3281.431956711808
438.93381,0.104533,-30.522754,3282.648617,3281.8019704728604
438.94381,0.104114,-30.522324,3282.343391,3282.565245942985
438.95381,0.103704,-30.521895,3282.03817,3280.016446755786
438.96381,0.103303,-30.521466,3281.732953,3282.285602229926
438.97381,0.102912,-30.521037,3281.427741,3282.8198418123447
438.98381,0.102529,-30.520607,3281.122533,3281.5548805345916
438.99381,0.102156,-30.520178,3280.817329,3283.662312958355
439.00381,0.101792,-30.519749,3280.512129,3281.182097643734
439.01381,0.101437,-30.519319,3280.206934,3279.0518412217048
439.02381,0.101092,-30.51889,3279.901743,3281.5067531924974
439.03381,0.100756,-30.51846,3279.596556,3280.8780168873054
439.04381,0.100429,-30.518031,3279.291373,3280.4865633317013
439.05381,0.100111,-30.517601,3278.986195,3280.839264090034
439.06381,0.099802,-30.517172,3278.681021,3277.4802633118816
439.07381,0.099503,-30.516742,3278.375852,3278.097815162301
439.08381,0.099213,-30.516313,3278.070687,3275.957020954618
439.09381,0.098932,-30.515883,3277.765526,3277.725382323463
439.10381,0.09866,-30.515453,3277.460369,3279.209289449774
439.11381,0.098398,-30.515024,3277.155217,3278.683609516875
439.12381,0.098144,-30.514594,3276.850068,3276.0715411117203
439.13381,0.0979,-30.514164,3276.544925,3274.906937542509
439.14381,0.097665,-30.513734,3276.239785,3275.551190724307
439.15381,0.09744,-30.513305,3275.93465,3274.6287971909546
439.16381,0.097223,-30.512875,3275.629519,3276.4624500932005
439.17381,0.097016,-30.512445,3275.324392,3275.0687043612415
439.18381,0.096817,-30.512015,3275.01927,3272.0178259150503
439.19381,0.096628,-30.511585,3274.714152,3272.7639600713087
439.20381,0.096448,-30.511155,3274.409038,3273.7384396292523
439.21381,0.096277,-30.510725,3274.103929,3274.7099738812312
439.22381,0.096115,-30.510294,3273.798824,3272.4667698026074
439.23381,0.095961,-30.509864,3273.493723,3275.2544133925076
439.24381,0.095817,-30.509434,3273.188627,3273.882673584647
439.25381,0.095682,-30.509004,3272.883534,3272.2480549581237
439.26381,0.095555,-30.508574,3272.578447,3270.8265322493035
439.27381,0.095437,-30.508143,3272.273363,3271.826946443549
439.28381,0.095328,-30.507713,3271.968284,3271.87381095269
439.29381,0.095228,-30.507282,3271.663209,3272.851743644545
439.30381,0.095136,-30.506852,3271.358138,3272.4196042250423
439.31381,0.095053,-30.506421,3271.053072,3271.98265765798
439.32381,0.094978,-30.505991,3270.74801,3266.639312970693
439.33381,0.094912,-30.50556,3270.442952,3270.598339624769
439.34381,0.094855,-30.505129,3270.137898,3269.1478330481045
439.35381,0.094805,-30.504699,3269.832849,3270.0504814096303
439.36381,0.094765,-30.504268,3269.527804,3269.9798663099327
439.37381,0.094732,-30.503837,3269.222764,3270.676879552665
439.38381,0.094707,-30.503406,3268.917728,3269.102688806167
439.39381,0.094691,-30.502975,3268.612696,3269.1912936597505
439.40381,0.094683,-30.502544,3268.307668,3270.913129130289
439.41381,0.094683,-30.502113,3268.002645,3267.9021110687104
439.42381,0.09469,-30.501682,3267.697626,3267.772610537416
439.43381,0.094706,-30.501251,3267.392611,3266.675223215179
439.44381,0.094729,-30.50082,3267.087601,3266.3924685772513
439.45381,0.09476,-30.500389,3266.782595,3269.2379824379705
439.46381,0.094798,-30.499957,3266.477593,3268.5938956546397
439.47381,0.094844,-30.499526,3266.172596,3264.210283509314
439.48381,0.094898,-30.499095,3265.867603,3265.0228175140387
439.49381,0.094959,-30.498663,3265.562614,3263.047857689843
439.50381,0.095027,-30.498232,3265.257629,3264.1042936326603
439.51381,0.095103,-30.4978,3264.952649,3267.94289454169
439.52381,0.095185,-30.497369,3264.647673,3266.164511223995
439.53381,0.095275,-30.496937,3264.342702,3265.5592647944236
439.54381,0.095372,-30.496505,3264.037735,3266.363676080277
439.55381,0.095475,-30.496073,3263.732772,3264.8268405780645
439.56381,0.095585,-30.495642,3263.427813,3264.7884786973495
439.57381,0.095702,-30.49521,3263.122859,3261.635407134714
439.58381,0.095826,-30.494778,3262.817909,3261.2731894905405
439.59381,0.095956,-30.494346,3262.512963,3259.873796229854
439.60381,0.096093,-30.493914,3262.208022,3263.22785618113
439.61381,0.096236,-30.493482,3261.903085,3264.156900846556
439.62381,0.096385,-30.493049,3261.598152,3262.283522159715
439.63381,0.09654,-30.492617,3261.293224,3262.4049028293903
439.64381,0.096702,-30.492185,3260.9883,3263.252646622339
439.65381,0.09687,-30.491753,3260.68338,3260.6901796638995
439.66381,0.097043,-30.49132,3260.378465,3261.6733210117554
439.67381,0.097222,-30.490888,3260.073554,3261.2796804392465
439.68381,0.097407,-30.490455,3259.768647,3259.4719015378155
439.69381,0.097598,-30.490023,3259.463745,3260.5855319956086
439.70381,0.097794,-30.48959,3259.158847,3260.262568884358
439.71381,0.097996,-30.489157,3258.853953,3258.400265921771
439.72381,0.098203,-30.488725,3258.549064,3257.2385531511322
439.73381,0.098415,-30.488292,3258.244179,3258.2240830906935
439.74381,0.098633,-30.487859,3257.939298,3258.0635685584343
439.75381,0.098855,-30.487426,3257.634421,3257.833181858113
439.76381,0.099083,-30.486993,3257.329549,3260.2744111732136
439.77381,0.099315,-30.48656,3257.024682,3257.492769488641
439.78381,0.099553,-30.486127,3256.719818,3254.581694170349
439.79381,0.099795,-30.485694,3256.414959,3258.000906342853
439.80381,0.100042,-30.485261,3256.110104,3255.5314627801217
439.81381,0.100293,-30.484827,3255.805254,3254.5984049279377
439.82381,0.100549,-30.484394,3255.500408,3254.8724505447435
439.83381,0.10081,-30.483961,3255.195566,3257.6240869113167
439.84381,0.101074,-30.483527,3254.890728,3255.255634272399
439.85381,0.101343,-30.483094,3254.585895,3258.026688721109
439.86381,0.101616,-30.48266,3254.281067,3255.2747019224203
439.87381,0.101894,-30.482226,3253.976242,3255.1733134621486
439.88381,0.102175,-30.481793,3253.671422,3256.133931511535
439.89381,0.10246,-30.481359,3253.366606,3254.8235588362645
439.90381,0.102749,-30.480925,3253.061795,3253.0658684504638
439.91381,0.103042,-30.480491,3252.756988,3254.2511322473206
439.92381,0.103338,-30.480057,3252.452185,3254.5522002390376
439.93381,0.103638,-30.479623,3252.147387,3251.8490355101544
439.94381,0.103942,-30.479189,3251.842593,3255.1936768112178
439.95381,0.104249,-30.478755,3251.537803,3251.310483646358
439.96381,0.104559,-30.478321,3251.233018,3252.1124606509243
439.97381,0.104873,-30.477887,3250.928236,3249.291924860065
439.98381,0.10519,-30.477453,3250.62346,3251.5480706354324
439.99381,0.10551,-30.477018,3250.318687,3250.8791234010355
440.00381,0.105834,-30.476584,3250.013919,3250.3329505841093
440.01381,0.10616,-30.476149,3249.709156,3249.2545125972324
440.02381,0.106489,-30.475715,3249.404396,3251.8930321848393
440.03381,0.106822,-30.47528,3249.099641,3251.241572554641
440.04381,0.107157,-30.474846,3248.794891,3249.1821626294745
440.05381,0.107494,-30.474411,3248.490145,3247.007794659192
440.06381,0.107835,-30.473976,3248.185403,3247.232998029023
440.07381,0.108178,-30.473541,3247.880665,3247.2542089104186
440.08381,0.108524,-30.473106,3247.575932,3248.783807005713
440.09381,0.108872,-30.472671,3247.271203,3247.2485521596177
440.10381,0.109222,-30.472236,3246.966478,3245.3966655155104
440.11381,0.109575,-30.471801,3246.661758,3247.0215046022095
440.12381,0.109931,-30.471366,3246.357042,3245.447761896233
440.13381,0.110288,-30.470931,3246.052331,3249.109655576589
440.14381,0.110648,-30.470496,3245.747624,3245.0839584873597
440.15381,0.11101,-30.47006,3245.442921,3246.411001462737
440.16381,0.111374,-30.469625,3245.138222,3243.9304030924254
440.17381,0.11174,-30.46919,3244.833528,3242.764425589537
440.18381,0.112108,-30.468754,3244.528839,3243.9236907735244
440.19381,0.112478,-30.468319,3244.224153,3244.4372433226577
440.20381,0.112849,-30.467883,3243.919472,3242.767058423656
440.21381,0.113223,-30.467447,3243.614796,3240.239333617545
440.22381,0.113598,-30.467012,3243.310123,3243.7271873931873
440.23381,0.113975,-30.466576,3243.005455,3243.9558410248137
440.24381,0.114354,-30.46614,3242.700792,3241.6441102611775
440.25381,0.114735,-30.465704,3242.396133,3241.0567648488163
440.26381,0.115116,-30.465268,3242.091478,3241.919408056072
440.27381,0.1155,-30.464832,3241.786827,3240.5025614318088
440.28381,0.115885,-30.464396,3241.482181,3244.2641099427174
440.29381,0.116271,-30.46396,3241.177539,3241.6397854869333
440.30381,0.116659,-30.463524,3240.872902,3242.126543492961
440.31381,0.117048,-30.463088,3240.568269,3240.5631524383816
440.32381,0.117438,-30.462651,3240.26364,3242.55953591307
440.33381,0.11783,-30.462215,3239.959016,3241.653662195681
440.34381,0.118223,-30.461779,3239.654396,3240.7910881021385
440.35381,0.118617,-30.461342,3239.34978,3240.6595716320985
440.36381,0.119012,-30.460906,3239.045169,3241.692409332492
440.37381,0.119408,-30.460469,3238.740562,3236.2510011783684
440.38381,0.119805,-30.460033,3238.43596,3240.649769345117
440.39381,0.120204,-30.459596,3238.131361,3240.4765332014067
440.40381,0.120603,-30.459159,3237.826768,3234.207675908608
440.41381,0.121003,-30.458722,3237.522178,3237.052700878374
440.42381,0.121404,-30.458286,3237.217593,3236.7307221365686
440.43381,0.121806,-30.457849,3236.913013,3237.72454628502
440.44381,0.122209,-30.457412,3236.608436,3237.558081109779
440.45381,0.122612,-30.456975,3236.303864,3234.807504328858
440.46381,0.123017,-30.456538,3235.999297,3236.5406660096314
440.47381,0.123422,-30.456101,3235.694734,3235.6566995221283
440.48381,0.123827,-30.455663,3235.390175,3236.6480552327466
440.49381,0.124234,-30.455226,3235.08562,3236.9179059868557
440.50381,0.124641,-30.454789,3234.78107,3235.787909051554
440.51381,0.125049,-30.454352,3234.476525,3235.840921427734
440.52381,0.125457,-30.453914,3234.171983,3233.8161860355426
440.53381,0.125866,-30.453477,3233.867446,3234.773222056246
440.54381,0.126275,-30.453039,3233.562914,3232.207005383219
440.55381,0.126685,-30.452602,3233.258386,3229.6628054538533
440.56381,0.127095,-30.452164,3232.953862,3234.8995566756234
440.57381,0.127506,-30.451726,3232.649342,3230.9135336469676
440.58381,0.127917,-30.451289,3232.344827,3230.0069899256105
440.59381,0.128328,-30.450851,3232.040316,3234.9657795775915
440.60381,0.12874,-30.450413,3231.73581,3231.1638691722565
440.61381,0.129152,-30.449975,3231.431308,3229.6111832570464
440.62381,0.129564,-30.449537,3231.126811,3229.079856969409
440.63381,0.129977,-30.4491,3230.822317,3232.197522343301
440.64381,0.13039,-30.448662,3230.517829,3231.035098586687
440.65381,0.130803,-30.448223,3230.213344,3229.942389842716
440.66381,0.131216,-30.447785,3229.908864,3229.6944515201358
440.67381,0.13163,-30.447347,3229.604388,3231.436421384185
440.68381,0.132044,-30.446909,3229.299917,3230.1636442889812
440.69381,0.132457,-30.446471,3228.99545,3229.6214722267896
440.70381,0.132871,-30.446032,3228.690988,3228.967974240841
440.71381,0.133285,-30.445594,3228.38653,3226.4228585566734
440.72381,0.1337,-30.445156,3228.082076,3229.3014822512205
440.73381,0.134114,-30.444717,3227.777627,3224.1671877157482
440.74381,0.134528,-30.444279,3227.473182,3226.643322960291
440.75381,0.134942,-30.44384,3227.168741,3226.4115416896907
440.76381,0.135356,-30.443402,3226.864305,3227.0675914314875
440.77381,0.135771,-30.442963,3226.559873,3226.296971865
440.78381,0.136185,-30.442524,3226.255446,3226.4708992792584
440.79381,0.136599,-30.442086,3225.951022,3224.4142954205827
440.80381,0.137013,-30.441647,3225.646604,3224.529376325717
440.81381,0.137427,-30.441208,3225.34219,3227.6115322806586
440.82381,0.137841,-30.440769,3225.03778,3225.3114700990627
440.83381,0.138254,-30.44033,3224.733374,3225.476983276418
440.84381,0.138668,-30.439891,3224.428973,3222.242064557188
440.85381,0.139081,-30.439452,3224.124576,3225.8806648782825
440.86381,0.139494,-30.439013,3223.820184,3222.0129342591345
440.87381,0.139908,-30.438574,3223.515796,3223.3356622842857
440.88381,0.14032,-30.438135,3223.211412,3221.066860010804
440.89381,0.140733,-30.437696,3222.907033,3224.901844523426
440.90381,0.141145,-30.437257,3222.602659,3221.2556104021673
440.91381,0.141557,-30.436817,3222.298288,3219.719043844664
440.92381,0.141969,-30.436378,3221.993922,3221.0948351353027
440.93381,0.142381,-30.435939,3221.689561,3221.1273818407476
440.94381,0.142792,-30.435499,3221.385203,3223.093863574677
440.95381,0.143203,-30.43506,3221.080851,3220.7376283919907
440.96381,0.143614,-30.43462,3220.776502,3220.18500603395
440.97381,0.144024,-30.434181,3220.472158,3221.5541968537987
440.98381,0.144434,-30.433741,3220.167819,3219.850680022184
440.99381,0.144844,-30.433302,3219.863483,3218.8036924096546
441.00381,0.145253,-30.432862,3219.559153,3219.950992591243
441.01381,0.145662,-30.432422,3219.254826,3219.7656987801442
441.02381,0.146071,-30.431982,3218.950504,3218.7085707418746
441.03381,0.146479,-30.431543,3218.646187,3220.2164247052165
441.04381,0.146887,-30.431103,3218.341873,3220.4660658869425
441.05381,0.147294,-30.430663,3218.037564,3214.300079013138
441.06381,0.147701,-30.430223,3217.73326,3220.530432420866
441.07381,0.148108,-30.429783,3217.42896,3213.5308128682823
441.08381,0.148514,-30.429343,3217.124664,3215.3167036693085
441.09381,0.14892,-30.428903,3216.820373,3217.097106084069
441.10381,0.149325,-30.428463,3216.516086,3217.9627109233224
441.11381,0.149729,-30.428023,3216.211804,3217.3401488971244
441.12381,0.150134,-30.427583,3215.907526,3215.447538216258
441.13381,0.150525,-30.427143,3215.603252,3214.863636490435
441.14381,0.150714,-30.426703,3215.298983,3215.24595014318
441.15381,0.150919,-30.426262,3214.994718,3213.1174863873734
441.16381,0.151138,-30.425822,3214.690458,3216.07076258824
441.17381,0.151371,-30.425382,3214.386202,3213.3336779145293
441.18381,0.151618,-30.424942,3214.08195,3212.9495181550315
441.19381,0.151879,-30.424502,3213.777703,3213.530351255567
441.20381,0.152154,-30.424061,3213.47346,3214.084811380652
441.21381,0.152442,-30.423621,3213.169222,3215.1079545495345
441.22381,0.152744,-30.423181,3212.864988,3211.389351534238
441.23381,0.153058,-30.422741,3212.560758,3209.108076357536
441.24381,0.153386,-30.422301,3212.256533,3213.4909961126973
441.25381,0.153726,-30.421861,3211.952312,3213.012391207725
441.26381,0.154079,-30.42142,3211.648096,3213.12190144562
441.27381,0.154444,-30.42098,3211.343884,3211.1735163306475
441.28381,0.154821,-30.42054,3211.039676,3212.040474173439
441.29381,0.15521,-30.4201,3210.735473,3215.2086872447017
441.30381,0.15561,-30.41966,3210.431274,3208.5497329016243
441.31381,0.156022,-30.419219,3210.12708,3208.073666503714
441.32381,0.156446,-30.418779,3209.82289,3208.308762447644
441.33381,0.15688,-30.418339,3209.518704,3207.786014830578
441.34381,0.157325,-30.417899,3209.214523,3208.3919224978445
441.35381,0.157781,-30.417458,3208.910346,3210.075575476507
441.36381,0.158247,-30.417018,3208.606174,3209.082810877525
441.37381,0.158723,-30.416578,3208.302006,3208.1781180096937
441.38381,0.15921,-30.416137,3207.997842,3207.7772235408966
441.39381,0.159706,-30.415697,3207.693683,3204.482563971399
441.40381,0.160212,-30.415257,3207.389528,3207.689779354236
441.41381,0.160727,-30.414816,3207.085378,3206.907612351726
441.42381,0.161252,-30.414376,3206.781232,3206.4564345494337
441.43381,0.161785,-30.413935,3206.47709,3205.962302120308
441.44381,0.162327,-30.413494,3206.172953,3210.7404167306013
441.45381,0.162878,-30.413054,3205.86882,3203.946816779566
441.46381,0.163437,-30.412613,3205.564692,3206.020959602239
441.47381,0.164005,-30.412173,3205.260568,3203.038886861899
441.48381,0.164581,-30.411732,3204.956449,3204.326054124081
441.49381,0.165164,-30.411291,3204.652334,3202.426735152261
441.50381,0.165756,-30.41085,3204.348223,3203.8677377494314
441.51381,0.166354,-30.410409,3204.044117,3201.562716921295
441.52381,0.16696,-30.409968,3203.740015,3202.4567915761168
441.53381,0.167574,-30.409527,3203.435917,3204.1955900889216
441.54381,0.168194,-30.409086,3203.131824,3201.5860967184844
441.55381,0.168821,-30.408645,3202.827735,3204.422267461811
441.56381,0.169455,-30.408204,3202.523651,3203.6512543664985
441.57381,0.170095,-30.407763,3202.219571,3200.589850976785
441.58381,0.170742,-30.407322,3201.915496,3201.6224258864277
441.59381,0.171395,-30.40688,3201.611425,3202.0776078101176
441.60381,0.172054,-30.406439,3201.307358,3203.7425226937494
441.61381,0.172718,-30.405998,3201.003296,3199.899099886316
441.62381,0.173389,-30.405556,3200.699238,3201.5567294448488
441.63381,0.174065,-30.405115,3200.395185,3200.7853226013044
441.64381,0.174746,-30.404673,3200.091136,3199.2847284561167
441.65381,0.175433,-30.404231,3199.787092,3200.2143508389954
441.66381,0.176124,-30.40379,3199.483051,3198.3502808331496
441.67381,0.176821,-30.403348,3199.179016,3197.3576633737903
441.68381,0.177523,-30.402906,3198.874984,3197.6240579771356
441.69381,0.178229,-30.402464,3198.570958,3197.9294875166393
441.70381,0.17894,-30.402022,3198.266935,3200.056753636535
441.71381,0.179655,-30.40158,3197.962917,3196.3249527000403
441.72381,0.180374,-30.401138,3197.658904,3195.137015949857
441.73381,0.181098,-30.400696,3197.354894,3197.3097081561873
441.74381,0.181826,-30.400253,3197.05089,3197.1284468035374
441.75381,0.182558,-30.399811,3196.746889,3198.1285284990195
441.76381,0.183293,-30.399369,3196.442893,3196.531476498883
441.77381,0.184032,-30.398926,3196.138902,3195.5495605902734
441.78381,0.184775,-30.398484,3195.834915,3194.4656060921466
441.79381,0.185521,-30.398041,3195.530932,3196.3130373740705
441.80381,0.186271,-30.397598,3195.226954,3193.8854404956883
441.81381,0.187024,-30.397155,3194.92298,3194.127122172726
441.82381,0.18778,-30.396713,3194.619011,3197.2260940592387
441.83381,0.188539,-30.39627,3194.315046,3193.9927454490103
441.84381,0.189301,-30.395827,3194.011086,3192.8922760421046
441.85381,0.190065,-30.395383,3193.70713,3195.7230751320367
441.86381,0.190833,-30.39494,3193.403178,3192.938578457122
441.87381,0.191603,-30.394497,3193.099231,3194.773453765224
441.88381,0.192375,-30.394054,3192.795288,3193.777395376097
441.89381,0.19315,-30.39361,3192.49135,3193.341256119971
441.90381,0.193928,-30.393167,3192.187416,3194.3222187628458
441.91381,0.194707,-30.392723,3191.883486,3191.519232479879
441.92381,0.195489,-30.392279,3191.579561,3191.723010227611
441.93381,0.196273,-30.391835,3191.275641,3191.106635230117
441.94381,0.197059,-30.391392,3190.971725,3188.4145520627967
441.95381,0.197847,-30.390948,3190.667813,3191.137100784429
441.96381,0.198636,-30.390504,3190.363906,3190.0660914285986
441.97381,0.199427,-30.390059,3190.060003,3190.169785967061
441.98381,0.20022,-30.389615,3189.756105,3189.591553139388
441.99381,0.201015,-30.389171,3189.452211,3190.629127687461
442.00381,0.201811,-30.388726,3189.148321,3191.776739964155
442.01381,0.202609,-30.388282,3188.844436,3187.9340695503793
442.02381,0.203408,-30.387837,3188.540555,3187.1887199669477
442.03381,0.204208,-30.387393,3188.236679,3183.985781637106
442.04381,0.205009,-30.386948,3187.932808,3189.2709224275036
442.05381,0.205812,-30.386503,3187.62894,3188.498005096318
442.06381,0.206616,-30.386058,3187.325078,3190.05501602829
442.07381,0.20742,-30.385613,3187.021219,3188.124992680784
442.08381,0.208226,-30.385168,3186.717365,3186.6592256236727
442.09381,0.209033,-30.384723,3186.413516,3184.8616160918286
442.10381,0.20984,-30.384278,3186.109671,3184.122182852631
442.11381,0.210649,-30.383832,3185.80583,3185.3528754247905
442.12381,0.211458,-30.383387,3185.501994,3186.073213095108
442.13381,0.212267,-30.382941,3185.198163,3182.7187228837524
442.14381,0.213078,-30.382495,3184.894335,3185.254001079955
442.15381,0.213889,-30.38205,3184.590513,3184.3549147941044
442.16381,0.2147,-30.381604,3184.286694,3185.505370098134
442.17381,0.215512,-30.381158,3183.982881,3184.08630648413
442.18381,0.216324,-30.380712,3183.679071,3183.5945299556975
442.19381,0.217137,-30.380266,3183.375266,3182.8396530039
442.20381,0.21795,-30.37982,3183.071466,3182.6743860639704
442.21381,0.218763,-30.379373,3182.76767,3182.324453739932
442.22381,0.219576,-30.378927,3182.463878,3182.2824031038945
442.23381,0.22039,-30.37848,3182.160091,3183.1785935752173
442.24381,0.221204,-30.378034,3181.856309,3180.424232684842
442.25381,0.222018,-30.377587,3181.552531,3182.7967492117527
442.26381,0.222832,-30.37714,3181.248757,3180.494567116551
442.27381,0.223645,-30.376693,3180.944988,3181.5917074194094
442.28381,0.224459,-30.376246,3180.641223,3180.329069881172
442.29381,0.225273,-30.375799,3180.337463,3180.7682369426893
442.30381,0.226087,-30.375352,3180.033707,3179.727548667467
442.31381,0.2269,-30.374905,3179.729956,3178.954363005754
442.32381,0.227713,-30.374458,3179.426209,3181.0443591744047
442.33381,0.228527,-30.37401,3179.122467,3180.0558640237655
442.34381,0.229339,-30.373563,3178.818729,3181.6372759441833
442.35381,0.230152,-30.373115,3178.514996,3177.3930416428525
442.36381,0.230964,-30.372667,3178.211267,3180.545278532718
442.37381,0.231776,-30.37222,3177.907542,3176.591101246698
442.38381,0.232587,-30.371772,3177.603822,3179.0530826375093
442.39381,0.233398,-30.371324,3177.300107,3175.088591302239
442.40381,0.234209,-30.370876,3176.996396,3177.6501464542152
442.41381,0.235018,-30.370427,3176.692689,3176.585005457929
442.42381,0.235828,-30.369979,3176.388987,3174.7062942312377
442.43381,0.236637,-30.369531,3176.08529,3174.0296852117667
442.44381,0.237445,-30.369082,3175.781597,3175.234517149067
442.45381,0.238253,-30.368634,3175.477908,3175.255638892273
442.46381,0.23906,-30.368185,3175.174224,3177.7875739875176
442.47381,0.239866,-30.367736,3174.870544,3175.2031322636494
442.48381,0.240672,-30.367288,3174.566869,3173.0327631916452
442.49381,0.241477,-30.366839,3174.263199,3174.640185250986
442.50381,0.242281,-30.36639,3173.959532,3173.5291380244284
442.51381,0.243085,-30.36594,3173.655871,3177.1778832450777
442.52381,0.243888,-30.365491,3173.352214,3173.7237184366404
442.53381,0.244689,-30.365042,3173.048561,3175.0378348171485
442.54381,0.245491,-30.364593,3172.744913,3173.0269260017017
442.55381,0.246291,-30.364143,3172.441269,3173.720898697474
442.56381,0.24709,-30.363694,3172.13763,3172.3914468334824
442.57381,0.247888,-30.363244,3171.833995,3171.8415696990755
442.58381,0.248686,-30.362794,3171.530365,3174.297994061162
442.59381,0.249483,-30.362344,3171.226739,3171.7530786742936
442.60381,0.250278,-30.361894,3170.923118,3171.1060864719207
442.61381,0.251073,-30.361444,3170.619501,3171.1505007950877
442.62381,0.251866,-30.360994,3170.315889,3170.2137481105447
442.63381,0.252659,-30.360544,3170.012282,3170.9815780068593
442.64381,0.253451,-30.360094,3169.708678,3171.3935565298793
442.65381,0.254241,-30.359643,3169.40508,3169.610433304331
442.66381,0.255031,-30.359193,3169.101485,3169.93203273669
442.67381,0.255819,-30.358742,3168.797896,3169.4076246357968
442.68381,0.256606,-30.358292,3168.494311,3170.1696568734596
442.69381,0.257393,-30.357841,3168.19073,3168.9366310434707
442.70381,0.258178,-30.35739,3167.887154,3168.0081527987136
442.71381,0.258961,-30.356939,3167.583582,3168.439825411572
442.72381,0.259744,-30.356488,3167.280015,3168.3151414585664
442.73381,0.260526,-30.356037,3166.976452,3164.800807228714
442.74381,0.261306,-30.355586,3166.672894,3166.4108816247144
442.75381,0.262085,-30.355135,3166.369341,3163.7880917690723
442.76381,0.262863,-30.354683,3166.065792,3166.6016685826385
442.77381,0.26364,-30.354232,3165.762247,3167.2377166977676
442.78381,0.264416,-30.35378,3165.458707,3163.1536671861295
442.79381,0.26519,-30.353329,3165.155171,3165.7699930889034
442.80381,0.265963,-30.352877,3164.85164,3164.862873678437
442.81381,0.266734,-30.352425,3164.548114,3164.730837227329
442.82381,0.267505,-30.351974,3164.244592,3164.4327346397267
442.83381,0.268274,-30.351522,3163.941074,3164.9597170650823
442.84381,0.269042,-30.35107,3163.637561,3162.8905373291395
442.85381,0.269808,-30.350617,3163.334053,3163.7103979968056
442.86381,0.270573,-30.350165,3163.030549,3163.1956730000115
442.87381,0.271337,-30.349713,3162.72705,3164.1291948350035
442.88381,0.2721,-30.349261,3162.423555,3162.1495164625094
442.89381,0.272861,-30.348808,3162.120065,3163.2374685649847
442.90381,0.27362,-30.348356,3161.816579,3158.7879618093316
442.91381,0.274379,-30.347903,3161.513097,3162.3599291306336
442.92381,0.275136,-30.347451,3161.209621,3161.38353465867
442.93381,0.275891,-30.346998,3160.906148,3161.755656279153
442.94381,0.276645,-30.346545,3160.602681,3161.5524318753014
442.95381,0.277398,-30.346092,3160.299217,3162.0342051296375
442.96381,0.278149,-30.345639,3159.995759,3160.2991552893363
442.97381,0.278899,-30.345186,3159.692305,3160.659392350659
442.98381,0.279648,-30.344733,3159.388855,3158.7364473420807
442.99381,0.280395,-30.34428,3159.08541,3157.654170099195
443.00381,0.28114,-30.343826,3158.78197,3160.319417133197
443.01381,0.281884,-30.343373,3158.478534,3157.6819789583483
443.02381,0.282627,-30.342919,3158.175102,3158.2935679319726
443.03381,0.283368,-30.342466,3157.871675,3158.9209815036984
443.04381,0.284108,-30.342012,3157.568253,3155.9687520050743
443.05381,0.284296,-30.341559,3157.264835,3156.898252724403
443.06381,0.28448,-30.341105,3156.961422,3156.6087757351834
443.07381,0.28467,-30.340652,3156.658013,3159.230799629286
443.08381,0.284866,-30.340199,3156.354609,3154.699571787642
443.09381,0.285067,-30.339745,3156.051209,3158.1148649166835
443.10381,0.285273,-30.339292,3155.747814,3155.923491070057
443.11381,0.285483,-30.338839,3155.444423,3156.167843464926
443.12381,0.2857,-30.338387,3155.141037,3156.412985367658
443.13381,0.285922,-30.337934,3154.837655,3153.8782550929996
443.14381,0.286149,-30.337482,3154.534278,3153.0746598246214
443.15381,0.286382,-30.33703,3154.230906,3154.400776160706
443.16381,0.286621,-30.336578,3153.927538,3155.121470802869
443.17381,0.286865,-30.336127,3153.624174,3155.264735038969
443.18381,0.287114,-30.335675,3153.320815,3154.744789773518
443.19381,0.287368,-30.335224,3153.017461,3154.0745213811488
443.20381,0.287627,-30.334773,3152.714111,3152.4054044078325
443.21381,0.287892,-30.334322,3152.410765,3153.933353857452
443.22381,0.288161,-30.333871,3152.107424,3153.860010181128
443.23381,0.288436,-30.333421,3151.804088,3151.2156564858565
443.24381,0.288715,-30.332971,3151.500756,3150.246577973623
443.25381,0.289,-30.332521,3151.197428,3149.5310910330495
443.26381,0.289288,-30.332071,3150.894105,3150.555868345678
443.27381,0.289582,-30.331621,3150.590787,3150.690434855164
443.28381,0.28988,-30.331171,3150.287473,3151.782374200006
443.29381,0.290183,-30.330722,3149.984163,3148.9381676461767
443.30381,0.290491,-30.330273,3149.680858,3148.3987525084603
443.31381,0.290802,-30.329824,3149.377558,3148.08028140524
443.32381,0.291118,-30.329375,3149.074262,3149.367542808592
443.33381,0.291439,-30.328926,3148.77097,3149.7705006345336
443.34381,0.291764,-30.328478,3148.467683,3148.724922953968
443.35381,0.292093,-30.328029,3148.164401,3149.1313009529235
443.36381,0.292426,-30.327581,3147.861123,3145.73099348335
443.37381,0.292763,-30.327133,3147.557849,3145.103993494576
443.38381,0.293104,-30.326685,3147.25458,3147.8437435834453
443.39381,0.293449,-30.326237,3146.951316,3147.6992578424083
443.40381,0.293798,-30.325789,3146.648055,3145.6772125234643
443.41381,0.29415,-30.325342,3146.3448,3144.315648404345
443.42381,0.294507,-30.324894,3146.041549,3147.7091790760933
443.43381,0.294867,-30.324447,3145.738302,3147.4896751792944
443.44381,0.295231,-30.324,3145.43506,3144.2155649736164
443.45381,0.295599,-30.323553,3145.131822,3147.745452122808
443.46381,0.29597,-30.323106,3144.828589,3144.1095650025936
443.47381,0.296344,-30.32266,3144.52536,3145.5731256069976
443.48381,0.296722,-30.322213,3144.222135,3143.6996446123717
443.49381,0.297104,-30.321767,3143.918915,3143.2560129245308
443.50381,0.297488,-30.32132,3143.6157,3143.5226897795465
443.51381,0.297876,-30.320874,3143.312489,3142.97228110097
443.52381,0.298268,-30.320428,3143.009283,3141.584194008813
443.53381,0.298662,-30.319982,3142.70608,3141.9113014082845
443.54381,0.299059,-30.319536,3142.402883,3143.163615051446
443.55381,0.29946,-30.319091,3142.09969,3139.3555831116832
443.56381,0.299863,-30.318645,3141.796501,3144.708411305344
443.57381,0.30027,-30.318199,3141.493317,3142.2828423745327
443.58381,0.300679,-30.317754,3141.190137,3140.720802398628
443.59381,0.301092,-30.317309,3140.886962,3140.594324789235
443.60381,0.301507,-30.316864,3140.583791,3141.154027925749
443.61381,0.301924,-30.316419,3140.280625,3139.5963184598545
443.62381,0.302345,-30.315974,3139.977463,3140.190804319602
443.63381,0.302768,-30.315529,3139.674305,3143.463241848654
443.64381,0.303194,-30.315084,3139.371152,3139.3689043071267
443.65381,0.303622,-30.31464,3139.068003,3138.167433069171
443.66381,0.304053,-30.314195,3138.764859,3138.322588978156
443.67381,0.304487,-30.313751,3138.461719,3140.8891870793236
443.68381,0.304922,-30.313306,3138.158584,3140.1336450920194
443.69381,0.305361,-30.312862,3137.855453,3136.378751402399
443.70381,0.305801,-30.312418,3137.552327,3138.3244596404934
443.71381,0.306244,-30.311974,3137.249205,3138.099930677039
443.72381,0.306689,-30.31153,3136.946087,3138.925929874897
443.73381,0.307136,-30.311086,3136.642974,3134.337607463739
443.74381,0.307586,-30.310642,3136.339866,3136.807952654609
443.75381,0.308037,-30.310198,3136.036762,3137.3577964530086
443.76381,0.308491,-30.309755,3135.733662,3135.549882652547
443.77381,0.308946,-30.309311,3135.430566,3133.6278006918487
443.78381,0.309404,-30.308868,3135.127476,3133.045779689916
443.79381,0.309864,-30.308424,3134.824389,3133.3802075175136
443.80381,0.310325,-30.307981,3134.521307,3134.204059972457
443.81381,0.310788,-30.307538,3134.218229,3132.8443791413656
443.82381,0.311254,-30.307095,3133.915156,3134.400534051813
443.83381,0.311721,-30.306652,3133.612088,3134.8211966538497
443.84381,0.312189,-30.306209,3133.309023,3131.5913293619647
443.85381,0.31266,-30.305766,3133.005963,3132.885905921601
443.86381,0.313132,-30.305323,3132.702908,3132.490165908736
443.87381,0.313606,-30.30488,3132.399857,3132.6036888360754
443.88381,0.314081,-30.304438,3132.09681,3135.057828315114
443.89381,0.314558,-30.303995,3131.793768,3133.4392422007036
443.90381,0.315037,-30.303552,3131.49073,3129.941540097021
443.91381,0.315517,-30.30311,3131.187697,3133.011001169712
443.92381,0.315998,-30.302667,3130.884668,3130.98666535205
443.93381,0.316481,-30.302225,3130.581644,3130.5229269796414
443.94381,0.316965,-30.301783,3130.278624,3132.6677887257565
443.95381,0.317451,-30.301341,3129.975608,3130.1652474759753
443.96381,0.317938,-30.300898,3129.672597,3127.893663196458
443.97381,0.318426,-30.300456,3129.36959,3129.7888469009786
443.98381,0.318916,-30.300014,3129.066588,3128.7084043340833
443.99381,0.319406,-30.299572,3128.76359,3129.9493025489196
444.00381,0.319898,-30.29913,3128.460596,3128.5990511658565
444.01381,0.320391,-30.298689,3128.157607,3128.0896560123515
444.02381,0.320886,-30.298247,3127.854623,3128.193311459378
444.03381,0.321381,-30.297805,3127.551642,3127.041023290326
444.04381,0.321877,-30.297363,3127.248666,3125.776495574864
444.05381,0.322375,-30.296922,3126.945695,3126.7943995562237
444.06381,0.322873,-30.29648,3126.642728,3126.0130553826575
444.07381,0.323373,-30.296038,3126.339765,3127.115018720612
444.08381,0.323873,-30.295597,3126.036807,3127.0566306663704
444.09381,0.324374,-30.295156,3125.733854,3125.645847019243
444.10381,0.324876,-30.294714,3125.430904,3123.12909806219
444.11381,0.325379,-30.294273,3125.127959,3123.2994520057655
444.12381,0.325883,-30.293832,3124.825019,3126.4886108927526
444.13381,0.326388,-30.29339,3124.522083,3123.3380824252345
444.14381,0.326893,-30.292949,3124.219151,3125.7719689161927
444.15381,0.3274,-30.292508,3123.916224,3125.7500752922856
444.16381,0.327907,-30.292067,3123.613301,3123.784959001067
444.17381,0.328414,-30.291626,3123.310382,3124.8442960381253
444.18381,0.328923,-30.291185,3123.007468,3124.6419148682808
444.19381,0.329431,-30.290744,3122.704559,3122.1021910927707
444.20381,0.329941,-30.290303,3122.401653,3123.0778484019465
444.21381,0.330451,-30.289862,3122.098753,3121.1616984364287
444.22381,0.330962,-30.289421,3121.795856,3120.7630221616123
444.23381,0.331473,-30.288981,3121.492964,3121.9342651889856
444.24381,0.331985,-30.28854,3121.190076,3121.8433881138603
444.25381,0.332498,-30.288099,3120.887193,3120.85294366716
444.26381,0.33301,-30.287658,3120.584315,3121.988766872111
444.27381,0.333524,-30.287218,3120.28144,3119.7924838729805
444.28381,0.334037,-30.286777,3119.97857,3116.3229713626997
444.29381,0.334552,-30.286337,3119.675705,3118.052867201153
444.30381,0.335066,-30.285896,3119.372843,3119.547334345005
444.31381,0.335581,-30.285456,3119.069987,3123.0508634935563
444.32381,0.336096,-30.285015,3118.767134,3119.403479913357
444.33381,0.336612,-30.284575,3118.464286,3115.3131625475717
444.34381,0.337128,-30.284134,3118.161443,3117.9845103001703
444.35381,0.337644,-30.283694,3117.858604,3118.1054075972515
444.36381,0.338161,-30.283254,3117.555769,3116.5542837595262
444.37381,0.338677,-30.282814,3117.252939,3117.9632728506867
444.38381,0.339194,-30.282373,3116.950113,3119.0340653850576
444.39381,0.339711,-30.281933,3116.647291,3116.515422678476
444.40381,0.340229,-30.281493,3116.344474,3113.138649829345
444.41381,0.340746,-30.281053,3116.041661,3116.667662921032
444.42381,0.341264,-30.280613,3115.738853,3113.5262603071337
444.43381,0.341782,-30.280173,3115.436049,3118.370169485235
444.44381,0.3423,-30.279733,3115.133249,3114.475480782393
444.45381,0.342818,-30.279293,3114.830454,3115.6936758524284
444.46381,0.343336,-30.278853,3114.527664,3114.128219062464
444.47381,0.343854,-30.278413,3114.224877,3115.7916889582557
444.48381,0.344372,-30.277973,3113.922095,3114.1676273192684
444.49381,0.34489,-30.277533,3113.619318,3115.8252438361624
444.50381,0.345408,-30.277093,3113.316545,3110.961852106047
444.51381,0.345927,-30.276653,3113.013776,3113.31073902687
444.52381,0.346445,-30.276213,3112.711012,3112.162249376775
444.53381,0.346963,-30.275774,3112.408252,3111.862114623673
444.54381,0.347481,-30.275334,3112.105496,3113.034889954292
444.55381,0.347999,-30.274894,3111.802745,3109.921729599573
444.56381,0.348517,-30.274455,3111.499998,3112.897973671308
444.57381,0.349035,-30.274015,3111.197256,3113.029447451626
444.58381,0.349553,-30.273575,3110.894518,3109.5707590561005
444.59381,0.35007,-30.273136,3110.591784,3109.9241273195134
444.60381,0.350588,-30.272696,3110.289055,3110.692685556688
444.61381,0.351105,-30.272257,3109.986331,3110.2724378103158
444.62381,0.351622,-30.271817,3109.68361,3110.6725237485143
444.63381,0.352139,-30.271378,3109.380894,3108.0951702961215
444.64381,0.352656,-30.270938,3109.078183,3107.9393328120673
444.65381,0.353172,-30.270499,3108.775475,3108.8178766855913
444.66381,0.353689,-30.270059,3108.472773,3110.1064227498305
444.67381,0.354205,-30.26962,3108.170074,3107.856818554469
444.68381,0.35472,-30.26918,3107.86738,3107.354033022299
444.69381,0.355236,-30.268741,3107.564691,3108.3740189224345
444.70381,0.355751,-30.268302,3107.262005,3105.4265762300665
444.71381,0.356266,-30.267862,3106.959325,3107.274422453537
444.72381,0.356781,-30.267423,3106.656648,3107.0446843262616
444.73381,0.357295,-30.266984,3106.353976,3105.2726571211356
444.74381,0.357809,-30.266545,3106.051308,3106.0527804723424
444.75381,0.358323,-30.266105,3105.748645,3108.7713644118703
444.76381,0.358836,-30.265666,3105.445986,3106.8955946459537
444.77381,0.359349,-30.265227,3105.143332,3105.2876336767304
444.78381,0.359862,-30.264788,3104.840682,3104.454639526857
444.79381,0.360374,-30.264349,3104.538036,3104.0143367779656
444.80381,0.360886,-30.26391,3104.235395,3106.305998109604
444.81381,0.361397,-30.263471,3103.932758,3102.005791069379
444.82381,0.361908,-30.263032,3103.630125,3104.0733390455102
444.83381,0.362419,-30.262592,3103.327497,3103.375274802451
444.84381,0.362929,-30.262153,3103.024874,3101.4504898306236
444.85381,0.363439,-30.261714,3102.722254,3104.5285275151277
444.86381,0.363948,-30.261276,3102.419639,3100.999358311033
444.87381,0.364457,-30.260837,3102.117029,3103.302953090949
444.88381,0.364965,-30.260398,3101.814423,3102.089210455852
444.89381,0.365473,-30.259959,3101.511821,3099.8950874451107
444.90381,0.36598,-30.25952,3101.209223,3100.0289079842028
444.91381,0.366487,-30.259081,3100.90663,3099.6024611002363
444.92381,0.366994,-30.258642,3100.604042,3100.246298704772
444.93381,0.367499,-30.258203,3100.301458,3100.5533071879727
444.94381,0.368005,-30.257765,3099.998878,3097.6101667542243
444.95381,0.368509,-30.257326,3099.696302,3099.188703639951
444.96381,0.369014,-30.256887,3099.393731,3098.4452908334215
444.97381,0.369517,-30.256448,3099.091165,3100.1746782788823
444.98381,0.37002,-30.25601,3098.788602,3100.704350172469
444.99381,0.370523,-30.255571,3098.486044,3096.6172025124174
445.00381,0.371025,-30.255132,3098.183491,3098.709695688701
445.01381,0.371526,-30.254693,3097.880942,3097.005979709034
445.02381,0.372027,-30.254255,3097.578397,3095.882023435894
445.03381,0.372527,-30.253816,3097.275857,3097.855316323448
445.04381,0.373027,-30.253378,3096.973321,3097.561807978038
445.05381,0.373526,-30.252939,3096.670789,3097.9246126255675
445.06381,0.374024,-30.2525,3096.368262,3094.296838353429
445.07381,0.374522,-30.252062,3096.065739,3095.5609565394816
445.08381,0.375019,-30.251623,3095.763221,3098.529592380732
445.09381,0.375515,-30.251185,3095.460707,3094.413812334159
445.10381,0.376011,-30.250746,3095.158197,3092.5992441491385
445.11381,0.376506,-30.250308,3094.855692,3093.9982715214687
445.12381,0.377,-30.24987,3094.553191,3094.983647390089
445.13381,0.377494,-30.249431,3094.250694,3095.2833901896215
445.14381,0.377987,-30.248993,3093.948202,3093.600957774475
445.15381,0.37848,-30.248554,3093.645714,3093.1219775134446
445.16381,0.378971,-30.248116,3093.343231,3094.1665956161764
445.17381,0.379462,-30.247678,3093.040752,3094.008098007646
445.18381,0.379953,-30.247239,3092.738277,3093.129109667319
445.19381,0.380442,-30.246801,3092.435807,3092.2897312365258
445.20381,0.380931,-30.246363,3092.133341,3093.2352141453953
445.21381,0.38142,-30.245925,3091.83088,3089.7948741621417
445.22381,0.381907,-30.245486,3091.528423,3091.7375754287477
445.23381,0.382394,-30.245048,3091.22597,3091.527795437392
445.24381,0.38288,-30.24461,3090.923522,3092.003844543091
445.25381,0.383365,-30.244172,3090.621078,3089.976143843365
445.26381,0.38385,-30.243734,3090.318639,3091.6455464462824
445.27381,0.384333,-30.243296,3090.016203,3090.3439247347847
445.28381,0.384817,-30.242857,3089.713773,3089.93950192831
445.29381,0.385299,-30.242419,3089.411346,3086.4998304773408
445.30381,0.38578,-30.241981,3089.108924,3089.2963299215426
445.31381,0.386261,-30.241543,3088.806507,3089.280751315652
445.32381,0.386741,-30.241105,3088.504093,3085.187235159273
445.33381,0.38722,-30.240667,3088.201685,3085.9574353655444
445.34381,0.387699,-30.240229,3087.89928,3088.878688869378
445.35381,0.388177,-30.239791,3087.59688,3088.409158955686
445.36381,0.388654,-30.239353,3087.294484,3087.78199208087
445.37381,0.38913,-30.238915,3086.992093,3088.346748881672
445.38381,0.389605,-30.238478,3086.689706,3086.8454307520137
445.39381,0.390079,-30.23804,3086.387323,3085.800561563652
445.40381,0.390553,-30.237602,3086.084945,3087.5352651057738
445.41381,0.391026,-30.237164,3085.782571,3086.8422754648223
445.42381,0.391498,-30.236726,3085.480202,3085.7141976063454
445.43381,0.39197,-30.236288,3085.177837,3085.8900088629825
445.44381,0.39244,-30.235851,3084.875476,3083.853153336802
445.45381,0.39291,-30.235413,3084.57312,3082.4798233679867
445.46381,0.393378,-30.234975,3084.270768,3083.168140908717
445.47381,0.393846,-30.234538,3083.96842,3083.4468045610306
445.48381,0.394314,-30.2341,3083.666077,3082.179204828323
445.49381,0.39478,-30.233662,3083.363738,3084.8633459774014
445.50381,0.395246,-30.233225,3083.061404,3083.8857696950568
445.51381,0.39571,-30.232787,3082.759074,3084.7264359912565
445.52381,0.396174,-30.232349,3082.456748,3083.0485417460714
445.53381,0.396637,-30.231912,3082.154427,3082.409524787296
445.54381,0.397099,-30.231474,3081.85211,3080.467060394938
445.55381,0.39756,-30.231037,3081.549797,3083.7234570313435
445.56381,0.398021,-30.230599,3081.247489,3080.3584927013408
445.57381,0.39848,-30.230162,3080.945185,3082.6723501093697
445.58381,0.398939,-30.229725,3080.642886,3082.2938234626654
445.59381,0.399397,-30.229287,3080.340591,3078.7001321028783
445.60381,0.399854,-30.22885,3080.0383,3080.7854713804372
445.61381,0.40031,-30.228412,3079.736014,3080.484251902981
445.62381,0.400765,-30.227975,3079.433732,3081.525199071292
445.63381,0.40122,-30.227538,3079.131454,3078.9576030832786
445.64381,0.401673,-30.2271,3078.829181,3078.911146985673
445.65381,0.402126,-30.226663,3078.526912,3078.7198691006074
445.66381,0.402578,-30.226226,3078.224648,3077.268100187309
445.67381,0.403029,-30.225789,3077.922388,3076.70968718596
445.68381,0.403479,-30.225352,3077.620132,3075.5797796272846
445.69381,0.403928,-30.224914,3077.317881,3077.0748689250795
445.70381,0.404376,-30.224477,3077.015634,3079.62945308194
445.71381,0.404823,-30.22404,3076.713391,3078.7268763351694
445.72381,0.40527,-30.223603,3076.411153,3074.562381788905
445.73381,0.405716,-30.223166,3076.108919,3076.8460285757465
445.74381,0.40616,-30.222729,3075.80669,3077.5951137887655
445.75381,0.406604,-30.222292,3075.504465,3075.1947358948364
445.76381,0.407047,-30.221855,3075.202244,3074.204117634873
445.77381,0.407489,-30.221418,3074.900027,3076.32415923577
445.78381,0.40793,-30.220981,3074.597815,3074.5118445550415
445.79381,0.40837,-30.220544,3074.295608,3075.686870307082
445.80381,0.40881,-30.220107,3073.993405,3072.863774416047
445.81381,0.409248,-30.219671,3073.691206,3073.5094463235273
445.82381,0.409686,-30.219234,3073.389011,3075.8219200736476
445.83381,0.410122,-30.218797,3073.086821,3072.6461477291914
445.84381,0.410558,-30.21836,3072.784635,3073.5011437233247
445.85381,0.410993,-30.217924,3072.482454,3073.6422710355127
445.86381,0.411427,-30.217487,3072.180277,3073.865588828065
445.87381,0.41186,-30.21705,3071.878104,3068.5590853807244
445.88381,0.412292,-30.216614,3071.575936,3071.644827966647
445.89381,0.412723,-30.216177,3071.273772,3074.052852970991
445.90381,0.413153,-30.21574,3070.971612,3071.587863116463
445.91381,0.413582,-30.215304,3070.669457,3069.3558031707435
445.92381,0.414011,-30.214867,3070.367306,3072.338111891169
445.93381,0.414438,-30.214431,3070.06516,3070.522236689912
445.94381,0.414865,-30.213994,3069.763018,3064.389275162891
445.95381,0.415291,-30.213558,3069.46088,3068.251710177912
445.96381,0.415715,-30.213122,3069.158746,3065.9565685747198
445.97381,0.416139,-30.212685,3068.856617,3068.2416520356032
445.98381,0.416562,-30.212249,3068.554493,3068.174445451701
445.99381,0.416984,-30.211812,3068.252372,3071.3174979088176
446.00381,0.417405,-30.211376,3067.950256,3067.8436707053293
446.01381,0.417826,-30.21094,3067.648145,3067.1679501614412
446.02381,0.418245,-30.210504,3067.346038,3066.1712373379937
446.03381,0.418663,-30.210068,3067.043935,3066.4058316485534
446.04381,0.419081,-30.209631,3066.741836,3068.3738738655875
446.05381,0.419497,-30.209195,3066.439742,3064.84259698623
446.06381,0.419913,-30.208759,3066.137652,3065.908756189454
446.07381,0.420327,-30.208323,3065.835567,3064.5378345269887
446.08381,0.420741,-30.207887,3065.533486,3067.183951206292
446.09381,0.421154,-30.207451,3065.231409,3064.3246471635916
446.10381,0.421566,-30.207015,3064.929337,3067.492758398024
446.11381,0.421977,-30.206579,3064.627269,3063.809018155394
446.12381,0.422387,-30.206143,3064.325205,3064.6563740763186
446.13381,0.422796,-30.205707,3064.023146,3063.046621916985
446.14381,0.423204,-30.205272,3063.721091,3065.582023871981
446.15381,0.423611,-30.204836,3063.419041,3064.9197977577205
446.16381,0.424018,-30.2044,3063.116994,3062.7738802153776
446.17381,0.424423,-30.203964,3062.814953,3062.300624855808
446.18381,0.424828,-30.203528,3062.512915,3059.9761140285664
446.19381,0.425231,-30.203093,3062.210882,3064.814897458368
446.20381,0.425634,-30.202657,3061.908853,3063.4470290023487
446.21381,0.426036,-30.202222,3061.606829,3062.3154834867414
446.22381,0.426436,-30.201786,3061.304809,3061.100711162731
446.23381,0.426836,-30.20135,3061.002793,3061.4236800668505
446.24381,0.427235,-30.200915,3060.700782,3059.8293574988584
446.25381,0.427633,-30.20048,3060.398775,3062.590987732013
446.26381,0.42803,-30.200044,3060.096772,3059.5831043738103
446.27381,0.428427,-30.199609,3059.794774,3060.793765077073
446.28381,0.428822,-30.199173,3059.49278,3060.109427384099
446.29381,0.429216,-30.198738,3059.190791,3058.037737161706
446.30381,0.42961,-30.198303,3058.888805,3059.546507252001
446.31381,0.430002,-30.197868,3058.586824,3055.79606403576
446.32381,0.430394,-30.197432,3058.284848,3057.5201932377877
446.33381,0.430784,-30.196997,3057.982876,3057.5032364212543
446.34381,0.431174,-30.196562,3057.680908,3058.1169361231296
446.35381,0.431563,-30.196127,3057.378945,3056.294129063401
446.36381,0.431951,-30.195692,3057.076985,3057.1031071261227
446.37381,0.432338,-30.195257,3056.775031,3056.9774917380487
446.38381,0.432724,-30.194822,3056.47308,3058.79750917205
446.39381,0.433109,-30.194387,3056.171134,3058.2684458351328
446.40381,0.433493,-30.193952,3055.869193,3055.8495765406396
446.41381,0.433877,-30.193517,3055.567255,3054.492762085003
446.42381,0.434259,-30.193082,3055.265322,3057.208929485652
446.43381,0.43464,-30.192647,3054.963394,3055.763919970392
446.44381,0.435021,-30.192213,3054.661469,3056.174655910277
446.45381,0.435401,-30.191778,3054.359549,3053.435186271264
446.46381,0.435779,-30.191343,3054.057634,3053.974303013309
446.47381,0.436157,-30.190909,3053.755722,3053.257473576377
446.48381,0.436534,-30.190474,3053.453816,3052.664139642741
446.49381,0.43691,-30.190039,3053.151913,3050.7618425539063
446.50381,0.437285,-30.189605,3052.850015,3051.6829314198217
446.51381,0.437659,-30.18917,3052.548121,3054.0084278678514
446.52381,0.438033,-30.188736,3052.246231,3050.3073408616797
446.53381,0.438405,-30.188302,3051.944346,3052.4628701802976
446.54381,0.438776,-30.187867,3051.642465,3051.336889538127
446.55381,0.439147,-30.187433,3051.340589,3051.383129197447
446.56381,0.439517,-30.186999,3051.038717,3050.627189787407
446.57381,0.439885,-30.186564,3050.736849,3052.102757663224
446.58381,0.440253,-30.18613,3050.434985,3049.842425164031
446.59381,0.44062,-30.185696,3050.133126,3049.047738416571
446.60381,0.440986,-30.185262,3049.831271,3048.0485220970004
446.61381,0.441351,-30.184828,3049.529421,3050.478177123631
446.62381,0.441715,-30.184394,3049.227575,3047.362762929968
446.63381,0.442079,-30.18396,3048.925733,3050.616508394524
446.64381,0.442441,-30.183526,3048.623896,3049.007494153318
446.65381,0.442803,-30.183092,3048.322063,3043.953669784703
446.66381,0.443163,-30.182658,3048.020234,3049.3886561628137
446.67381,0.443523,-30.182224,3047.71841,3048.9072617848346
446.68381,0.443882,-30.18179,3047.416589,3048.900566188917
446.69381,0.44424,-30.181357,3047.114774,3046.0042548016268
446.70381,0.444597,-30.180923,3046.812962,3045.5939784803572
446.71381,0.444953,-30.180489,3046.511155,3045.1023755921624
446.72381,0.445308,-30.180056,3046.209353,3046.5242805417097
446.73381,0.445662,-30.179622,3045.907554,3043.90829011767
446.74381,0.446016,-30.179188,3045.60576,3042.707228465826
446.75381,0.446368,-30.178755,3045.30397,3045.4433221747618
446.76381,0.44672,-30.178322,3045.002185,3042.8248298377152
446.77381,0.447071,-30.177888,3044.700404,3043.6868213871876
446.78381,0.447421,-30.177455,3044.398627,3047.815516670484
446.79381,0.44777,-30.177021,3044.096855,3043.236745564782
446.80381,0.448118,-30.176588,3043.795087,3044.5361180624836
446.81381,0.448465,-30.176155,3043.493323,3045.974088661014
446.82381,0.448811,-30.175722,3043.191564,3043.2697087980123
446.83381,0.449157,-30.175289,3042.889809,3042.1693069202274
446.84381,0.449501,-30.174856,3042.588058,3043.160854715571
446.85381,0.449845,-30.174423,3042.286312,3043.657306587944
446.86381,0.450188,-30.17399,3041.984569,3043.27905413528
446.87381,0.45053,-30.173557,3041.682832,3042.6611503277495
446.88381,0.450871,-30.173124,3041.381098,3040.201002708728
446.89381,0.451211,-30.172691,3041.079369,3039.1873346771763
446.90381,0.451551,-30.172258,3040.777645,3040.524845678044
446.91381,0.451889,-30.171825,3040.475924,3040.514186592603
446.92381,0.452227,-30.171393,3040.174208,3039.8528237967203
446.93381,0.452564,-30.17096,3039.872496,3041.257712764616
446.94381,0.452899,-30.170527,3039.570789,3037.106895748631
446.95381,0.453234,-30.170095,3039.269086,3039.6459654620703
446.96381,0.453569,-30.169662,3038.967387,3036.3749030440663
446.97381,0.453902,-30.16923,3038.665692,3037.899995592635
446.98381,0.454234,-30.168797,3038.364002,3036.808062338353
446.99381,0.454566,-30.168365,3038.062317,3034.781723913314
447.00381,0.454897,-30.167933,3037.760635,3038.366117260534
447.01381,0.455226,-30.1675,3037.458958,3039.566666187497
447.02381,0.455555,-30.167068,3037.157285,3037.99012793132
447.03381,0.455883,-30.166636,3036.855616,3037.6962485393574
447.04381,0.456211,-30.166204,3036.553952,3036.570797792226
447.05381,0.456537,-30.165772,3036.252292,3036.4294623617375
447.06381,0.456863,-30.16534,3035.950637,3032.47489418832
447.07381,0.457187,-30.164908,3035.648986,3036.1622413981004
447.08381,0.457511,-30.164476,3035.347339,3037.7970456429425
447.09381,0.457834,-30.164044,3035.045696,3033.929579489703
447.10381,0.458156,-30.163612,3034.744058,3034.8299945444455
447.11381,0.458478,-30.16318,3034.442424,3034.9001015387407
447.12381,0.458798,-30.162748,3034.140794,3033.46621736944
447.13381,0.459118,-30.162317,3033.839169,3031.8893401970818
447.14381,0.459437,-30.161885,3033.537548,3035.376856320989
447.15381,0.459755,-30.161453,3033.235931,3032.554482704299
447.16381,0.460072,-30.161022,3032.934319,3032.9739932672824
447.17381,0.460388,-30.16059,3032.632711,3031.5134659341375
447.18381,0.460704,-30.160159,3032.331107,3030.840138130073
447.19381,0.461018,-30.159727,3032.029508,3031.3672715358716
447.20381,0.461332,-30.159296,3031.727912,3032.55136455315
447.21381,0.461645,-30.158865,3031.426322,3030.9119030887305
447.22381,0.461957,-30.158433,3031.124735,3030.544005737462
447.23381,0.462268,-30.158002,3030.823153,3029.336665709027
447.24381,0.462579,-30.157571,3030.521575,3030.44320078969
447.25381,0.462888,-30.15714,3030.220002,3030.790027103986
447.26381,0.463197,-30.156709,3029.918432,3028.3934786515415
447.27381,0.463505,-30.156278,3029.616867,3030.761685549669
447.28381,0.463812,-30.155847,3029.315307,3027.671069710835
447.29381,0.464119,-30.155416,3029.01375,3030.2359096709583
447.30381,0.464424,-30.154985,3028.712198,3024.8298354509398
447.31381,0.464729,-30.154554,3028.410651,3027.5393175835966
447.32381,0.465033,-30.154124,3028.109107,3026.2377149045133
447.33381,0.465336,-30.153693,3027.807568,3027.020003779803
447.34381,0.465638,-30.153262,3027.506034,3027.459211953532
447.35381,0.46594,-30.152832,3027.204503,3028.054157341421
447.36381,0.46624,-30.152401,3026.902977,3027.891076882726
447.37381,0.46654,-30.151971,3026.601455,3026.600911860046
447.38381,0.466839,-30.15154,3026.299937,3025.3478328148726
447.39381,0.467137,-30.15111,3025.998424,3026.788034956943
447.40381,0.467435,-30.15068,3025.696915,3024.3788973640058
447.41381,0.467732,-30.15025,3025.395411,3025.986426493658
447.42381,0.468027,-30.149819,3025.09391,3024.886867275865
447.43381,0.468322,-30.149389,3024.792414,3024.1772512925922
447.44381,0.468617,-30.148959,3024.490922,3024.373877024408
447.45381,0.46891,-30.148529,3024.189435,3024.870192142175
447.46381,0.469203,-30.148099,3023.887952,3025.404617878324
447.47381,0.469495,-30.147669,3023.586473,3024.1377482794437
447.48381,0.469926,-30.147239,3023.284999,3020.4472525110077
447.49381,0.470506,-30.146809,3022.983528,3026.0085861369525
447.50381,0.47109,-30.146379,3022.682062,3020.8379899303313
447.51381,0.471679,-30.145949,3022.380601,3024.4724458133305
447.52381,0.472271,-30.145519,3022.079143,3023.125372939436
447.53381,0.472867,-30.145088,3021.77769,3021.0936363909213
447.54381,0.473467,-30.144658,3021.476242,3020.9557481631186
447.55381,0.474071,-30.144227,3021.174797,3019.6780920374167
447.56381,0.474678,-30.143797,3020.873357,3020.0902690156354
447.57381,0.475289,-30.143366,3020.571921,3018.3501465344402
447.58381,0.475903,-30.142935,3020.27049,3019.725016853144
447.59381,0.476521,-30.142504,3019.969063,3017.2515782624732
447.60381,0.477143,-30.142073,3019.66764,3020.352235436939
447.61381,0.477767,-30.141642,3019.366221,3020.4573458578648
447.62381,0.478395,-30.14121,3019.064807,3020.717857669257
447.63381,0.479026,-30.140779,3018.763397,3017.382285484516
447.64381,0.47966,-30.140347,3018.461991,3018.800400707012
447.65381,0.480297,-30.139915,3018.16059,3021.0662438888285
447.66381,0.480937,-30.139483,3017.859193,3017.6057633818396
447.67381,0.481581,-30.139051,3017.5578,3016.285053377422
447.68381,0.482227,-30.138619,3017.256412,3019.2979766648573
447.69381,0.482876,-30.138187,3016.955028,3014.810720317766
447.70381,0.483527,-30.137754,3016.653648,3015.5440742241785
447.71381,0.484182,-30.137322,3016.352273,3018.3480991096117
447.72381,0.484839,-30.136889,3016.050902,3017.937210191501
447.73381,0.485498,-30.136456,3015.749535,3015.6962777850467
447.74381,0.486161,-30.136023,3015.448173,3014.3623916606048
447.75381,0.486826,-30.13559,3015.146815,3014.081678031919
447.76381,0.487493,-30.135157,3014.845461,3013.7635737387354
447.77381,0.488162,-30.134723,3014.544111,3014.1673036890334
447.78381,0.488834,-30.134289,3014.242766,3015.09323710235
447.79381,0.489509,-30.133856,3013.941426,3011.172804804256
447.80381,0.490185,-30.133422,3013.640089,3012.8471339942726
447.81381,0.490864,-30.132988,3013.338757,3012.961702202592
447.82381,0.491545,-30.132554,3013.03743,3014.98602817713
447.83381,0.492228,-30.132119,3012.736106,3012.5368656288897
447.84381,0.492913,-30.131685,3012.434787,3011.7247520307583
447.85381,0.4936,-30.13125,3012.133472,3009.1103537323406
447.86381,0.494289,-30.130816,3011.832162,3011.3235287787356
447.87381,0.49498,-30.130381,3011.530856,3012.4712540107857
447.88381,0.495673,-30.129946,3011.229554,3010.2592623812993
447.89381,0.496368,-30.129511,3010.928257,3010.0412609380737
447.90381,0.497064,-30.129075,3010.626964,3007.89751334087
447.91381,0.497762,-30.12864,3010.325676,3009.1930639357133
447.92381,0.498462,-30.128204,3010.024391,3012.236477341685
447.93381,0.499164,-30.127768,3009.723112,3006.9299328667453
447.94381,0.499867,-30.127332,3009.421836,3009.4012212899756
447.95381,0.500571,-30.126896,3009.120565,3009.2146083754565
447.96381,0.501277,-30.12646,3008.819298,3007.656067359323
447.97381,0.501985,-30.126024,3008.518036,3005.214532390089
447.98381,0.502694,-30.125587,3008.216778,3006.581222175037
447.99381,0.503404,-30.12515,3007.915524,3005.4859177017165
448.00381,0.504116,-30.124714,3007.614275,3007.1979998657107
448.01381,0.504829,-30.124277,3007.31303,3006.7109671744415
448.02381,0.505544,-30.123839,3007.011789,3007.884921875743
448.03381,0.506259,-30.123402,3006.710553,3007.026049831127
448.04381,0.506976,-30.122965,3006.409321,3004.3508666302223
448.05381,0.507694,-30.122527,3006.108094,3006.2357798689936
448.06381,0.508413,-30.122089,3005.806871,3004.857279262592
448.07381,0.509133,-30.121651,3005.505652,3004.3082673085282
448.08381,0.509854,-30.121213,3005.204438,3004.4338141758644
448.09381,0.510577,-30.120775,3004.903228,3002.912481113658
448.10381,0.5113,-30.120336,3004.602022,3003.341139303362
448.11381,0.512024,-30.119898,3004.300821,3004.6635423100893
448.12381,0.512749,-30.119459,3003.999624,3008.5822151685084
448.13381,0.513475,-30.11902,3003.698432,3001.939348885939
448.14381,0.514202,-30.118581,3003.397244,3002.314747402617
448.15381,0.514929,-30.118142,3003.09606,3004.096957052683
448.16381,0.515657,-30.117703,3002.794881,3003.637969542763
448.17381,0.516386,-30.117263,3002.493706,3001.983911135842
448.18381,0.517116,-30.116824,3002.192536,3003.084575865126
448.19381,0.517847,-30.116384,3001.89137,3002.6616611494433
448.20381,0.518578,-30.115944,3001.590208,3002.0630405953734
448.21381,0.519309,-30.115504,3001.289051,3000.0063787083627
448.22381,0.520041,-30.115063,3000.987898,3001.043062414778
448.23381,0.520774,-30.114623,3000.686749,2999.855399979246
448.24381,0.521508,-30.114182,3000.385605,2999.7053080691626
448.25381,0.522241,-30.113742,3000.084466,2999.879995043941
448.26381,0.522976,-30.113301,2999.783331,3000.356060017248
448.27381,0.52371,-30.11286,2999.4822,3000.223991074171
448.28381,0.524445,-30.112418,2999.181073,2997.6477543556907
448.29381,0.525181,-30.111977,2998.879951,2997.9444444101837
448.30381,0.525916,-30.111536,2998.578834,2999.7455561206084
448.31381,0.526653,-30.111094,2998.277721,2999.720050829786
448.32381,0.527389,-30.110652,2997.976612,2999.3417642168056
448.33381,0.528126,-30.11021,2997.675508,2997.6233879287697
448.34381,0.528863,-30.109768,2997.374408,2995.8941026804036
448.35381,0.5296,-30.109326,2997.073312,2996.970599561448
448.36381,0.530337,-30.108883,2996.772221,2996.6800779661367
448.37381,0.531074,-30.108441,2996.471135,2998.0009803569983
448.38381,0.531812,-30.107998,2996.170052,2995.7990452480926
448.39381,0.53255,-30.107555,2995.868975,2994.970673403166
448.40381,0.533288,-30.107112,2995.567901,2994.7362130587817
448.41381,0.534025,-30.106669,2995.266832,2992.7005356955124
448.42381,0.534763,-30.106225,2994.965768,2997.9669327284078
448.43381,0.535501,-30.105782,2994.664708,2994.521347804655
448.44381,0.536239,-30.105338,2994.363652,2996.0031882122403
448.45381,0.536977,-30.104895,2994.062601,2995.8541906532073
448.46381,0.537715,-30.104451,2993.761554,2994.8836749583274
448.47381,0.538453,-30.104007,2993.460512,2993.720799610251
448.48381,0.53919,-30.103562,2993.159474,2991.271495115183
448.49381,0.539928,-30.103118,2992.858441,2994.3703355492235
448.50381,0.540666,-30.102673,2992.557412,2993.7063714544233
448.51381,0.541403,-30.102229,2992.256387,2994.2883280833744
448.52381,0.54214,-30.101784,2991.955367,2993.019228252472
448.53381,0.542877,-30.101339,2991.654352,2990.8262193796218
448.54381,0.543613,-30.100894,2991.353341,2991.8080648924843
448.55381,0.54435,-30.100449,2991.052334,2990.8500146224624
448.56381,0.545086,-30.100003,2990.751332,2990.381368669631
448.57381,0.545822,-30.099558,2990.450334,2992.302029025555
448.58381,0.546558,-30.099112,2990.14934,2990.023143453084
448.59381,0.547293,-30.098666,2989.848352,2989.8370449373706
448.60381,0.548028,-30.09822,2989.547367,2988.9678050395682
448.61381,0.548763,-30.097774,2989.246387,2988.302692602925
448.62381,0.549497,-30.097328,2988.945412,2990.7214926488705
448.63381,0.550231,-30.096881,2988.644441,2987.862190124927
448.64381,0.550964,-30.096435,2988.343474,2989.1554197577234
448.65381,0.551697,-30.095988,2988.042512,2989.6690538915095
448.66381,0.55243,-30.095541,2987.741554,2989.867877120964
448.67381,0.553162,-30.095094,2987.440601,2986.4368620282594
448.68381,0.553894,-30.094647,2987.139652,2989.101406733689
448.69381,0.554625,-30.0942,2986.838708,2986.109847755527
448.70381,0.555356,-30.093753,2986.537768,2985.161808778964
448.71381,0.556086,-30.093305,2986.236833,2983.7145892591166
448.72381,0.556816,-30.092858,2985.935902,2984.535228652294
448.73381,0.557545,-30.09241,2985.634976,2984.6110864453194
448.74381,0.558273,-30.091962,2985.334054,2984.614141221071
448.75381,0.559001,-30.091514,2985.033137,2985.7302456993857
448.76381,0.559729,-30.091066,2984.732224,2983.1508098987133
448.77381,0.560456,-30.090618,2984.431315,2985.7805546372188
448.78381,0.561182,-30.090169,2984.130411,2983.4777313096756
448.79381,0.561907,-30.089721,2983.829512,2984.38042467538
448.80381,0.562632,-30.089272,2983.528617,2981.973067609716
448.81381,0.563356,-30.088823,2983.227727,2982.369372453905
448.82381,0.56408,-30.088374,2982.926841,2984.4225832334496
448.83381,0.564803,-30.087925,2982.625959,2982.212105886805
448.84381,0.565525,-30.087476,2982.325082,2982.0418881525297
448.85381,0.566246,-30.087027,2982.02421,2982.0317612917775
448.86381,0.566967,-30.086577,2981.723342,2977.2522945373194
448.87381,0.567687,-30.086128,2981.422478,2980.803411614821
448.88381,0.568406,-30.085678,2981.121619,2980.0014998636284
448.89381,0.569125,-30.085228,2980.820764,2983.5978704053186
448.90381,0.569843,-30.084778,2980.519914,2980.72725367399
448.91381,0.57056,-30.084328,2980.219069,2980.3969815690525
448.92381,0.571276,-30.083878,2979.918228,2977.9039186116775
448.93381,0.571991,-30.083428,2979.617391,2978.4224073114683
448.94381,0.572706,-30.082977,2979.316559,2980.9332719552713
448.95381,0.573419,-30.082527,2979.015732,2977.967110991985
448.96381,0.574132,-30.082076,2978.714909,2978.150339803566
448.97381,0.574844,-30.081626,2978.41409,2980.674641556239
448.98381,0.575555,-30.081175,2978.113276,2978.532971605142
448.99381,0.576265,-30.080724,2977.812467,2976.9595004487232
449.00381,0.576975,-30.080273,2977.511662,2976.326421447879
449.01381,0.577683,-30.079821,2977.210861,2978.081660117245
449.02381,0.578391,-30.07937,2976.910065,2977.126197675362
449.03381,0.579098,-30.078919,2976.609274,2978.9773275579873
449.04381,0.579803,-30.078467,2976.308487,2975.9411188774748
449.05381,0.580508,-30.078015,2976.007705,2975.8367729054658
449.06381,0.581212,-30.077564,2975.706927,2975.1257808889854
449.07381,0.581915,-30.077112,2975.406153,2976.4897026359704
449.08381,0.582617,-30.07666,2975.105384,2974.3065041964646
449.09381,0.583318,-30.076208,2974.80462,2976.137274942366
449.10381,0.584018,-30.075756,2974.50386,2974.221429212866
449.11381,0.584717,-30.075303,2974.203105,2972.1342779039064
449.12381,0.585415,-30.074851,2973.902354,2971.938435495321
449.13381,0.586112,-30.074398,2973.601608,2972.202920435216
449.14381,0.586808,-30.073946,2973.300866,2973.4039768654484
449.15381,0.587504,-30.073493,2973.000129,2974.038828582901
449.16381,0.588198,-30.07304,2972.699396,2970.4601310508187
449.17381,0.588891,-30.072587,2972.398668,2971.687281368938
449.18381,0.589583,-30.072134,2972.097945,2971.78040986609
449.19381,0.590274,-30.071681,2971.797226,2971.9605221062584
449.20381,0.590964,-30.071228,2971.496511,2971.5299044790677
449.21381,0.591652,-30.070775,2971.195801,2970.6763093841764
449.22381,0.59234,-30.070321,2970.895096,2970.804701687268
449.23381,0.593027,-30.069868,2970.594395,2969.5229657980744
449.24381,0.593713,-30.069414,2970.293698,2972.072241821543
449.25381,0.594397,-30.068961,2969.993006,2968.989884378556
449.26381,0.595081,-30.068507,2969.692319,2970.040447233436
449.27381,0.595763,-30.068053,2969.391636,2970.3785883248734
449.28381,0.596444,-30.067599,2969.090958,2968.0013049949057
449.29381,0.597124,-30.067145,2968.790284,2965.7550241734248
449.30381,0.597804,-30.066691,2968.489615,2969.0592769169216
449.31381,0.598482,-30.066237,2968.18895,2968.0270523263516
449.32381,0.599158,-30.065782,2967.88829,2970.2283926778323
449.33381,0.599834,-30.065328,2967.587635,2967.4204253274124
449.34381,0.600509,-30.064873,2967.286984,2966.2773480806445
449.35381,0.601182,-30.064419,2966.986337,2967.500377296645
449.36381,0.601854,-30.063964,2966.685695,2966.1609063377314
449.37381,0.602525,-30.063509,2966.385058,2966.691190717067
449.38381,0.603195,-30.063055,2966.084425,2966.6236841263717
449.39381,0.603864,-30.0626,2965.783797,2964.1759655530545
449.40381,0.604532,-30.062145,2965.483173,2964.0738828278318
449.41381,0.605198,-30.06169,2965.182554,2967.3075938598386
449.42381,0.605864,-30.061235,2964.881939,2965.8827889557224
449.43381,0.606528,-30.060779,2964.581329,2964.4127343199157
449.44381,0.607191,-30.060324,2964.280724,2963.222966045765
449.45381,0.607852,-30.059869,2963.980123,2964.7438896824374
449.46381,0.608513,-30.059413,2963.679526,2962.0628005860317
449.47381,0.609172,-30.058958,2963.378935,2961.792462549607
449.48381,0.609831,-30.058502,2963.078347,2964.5618384244503
449.49381,0.610487,-30.058047,2962.777765,2962.980171488665
449.50381,0.611143,-30.057591,2962.477186,2961.6868598041174
449.51381,0.611798,-30.057135,2962.176613,2963.2353609543807
449.52381,0.612451,-30.056679,2961.876044,2958.8561647432557
449.53381,0.613103,-30.056223,2961.575479,2963.701215594289
449.54381,0.613754,-30.055767,2961.274919,2960.780753261315
449.55381,0.614404,-30.055311,2960.974364,2963.34536818311
449.56381,0.615052,-30.054855,2960.673813,2961.3083314102737
449.57381,0.615699,-30.054399,2960.373267,2959.4102256268934
449.58381,0.616345,-30.053943,2960.072725,2959.2448387835107
449.59381,0.61699,-30.053486,2959.772188,2960.8054452939386
449.60381,0.617633,-30.05303,2959.471655,2958.4430977829534
449.61381,0.618276,-30.052574,2959.171127,2956.560589219781
449.62381,0.618917,-30.052117,2958.870604,2959.9287391208045
449.63381,0.619556,-30.05166,2958.570085,2959.356009733988
449.64381,0.620195,-30.051204,2958.269571,2961.8078311815616
449.65381,0.620832,-30.050747,2957.969061,2954.265743635927
449.66381,0.621468,-30.05029,2957.668556,2961.19036809713
449.67381,0.622103,-30.049834,2957.368055,2959.3832158675536
449.68381,0.622736,-30.049377,2957.067559,2956.66216920499
449.69381,0.623368,-30.04892,2956.767067,2957.931334083865
449.70381,0.623999,-30.048463,2956.466581,2954.7584275225868
449.71381,0.624629,-30.048006,2956.166098,2955.7296498190994
449.72381,0.625257,-30.047549,2955.86562,2956.530287601486
449.73381,0.625884,-30.047092,2955.565147,2955.871845870602
449.74381,0.62651,-30.046635,2955.264679,2957.023955777093
449.75381,0.627135,-30.046177,2954.964215,2955.1217976622647
449.76381,0.627758,-30.04572,2954.663755,2953.2402109424647
449.77381,0.62838,-30.045263,2954.3633,2953.66641746103
449.78381,0.629001,-30.044805,2954.06285,2952.992187642381
449.79381,0.62962,-30.044348,2953.762404,2951.433594987715
449.80381,0.630238,-30.043891,2953.461963,2950.5468626840807
449.81381,0.630855,-30.043433,2953.161526,2952.5536619917793
449.82381,0.631471,-30.042975,2952.861094,2951.804834520431
449.83381,0.632085,-30.042518,2952.560667,2952.71855763644
449.84381,0.632698,-30.04206,2952.260244,2951.1351174069587
449.85381,0.633309,-30.041603,2951.959825,2951.0018531318055
449.86381,0.63392,-30.041145,2951.659412,2951.69950111149
449.87381,0.634529,-30.040687,2951.359003,2949.6057472010184
449.88381,0.635136,-30.040229,2951.058598,2952.3907087139214
449.89381,0.635743,-30.039772,2950.758198,2950.2862141129103
449.90381,0.636348,-30.039314,2950.457803,2948.9397059214743
449.91381,0.636952,-30.038856,2950.157412,2950.2003612652893
449.92381,0.637554,-30.038398,2949.857025,2947.127595001073
449.93381,0.638156,-30.03794,2949.556644,2947.4814751810977
449.94381,0.638756,-30.037482,2949.256267,2948.1642493597165
449.95381,0.639354,-30.037024,2948.955894,2947.5530994833307
449.96381,0.639952,-30.036566,2948.655526,2949.19101453139
449.97381,0.640548,-30.036108,2948.355163,2949.6934880141794
449.98381,0.641142,-30.03565,2948.054804,2948.603861769777
449.99381,0.641736,-30.035191,2947.75445,2948.0125049129088
450.00381,0.642328,-30.034733,2947.4541,2947.881060108295
450.01381,0.642919,-30.034275,2947.153755,2945.99983934723
450.02381,0.643508,-30.033817,2946.853415,2944.3621387979138
450.03381,0.644096,-30.033359,2946.553079,2948.342896927992
450.04381,0.644683,-30.0329,2946.252748,2944.2261150151085
450.05381,0.645269,-30.032442,2945.952421,2945.3057527070314
450.06381,0.645853,-30.031984,2945.652099,2943.1687405630314
450.07381,0.646436,-30.031525,2945.351781,2946.953409174986
450.08381,0.647017,-30.031067,2945.051468,2944.235557718396
450.09381,0.647597,-30.030608,2944.75116,2945.188894473827
450.10381,0.648176,-30.03015,2944.450856,2942.291266131756
450.11381,0.648754,-30.029692,2944.150557,2942.9338583846093
450.12381,0.64933,-30.029233,2943.850262,2946.376107489904
450.13381,0.649905,-30.028775,2943.549972,2944.38174067382
450.14381,0.650479,-30.028316,2943.249687,2944.6770279959796
450.15381,0.651052,-30.027858,2942.949406,2945.442710721814
450.16381,0.651623,-30.027399,2942.64913,2943.2774589635937
450.17381,0.652192,-30.026941,2942.348858,2943.047697885206
450.18381,0.652761,-30.026482,2942.048591,2940.207948919796
450.19381,0.653328,-30.026023,2941.748328,2940.911260550496
450.20381,0.653894,-30.025565,2941.44807,2939.0543081012183
450.21381,0.654458,-30.025106,2941.147817,2941.4854598604265
450.22381,0.655022,-30.024648,2940.847568,2943.856476366744
450.23381,0.655583,-30.024189,2940.547324,2939.526764388045
450.24381,0.656144,-30.02373,2940.247084,2938.606995298227
450.25381,0.656703,-30.023272,2939.946849,2939.3921283669824
450.26381,0.657261,-30.022813,2939.646619,2939.4752883302194
450.27381,0.657818,-30.022355,2939.346393,2938.6930012615085
450.28381,0.658373,-30.021896,2939.046172,2937.0400818585354
450.29381,0.658927,-30.021437,2938.745955,2938.9246389454606
450.30381,0.65948,-30.020979,2938.445743,2940.6447198682094
450.31381,0.660031,-30.02052,2938.145536,2936.575009015607
450.32381,0.660581,-30.020061,2937.845333,2939.596637310272
450.33381,0.66113,-30.019603,2937.545134,2935.1637103821195
450.34381,0.661678,-30.019144,2937.244941,2935.859709497768
450.35381,0.662224,-30.018685,2936.944751,2936.353762438206
450.36381,0.662769,-30.018227,2936.644567,2938.6167718608285
450.37381,0.663312,-30.017768,2936.344387,2936.783220222907
450.38381,0.663854,-30.017309,2936.044212,2934.308964668333
450.39381,0.664395,-30.016851,2935.744041,2935.999476382805
450.40381,0.664935,-30.016392,2935.443875,2934.48969817279
450.41381,0.665473,-30.015933,2935.143713,2935.9014046398324
450.42381,0.66601,-30.015475,2934.843556,2935.3195522918104
450.43381,0.666546,-30.015016,2934.543403,2933.598607831369
450.44381,0.667081,-30.014557,2934.243256,2934.1338359536303
450.45381,0.667614,-30.014099,2933.943112,2933.082034850465
450.46381,0.668146,-30.01364,2933.642974,2934.0170286131424
450.47381,0.668676,-30.013181,2933.342839,2935.853037168032
450.48381,0.669205,-30.012723,2933.04271,2932.941499547947
450.49381,0.669733,-30.012264,2932.742585,2931.826814977746
450.50381,0.67026,-30.011805,2932.442465,2931.3698414218165
450.51381,0.670785,-30.011347,2932.142349,2929.786844651189
450.52381,0.67131,-30.010888,2931.842238,2931.725902238155
450.53381,0.671832,-30.01043,2931.542131,2930.078643568049
450.54381,0.672354,-30.009971,2931.242029,2929.6801595011434
450.55381,0.672874,-30.009513,2930.941932,2932.7855111601953
450.56381,0.673393,-30.009054,2930.641839,2931.070717115915
450.57381,0.673911,-30.008596,2930.341751,2930.298709818924
450.58381,0.674427,-30.008137,2930.041667,2929.8811208294023
450.59381,0.674942,-30.007679,2929.741588,2930.7895040114026
450.60381,0.675456,-30.00722,2929.441513,2929.666546863085
450.61381,0.675968,-30.006762,2929.141444,2931.1978740093537
450.62381,0.67648,-30.006303,2928.841378,2926.9933617962365
450.63381,0.67699,-30.005845,2928.541317,2928.3373733563335
450.64381,0.677498,-30.005386,2928.241261,2929.755765373614
450.65381,0.678006,-30.004928,2927.94121,2928.5541797411165
450.66381,0.678512,-30.00447,2927.641163,2928.6195779476925
450.67381,0.679017,-30.004011,2927.34112,2926.844570774388
450.68381,0.67952,-30.003553,2927.041083,2928.5975082718305
450.69381,0.680023,-30.003095,2926.741049,2927.069082064439
450.70381,0.680524,-30.002637,2926.441021,2921.3610323673024
450.71381,0.681023,-30.002178,2926.140997,2926.12960584131
450.72381,0.681522,-30.00172,2925.840977,2925.0558362129486
450.73381,0.682019,-30.001262,2925.540962,2925.555102087326
450.74381,0.682515,-30.000804,2925.240952,2924.495997171981
450.75381,0.68301,-30.000346,2924.940946,2924.092603114683
450.76381,0.683503,-29.999887,2924.640945,2924.5074755675814
450.77381,0.683996,-29.999429,2924.340948,2924.043111753149
450.78381,0.684487,-29.998971,2924.040956,2925.02864634985
450.79381,0.684976,-29.998513,2923.740969,2924.403773683667
450.80381,0.685465,-29.998055,2923.440986,2923.7356244525345
450.81381,0.685952,-29.997597,2923.141008,2924.4324873684054
450.82381,0.686438,-29.997139,2922.841034,2924.461798496634
450.83381,0.686923,-29.996681,2922.541065,2920.8822917424923
450.84381,0.687406,-29.996224,2922.2411,2922.5207608873575
450.85381,0.687889,-29.995766,2921.941141,2921.3969396131947
450.86381,0.688369,-29.995308,2921.641185,2920.714535936221
450.87381,0.688849,-29.99485,2921.341234,2920.660923387098
450.88381,0.689328,-29.994392,2921.041288,2920.723862520697
450.89381,0.689805,-29.993935,2920.741347,2918.5411839146536
450.90381,0.690281,-29.993477,2920.441409,2919.08148327778
450.91381,0.690756,-29.993019,2920.141477,2919.641378075445
450.92381,0.691229,-29.992562,2919.841549,2919.8023829670565
450.93381,0.691702,-29.992104,2919.541626,2919.5468875715937
450.94381,0.692173,-29.991647,2919.241707,2919.46817402225
450.95381,0.692643,-29.991189,2918.941793,2918.677816923946
450.96381,0.693111,-29.990732,2918.641883,2919.706777109366
450.97381,0.693579,-29.990274,2918.341978,2917.6595956462506
450.98381,0.694045,-29.989817,2918.042078,2919.9530835016394
450.99381,0.69451,-29.98936,2917.742182,2918.4457150154926
451.00381,0.694974,-29.988903,2917.442291,2917.8434103147033
451.01381,0.695436,-29.988445,2917.142404,2920.4657660937946
451.02381,0.695898,-29.987988,2916.842522,2918.909389087787
451.03381,0.696358,-29.987531,2916.542644,2914.4389665104627
451.04381,0.696817,-29.987074,2916.242771,2916.105464583738
451.05381,0.697275,-29.986617,2915.942903,2917.3705284680464
451.06381,0.697731,-29.98616,2915.643039,2914.944864434973
451.07381,0.698186,-29.985703,2915.343179,2914.1898680142053
451.08381,0.696661,-29.985246,2915.043325,2913.786547088103
451.09381,0.695066,-29.984792,2914.743474,2916.4670462107592
451.10381,0.693477,-29.984339,2914.443629,2912.024736359498
451.11381,0.691895,-29.983887,2914.143788,2916.6668629945634
451.12381,0.690319,-29.983437,2913.843951,2915.9613895272278
451.13381,0.68875,-29.982989,2913.544119,2911.260297751055
451.14381,0.687188,-29.982542,2913.244291,2914.893707776669
451.15381,0.685632,-29.982096,2912.944468,2912.7057024586893
451.16381,0.684083,-29.981652,2912.644649,2912.06043114849
451.17381,0.68254,-29.98121,2912.344835,2912.5701855719076
451.18381,0.681003,-29.980768,2912.045025,2913.1148792339577
451.19381,0.679473,-29.980328,2911.74522,2909.0592855788886
451.20381,0.677949,-29.97989,2911.445419,2910.6865635549225
451.21381,0.676432,-29.979453,2911.145622,2911.4965550875067
451.22381,0.67492,-29.979017,2910.845829,2913.0102434076125
451.23381,0.673416,-29.978583,2910.546041,2911.107863558631
451.24381,0.671917,-29.97815,2910.246258,2908.9672369152504
451.25381,0.670425,-29.977718,2909.946478,2907.3870889795403
451.26381,0.668939,-29.977287,2909.646703,2909.739902052584
451.27381,0.667459,-29.976858,2909.346933,2908.065182372395
451.28381,0.665985,-29.97643,2909.047166,2908.063017658784
451.29381,0.664518,-29.976004,2908.747404,2909.6397727244976
451.30381,0.663057,-29.975578,2908.447646,2908.558643019663
451.31381,0.661602,-29.975154,2908.147893,2909.3396675883178
451.32381,0.660153,-29.974731,2907.848143,2907.5212264352353
451.33381,0.65871,-29.974309,2907.548398,2909.3827537454413
451.34381,0.657274,-29.973889,2907.248657,2907.2262699360513
451.35381,0.655843,-29.973469,2906.94892,2908.8495026636497
451.36381,0.654419,-29.973051,2906.649188,2904.814473175226
451.37381,0.653,-29.972634,2906.349459,2902.9886270425004
451.38381,0.651588,-29.972218,2906.049735,2904.1133927526735
451.39381,0.650181,-29.971803,2905.750015,2907.0115467981614
451.40381,0.648781,-29.971389,2905.450299,2905.414849852234
451.41381,0.647386,-29.970977,2905.150587,2903.5256343711562
451.42381,0.645998,-29.970565,2904.850879,2905.6088340285446
451.43381,0.644615,-29.970154,2904.551176,2902.821500415159
451.44381,0.643238,-29.969745,2904.251476,2904.3237497530586
451.45381,0.641867,-29.969336,2903.951781,2902.59717935257
451.46381,0.640502,-29.968929,2903.652089,2904.0498316260505
451.47381,0.639143,-29.968523,2903.352402,2900.6018119009213
451.48381,0.63779,-29.968117,2903.052719,2902.879464504734
451.49381,0.636443,-29.967713,2902.75304,2902.4523694902373
451.50381,0.635101,-29.96731,2902.453365,2902.960974532328
451.51381,0.633765,-29.966907,2902.153694,2902.3850390298476
451.52381,0.632435,-29.966506,2901.854027,2902.5621509684406
451.53381,0.631111,-29.966105,2901.554363,2899.649582328415
451.54381,0.629792,-29.965706,2901.254704,2899.9817418719117
451.55381,0.628479,-29.965307,2900.955049,2899.9155995773644
451.56381,0.627172,-29.964909,2900.655398,2901.201487620531
451.57381,0.62587,-29.964512,2900.355751,2900.5019034513703
451.58381,0.624574,-29.964116,2900.056108,2900.131461407765
451.59381,0.623284,-29.963721,2899.756469,2898.1788770344583
451.60381,0.621999,-29.963327,2899.456834,2898.339923543493
451.61381,0.62072,-29.962934,2899.157202,2897.6205015186283
451.62381,0.619447,-29.962541,2898.857575,2899.484434637721
451.63381,0.618179,-29.96215,2898.557951,2899.605375033427
451.64381,0.616916,-29.961759,2898.258332,2896.238215122932
451.65381,0.61566,-29.961369,2897.958716,2898.760524522343
451.66381,0.614408,-29.96098,2897.659105,2895.6108965400417
451.67381,0.613162,-29.960591,2897.359497,2899.995169794154
451.68381,0.611922,-29.960204,2897.059893,2894.1660772487257
451.69381,0.610687,-29.959817,2896.760293,2895.0560581178543
451.70381,0.609458,-29.959431,2896.460696,2897.7971955174594
451.71381,0.608234,-29.959046,2896.161104,2892.5814928825575
451.72381,0.607015,-29.958661,2895.861515,2896.313627062393
451.73381,0.605802,-29.958277,2895.561931,2896.4329146741256
451.74381,0.604594,-29.957894,2895.26235,2896.07036762455
451.75381,0.603391,-29.957512,2894.962773,2893.601043137452
451.76381,0.602194,-29.95713,2894.6632,2895.262400025707
451.77381,0.601002,-29.956749,2894.36363,2892.9565159772387
451.78381,0.599815,-29.956369,2894.064065,2892.2486332228227
451.79381,0.598634,-29.95599,2893.764503,2893.72878210304
451.80381,0.597458,-29.955611,2893.464945,2893.365949744101
451.81381,0.596287,-29.955233,2893.165391,2892.016132308052
451.82381,0.595122,-29.954855,2892.86584,2890.158413988591
451.83381,0.593961,-29.954478,2892.566294,2891.014726303131
451.84381,0.592806,-29.954102,2892.266751,2893.9712769614707
451.85381,0.591656,-29.953727,2891.967212,2893.2312213276396
451.86381,0.590511,-29.953352,2891.667676,2891.17251129911
451.87381,0.589372,-29.952977,2891.368144,2891.274690008105
451.88381,0.588237,-29.952604,2891.068617,2889.614885820577
451.89381,0.587108,-29.95223,2890.769092,2891.03982847757
451.90381,0.585984,-29.951858,2890.469572,2886.414680988333
451.91381,0.584864,-29.951486,2890.170055,2890.272897939902
451.92381,0.58375,-29.951115,2889.870542,2892.167444705726
451.93381,0.582641,-29.950744,2889.571033,2888.0084189839836
451.94381,0.581537,-29.950374,2889.271527,2887.8060443731347
451.95381,0.580438,-29.950004,2888.972025,2888.595340863768
451.96381,0.579344,-29.949635,2888.672527,2888.7972138146306
451.97381,0.578255,-29.949266,2888.373033,2887.9830839207902
451.98381,0.577171,-29.948898,2888.073542,2888.7257595178316
451.99381,0.576091,-29.948531,2887.774055,2887.3906112937466
452.00381,0.575017,-29.948164,2887.474571,2890.119449750447
452.01381,0.573948,-29.947797,2887.175092,2886.8875761486306
452.02381,0.572883,-29.947431,2886.875615,2887.093537982716
452.03381,0.571824,-29.947066,2886.576143,2888.3289110206006
452.04381,0.570769,-29.9467,2886.276674,2885.284171556245
452.05381,0.569719,-29.946336,2885.977209,2886.9264303427485
452.06381,0.568674,-29.945972,2885.677747,2887.1107498980227
452.07381,0.567634,-29.945608,2885.378289,2884.8968799807417
452.08381,0.566599,-29.945245,2885.078835,2883.6376631379603
452.09381,0.565568,-29.944882,2884.779385,2881.9706053679747
452.10381,0.564543,-29.94452,2884.479938,2884.5857387145766
452.11381,0.563521,-29.944158,2884.180494,2885.1207368575683
452.12381,0.562505,-29.943797,2883.881054,2883.0657830075506
452.13381,0.561494,-29.943436,2883.581618,2881.3794866341987
452.14381,0.560487,-29.943076,2883.282186,2884.2529456004468
452.15381,0.559485,-29.942716,2882.982757,2883.384584687563
452.16381,0.558487,-29.942356,2882.683331,2883.1427896590326
452.17381,0.557494,-29.941997,2882.38391,2881.633103746149
452.18381,0.556506,-29.941638,2882.084491,2884.0508941130524
452.19381,0.555522,-29.941279,2881.785077,2881.1210300808184
452.20381,0.554543,-29.940921,2881.485666,2881.1027944083153
452.21381,0.553569,-29.940563,2881.186258,2879.7190277500385
452.22381,0.552599,-29.940206,2880.886855,2879.1390391925192
452.23381,0.551634,-29.939849,2880.587454,2880.551194555769
452.24381,0.550674,-29.939492,2880.288058,2881.3347007068182
452.25381,0.549717,-29.939136,2879.988664,2879.8136332943996
452.26381,0.548766,-29.93878,2879.689275,2878.9564148326654
452.27381,0.547819,-29.938425,2879.389889,2878.953711434635
452.28381,0.546876,-29.938069,2879.090506,2880.334473438998
452.29381,0.545938,-29.937715,2878.791127,2877.7494122567505
452.30381,0.545004,-29.93736,2878.491752,2877.806063194463
452.31381,0.544075,-29.937006,2878.19238,2877.2006325471466
452.32381,0.54315,-29.936652,2877.893012,2877.6476823043376
452.33381,0.54223,-29.936298,2877.593647,2877.879333015665
452.34381,0.541314,-29.935945,2877.294286,2876.4379807679834
452.35381,0.540402,-29.935592,2876.994928,2876.1526720032707
452.36381,0.539495,-29.935239,2876.695574,2876.1513078068383
452.37381,0.538592,-29.934887,2876.396224,2877.2595387670995
452.38381,0.537694,-29.934534,2876.096876,2875.4902969680497
452.39381,0.536799,-29.934183,2875.797533,2876.6278749341523
452.40381,0.535909,-29.933831,2875.498193,2874.0055801667518
452.41381,0.535024,-29.93348,2875.198856,2872.4072182930636
452.42381,0.534142,-29.933129,2874.899523,2874.183615865349
452.43381,0.533265,-29.932778,2874.600194,2875.4332144240334
452.44381,0.532392,-29.932427,2874.300868,2873.706261097774
452.45381,0.531524,-29.932077,2874.001545,2874.040264991112
452.46381,0.530659,-29.931727,2873.702226,2871.190554534053
452.47381,0.529799,-29.931377,2873.402911,2871.2646460788956
452.48381,0.528943,-29.931028,2873.103599,2874.238091460512
452.49381,0.528091,-29.930678,2872.80429,2871.218014609823
452.50381,0.527244,-29.930329,2872.504985,2873.157069462451
452.51381,0.5264,-29.92998,2872.205683,2873.5284785292324
452.52381,0.525561,-29.929632,2871.906385,2869.823659146148
452.53381,0.524725,-29.929283,2871.607091,2871.186995122213
452.54381,0.523894,-29.928935,2871.3078,2869.7438423262647
452.55381,0.523067,-29.928587,2871.008512,2870.587529789132
452.56381,0.522244,-29.928239,2870.709228,2868.0101124859216
452.57381,0.521425,-29.927892,2870.409947,2867.2048217911297
452.58381,0.52061,-29.927544,2870.11067,2869.1207829783307
452.59381,0.519799,-29.927197,2869.811396,2867.2657379823468
452.60381,0.518992,-29.92685,2869.512126,2868.4041774219822
452.61381,0.518189,-29.926503,2869.212859,2868.3004863173674
452.62381,0.51739,-29.926157,2868.913596,2869.951349229241
452.63381,0.516595,-29.92581,2868.614336,2870.9707623250865
452.64381,0.515804,-29.925464,2868.31508,2867.536672518159
452.65381,0.515017,-29.925118,2868.015827,2867.967650900417
452.66381,0.514234,-29.924772,2867.716578,2867.1392169434635
452.67381,0.513455,-29.924426,2867.417332,2867.823965236083
452.68381,0.512679,-29.92408,2867.118089,2868.050239232956
452.69381,0.511908,-29.923735,2866.81885,2864.2086172955674
452.70381,0.51114,-29.923389,2866.519614,2867.840952645956
452.71381,0.510376,-29.923044,2866.220382,2866.966789562456
452.72381,0.509617,-29.922699,2865.921153,2866.648729615682
452.73381,0.50886,-29.922354,2865.621928,2863.535908614898
452.74381,0.508108,-29.922009,2865.322706,2864.3124091208083
452.75381,0.50736,-29.921665,2865.023488,2862.984631016819
452.76381,0.506615,-29.92132,2864.724273,2864.518514448141
452.77381,0.505874,-29.920976,2864.425062,2863.767526039451
452.78381,0.505137,-29.920631,2864.125854,2863.0944923570373
452.79381,0.504403,-29.920287,2863.826649,2866.2820417959274
452.80381,0.503673,-29.919943,2863.527448,2862.2953562593907
452.81381,0.502947,-29.919599,2863.22825,2864.3385070977906
452.82381,0.502225,-29.919255,2862.929056,2863.42959302218
452.83381,0.501506,-29.918912,2862.629865,2862.419492572407
452.84381,0.500791,-29.918568,2862.330678,2862.935889027228
452.85381,0.50008,-29.918225,2862.031494,2860.579579351504
452.86381,0.499372,-29.917881,2861.732313,2860.5789941969024
452.87381,0.498668,-29.917538,2861.433136,2862.8133670809975
452.88381,0.497968,-29.917195,2861.133962,2861.1425843871066
452.89381,0.497271,-29.916851,2860.834792,2859.243738471608
452.90381,0.496578,-29.916508,2860.535625,2861.4036466598986
452.91381,0.495888,-29.916165,2860.236462,2856.6008657379093
452.92381,0.495202,-29.915822,2859.937302,2860.238152667705
452.93381,0.494519,-29.91548,2859.638146,2861.951223626846
452.94381,0.49384,-29.915137,2859.338992,2858.42204523764
452.95381,0.493165,-29.914794,2859.039843,2859.028766398912
452.96381,0.492493,-29.914452,2858.740697,2858.9690318647017
452.97381,0.491824,-29.914109,2858.441554,2857.7314173546397
452.98381,0.491159,-29.913767,2858.142414,2858.9502381025372
452.99381,0.490497,-29.913424,2857.843278,2857.3433448317555
453.00381,0.489839,-29.913082,2857.544146,2856.133896296746
453.01381,0.489184,-29.91274,2857.245017,2856.555011538325
453.02381,0.488533,-29.912397,2856.945891,2857.0476508365095
453.03381,0.487885,-29.912055,2856.646769,2857.577609781935
453.04381,0.487241,-29.911713,2856.34765,2855.3932856299907
453.05381,0.4866,-29.911371,2856.048535,2857.904501517475
453.06381,0.485962,-29.911029,2855.749423,2854.7866670722638
453.07381,0.485327,-29.910687,2855.450314,2856.1999813610255
453.08381,0.484696,-29.910345,2855.151209,2857.082110589422
453.09381,0.484069,-29.910003,2854.852107,2857.229508965044
453.10381,0.483444,-29.909661,2854.553009,2854.617867593985
453.11381,0.482823,-29.909319,2854.253914,2853.228652457411
453.12381,0.482205,-29.908977,2853.954822,2855.184098424727
453.13381,0.481591,-29.908636,2853.655734,2852.0232618762498
453.14381,0.480979,-29.908294,2853.35665,2855.3041099752436
453.15381,0.480371,-29.907952,2853.057568,2850.662188670846
453.16381,0.479767,-29.90761,2852.758491,2852.4600087226713
453.17381,0.479165,-29.907269,2852.459416,2851.74509271099
453.18381,0.478567,-29.906927,2852.160345,2850.6604040630687
453.19381,0.477972,-29.906585,2851.861278,2851.4125924446703
453.20381,0.47738,-29.906243,2851.562214,2854.3474528532665
453.21381,0.476791,-29.905902,2851.263153,2851.2283494311073
453.22381,0.476205,-29.90556,2850.964096,2851.1355083469703
453.23381,0.475623,-29.905219,2850.665042,2850.5031226807773
453.24381,0.475043,-29.904877,2850.365991,2850.9795668028232
453.25381,0.474467,-29.904535,2850.066944,2848.6627513048243
453.26381,0.473894,-29.904194,2849.7679,2847.2162761265818
453.27381,0.473324,-29.903852,2849.46886,2850.6077701404583
453.28381,0.472757,-29.90351,2849.169823,2849.686160032228
453.29381,0.472193,-29.903169,2848.87079,2848.713942870134
453.30381,0.471632,-29.902827,2848.57176,2845.5560041189083
453.31381,0.471074,-29.902485,2848.272733,2845.4434346824905
453.32381,0.470519,-29.902144,2847.97371,2846.805068739991
453.33381,0.469968,-29.901802,2847.674691,2844.954308295851
453.34381,0.469419,-29.90146,2847.375674,2847.008338199568
453.35381,0.468873,-29.901119,2847.076661,2845.57719001232
453.36381,0.46833,-29.900777,2846.777652,2845.667519174959
453.37381,0.467791,-29.900435,2846.478646,2846.0722944832
453.38381,0.467254,-29.900094,2846.179643,2845.0452059857607
453.39381,0.46672,-29.899752,2845.880644,2847.9321862539987
453.40381,0.466189,-29.89941,2845.581648,2847.1133183315815
453.41381,0.465661,-29.899068,2845.282656,2843.880650691524
453.42381,0.465136,-29.898726,2844.983667,2845.008284301714
453.43381,0.464613,-29.898385,2844.684681,2846.2416768276316
453.44381,0.464094,-29.898043,2844.385699,2842.090829902359
453.45381,0.463577,-29.897701,2844.08672,2840.9462398409933
453.46381,0.463064,-29.897359,2843.787745,2843.796995326885
453.47381,0.462553,-29.897017,2843.488773,2845.8406514318685
453.48381,0.462045,-29.896675,2843.189805,2845.4894962182884
453.49381,0.46154,-29.896333,2842.89084,2842.8209698539767
453.50381,0.461037,-29.895991,2842.591878,2842.33957242018
453.51381,0.460538,-29.895649,2842.29292,2843.1300551582503
453.52381,0.460041,-29.895306,2841.993965,2840.3612196801737
453.53381,0.459547,-29.894964,2841.695014,2839.8327394030207
453.54381,0.459056,-29.894622,2841.396066,2841.5740408163792
453.55381,0.458567,-29.89428,2841.097121,2840.1165798127354
453.56381,0.458082,-29.893937,2840.79818,2838.9878495850976
453.57381,0.457598,-29.893595,2840.499243,2841.6417080101855
453.58381,0.457118,-29.893253,2840.200308,2840.112961161697
453.59381,0.456641,-29.89291,2839.901378,2840.906627536136
453.60381,0.456166,-29.892568,2839.60245,2838.320189999587
453.61381,0.455693,-29.892225,2839.303526,2838.7726741277343
453.62381,0.455224,-29.891882,2839.004606,2839.1303242665713
453.63381,0.454757,-29.89154,2838.705689,2838.1801734925557
453.64381,0.454292,-29.891197,2838.406775,2836.660672278753
453.65381,0.453831,-29.890854,2838.107865,2836.5207229087027
453.66381,0.453372,-29.890511,2837.808958,2838.945853924568
453.67381,0.452915,-29.890169,2837.510054,2836.7232072132892
453.68381,0.452461,-29.889826,2837.211154,2836.8625668981404
453.69381,0.45201,-29.889483,2836.912258,2837.3639497281215
453.70381,0.451561,-29.88914,2836.613365,2836.341223531036
453.71381,0.451115,-29.888796,2836.314475,2838.4069311695134
453.72381,0.450672,-29.888453,2836.015589,2834.0617148833094
453.73381,0.450231,-29.88811,2835.716706,2839.1271400139617
453.74381,0.449792,-29.887767,2835.417827,2835.966061714716
453.75381,0.449356,-29.887423,2835.118951,2832.5269468790266
453.76381,0.448922,-29.88708,2834.820078,2831.664912858243
453.77381,0.448491,-29.886736,2834.521209,2835.9718899488175
453.78381,0.448063,-29.886393,2834.222343,2833.751946050858
453.79381,0.447637,-29.886049,2833.923481,2834.8354675093997
453.80381,0.447213,-29.885705,2833.624622,2832.885700810418
453.81381,0.446792,-29.885362,2833.325767,2833.06326707828
453.82381,0.446373,-29.885018,2833.026915,2834.4875774225193
453.83381,0.445957,-29.884674,2832.728067,2831.2061886596775
453.84381,0.445543,-29.88433,2832.429222,2832.7398259822585
453.85381,0.445131,-29.883986,2832.13038,2831.504104270915
453.86381,0.444722,-29.883642,2831.831542,2832.1515964603336
453.87381,0.444315,-29.883297,2831.532707,2831.0157571004106
453.88381,0.443911,-29.882953,2831.233876,2831.9081306219127
453.89381,0.443509,-29.882609,2830.935048,2829.1260838990634
453.90381,0.443109,-29.882264,2830.636224,2830.712328721616
453.91381,0.442712,-29.88192,2830.337403,2829.9105734268733
453.92381,0.442317,-29.881575,2830.038586,2830.9380667986657
453.93381,0.441924,-29.88123,2829.739771,2828.8845751125878
453.94381,0.441534,-29.880886,2829.440961,2831.397927851849
453.95381,0.441146,-29.880541,2829.142154,2828.131624977172
453.96381,0.44076,-29.880196,2828.84335,2829.33393132922
453.97381,0.440376,-29.879851,2828.54455,2828.5073674383675
453.98381,0.439995,-29.879506,2828.245753,2829.3970989529616
453.99381,0.439616,-29.879161,2827.94696,2827.061046760143
454.00381,0.439239,-29.878815,2827.64817,2826.955185441459
454.01381,0.438864,-29.87847,2827.349383,2828.420402577722
454.02381,0.438492,-29.878125,2827.0506,2827.3604218806654
454.03381,0.438122,-29.877779,2826.751821,2825.7353235734236
454.04381,0.437754,-29.877434,2826.453045,2829.020547907201
454.05381,0.437388,-29.877088,2826.154272,2824.192631989991
454.06381,0.437025,-29.876742,2825.855503,2826.140468798599
454.07381,0.436663,-29.876396,2825.556737,2826.6020162601967
454.08381,0.436304,-29.87605,2825.257975,2829.664194847469
454.09381,0.435947,-29.875704,2824.959216,2825.8963923328038
454.10381,0.435592,-29.875358,2824.660461,2823.9667625699285
454.11381,0.435239,-29.875012,2824.361709,2823.290244396032
454.12381,0.434888,-29.874666,2824.062961,2822.965361134829
454.13381,0.434539,-29.874319,2823.764216,2826.320867911369
454.14381,0.434193,-29.873973,2823.465474,2823.7780411820972
454.15381,0.433848,-29.873626,2823.166736,2823.3710670385917
454.16381,0.433506,-29.87328,2822.868002,2821.922074453863
454.17381,0.433165,-29.872933,2822.569271,2820.9910584956765
454.18381,0.432827,-29.872586,2822.270543,2826.0417877248196
454.19381,0.432491,-29.872239,2821.971819,2821.916471598499
454.20381,0.432156,-29.871892,2821.673099,2821.9389302185937
454.21381,0.431824,-29.871545,2821.374381,2818.066795032227
454.22381,0.431494,-29.871198,2821.075668,2818.777936211758
454.23381,0.431166,-29.87085,2820.776957,2820.582842682973
454.24381,0.430839,-29.870503,2820.478251,2819.059314930256
454.25381,0.430515,-29.870155,2820.179547,2824.258344275745
454.26381,0.430193,-29.869808,2819.880848,2818.865760654696
454.27381,0.429873,-29.86946,2819.582151,2818.233882782874
454.28381,0.429554,-29.869112,2819.283458,2819.581674259146
454.29381,0.429238,-29.868764,2818.984769,2820.4524388251166
454.30381,0.428923,-29.868416,2818.686083,2820.64277154639
454.31381,0.428611,-29.868068,2818.387401,2816.6932692171385
454.32381,0.4283,-29.86772,2818.088722,2815.700319065881
454.33381,0.427991,-29.867372,2817.790046,2814.7981988934152
454.34381,0.427684,-29.867023,2817.491374,2815.2394095658965
454.35381,0.427379,-29.866675,2817.192706,2817.8950265020767
454.36381,0.427076,-29.866326,2816.894041,2816.4189558298367
454.37381,0.426775,-29.865978,2816.595379,2816.1314918784046
454.38381,0.426476,-29.865629,2816.296721,2817.652242403991
454.39381,0.426178,-29.86528,2815.998067,2817.863286185333
454.40381,0.425883,-29.864931,2815.699416,2815.4031331029832
454.41381,0.425589,-29.864582,2815.400768,2813.3942548805035
454.42381,0.425297,-29.864233,2815.102124,2812.411657137082
454.43381,0.425006,-29.863884,2814.803483,2812.646882547619
454.44381,0.424718,-29.863534,2814.504846,2814.652661218102
454.45381,0.424431,-29.863185,2814.206213,2815.8000054900735
454.46381,0.424147,-29.862835,2813.907583,2812.8858393952064
454.47381,0.423863,-29.862485,2813.608956,2812.233734804825
454.48381,0.423582,-29.862136,2813.310333,2814.0041463570233
454.49381,0.423303,-29.861786,2813.011713,2813.8925661335047
454.50381,0.423025,-29.861436,2812.713097,2811.013810436675
454.51381,0.422749,-29.861086,2812.414485,2812.068606548117
454.52381,0.422474,-29.860736,2812.115875,2811.7946415449373
454.53381,0.422202,-29.860385,2811.81727,2812.662205414222
454.54381,0.421931,-29.860035,2811.518668,2811.054079744466
454.55381,0.421662,-29.859684,2811.220069,2809.8477221815338
454.56381,0.421394,-29.859334,2810.921474,2810.782055521507
454.57381,0.421128,-29.858983,2810.622882,2810.343146455856
454.58381,0.420864,-29.858632,2810.324294,2810.281958233082
454.59381,0.420601,-29.858281,2810.02571,2810.1900356776664
454.60381,0.420341,-29.85793,2809.727129,2810.667987339332
454.61381,0.420081,-29.857579,2809.428551,2808.768681757939
454.62381,0.419824,-29.857228,2809.129977,2809.3285220294915
454.63381,0.419568,-29.856877,2808.831407,2808.4617308464735
454.64381,0.419314,-29.856525,2808.53284,2807.4605667704627
454.65381,0.419061,-29.856174,2808.234276,2809.2064137626307
454.66381,0.41881,-29.855822,2807.935716,2808.250409727608
454.67381,0.41856,-29.85547,2807.63716,2805.7039281309344
454.68381,0.418312,-29.855119,2807.338607,2806.629758283637
454.69381,0.418066,-29.854767,2807.040057,2805.5449053166376
454.70381,0.417821,-29.854415,2806.741511,2808.4643422896115
454.71381,0.417578,-29.854062,2806.442969,2807.5431659739447
454.72381,0.417337,-29.85371,2806.14443,2805.8663234137894
454.73381,0.417097,-29.853358,2805.845895,2806.238432867126
454.74381,0.416858,-29.853005,2805.547363,2805.8976114377324
454.75381,0.416621,-29.852653,2805.248835,2804.6772281373114
454.76381,0.416385,-29.8523,2804.95031,2802.5012586139574
454.77381,0.416151,-29.851947,2804.651789,2806.0923006858084
454.78381,0.415919,-29.851595,2804.353271,2803.7296509553735
454.79381,0.415688,-29.851242,2804.054757,2804.4989937047962
454.80381,0.415459,-29.850888,2803.756246,2804.4993606764488
454.81381,0.415231,-29.850535,2803.457739,2803.8588589697883
454.82381,0.415004,-29.850182,2803.159235,2804.572360563509
454.83381,0.414779,-29.849829,2802.860735,2803.6576154311833
454.84381,0.414555,-29.849475,2802.562239,2802.080215982505
454.85381,0.414333,-29.849122,2802.263746,2801.863417857524
454.86381,0.414112,-29.848768,2801.965256,2801.4323550607423
454.87381,0.413893,-29.848414,2801.666771,2801.7885834478775
454.88381,0.413675,-29.84806,2801.368288,2803.746825079565
454.89381,0.413459,-29.847706,2801.069809,2801.9026073665646
454.90381,0.413244,-29.847352,2800.771334,2800.934297135218
454.91381,0.41303,-29.846998,2800.472862,2801.852859769882
454.92381,0.412818,-29.846643,2800.174394,2797.3425436658254
454.93381,0.412607,-29.846289,2799.875929,2798.032053797282
454.94381,0.412398,-29.845935,2799.577468,2801.6766761868944
454.95381,0.41219,-29.84558,2799.279011,2799.825679116597
454.96381,0.411983,-29.845225,2798.980557,2799.9069459118814
454.97381,0.411778,-29.84487,2798.682106,2796.724646458858
454.98381,0.411574,-29.844515,2798.383659,2798.0703849088536
454.99381,0.411371,-29.84416,2798.085216,2799.024409172306
455.00381,0.41117,-29.843805,2797.786776,2793.201740376881
455.01381,0.41097,-29.84345,2797.48834,2797.2974160385866
455.02381,0.410771,-29.843095,2797.189907,2796.193387800962
455.03381,0.410573,-29.842739,2796.891478,2799.3674652314403
455.04381,0.410377,-29.842384,2796.593052,2799.790534503805
455.05381,0.410183,-29.842028,2796.29463,2793.3966289495743
455.06381,0.409989,-29.841672,2795.996212,2794.6200544055373
455.07381,0.409797,-29.841316,2795.697797,2796.185380340486
455.08381,0.409606,-29.84096,2795.399385,2795.335088371366
455.09381,0.409416,-29.840604,2795.100978,2794.5045966333623
455.10381,0.409228,-29.840248,2794.802573,2794.557357158913
455.11381,0.409041,-29.839892,2794.504173,2795.858423990758
455.12381,0.408855,-29.839536,2794.205776,2793.0449838816767
455.13381,0.40867,-29.839179,2793.907382,2793.9016452600076
455.14381,0.408487,-29.838823,2793.608992,2793.630614607062
455.15381,0.408305,-29.838466,2793.310606,2792.2194046484847
455.16381,0.408124,-29.838109,2793.012223,2791.2961408774786
455.17381,0.407944,-29.837752,2792.713843,2795.847521048955
455.18381,0.407765,-29.837395,2792.415468,2792.9253001591933
455.19381,0.407588,-29.837038,2792.117095,2789.741637993957
455.20381,0.407412,-29.836681,2791.818727,2791.7226183152807
455.21381,0.407237,-29.836324,2791.520362,2791.8355028069695
455.22381,0.407063,-29.835966,2791.222,2791.0747981412105
455.23381,0.406891,-29.835609,2790.923642,2792.3271185660374
455.24381,0.406719,-29.835251,2790.625288,2788.7338997294773
455.25381,0.406549,-29.834894,2790.326937,2790.0248481210856
455.26381,0.40638,-29.834536,2790.02859,2787.7866479950185
455.27381,0.406212,-29.834178,2789.730247,2788.875744916858
455.28381,0.406045,-29.83382,2789.431907,2787.4543505055885
455.29381,0.405879,-29.833462,2789.13357,2790.1214108531467
455.30381,0.405714,-29.833104,2788.835237,2790.037744597621
455.31381,0.405551,-29.832746,2788.536908,2789.2981015423356
455.32381,0.405389,-29.832387,2788.238583,2786.7387520772495
455.33381,0.405227,-29.832029,2787.94026,2792.063202491232
455.34381,0.405067,-29.83167,2787.641942,2786.870445438526
455.35381,0.404908,-29.831312,2787.343627,2788.325675604954
455.36381,0.40475,-29.830953,2787.045316,2785.6785667482636
455.37381,0.404593,-29.830594,2786.747008,2786.8253079280094
455.38381,0.404437,-29.830235,2786.448704,2787.092026246614
455.39381,0.404283,-29.829876,2786.150403,2786.525294103852
455.40381,0.404129,-29.829517,2785.852106,2786.987190228368
455.41381,0.403976,-29.829158,2785.553813,2783.0946155518373
455.42381,0.403825,-29.828798,2785.255523,2783.5105614660774
455.43381,0.403674,-29.828439,2784.957237,2786.212983748278
455.44381,0.403525,-29.82808,2784.658954,2782.381629033521
455.45381,0.403376,-29.82772,2784.360675,2782.8690847603075
455.46381,0.403229,-29.82736,2784.0624,2782.1927363471386
455.47381,0.403082,-29.827,2783.764128,2783.094795211355
455.48381,0.402937,-29.826641,2783.46586,2783.7963696974393
455.49381,0.402793,-29.826281,2783.167595,2782.14443039713
455.50381,0.402649,-29.82592,2782.869334,2780.658177559899
455.51381,0.402507,-29.82556,2782.571077,2782.9180098557695
455.52381,0.402365,-29.8252,2782.272823,2781.2592388344924
455.53381,0.402225,-29.82484,2781.974573,2783.132264200042
455.54381,0.402085,-29.824479,2781.676326,2780.2532119868874
455.55381,0.401947,-29.824119,2781.378083,2779.9451018156806
455.56381,0.401809,-29.823758,2781.079844,2780.161177863857
455.57381,0.401673,-29.823397,2780.781608,2779.356286426642
455.58381,0.401537,-29.823036,2780.483376,2782.784103460802
455.59381,0.401403,-29.822676,2780.185148,2774.874302303249
455.60381,0.401269,-29.822315,2779.886923,2780.008384392029
455.61381,0.401136,-29.821953,2779.588701,2777.677995767111
455.62381,0.401004,-29.821592,2779.290484,2780.9358697912917
455.63381,0.400873,-29.821231,2778.992269,2778.731800916934
455.64381,0.400743,-29.82087,2778.694059,2778.675241488378
455.65381,0.400614,-29.820508,2778.395852,2777.6877717473944
455.66381,0.400486,-29.820147,2778.097649,2778.5608159040635
455.67381,0.400359,-29.819785,2777.799449,2778.670747797436
455.68381,0.400233,-29.819423,2777.501253,2776.9427327354456
455.69381,0.400107,-29.819061,2777.203061,2775.123841814784
455.70381,0.399982,-29.818699,2776.904872,2774.7401276158785
455.71381,0.399859,-29.818337,2776.606687,2774.2942501947678
455.72381,0.399736,-29.817975,2776.308505,2777.2043406700436
455.73381,0.399614,-29.817613,2776.010327,2775.310084466438
455.74381,0.399493,-29.817251,2775.712153,2775.542505700287
455.75381,0.399373,-29.816889,2775.413982,2774.014892824665
455.76381,0.399253,-29.816526,2775.115815,2774.860331305538
455.77381,0.399135,-29.816164,2774.817652,2774.6549724680726
455.78381,0.399017,-29.815801,2774.519492,2772.4957491598157
455.79381,0.3989,-29.815438,2774.221336,2774.0929086729902
455.80381,0.398784,-29.815076,2773.923183,2773.5378310680826
455.81381,0.398669,-29.814713,2773.625034,2771.6761661932537
455.82381,0.398555,-29.81435,2773.326889,2773.3245736835106
455.83381,0.398441,-29.813987,2773.028747,2774.9777156633018
455.84381,0.398329,-29.813624,2772.730609,2774.9551233413604
455.85381,0.398217,-29.81326,2772.432475,2770.582390391044
455.86381,0.398106,-29.812897,2772.134344,2771.0519029689544
455.87381,0.397995,-29.812534,2771.836217,2773.8098811095606
455.88381,0.397886,-29.81217,2771.538093,2771.2767538232856
455.89381,0.397777,-29.811807,2771.239973,2772.5862589455032
455.90381,0.397669,-29.811443,2770.941857,2771.0290253523613
455.91381,0.397562,-29.811079,2770.643744,2771.0485179480743
455.92381,0.397456,-29.810715,2770.345635,2769.9676536322127
455.93381,0.39735,-29.810351,2770.04753,2768.5341394114816
455.94381,0.397246,-29.809988,2769.749428,2767.742679511767
455.95381,0.397142,-29.809623,2769.45133,2768.4984248286223
455.96381,0.397038,-29.809259,2769.153236,2770.4501508482394
455.97381,0.396936,-29.808895,2768.855145,2767.3604093831827
455.98381,0.396834,-29.808531,2768.557058,2769.005125046458
455.99381,0.396733,-29.808166,2768.258975,2770.5903073587856
456.00381,0.396633,-29.807802,2767.960895,2767.087916390849
456.01381,0.396533,-29.807437,2767.662818,2769.5749458250475
456.02381,0.396434,-29.807073,2767.364746,2765.081930444286
456.03381,0.396336,-29.806708,2767.066677,2764.941502440951
456.04381,0.396239,-29.806343,2766.768612,2768.56685810756
456.05381,0.396142,-29.805978,2766.47055,2767.844996696496
456.06381,0.396046,-29.805613,2766.172492,2762.6247266196215
456.07381,0.395951,-29.805248,2765.874438,2764.3740794642063
456.08381,0.395856,-29.804883,2765.576387,2764.3266386318173
456.09381,0.395762,-29.804518,2765.27834,2764.495957244877
456.10381,0.395669,-29.804153,2764.980297,2764.320484831346
456.11381,0.395577,-29.803788,2764.682257,2765.9785921827092
456.12381,0.395485,-29.803422,2764.384221,2763.3314049978767
456.13381,0.395394,-29.803057,2764.086189,2767.635971299598
456.14381,0.395303,-29.802691,2763.78816,2764.3706224593625
456.15381,0.395214,-29.802325,2763.490135,2761.8213667862415
456.16381,0.395125,-29.80196,2763.192113,2762.0597718684753
456.17381,0.395036,-29.801594,2762.894096,2764.1851433889674
456.18381,0.394948,-29.801228,2762.596082,2760.879568893082
456.19381,0.394861,-29.800862,2762.298071,2764.5858078766105
456.20381,0.394775,-29.800496,2762.000064,2761.8115778700985
456.21381,0.394689,-29.80013,2761.702061,2763.222839933499
456.22381,0.394604,-29.799764,2761.404062,2762.8760200277484
456.23381,0.394519,-29.799397,2761.106066,2759.484294293424
456.24381,0.394435,-29.799031,2760.808074,2761.010313658247
456.25381,0.394352,-29.798665,2760.510085,2758.6858672037583
456.26381,0.394269,-29.798298,2760.212101,2760.6869128124895
456.27381,0.394187,-29.797932,2759.914119,2758.876688636862
456.28381,0.394106,-29.797565,2759.616142,2757.2970516740875
456.29381,0.394025,-29.797198,2759.318168,2757.2897842918733
456.30381,0.393945,-29.796832,2759.020198,2758.9921910012636
456.31381,0.393865,-29.796465,2758.722231,2755.490428430099
456.32381,0.393786,-29.796098,2758.424269,2757.30505139165
456.33381,0.393708,-29.795731,2758.126309,2759.237804777489
456.34381,0.39363,-29.795364,2757.828354,2756.6061390371433
456.35381,0.393553,-29.794997,2757.530402,2756.5436413091184
456.36381,0.393477,-29.79463,2757.232454,2755.2785597668517
456.37381,0.393401,-29.794262,2756.93451,2756.074703127118
456.38381,0.393325,-29.793895,2756.636569,2755.4096019460108
456.39381,0.39325,-29.793528,2756.338632,2756.4988165409736
456.40381,0.393176,-29.79316,2756.040698,2759.5104271610935
456.41381,0.393102,-29.792792,2755.742769,2754.773990380463
456.42381,0.393029,-29.792425,2755.444842,2755.372858880008
456.43381,0.392957,-29.792057,2755.14692,2753.488489415509
456.44381,0.392884,-29.791689,2754.849001,2752.2308237635266
456.45381,0.392813,-29.791322,2754.551086,2754.534299219658
456.46381,0.392742,-29.790954,2754.253175,2755.9593066902935
456.47381,0.392672,-29.790586,2753.955267,2755.871825038858
456.48381,0.392602,-29.790218,2753.657363,2753.4498723425986
456.49381,0.392533,-29.78985,2753.359463,2753.3055038930233
456.50381,0.392464,-29.789481,2753.061566,2754.198025879073
456.51381,0.392396,-29.789113,2752.763673,2754.6824698767973
456.52381,0.392328,-29.788745,2752.465784,2752.1671085117146
456.53381,0.392261,-29.788377,2752.167898,2754.2865388359705
456.54381,0.392194,-29.788008,2751.870016,2750.3165376340016
456.55381,0.392128,-29.78764,2751.572138,2750.0489197632046
456.56381,0.392062,-29.787271,2751.274264,2749.2200132853072
456.57381,0.391997,-29.786903,2750.976393,2753.1603056721215
456.58381,0.391933,-29.786534,2750.678525,2750.464696847983
456.59381,0.391869,-29.786165,2750.380662,2747.2122555952897
456.60381,0.391805,-29.785796,2750.082802,2751.7340154258254
456.61381,0.391742,-29.785427,2749.784946,2751.3711805513135
456.62381,0.391679,-29.785058,2749.487094,2748.8275193466834
456.63381,0.391617,-29.784689,2749.189245,2748.5494710284106
456.64381,0.391556,-29.78432,2748.8914,2749.101335283459
456.65381,0.391494,-29.783951,2748.593558,2747.7371739420832
456.66381,0.391434,-29.783582,2748.295721,2749.131485785042
456.67381,0.391374,-29.783213,2747.997887,2747.6251236503585
456.68381,0.391314,-29.782844,2747.700057,2744.461385373182
456.69381,0.391255,-29.782474,2747.40223,2747.7230659723327
456.70381,0.391196,-29.782105,2747.104407,2746.942168211241
456.71381,0.391138,-29.781735,2746.806588,2746.6565670438404
456.72381,0.39108,-29.781366,2746.508772,2748.864554386806
456.73381,0.391022,-29.780996,2746.210961,2745.12677359936
456.74381,0.390966,-29.780626,2745.913152,2743.516353531133
456.75381,0.390909,-29.780257,2745.615348,2745.110717541725
456.76381,0.390853,-29.779887,2745.317547,2747.91576961147
456.77381,0.390798,-29.779517,2745.01975,2745.0616015633377
456.78381,0.390742,-29.779147,2744.721957,2742.746436784822
456.79381,0.390688,-29.778777,2744.424167,2746.818860932489
456.80381,0.390634,-29.778407,2744.126381,2745.625984828662
456.81381,0.39058,-29.778037,2743.828599,2743.2523589907264
456.82381,0.390526,-29.777667,2743.530821,2743.7180233314657
456.83381,0.390473,-29.777297,2743.233046,2740.9138749042017
456.84381,0.390421,-29.776926,2742.935275,2741.8358486265274
456.85381,0.390369,-29.776556,2742.637507,2740.796734334861
456.86381,0.390317,-29.776186,2742.339744,2744.973238865627
456.87381,0.390266,-29.775815,2742.041984,2741.2578736034875
456.88381,0.390215,-29.775445,2741.744227,2742.483225497835
456.89381,0.390165,-29.775074,2741.446475,2739.5516904237616
456.90381,0.390115,-29.774704,2741.148726,2742.832508036694
456.91381,0.390065,-29.774333,2740.850981,2743.52233651262
456.92381,0.390016,-29.773962,2740.553239,2739.2550373193553
456.93381,0.389967,-29.773592,2740.255501,2738.6246831063954
456.94381,0.389919,-29.773221,2739.957767,2741.128126483261
456.95381,0.389871,-29.77285,2739.660037,2741.791818490726
456.96381,0.389823,-29.772479,2739.36231,2738.9304360844108
456.97381,0.389776,-29.772108,2739.064587,2737.6859199334676
456.98381,0.389729,-29.771737,2738.766868,2741.6105404439495
456.99381,0.389683,-29.771366,2738.469153,2739.5162516347896
457.00381,0.389637,-29.770995,2738.171441,2737.1116488113757
457.01381,0.389591,-29.770624,2737.873733,2736.8707442792925
457.02381,0.389546,-29.770252,2737.576028,2736.1479087058815
457.03381,0.389501,-29.769881,2737.278328,2735.8210098796258
457.04381,0.389456,-29.76951,2736.980631,2734.592018119459
457.05381,0.389412,-29.769138,2736.682938,2735.0696134125283
457.06381,0.389368,-29.768767,2736.385248,2735.3921864512654
457.07381,0.389325,-29.768395,2736.087562,2735.400045076878
457.08381,0.389282,-29.768024,2735.78988,2735.529463393398
457.09381,0.389239,-29.767652,2735.492202,2734.3607985117014
457.10381,0.389197,-29.767281,2735.194527,2735.2811871140593
457.11381,0.389155,-29.766909,2734.896856,2735.468273006759
457.12381,0.389113,-29.766537,2734.599189,2734.955935233819
457.13381,0.389072,-29.766165,2734.301525,2736.398288179639
457.14381,0.389031,-29.765794,2734.003866,2735.121526968302
457.15381,0.38899,-29.765422,2733.70621,2735.3485207502595
457.16381,0.38895,-29.76505,2733.408557,2734.5179288929144
457.17381,0.38891,-29.764678,2733.110909,2733.7556991304623
457.18381,0.388871,-29.764306,2732.813264,2733.228192137545
457.19381,0.388831,-29.763934,2732.515622,2731.9905818917773
457.20381,0.388792,-29.763561,2732.217985,2729.9278680392117
457.21381,0.388754,-29.763189,2731.920351,2732.210085341482
457.22381,0.388716,-29.762817,2731.622721,2730.2643736443792
457.23381,0.388678,-29.762445,2731.325095,2730.461674837162
457.24381,0.38864,-29.762072,2731.027472,2728.651533630191
457.25381,0.388603,-29.7617,2730.729853,2729.1038186618975
457.26381,0.388566,-29.761328,2730.432238,2728.1973403305446
457.27381,0.388529,-29.760955,2730.134627,2730.7424909472134
457.28381,0.388493,-29.760583,2729.837019,2729.152912657141
457.29381,0.388457,-29.76021,2729.539415,2730.166732033031
457.30381,0.388421,-29.759838,2729.241815,2732.013434530636
457.31381,0.388386,-29.759465,2728.944218,2729.3285672689326
457.32381,0.388351,-29.759092,2728.646626,2728.362688229698
457.33381,0.388316,-29.75872,2728.349037,2728.50360620138
457.34381,0.388281,-29.758347,2728.051451,2726.1875283181994
457.35381,0.388247,-29.757974,2727.75387,2728.476654430214
457.36381,0.388213,-29.757601,2727.456292,2727.5036859899105
457.37381,0.38818,-29.757228,2727.158718,2727.4344547865153
457.38381,0.388146,-29.756855,2726.861147,2723.682273982713
457.39381,0.388113,-29.756482,2726.563581,2723.7911056095036
457.40381,0.388081,-29.756109,2726.266018,2728.735313232261
457.41381,0.388048,-29.755736,2725.968458,2728.191477342195
457.42381,0.388016,-29.755363,2725.670903,2727.774336615053
457.43381,0.387984,-29.75499,2725.373351,2725.4182644207335
457.44381,0.387953,-29.754617,2725.075803,2726.2865335498345
457.45381,0.387921,-29.754244,2724.778259,2725.55558594908
457.46381,0.38789,-29.75387,2724.480718,2723.1984025883553
457.47381,0.38786,-29.753497,2724.183181,2724.8453390337036
457.48381,0.387829,-29.753124,2723.885648,2724.7034869275903
457.49381,0.387799,-29.75275,2723.588119,2723.181906116915
457.50381,0.387769,-29.752377,2723.290593,2726.8168117920222
457.51381,0.387739,-29.752004,2722.993071,2720.97419721176
457.52381,0.38771,-29.75163,2722.695553,2721.614689659702
457.53381,0.387681,-29.751256,2722.398039,2721.9806570716546
457.54381,0.387652,-29.750883,2722.100528,2720.093824123941
457.55381,0.387623,-29.750509,2721.803021,2722.1096860190205
457.56381,0.387595,-29.750136,2721.505518,2720.134090999436
457.57381,0.387567,-29.749762,2721.208018,2721.3329100470187
457.58381,0.387539,-29.749388,2720.910523,2721.8272850010126
457.59381,0.387511,-29.749014,2720.613031,2720.3566693540984
457.60381,0.387484,-29.748641,2720.315542,2720.966397960811
457.61381,0.387457,-29.748267,2720.018058,2719.41972631273
457.62381,0.38743,-29.747893,2719.720577,2717.3251192053426
457.63381,0.387403,-29.747519,2719.4231,2721.5015595633868
457.64381,0.387377,-29.747145,2719.125627,2720.8087013209874
457.65381,0.387351,-29.746771,2718.828157,2719.116658701234
457.66381,0.387325,-29.746397,2718.530691,2719.100569110668
457.67381,0.387299,-29.746023,2718.233229,2716.8676796232994
457.68381,0.387274,-29.745649,2717.935771,2716.6471574866378
457.69381,0.387249,-29.745275,2717.638316,2719.5138975225973
457.70381,0.387224,-29.744901,2717.340865,2717.203104061937
457.71381,0.387199,-29.744526,2717.043418,2713.95685273678
457.72381,0.387175,-29.744152,2716.745975,2715.7813282557418
457.73381,0.38715,-29.743778,2716.448535,2719.048369979665
457.74381,0.387126,-29.743404,2716.151099,2715.431444458638
457.75381,0.387102,-29.743029,2715.853667,2714.4413803241937
457.76381,0.387079,-29.742655,2715.556239,2716.889968462067
457.77381,0.387055,-29.74228,2715.258814,2714.256657306627
457.78381,0.387032,-29.741906,2714.961393,2716.421386865647
457.79381,0.387009,-29.741532,2714.663976,2711.266312404479
457.80381,0.386987,-29.741157,2714.366562,2714.0094510168524
457.81381,0.386964,-29.740782,2714.069153,2711.7823278398223
457.82381,0.386942,-29.740408,2713.771747,2713.4447197538952
457.83381,0.38692,-29.740033,2713.474344,2712.0265761786727
457.84381,0.386898,-29.739659,2713.176946,2715.8764354174627
457.85381,0.386876,-29.739284,2712.879551,2712.7454079350555
457.86381,0.386855,-29.738909,2712.58216,2711.1435281159875
457.87381,0.386834,-29.738535,2712.284773,2710.220673179952
457.88381,0.386813,-29.73816,2711.98739,2713.619530293658
457.89381,0.386792,-29.737785,2711.69001,2708.383826203903
457.90381,0.386771,-29.73741,2711.392634,2708.6826309070893
457.91381,0.386751,-29.737035,2711.095262,2709.7504491350164
457.92381,0.38673,-29.736661,2710.797893,2711.793392909136
457.93381,0.38671,-29.736286,2710.500528,2710.818755182155
457.94381,0.38669,-29.735911,2710.203167,2711.1291361578824
457.95381,0.386671,-29.735536,2709.90581,2710.9844958035005
457.96381,0.386651,-29.735161,2709.608457,2708.56160956842
457.97381,0.386632,-29.734786,2709.311107,2708.403983884517
457.98381,0.386613,-29.734411,2709.013761,2708.6194813523966
457.99381,0.386594,-29.734036,2708.716419,2709.0207771069718
458.00381,0.386575,-29.733661,2708.41908,2707.835134604752
458.01381,0.386557,-29.733285,2708.121746,2705.630814892841
458.02381,0.386538,-29.73291,2707.824415,2706.940145822834
458.03381,0.38652,-29.732535,2707.527087,2706.1549872202986
458.04381,0.386502,-29.73216,2707.229764,2702.506115101193
458.05381,0.386484,-29.731785,2706.932444,2706.085284593643
458.06381,0.386467,-29.731409,2706.635128,2704.777909412896
458.07381,0.386449,-29.731034,2706.337816,2706.128646905489
458.08381,0.386432,-29.730659,2706.040508,2703.7735464972316
458.09381,0.386415,-29.730283,2705.743203,2705.915220772742
458.10381,0.386398,-29.729908,2705.445902,2703.1386032166397
458.11381,0.386381,-29.729533,2705.148605,2704.1298222889686
458.12381,0.386365,-29.729157,2704.851311,2701.876301725233
458.13381,0.386348,-29.728782,2704.554022,2703.6863893593722
458.14381,0.386332,-29.728406,2704.256736,2701.9144662369263
458.15381,0.386316,-29.728031,2703.959453,2704.9520866415796
458.16381,0.3863,-29.727655,2703.662175,2703.6968153406665
458.17381,0.386284,-29.72728,2703.3649,2705.497807612049
458.18381,0.385878,-29.726904,2703.067629,2701.2698302807285
458.19381,0.384368,-29.726529,2702.770362,2702.4384972515986
458.20381,0.382865,-29.726155,2702.473101,2702.2956696660467
458.21381,0.381366,-29.725781,2702.175843,2702.2398774612816
458.22381,0.37987,-29.725408,2701.878587,2701.108885728058
458.23381,0.37838,-29.725035,2701.581335,2701.4771303349153
458.24381,0.376895,-29.724663,2701.284086,2697.6592699723105
458.25381,0.375414,-29.724291,2700.986841,2700.2730842082265
458.26381,0.373938,-29.723919,2700.6896,2698.3214835638582
458.27381,0.372466,-29.723548,2700.392363,2702.591634753888
458.28381,0.371,-29.723178,2700.095129,2700.8453707193685
458.29381,0.369537,-29.722807,2699.7979,2699.049599492031
458.30381,0.36808,-29.722438,2699.500673,2697.690021654089
458.31381,0.366627,-29.722068,2699.203451,2700.923770222176
458.32381,0.365179,-29.7217,2698.906232,2696.9871481293394
458.33381,0.363735,-29.721331,2698.609017,2698.858470096577
458.34381,0.362296,-29.720963,2698.311805,2699.3223321075975
458.35381,0.360861,-29.720595,2698.014598,2698.220248961079
458.36381,0.359431,-29.720228,2697.717393,2698.162918800413
458.37381,0.358006,-29.719861,2697.420193,2697.7123763506247
458.38381,0.356585,-29.719495,2697.122996,2695.8158741455495
458.39381,0.355169,-29.719129,2696.825803,2697.3878831228367
458.40381,0.353757,-29.718763,2696.528614,2697.638971777694
458.41381,0.352349,-29.718398,2696.231428,2698.7046240685054
458.42381,0.350946,-29.718033,2695.934246,2695.7104992824975
458.43381,0.349548,-29.717668,2695.637067,2695.1387081165935
458.44381,0.348154,-29.717304,2695.339892,2696.085060666535
458.45381,0.346764,-29.71694,2695.042721,2695.1410702238004
458.46381,0.345379,-29.716576,2694.745553,2694.179331517738
458.47381,0.343998,-29.716213,2694.44839,2694.9945614198746
458.48381,0.342621,-29.71585,2694.151229,2693.0454030294313
458.49381,0.341249,-29.715487,2693.854073,2692.184016099657
458.50381,0.339882,-29.715125,2693.556919,2693.948588808905
458.51381,0.338518,-29.714763,2693.25977,2692.176918795651
458.52381,0.337159,-29.714401,2692.962624,2691.1212442741025
458.53381,0.335805,-29.71404,2692.665482,2692.2788527869648
458.54381,0.334454,-29.713678,2692.368343,2690.967076633617
458.55381,0.333108,-29.713317,2692.071208,2691.5038519822456
458.56381,0.331767,-29.712957,2691.774077,2691.9116241847423
458.57381,0.330429,-29.712597,2691.476949,2691.514851119577
458.58381,0.329096,-29.712236,2691.179825,2689.998429919391
458.59381,0.327767,-29.711877,2690.882705,2690.2398968456487
458.60381,0.326442,-29.711517,2690.585588,2688.5724386806096
458.61381,0.325122,-29.711158,2690.288474,2689.451926184646
458.62381,0.323805,-29.710799,2689.991364,2690.0266350079255
458.63381,0.322493,-29.71044,2689.694258,2690.613772936207
458.64381,0.321185,-29.710082,2689.397156,2689.6468368248957
458.65381,0.319882,-29.709723,2689.100057,2688.519641912482
458.66381,0.318582,-29.709365,2688.802961,2687.762164685024
458.67381,0.317287,-29.709007,2688.505869,2689.0400452716995
458.68381,0.315996,-29.70865,2688.208781,2688.4546826335404
458.69381,0.314709,-29.708292,2687.911696,2688.9254546134703
458.70381,0.313426,-29.707935,2687.614615,2685.424819453229
458.71381,0.312147,-29.707578,2687.317538,2689.208311740408
458.72381,0.310872,-29.707221,2687.020464,2687.7426990940503
458.73381,0.309602,-29.706865,2686.723393,2685.665199801339
458.74381,0.308335,-29.706509,2686.426326,2684.7353372783255
458.75381,0.307073,-29.706152,2686.129263,2686.7058034044367
458.76381,0.305814,-29.705796,2685.832203,2684.755496663903
458.77381,0.30456,-29.705441,2685.535147,2685.9025321857575
458.78381,0.303309,-29.705085,2685.238094,2684.130598377994
458.79381,0.302063,-29.704729,2684.941045,2682.219504105345
458.80381,0.300821,-29.704374,2684.644,2687.4186734557743
458.81381,0.299583,-29.704019,2684.346958,2683.7610814329123
458.82381,0.298348,-29.703664,2684.049919,2684.399223991722
458.83381,0.297118,-29.703309,2683.752885,2683.9945730117433
458.84381,0.295892,-29.702955,2683.455853,2682.871258546267
458.85381,0.294669,-29.7026,2683.158826,2684.3816684535827
458.86381,0.293451,-29.702246,2682.861801,2683.0457792997504
458.87381,0.292236,-29.701892,2682.564781,2684.2011491795865
458.88381,0.291026,-29.701538,2682.267763,2679.5135996423833
458.89381,0.289819,-29.701184,2681.97075,2680.1761668634995
458.90381,0.288616,-29.70083,2681.67374,2681.82930980383
458.91381,0.287417,-29.700477,2681.376733,2681.225646431346
458.92381,0.286222,-29.700123,2681.07973,2681.411577048452
458.93381,0.285031,-29.69977,2680.782731,2679.640120152703
458.94381,0.283844,-29.699416,2680.485735,2679.846153243119
458.95381,0.28266,-29.699063,2680.188742,2678.473615750374
458.96381,0.281481,-29.69871,2679.891754,2677.8284226823334
458.97381,0.280305,-29.698357,2679.594768,2683.4203598381614
458.98381,0.279133,-29.698005,2679.297786,2682.1897504837816
458.99381,0.277965,-29.697652,2679.000808,2677.3724437213255
459.00381,0.276801,-29.697299,2678.703833,2678.439992723966
459.01381,0.27564,-29.696947,2678.406862,2679.7439137245856
459.02381,0.274484,-29.696594,2678.109894,2677.851991556199
459.03381,0.273331,-29.696242,2677.81293,2679.5790443694777
459.04381,0.272181,-29.69589,2677.51597,2678.6081994252672
459.05381,0.271036,-29.695538,2677.219012,2675.7382958904323
459.06381,0.269894,-29.695186,2676.922059,2676.928797290284
459.07381,0.268756,-29.694834,2676.625109,2674.887700385228
459.08381,0.267622,-29.694482,2676.328162,2679.1012363624004
459.09381,0.266492,-29.69413,2676.031219,2677.6813299469727
459.10381,0.265365,-29.693778,2675.73428,2674.6674225591273
459.11381,0.264242,-29.693427,2675.437344,2676.0437271127685
459.12381,0.263122,-29.693075,2675.140411,2673.385805891872
459.13381,0.262006,-29.692724,2674.843482,2676.4564941554227
459.14381,0.260894,-29.692372,2674.546557,2674.5936325338125
459.15381,0.259786,-29.692021,2674.249635,2675.619551938527
459.16381,0.258681,-29.691669,2673.952716,2674.424544153038
459.17381,0.25758,-29.691318,2673.655801,2676.5360121535423
459.18381,0.256482,-29.690967,2673.35889,2670.6892333719898
459.19381,0.255388,-29.690616,2673.061982,2674.097628342703
459.20381,0.254298,-29.690265,2672.765077,2673.248646244897
459.21381,0.253211,-29.689914,2672.468177,2673.674078658358
459.22381,0.252128,-29.689562,2672.171279,2670.7499772538463
459.23381,0.251049,-29.689211,2671.874385,2671.841422762903
459.24381,0.249973,-29.68886,2671.577495,2670.047435181837
459.25381,0.2489,-29.688509,2671.280608,2671.894292732312
459.26381,0.247832,-29.688159,2670.983725,2668.0288248646484
459.27381,0.246766,-29.687808,2670.686845,2670.7959864740724
459.28381,0.245705,-29.687457,2670.389969,2669.8561981237926
459.29381,0.244646,-29.687106,2670.093096,2667.408370618105
459.30381,0.243592,-29.686755,2669.796227,2669.037894044942
459.31381,0.24254,-29.686404,2669.499361,2669.613404079101
459.32381,0.241493,-29.686054,2669.202498,2671.5342688109495
459.33381,0.240449,-29.685703,2668.90564,2666.6789020116025
459.34381,0.239408,-29.685352,2668.608784,2667.152775163626
459.35381,0.238371,-29.685001,2668.311933,2667.521537752485
459.36381,0.237337,-29.684651,2668.015084,2667.3976841717576
459.37381,0.236307,-29.6843,2667.71824,2666.3975600839694
459.38381,0.23528,-29.683949,2667.421398,2666.4203519244315
459.39381,0.234256,-29.683599,2667.124561,2665.062415930538
459.40381,0.233236,-29.683248,2666.827726,2666.253112431562
459.41381,0.23222,-29.682897,2666.530896,2666.2092170600254
459.42381,0.231207,-29.682547,2666.234068,2665.0388191574225
459.43381,0.230197,-29.682196,2665.937245,2666.1352657542893
459.44381,0.229191,-29.681845,2665.640425,2666.2223286999993
459.45381,0.228188,-29.681494,2665.343608,2662.9537867076547
459.46381,0.227188,-29.681144,2665.046795,2663.9862536856695
459.47381,0.226192,-29.680793,2664.749985,2665.304568365684
459.48381,0.2252,-29.680442,2664.453179,2667.155850121531
459.49381,0.22421,-29.680092,2664.156376,2663.872617164144
459.50381,0.223224,-29.679741,2663.859577,2663.292552500551
459.51381,0.222241,-29.67939,2663.562781,2661.490398319366
459.52381,0.221262,-29.679039,2663.265989,2662.4771096591076
459.53381,0.220286,-29.678688,2662.9692,2663.146355115135
459.54381,0.219313,-29.678338,2662.672415,2660.676244856295
459.55381,0.218344,-29.677987,2662.375634,2662.2189529844436
459.56381,0.217378,-29.677636,2662.078856,2663.071570799988
459.57381,0.216415,-29.677285,2661.782081,2659.6795136020596
459.58381,0.215456,-29.676934,2661.48531,2661.406030791067
459.59381,0.2145,-29.676583,2661.188542,2662.9538495174957
459.60381,0.213547,-29.676232,2660.891778,2660.273881107604
459.61381,0.212597,-29.675881,2660.595018,2659.7753417761533
459.62381,0.211651,-29.67553,2660.298261,2661.501886943191
459.63381,0.210708,-29.675179,2660.001507,2659.4736730126397
459.64381,0.209768,-29.674828,2659.704757,2661.2485790743494
459.65381,0.208832,-29.674477,2659.408011,2660.0475933513408
459.66381,0.207898,-29.674125,2659.111268,2660.489278512336
459.67381,0.206968,-29.673774,2658.814528,2655.7139075388977
459.68381,0.206041,-29.673423,2658.517792,2655.0253872083786
459.69381,0.205118,-29.673071,2658.22106,2658.876052484168
459.70381,0.204197,-29.67272,2657.924331,2657.3959597197986
459.71381,0.20328,-29.672369,2657.627605,2657.257073179781
459.72381,0.202366,-29.672017,2657.330883,2657.56255924177
459.73381,0.201455,-29.671666,2657.034165,2656.3063777093125
459.74381,0.200548,-29.671314,2656.73745,2656.2522030544887
459.75381,0.199643,-29.670962,2656.440739,2653.808316633097
459.76381,0.198742,-29.670611,2656.144031,2654.84357568853
459.77381,0.197844,-29.670259,2655.847326,2655.5181133273595
459.78381,0.196949,-29.669907,2655.550626,2655.4863687611687
459.79381,0.196057,-29.669555,2655.253928,2655.3602029597296
459.80381,0.195168,-29.669204,2654.957234,2655.2317796074094
459.81381,0.194283,-29.668852,2654.660544,2650.618528123814
459.82381,0.1934,-29.6685,2654.363857,2652.446420677322
459.83381,0.192521,-29.668148,2654.067174,2654.107630672864
459.84381,0.191645,-29.667795,2653.770494,2654.806225965577
459.85381,0.190772,-29.667443,2653.473818,2652.4257086719335
459.86381,0.189902,-29.667091,2653.177146,2655.0996840725534
459.87381,0.189035,-29.666739,2652.880476,2649.542209686539
459.88381,0.188172,-29.666386,2652.583811,2652.6697415631024
459.89381,0.187311,-29.666034,2652.287149,2655.3091516580025
459.90381,0.186454,-29.665681,2651.99049,2650.6712143703476
459.91381,0.185599,-29.665329,2651.693835,2653.394021013224
459.92381,0.184748,-29.664976,2651.397184,2650.975104818891
459.93381,0.1839,-29.664624,2651.100536,2649.4570923592687
459.94381,0.183055,-29.664271,2650.803891,2652.1392212719934
459.95381,0.182212,-29.663918,2650.50725,2650.5107097866094
459.96381,0.181373,-29.663565,2650.210613,2650.2710328844146
459.97381,0.180537,-29.663212,2649.913979,2648.5713387828337
459.98381,0.179704,-29.662859,2649.617348,2649.0699787312296
459.99381,0.178874,-29.662506,2649.320722,2647.4845830257686
460.00381,0.178047,-29.662153,2649.024098,2649.833654810971
460.01381,0.177224,-29.661799,2648.727479,2649.559670493039
460.02381,0.176403,-29.661446,2648.430862,2649.0701345538478
460.03381,0.175585,-29.661093,2648.13425,2644.796027673853
460.04381,0.17477,-29.660739,2647.837641,2648.352231513733
460.05381,0.173958,-29.660385,2647.541035,2647.1126524122456
460.06381,0.17315,-29.660032,2647.244433,2646.558472277153
460.07381,0.172344,-29.659678,2646.947834,2647.198706922788
460.08381,0.171541,-29.659324,2646.651239,2647.335888189029
460.09381,0.170741,-29.65897,2646.354648,2642.76813853929
460.10381,0.169944,-29.658616,2646.05806,2646.1107010503047
460.11381,0.16915,-29.658262,2645.761475,2647.087551073469
460.12381,0.16836,-29.657908,2645.464895,2644.589559021812
460.13381,0.167572,-29.657554,2645.168317,2645.4226150815175
460.14381,0.166787,-29.6572,2644.871744,2641.136738561217
460.15381,0.166005,-29.656845,2644.575173,2643.9086207536416
460.16381,0.165226,-29.656491,2644.278607,2645.389128140431
460.17381,0.16445,-29.656136,2643.982043,2642.6781165225543
460.18381,0.163677,-29.655781,2643.685484,2645.627369707786
460.19381,0.162906,-29.655427,2643.388928,2641.7109207476874
460.20381,0.162139,-29.655072,2643.092375,2639.8830320576135
460.21381,0.161375,-29.654717,2642.795826,2644.642031559846
460.22381,0.160614,-29.654362,2642.499281,2641.324952822256
460.23381,0.159855,-29.654007,2642.202739,2642.686881978492
460.24381,0.1591,-29.653652,2641.906201,2642.3816657862935
460.25381,0.158347,-29.653296,2641.609666,2642.4047314924287
460.26381,0.157598,-29.652941,2641.313135,2638.9351697443003
460.27381,0.156851,-29.652586,2641.016607,2640.7729767780825
460.28381,0.156107,-29.65223,2640.720083,2638.2612548883
460.29381,0.155366,-29.651874,2640.423563,2640.323126516521
460.30381,0.154628,-29.651519,2640.127046,2640.9534801144487
460.31381,0.153893,-29.651163,2639.830532,2639.5246431930345
460.32381,0.153161,-29.650807,2639.534022,2639.993972480551
460.33381,0.152432,-29.650451,2639.237516,2640.989723694267
460.34381,0.151705,-29.650095,2638.941013,2640.8435168050887
460.35381,0.150982,-29.649739,2638.644514,2637.021450595715
460.36381,0.150261,-29.649382,2638.348019,2636.7047148509814
460.37381,0.149543,-29.649026,2638.051527,2638.072262432583
460.38381,0.148829,-29.64867,2637.755038,2636.9734179761813
460.39381,0.148117,-29.648313,2637.458553,2636.7691192034877
460.40381,0.147408,-29.647956,2637.162072,2638.492877558551
460.41381,0.146701,-29.6476,2636.865594,2635.8323924554625
460.42381,0.145998,-29.647243,2636.56912,2638.6201498367027
460.43381,0.145297,-29.646886,2636.272649,2636.5528915421937
460.44381,0.1446,-29.646529,2635.976182,2636.8927293164443
460.45381,0.143905,-29.646172,2635.679719,2636.6672132029676
460.46381,0.143213,-29.645814,2635.383259,2636.1297219383973
460.47381,0.142524,-29.645457,2635.086802,2636.6330822428267
460.48381,0.141838,-29.6451,2634.79035,2636.0445483718127
460.49381,0.141155,-29.644742,2634.4939,2631.330961115585
460.50381,0.140474,-29.644385,2634.197455,2633.3308553966194
460.51381,0.139797,-29.644027,2633.901013,2633.3332231472973
460.52381,0.139122,-29.643669,2633.604574,2631.4692340547113
460.53381,0.13845,-29.643311,2633.308139,2631.431948204015
460.54381,0.137781,-29.642953,2633.011708,2631.0936797495524
460.55381,0.137114,-29.642595,2632.71528,2628.3598308522223
460.56381,0.136451,-29.642237,2632.418856,2631.596940827631
460.57381,0.13579,-29.641878,2632.122436,2631.8435495542044
460.58381,0.135133,-29.64152,2631.826019,2632.3215713020195
460.59381,0.134478,-29.641161,2631.529605,2630.0477026073067
460.60381,0.133826,-29.640803,2631.233195,2630.843350948856
460.61381,0.133177,-29.640444,2630.936789,2632.016896403668
460.62381,0.13253,-29.640085,2630.640386,2631.104905957716
460.63381,0.131887,-29.639726,2630.343987,2631.608911989195
460.64381,0.131246,-29.639367,2630.047592,2629.3132315083417
460.65381,0.130608,-29.639008,2629.7512,2630.362198604314
460.66381,0.129973,-29.638649,2629.454812,2627.2455293789044
460.67381,0.129341,-29.63829,2629.158427,2628.8160059479806
460.68381,0.128711,-29.63793,2628.862046,2629.195534917239
460.69381,0.128085,-29.637571,2628.565668,2625.1372428960744
460.70381,0.127461,-29.637211,2628.269295,2628.042100656561
460.71381,0.12684,-29.636851,2627.972924,2627.727004540142
460.72381,0.126222,-29.636492,2627.676558,2627.3189708176446
460.73381,0.125606,-29.636132,2627.380194,2628.358999927689
460.74381,0.124994,-29.635772,2627.083835,2627.108410045626
460.75381,0.124384,-29.635412,2626.787479,2626.947277106534
460.76381,0.123777,-29.635051,2626.491127,2625.9397919409103
460.77381,0.123173,-29.634691,2626.194778,2624.8612153223603
460.78381,0.122572,-29.634331,2625.898433,2627.641019979726
460.79381,0.121974,-29.63397,2625.602091,2624.902366537654
460.80381,0.121378,-29.633609,2625.305753,2623.62355866921
460.81381,0.120785,-29.633249,2625.009419,2623.7994673585367
460.82381,0.120195,-29.632888,2624.713088,2624.192496077699
460.83381,0.119608,-29.632527,2624.416761,2622.8877983132215
460.84381,0.119024,-29.632166,2624.120438,2624.5032135409087
460.85381,0.118443,-29.631805,2623.824118,2623.4863405301235
460.86381,0.117864,-29.631444,2623.527802,2624.585244758453
460.87381,0.117288,-29.631082,2623.231489,2621.5761413703367
460.88381,0.116715,-29.630721,2622.93518,2623.4175418842974
460.89381,0.116145,-29.630359,2622.638875,2620.3152385745184
460.90381,0.115578,-29.629998,2622.342573,2622.0760095864384
460.91381,0.115013,-29.629636,2622.046275,2621.7615392554976
460.92381,0.114451,-29.629274,2621.74998,2623.26192915015
460.93381,0.113893,-29.628912,2621.453689,2621.3429253029226
460.94381,0.113337,-29.62855,2621.157402,2620.6388933050193
460.95381,0.112783,-29.628188,2620.861118,2619.8109818265625
460.96381,0.112233,-29.627826,2620.564838,2623.3160107889053
460.97381,0.111685,-29.627463,2620.268562,2622.4793524704464
460.98381,0.111141,-29.627101,2619.972289,2618.398720021036
460.99381,0.110599,-29.626738,2619.67602,2618.666941603509
461.00381,0.11006,-29.626376,2619.379754,2618.702507134117
461.01381,0.109524,-29.626013,2619.083492,2619.405729257155
461.02381,0.10899,-29.62565,2618.787234,2618.503257829352
461.03381,0.10846,-29.625287,2618.490979,2618.1949905733486
461.04381,0.107932,-29.624924,2618.194728,2616.1851456059103
461.05381,0.107408,-29.624561,2617.898481,2615.1707079484772
461.06381,0.106886,-29.624197,2617.602237,2614.844385017925
461.07381,0.106367,-29.623834,2617.305997,2619.990505612465
461.08381,0.10585,-29.623471,2617.00976,2614.4187847506428
461.09381,0.105337,-29.623107,2616.713527,2616.7945664028625
461.10381,0.104826,-29.622743,2616.417298,2615.0487524235878
461.11381,0.104319,-29.62238,2616.121073,2616.8611321478925
461.12381,0.103814,-29.622016,2615.824851,2615.2573526814017
461.13381,0.103312,-29.621652,2615.528632,2616.9772904271013
461.14381,0.102813,-29.621288,2615.232418,2613.8272974665533
461.15381,0.102317,-29.620924,2614.936207,2613.175617882336
461.16381,0.101824,-29.620559,2614.639999,2614.303177949295
461.17381,0.101333,-29.620195,2614.343795,2614.228872685364
461.18381,0.100846,-29.619831,2614.047595,2616.87057726355
461.19381,0.100361,-29.619466,2613.751399,2613.176862996213
461.20381,0.099879,-29.619101,2613.455206,2613.672974844836
461.21381,0.0994,-29.618737,2613.159017,2614.2978409079797
461.22381,0.098924,-29.618372,2612.862831,2611.81705692953
461.23381,0.098451,-29.618007,2612.566649,2612.255857016376
461.24381,0.097981,-29.617642,2612.270471,2612.2604247388554
461.25381,0.097514,-29.617277,2611.974296,2611.0725421274396
461.26381,0.097049,-29.616911,2611.678125,2610.915151868282
461.27381,0.096588,-29.616546,2611.381958,2610.309082749181
461.28381,0.096129,-29.616181,2611.085795,2610.322357574137
461.29381,0.095674,-29.615815,2610.789635,2613.010700120916
461.30381,0.095221,-29.615449,2610.493478,2611.40517909087
461.31381,0.094771,-29.615084,2610.197326,2611.8968938464786
461.32381,0.094324,-29.614718,2609.901177,2610.7227869169546
461.33381,0.09388,-29.614352,2609.605031,2610.0734808523384
461.34381,0.093439,-29.613986,2609.30889,2609.3009253382434
461.35381,0.093001,-29.61362,2609.012752,2607.5889733719146
461.36381,0.092566,-29.613254,2608.716617,2606.893494269703
461.37381,0.092134,-29.612887,2608.420486,2608.5537029622897
461.38381,0.091705,-29.612521,2608.124359,2610.09892076317
461.39381,0.091279,-29.612154,2607.828236,2609.155419343197
461.40381,0.090855,-29.611788,2607.532116,2607.2080988552034
461.41381,0.090435,-29.611421,2607.236,2609.633392808928
461.42381,0.090018,-29.611054,2606.939888,2604.599726224255
461.43381,0.089603,-29.610688,2606.643779,2605.764714827282
461.44381,0.089192,-29.610321,2606.347674,2605.2347204705006
461.45381,0.088783,-29.609954,2606.051573,2604.7719896804592
461.46381,0.088378,-29.609586,2605.755475,2606.3015366073305
461.47381,0.087975,-29.609219,2605.459381,2606.086919405249
461.48381,0.087576,-29.608852,2605.163291,2602.840762874936
461.49381,0.087179,-29.608484,2604.867204,2607.2516855908393
461.50381,0.086786,-29.608117,2604.571121,2606.1790309115017
461.51381,0.086396,-29.607749,2604.275042,2603.020282819546
461.52381,0.086008,-29.607382,2603.978966,2603.280412704166
461.53381,0.085624,-29.607014,2603.682894,2604.058304157918
461.54381,0.085242,-29.606646,2603.386826,2603.1372510509127
461.55381,0.084864,-29.606278,2603.090761,2603.0061044810955
461.56381,0.084489,-29.60591,2602.7947,2600.7066177835823
461.57381,0.084116,-29.605542,2602.498643,2603.716327148914
461.58381,0.083747,-29.605173,2602.202589,2601.288926081688
461.59381,0.083381,-29.604805,2601.906539,2599.9081663611437
461.60381,0.083018,-29.604437,2601.610493,2602.2549940900044
461.61381,0.082658,-29.604068,2601.314451,2603.743102666233
461.62381,0.0823,-29.603699,2601.018412,2600.3772052842914
461.63381,0.081946,-29.603331,2600.722377,2600.1201032318068
461.64381,0.081595,-29.602962,2600.426345,2597.656880065528
461.65381,0.081248,-29.602593,2600.130318,2598.4201064936233
461.66381,0.080903,-29.602224,2599.834293,2598.020312204239
461.67381,0.080561,-29.601855,2599.538273,2599.98018241075
461.68381,0.080222,-29.601486,2599.242256,2598.8719081729746
461.69381,0.079887,-29.601117,2598.946243,2599.679959627059
461.70381,0.079554,-29.600747,2598.650234,2597.9243000627125
461.71381,0.079225,-29.600378,2598.354228,2598.4583183527448
461.72381,0.078899,-29.600008,2598.058226,2597.170354913735
461.73381,0.078576,-29.599639,2597.762228,2599.5384250419143
461.74381,0.078256,-29.599269,2597.466234,2597.7273778108233
461.75381,0.077939,-29.598899,2597.170243,2595.772324909309
461.76381,0.077625,-29.59853,2596.874256,2594.4620264250075
461.77381,0.077314,-29.59816,2596.578272,2597.348533190438
461.78381,0.077006,-29.59779,2596.282292,2598.2572318622497
461.79381,0.076702,-29.59742,2595.986316,2594.6814425816065
461.80381,0.076401,-29.597049,2595.690344,2594.5907051564664
461.81381,0.076102,-29.596679,2595.394375,2593.5748803085858
461.82381,0.075807,-29.596309,2595.098411,2595.9112444992807
461.83381,0.075515,-29.595938,2594.802449,2593.2912164738045
461.84381,0.075226,-29.595568,2594.506492,2594.7580232626474
461.85381,0.074941,-29.595197,2594.210538,2594.596015874951
461.86381,0.074658,-29.594826,2593.914588,2595.183918988776
461.87381,0.074379,-29.594456,2593.618641,2593.1919864553615
461.88381,0.074103,-29.594085,2593.322699,2595.9517039575444
461.89381,0.073829,-29.593714,2593.02676,2592.878585712761
461.90381,0.07356,-29.593343,2592.730824,2593.0489963511154
461.91381,0.073293,-29.592972,2592.434893,2593.29584037788
461.92381,0.073029,-29.592601,2592.138965,2590.863449570433
461.93381,0.072769,-29.592229,2591.843041,2591.14262614201
461.94381,0.072511,-29.591858,2591.54712,2594.7378029422634
461.95381,0.072257,-29.591487,2591.251204,2590.6464451740967
461.96381,0.072006,-29.591115,2590.955291,2589.244433239384
461.97381,0.071758,-29.590744,2590.659381,2590.354854461749
461.98381,0.071514,-29.590372,2590.363476,2590.2171237218367
461.99381,0.071272,-29.59,2590.067574,2589.148146713929
462.00381,0.071034,-29.589628,2589.771676,2590.7896374479074
462.01381,0.070799,-29.589256,2589.475781,2590.8665895391246
462.02381,0.070566,-29.588884,2589.179891,2590.676207964787
462.03381,0.070338,-29.588512,2588.884004,2591.8684778997185
462.04381,0.070112,-29.58814,2588.58812,2588.333277343682
462.05381,0.069889,-29.587768,2588.292241,2589.6778926434113
462.06381,0.06967,-29.587396,2587.996365,2587.178554412319
462.07381,0.069454,-29.587023,2587.700493,2589.1069381609814
462.08381,0.069241,-29.586651,2587.404625,2587.3749875558137
462.09381,0.069031,-29.586278,2587.10876,2586.564263356342
462.10381,0.0685,-29.585906,2586.812899,2585.9337878646743
462.11381,0.067894,-29.585533,2586.517042,2585.0279328569914
462.12381,0.067295,-29.585161,2586.221188,2585.6698158521926
462.13381,0.066703,-29.584788,2585.925339,2584.415344532342
462.14381,0.066117,-29.584415,2585.629493,2587.0476705087594
462.15381,0.065538,-29.584042,2585.33365,2585.814006924215
462.16381,0.064967,-29.58367,2585.037812,2584.4560852601726
462.17381,0.064405,-29.583297,2584.741977,2583.5433296892056
462.18381,0.06385,-29.582924,2584.446146,2582.3207193664584
462.19381,0.063303,-29.582552,2584.150318,2587.901571255307
462.20381,0.062765,-29.582179,2583.854495,2581.795844939447
462.21381,0.062235,-29.581806,2583.558675,2583.722657393016
462.22381,0.061714,-29.581434,2583.262859,2581.007938323706
462.23381,0.061201,-29.581061,2582.967046,2582.9416566554733
462.24381,0.060697,-29.580688,2582.671237,2580.4850852023815
462.25381,0.060202,-29.580316,2582.375432,2579.43161669312
462.26381,0.059716,-29.579943,2582.079631,2583.5300376075606
462.27381,0.059239,-29.579571,2581.783834,2581.5860982401487
462.28381,0.058771,-29.579198,2581.48804,2580.3075956994862
462.29381,0.058312,-29.578825,2581.19225,2582.7972454719784
462.30381,0.057862,-29.578453,2580.896463,2581.414669210237
462.31381,0.057422,-29.57808,2580.600681,2580.462990748289
462.32381,0.056992,-29.577707,2580.304902,2576.5000022113136
462.33381,0.056571,-29.577335,2580.009126,2581.0953954619295
462.34381,0.05616,-29.576962,2579.713355,2577.6601264997776
462.35381,0.055759,-29.576589,2579.417587,2578.3625428361606
462.36381,0.055368,-29.576217,2579.121823,2577.6792863882656
462.37381,0.054987,-29.575844,2578.826063,2575.623948809767
462.38381,0.054617,-29.575471,2578.530306,2578.5950488970675
462.39381,0.054256,-29.575099,2578.234553,2579.534668277701
462.40381,0.053906,-29.574726,2577.938804,2580.3310337240646
462.41381,0.053567,-29.574353,2577.643059,2577.7503104965945
462.42381,0.053238,-29.573981,2577.347317,2579.5171525146807
462.43381,0.05292,-29.573608,2577.051579,2577.9123064629134
462.44381,0.052613,-29.573235,2576.755845,2576.7702075699895
462.45381,0.052316,-29.572862,2576.460115,2576.0686552986267
462.46381,0.05203,-29.57249,2576.164388,2573.959467241204
462.47381,0.051756,-29.572117,2575.868665,2573.934138686901
462.48381,0.051492,-29.571744,2575.572945,2575.8546739530398
462.49381,0.05124,-29.571371,2575.27723,2575.671634149874
462.50381,0.050998,-29.570998,2574.981518,2576.763344710764
462.51381,0.050768,-29.570626,2574.68581,2575.58420540645
462.52381,0.050549,-29.570253,2574.390106,2572.62343541479
462.53381,0.050342,-29.56988,2574.094405,2573.798417573614
462.54381,0.050145,-29.569507,2573.798708,2573.122999230588
462.55381,0.049961,-29.569134,2573.503015,2574.348588063928
462.56381,0.049787,-29.568761,2573.207325,2570.517995811529
462.57381,0.049625,-29.568388,2572.911639,2573.8823569567817
462.58381,0.049474,-29.568015,2572.615957,2572.7881061318826
462.59381,0.049335,-29.567642,2572.320279,2570.2529283351187
462.60381,0.049207,-29.567269,2572.024605,2571.2667345058103
462.61381,0.04909,-29.566896,2571.728934,2572.711655490475
462.62381,0.048985,-29.566523,2571.433267,2571.757458989941
462.63381,0.048891,-29.56615,2571.137603,2567.793752236666
462.64381,0.048809,-29.565777,2570.841944,2568.6440775837877
462.65381,0.048737,-29.565404,2570.546288,2567.2199995737715
462.66381,0.048677,-29.565031,2570.250636,2572.9759587060444
462.67381,0.048628,-29.564658,2569.954987,2566.590966743477
462.68381,0.04859,-29.564285,2569.659342,2569.234163846619
462.69381,0.048563,-29.563912,2569.363701,2570.6671144433885
462.70381,0.048547,-29.563538,2569.068064,2568.3405130178517
462.71381,0.048541,-29.563165,2568.772431,2569.29680664503
462.72381,0.048547,-29.562792,2568.476801,2566.7823800334913
462.73381,0.048563,-29.562419,2568.181175,2567.09570621868
462.74381,0.048589,-29.562045,2567.885553,2568.9932732135007
462.75381,0.048626,-29.561672,2567.589934,2568.8620797361973
462.76381,0.048673,-29.561299,2567.294319,2567.459087979662
462.77381,0.04873,-29.560925,2566.998708,2567.9852493918193
462.78381,0.048798,-29.560552,2566.703101,2567.9394055108874
462.79381,0.048875,-29.560179,2566.407497,2565.466440140378
462.80381,0.048962,-29.559805,2566.111897,2566.0843015981645
462.81381,0.049058,-29.559432,2565.816301,2562.9011944615036
462.82381,0.049164,-29.559058,2565.520708,2567.514177829064
462.83381,0.049279,-29.558685,2565.22512,2564.381862414769
462.84381,0.049404,-29.558311,2564.929535,2564.089098479031
462.85381,0.049537,-29.557938,2564.633953,2564.1522292090062
462.86381,0.049679,-29.557564,2564.338376,2564.8793570906623
462.87381,0.04983,-29.557191,2564.042802,2563.965558320749
462.88381,0.04999,-29.556817,2563.747232,2563.15930942709
462.89381,0.050157,-29.556443,2563.451666,2562.4874228377453
462.90381,0.050333,-29.55607,2563.156103,2564.4486272498525
462.91381,0.050517,-29.555696,2562.860544,2563.0589876031304
462.92381,0.050709,-29.555322,2562.564989,2561.8422247689587
462.93381,0.050909,-29.554948,2562.269438,2563.9452992375072
462.94381,0.051115,-29.554574,2561.97389,2559.973203516142
462.95381,0.05133,-29.554201,2561.678346,2560.3327393687696
462.96381,0.051551,-29.553827,2561.382806,2560.84682293095
462.97381,0.05178,-29.553453,2561.08727,2560.3275939413547
462.98381,0.052015,-29.553079,2560.791737,2560.51240446147
462.99381,0.052257,-29.552705,2560.496208,2559.0409726992425
463.00381,0.052505,-29.552331,2560.200683,2558.883822973688
463.01381,0.05276,-29.551957,2559.905162,2560.3370997461934
463.02381,0.053021,-29.551583,2559.609644,2557.2055167019353
463.03381,0.053288,-29.551209,2559.31413,2558.077078879853
463.04381,0.05356,-29.550835,2559.01862,2559.633317511971
463.05381,0.053839,-29.550461,2558.723113,2559.616126557397
463.06381,0.054123,-29.550086,2558.427611,2557.361722982637
463.07381,0.054412,-29.549712,2558.132112,2556.1634532057233
463.08381,0.054706,-29.549338,2557.836616,2559.1019728877045
463.09381,0.055006,-29.548964,2557.541125,2557.794754341689
463.10381,0.05531,-29.548589,2557.245637,2554.987574432231
463.11381,0.05562,-29.548215,2556.950153,2561.7461344312815
463.12381,0.055934,-29.547841,2556.654673,2555.167461189212
463.13381,0.056252,-29.547466,2556.359196,2556.7578164831357
463.14381,0.056575,-29.547092,2556.063724,2555.347873279371
463.15381,0.056902,-29.546717,2555.768254,2554.392979709714
463.16381,0.057233,-29.546343,2555.472789,2556.1037355069
463.17381,0.057568,-29.545968,2555.177328,2553.0179719357416
463.18381,0.057906,-29.545594,2554.88187,2557.749031001954
463.19381,0.058249,-29.545219,2554.586416,2554.1726312900073
463.20381,0.058595,-29.544845,2554.290965,2554.4827449619806
463.21381,0.058944,-29.54447,2553.995519,2554.7259765735353
463.22381,0.059297,-29.544095,2553.700076,2554.6189409053095
463.23381,0.059653,-29.543721,2553.404637,2552.1911839833415
463.24381,0.060012,-29.543346,2553.109202,2552.6041120857453
463.25381,0.060375,-29.542971,2552.81377,2553.8956962011202
463.26381,0.06074,-29.542596,2552.518342,2552.1008999060273
463.27381,0.061107,-29.542222,2552.222918,2551.8222252168603
463.28381,0.061478,-29.541847,2551.927498,2551.133134583979
463.29381,0.061851,-29.541472,2551.632081,2552.9902293849805
463.30381,0.062227,-29.541097,2551.336668,2550.956450779731
463.31381,0.062605,-29.540722,2551.041259,2551.309989094186
463.32381,0.062985,-29.540347,2550.745854,2547.0716655178962
463.33381,0.063368,-29.539972,2550.450452,2550.892862358931
463.34381,0.063752,-29.539597,2550.155054,2549.6871917692947
463.35381,0.064139,-29.539222,2549.85966,2551.7316116918023
463.36381,0.064528,-29.538847,2549.56427,2548.3012756828916
463.37381,0.064918,-29.538471,2549.268883,2547.8065777244437
463.38381,0.06531,-29.538096,2548.973501,2546.844268912152
463.39381,0.065705,-29.537721,2548.678121,2547.8623705050095
463.40381,0.0661,-29.537346,2548.382746,2550.114986117562
463.41381,0.066498,-29.536971,2548.087375,2549.8973250385707
463.42381,0.066896,-29.536595,2547.792007,2546.135177064907
463.43381,0.067296,-29.53622,2547.496643,2548.9261968752794
463.44381,0.067698,-29.535844,2547.201282,2547.717646439058
463.45381,0.068101,-29.535469,2546.905926,2546.858493651657
463.46381,0.068505,-29.535094,2546.610573,2547.4190661722864
463.47381,0.06891,-29.534718,2546.315224,2545.3693565193607
463.48381,0.069317,-29.534343,2546.019879,2545.8603690556297
463.49381,0.069724,-29.533967,2545.724537,2544.0255089229713
463.50381,0.070133,-29.533591,2545.429199,2546.349163911898
463.51381,0.070542,-29.533216,2545.133865,2545.1814652319663
463.52381,0.070952,-29.53284,2544.838535,2545.805639693835
463.53381,0.071363,-29.532465,2544.543208,2542.176977338751
463.54381,0.071775,-29.532089,2544.247886,2546.0347895953682
463.55381,0.072188,-29.531713,2543.952567,2544.6202393727913
463.56381,0.072601,-29.531337,2543.657251,2543.087189975195
463.57381,0.073015,-29.530962,2543.36194,2543.398551205982
463.58381,0.07343,-29.530586,2543.066632,2542.7917139435663
463.59381,0.073845,-29.53021,2542.771328,2542.830946783151
463.60381,0.074261,-29.529834,2542.476028,2544.258688890484
463.61381,0.074677,-29.529458,2542.180731,2540.4713447048316
463.62381,0.075093,-29.529082,2541.885439,2543.456880247701
463.63381,0.07551,-29.528706,2541.59015,2539.9178809189384
463.64381,0.075927,-29.52833,2541.294865,2543.0256226010565
463.65381,0.076345,-29.527954,2540.999583,2540.4982846299677
463.66381,0.076763,-29.527578,2540.704306,2539.110859342976
463.67381,0.077181,-29.527202,2540.409032,2541.0183914347335
463.68381,0.077599,-29.526826,2540.113762,2541.150958861507
463.69381,0.078017,-29.52645,2539.818495,2539.1441990120466
463.70381,0.078436,-29.526073,2539.523233,2541.043030880344
463.71381,0.078855,-29.525697,2539.227974,2537.0421121629997
463.72381,0.079273,-29.525321,2538.932719,2541.242376402055
463.73381,0.079692,-29.524944,2538.637467,2537.939599966824
463.74381,0.080111,-29.524568,2538.34222,2540.5322357603995
463.75381,0.08053,-29.524192,2538.046976,2541.2767947739535
463.76381,0.080949,-29.523815,2537.751736,2538.400623422846
463.77381,0.081367,-29.523439,2537.4565,2538.4488717434083
463.78381,0.081786,-29.523063,2537.161267,2538.7447252297957
463.79381,0.082205,-29.522686,2536.866038,2536.9439761137746
463.80381,0.082623,-29.52231,2536.570813,2537.6944760041665
463.81381,0.083041,-29.521933,2536.275592,2535.209659761574
463.82381,0.083459,-29.521556,2535.980375,2536.402567338284
463.83381,0.083877,-29.52118,2535.685161,2531.1661881998893
463.84381,0.084295,-29.520803,2535.389951,2535.9295815026558
463.85381,0.084712,-29.520427,2535.094745,2532.7236337584213
463.86381,0.085129,-29.52005,2534.799543,2536.0437583067146
463.87381,0.085546,-29.519673,2534.504344,2534.1420255019243
463.88381,0.085962,-29.519296,2534.209149,2531.269907006018
463.89381,0.086378,-29.51892,2533.913958,2533.289533042957
463.90381,0.086794,-29.518543,2533.618771,2534.941292026634
463.91381,0.08721,-29.518166,2533.323587,2528.018834801115
463.92381,0.087625,-29.517789,2533.028407,2532.03018601366
463.93381,0.088039,-29.517412,2532.733231,2532.540007145073
463.94381,0.088453,-29.517035,2532.438059,2529.9966779842953
463.95381,0.088867,-29.516658,2532.142891,2530.38560908305
463.96381,0.089281,-29.516281,2531.847726,2534.4232942393282
463.97381,0.089693,-29.515904,2531.552565,2531.005947440654
463.98381,0.090106,-29.515527,2531.257408,2529.878629205417
463.99381,0.090518,-29.51515,2530.962255,2532.4162922939427
464.00381,0.090929,-29.514773,2530.667105,2531.961370233477
464.01381,0.09134,-29.514396,2530.371959,2531.3578252307975
464.02381,0.09175,-29.514019,2530.076817,2530.4417833456555
464.03381,0.09216,-29.513642,2529.781679,2529.4607120576934
464.04381,0.09257,-29.513265,2529.486544,2529.204029718121
464.05381,0.092978,-29.512888,2529.191413,2528.6363306133812
464.06381,0.093386,-29.51251,2528.896286,2530.3045951100385
464.07381,0.093794,-29.512133,2528.601163,2529.5696492145657
464.08381,0.094201,-29.511756,2528.306044,2527.65339649531
464.09381,0.094607,-29.511378,2528.010928,2526.884674478166
464.10381,0.095013,-29.511001,2527.715816,2526.689574922742
464.11381,0.095418,-29.510624,2527.420708,2527.8778341071684
464.12381,0.095822,-29.510246,2527.125604,2527.5887496000646
464.13381,0.096226,-29.509869,2526.830503,2526.5238742971137
464.14381,0.096629,-29.509491,2526.535406,2526.41145078176
464.15381,0.097032,-29.509114,2526.240313,2527.5525784161664
464.16381,0.097433,-29.508736,2525.945224,2524.48444430563
464.17381,0.097835,-29.508359,2525.650139,2521.9393236296146
464.18381,0.098235,-29.507981,2525.355057,2523.2454669817384
464.19381,0.098635,-29.507604,2525.059979,2525.1868000886784
464.20381,0.099034,-29.507226,2524.764905,2524.428087052707
464.21381,0.099432,-29.506849,2524.469834,2522.0857835999827
464.22381,0.099829,-29.506471,2524.174768,2525.5448439510133
464.23381,0.100226,-29.506093,2523.879705,2524.0346310719756
464.24381,0.100622,-29.505716,2523.584646,2521.5859412273307
464.25381,0.101018,-29.505338,2523.289591,2524.652810168664
464.26381,0.101412,-29.50496,2522.994539,2522.049204654486
464.27381,0.101806,-29.504582,2522.699491,2523.112891341943
464.28381,0.102199,-29.504205,2522.404448,2524.27929920596
464.29381,0.102592,-29.503827,2522.109407,2519.8093398516653
464.30381,0.102983,-29.503449,2521.814371,2522.53364905925
464.31381,0.103374,-29.503071,2521.519338,2519.2351475309447
464.32381,0.103764,-29.502693,2521.22431,2521.178683591104
464.33381,0.104153,-29.502315,2520.929285,2520.1861546988084
464.34381,0.104542,-29.501937,2520.634263,2519.9834141056704
464.35381,0.104929,-29.50156,2520.339246,2518.410958603648
464.36381,0.105316,-29.501182,2520.044232,2520.0059395305634
464.37381,0.105702,-29.500804,2519.749222,2520.447887898747
464.38381,0.106088,-29.500426,2519.454216,2520.8550425069366
464.39381,0.106472,-29.500048,2519.159214,2518.235553880676
464.40381,0.106856,-29.499669,2518.864215,2518.429271332492
464.41381,0.107239,-29.499291,2518.56922,2517.989466218849
464.42381,0.107621,-29.498913,2518.274229,2518.638275085224
464.43381,0.108002,-29.498535,2517.979242,2517.923769074992
464.44381,0.108382,-29.498157,2517.684259,2515.858997539812
464.45381,0.108762,-29.497779,2517.389279,2516.865122377059
464.46381,0.10914,-29.497401,2517.094303,2514.431185168479
464.47381,0.109518,-29.497023,2516.799331,2516.408743389205
464.48381,0.109895,-29.496644,2516.504362,2513.898502388293
464.49381,0.110271,-29.496266,2516.209398,2517.6508936235946
464.50381,0.110647,-29.495888,2515.914437,2516.536827466037
464.51381,0.111021,-29.49551,2515.61948,2514.2405820169242
464.52381,0.111395,-29.495131,2515.324527,2517.308804075653
464.53381,0.111767,-29.494753,2515.029578,2513.2021381656914
464.54381,0.112139,-29.494375,2514.734632,2512.2974229695096
464.55381,0.11251,-29.493996,2514.43969,2512.2129055672617
464.56381,0.112881,-29.493618,2514.144752,2513.2378894545004
464.57381,0.11325,-29.49324,2513.849818,2513.9808577691238
464.58381,0.113618,-29.492861,2513.554887,2511.1967889049497
464.59381,0.113986,-29.492483,2513.25996,2513.7423941881448
464.60381,0.114353,-29.492104,2512.965038,2512.723097529863
464.61381,0.114719,-29.491726,2512.670118,2513.0288964078336
464.62381,0.115084,-29.491347,2512.375203,2513.9818854512255
464.63381,0.115448,-29.490969,2512.080291,2510.5785733110897
464.64381,0.115811,-29.490591,2511.785384,2515.2071468758877
464.65381,0.116174,-29.490212,2511.49048,2511.9596439382185
464.66381,0.116535,-29.489833,2511.195579,2511.290675375054
464.67381,0.116896,-29.489455,2510.900683,2510.112255636209
464.68381,0.117256,-29.489076,2510.60579,2509.9741065188427
464.69381,0.117614,-29.488698,2510.310901,2509.958201652283
464.70381,0.117972,-29.488319,2510.016016,2509.0663265972735
464.71381,0.11833,-29.487941,2509.721135,2511.5263739733805
464.72381,0.118686,-29.487562,2509.426258,2507.099703525559
464.73381,0.119041,-29.487183,2509.131384,2507.004393365426
464.74381,0.119396,-29.486805,2508.836514,2508.47124610103
464.75381,0.11975,-29.486426,2508.541648,2506.968877354793
464.76381,0.120102,-29.486047,2508.246785,2506.817116932741
464.77381,0.120454,-29.485669,2507.951927,2508.663087503181
464.78381,0.120805,-29.48529,2507.657072,2506.1915300342885
464.79381,0.121155,-29.484911,2507.362221,2508.9725732074667
464.80381,0.121505,-29.484532,2507.067374,2509.924753600298
464.81381,0.121853,-29.484154,2506.77253,2504.778112208159
464.82381,0.122201,-29.483775,2506.477691,2504.0826754111504
464.83381,0.122547,-29.483396,2506.182855,2508.1120957604926
464.84381,0.122893,-29.483017,2505.888023,2504.8149623436148
464.85381,0.123238,-29.482638,2505.593194,2504.472974782599
464.86381,0.123582,-29.48226,2505.29837,2504.420913749529
464.87381,0.123925,-29.481881,2505.003549,2506.6590369430637
464.88381,0.124267,-29.481502,2504.708732,2503.1034607076294
464.89381,0.124608,-29.481123,2504.413919,2502.182803236154
464.90381,0.124949,-29.480744,2504.11911,2506.780552183013
464.91381,0.125288,-29.480365,2503.824304,2504.6419157921014
464.92381,0.125627,-29.479986,2503.529503,2500.9464492169964
464.93381,0.125965,-29.479607,2503.234705,2503.2641578790317
464.94381,0.126302,-29.479229,2502.93991,2504.861545402839
464.95381,0.126638,-29.47885,2502.64512,2503.6312259671568
464.96381,0.126973,-29.478471,2502.350333,2502.8322946935814
464.97381,0.127307,-29.478092,2502.055551,2504.431473936537
464.98381,0.127641,-29.477713,2501.760772,2502.610333072258
464.99381,0.127973,-29.477334,2501.465996,2504.5405290679937
465.00381,0.128305,-29.476955,2501.171225,2501.5158721159855
465.01381,0.128636,-29.476576,2500.876457,2497.740881918816
465.02381,0.128966,-29.476197,2500.581693,2500.5513578706405
465.03381,0.129295,-29.475818,2500.286933,2498.5741531250183
465.04381,0.129623,-29.475439,2499.992177,2501.100154142321
465.05381,0.12995,-29.47506,2499.697425,2499.658228811172
465.06381,0.130277,-29.474681,2499.402676,2500.1635418057917
465.07381,0.130602,-29.474302,2499.107931,2497.6308164084694
465.08381,0.130927,-29.473923,2498.81319,2499.1255858106642
465.09381,0.131251,-29.473543,2498.518453,2498.8057905078463
465.10381,0.131574,-29.473164,2498.223719,2496.4725558695527
465.11381,0.131896,-29.472785,2497.928989,2496.3121216429886
465.12381,0.132217,-29.472406,2497.634263,2497.0561916351385
465.13381,0.132538,-29.472027,2497.339541,2494.025314542918
465.14381,0.132857,-29.471648,2497.044823,2498.2669614627603
465.15381,0.133176,-29.471269,2496.750108,2494.867754095665
465.16381,0.133494,-29.47089,2496.455397,2497.387846678502
465.17381,0.13381,-29.470511,2496.16069,2497.704394314541
465.18381,0.134127,-29.470131,2495.865987,2495.7078494408097
465.19381,0.134442,-29.469752,2495.571288,2491.628185266219
465.20381,0.134756,-29.469373,2495.276592,2495.8225501325105
465.21381,0.13507,-29.468994,2494.9819,2494.7321710150654
465.22381,0.135382,-29.468615,2494.687212,2496.032752335062
465.23381,0.135694,-29.468236,2494.392528,2493.2721786079615
465.24381,0.136005,-29.467856,2494.097848,2495.5054013928166
465.25381,0.136315,-29.467477,2493.803171,2493.8072278237046
465.26381,0.136624,-29.467098,2493.508498,2495.309495725524
465.27381,0.136933,-29.466719,2493.213829,2494.234177058884
465.28381,0.13724,-29.46634,2492.919164,2494.5869387222497
465.29381,0.137547,-29.46596,2492.624502,2492.254749803093
465.30381,0.137853,-29.465581,2492.329844,2491.2304022014505
465.31381,0.138158,-29.465202,2492.03519,2490.0134365131858
465.32381,0.138462,-29.464823,2491.74054,2490.206717528551
465.33381,0.138765,-29.464443,2491.445894,2488.743559178545
465.34381,0.139068,-29.464064,2491.151252,2488.6961510739916
465.35381,0.139369,-29.463685,2490.856613,2489.6391726728257
465.36381,0.13967,-29.463306,2490.561978,2492.1861653870255
465.37381,0.13997,-29.462926,2490.267347,2490.2400262040555
465.38381,0.140269,-29.462547,2489.972719,2489.188204837187
465.39381,0.140567,-29.462168,2489.678096,2490.3252944459873
465.40381,0.140865,-29.461789,2489.383476,2489.4947527518834
465.41381,0.141162,-29.461409,2489.08886,2489.8360140713935
465.42381,0.141457,-29.46103,2488.794248,2488.114047007099
465.43381,0.141752,-29.460651,2488.499639,2486.18878827333
465.44381,0.142047,-29.460272,2488.205035,2486.8712786279357
465.45381,0.14234,-29.459892,2487.910434,2485.7074574124285
465.46381,0.142632,-29.459513,2487.615837,2487.834662464394
465.47381,0.142924,-29.459134,2487.321244,2488.3102093194348
465.48381,0.143215,-29.458754,2487.026654,2486.274538109545
465.49381,0.143505,-29.458375,2486.732069,2488.695805318995
465.50381,0.143794,-29.457996,2486.437487,2487.775668700539
465.51381,0.144083,-29.457617,2486.142909,2486.4049260779225
465.52381,0.14437,-29.457237,2485.848334,2486.562827048052
465.53381,0.144657,-29.456858,2485.553764,2485.769249586948
465.54381,0.144943,-29.456479,2485.259197,2484.0903727877676
465.55381,0.145228,-29.456099,2484.964634,2487.110266501774
465.56381,0.145513,-29.45572,2484.670075,2486.7090267458943
465.57381,0.145796,-29.455341,2484.37552,2483.469310306326
465.58381,0.146079,-29.454961,2484.080968,2484.843610224413
465.59381,0.146361,-29.454582,2483.786421,2485.220123179342
465.60381,0.146642,-29.454203,2483.491877,2482.9990678140116
465.61381,0.146922,-29.453823,2483.197337,2481.6509956245195
465.62381,0.147202,-29.453444,2482.9028,2481.6623420709802
465.63381,0.147481,-29.453065,2482.608268,2481.0250735381596
465.64381,0.147759,-29.452686,2482.313739,2482.6605962739172
465.65381,0.148036,-29.452306,2482.019214,2479.043379325834
465.66381,0.148312,-29.451927,2481.724693,2481.3401256275615
465.67381,0.148588,-29.451548,2481.430175,2481.2293376642806
465.68381,0.148863,-29.451168,2481.135662,2482.816430129448
465.69381,0.149137,-29.450789,2480.841152,2481.508461146397
465.70381,0.14941,-29.45041,2480.546646,2480.177226978524
465.71381,0.149683,-29.45003,2480.252144,2481.4123272826573
465.72381,0.149954,-29.449651,2479.957646,2479.1562432096493
465.73381,0.150225,-29.449272,2479.663151,2478.3017827852705
465.74381,0.150495,-29.448893,2479.36866,2479.6804543794615
465.75381,0.150765,-29.448513,2479.074173,2479.2229431219816
465.76381,0.151033,-29.448134,2478.77969,2480.926109987755
465.77381,0.151301,-29.447755,2478.48521,2477.2415252307387
465.78381,0.151568,-29.447375,2478.190735,2477.306974935351
465.79381,0.151834,-29.446996,2477.896263,2476.113213853306
465.80381,0.1521,-29.446617,2477.601795,2475.497763665892
465.81381,0.152365,-29.446238,2477.307331,2477.3889073033984
465.82381,0.152629,-29.445858,2477.01287,2476.1737055709186
465.83381,0.152892,-29.445479,2476.718413,2477.8925307086006
465.84381,0.153154,-29.4451,2476.42396,2475.956830539836
465.85381,0.153416,-29.44472,2476.129511,2476.458423125537
465.86381,0.153677,-29.444341,2475.835066,2475.211763552351
465.87381,0.153937,-29.443962,2475.540625,2474.740829946604
465.88381,0.154197,-29.443583,2475.246187,2475.3887288154874
465.89381,0.154455,-29.443203,2474.951753,2473.564973495661
465.90381,0.154713,-29.442824,2474.657323,2474.370172692585
465.91381,0.15497,-29.442445,2474.362896,2474.4425422601093
465.92381,0.155227,-29.442066,2474.068474,2472.4808336533642
465.93381,0.155483,-29.441686,2473.774055,2474.616854398165
465.94381,0.155738,-29.441307,2473.47964,2475.8268926803535
465.95381,0.155992,-29.440928,2473.185229,2476.485441601755
465.96381,0.156109,-29.440549,2472.890822,2473.2577500486595
465.97381,0.155774,-29.44017,2472.59642,2470.439908800855
465.98381,0.155444,-29.439791,2472.302022,2470.969013482799
465.99381,0.155118,-29.439412,2472.007626,2473.4398114879514
466.00381,0.154801,-29.439033,2471.713234,2471.6995975238865
466.01381,0.154489,-29.438654,2471.418845,2471.0548496003603
466.02381,0.154182,-29.438275,2471.124461,2470.3512762375144
466.03381,0.15388,-29.437896,2470.83008,2469.635791357819
466.04381,0.153584,-29.437517,2470.535703,2469.891801324757
466.05381,0.153293,-29.437138,2470.241329,2469.121791019394
466.06381,0.153007,-29.43676,2469.94696,2469.9808675131544
466.07381,0.152727,-29.436381,2469.652594,2468.5181099421125
466.08381,0.152451,-29.436002,2469.358232,2467.4625409213004
466.09381,0.152181,-29.435623,2469.063874,2467.3957242248766
466.10381,0.151916,-29.435244,2468.76952,2468.560582325553
466.11381,0.151656,-29.434865,2468.475169,2469.213185055256
466.12381,0.151402,-29.434486,2468.180823,2469.3507419508383
466.13381,0.151152,-29.434107,2467.88648,2466.1616751169577
466.14381,0.150907,-29.433728,2467.59214,2464.6572278284953
466.15381,0.150668,-29.433349,2467.297805,2467.924066378605
466.16381,0.150433,-29.43297,2467.003473,2463.980361828118
466.17381,0.150204,-29.432591,2466.709146,2465.524944370694
466.18381,0.149979,-29.432212,2466.414822,2467.065233051357
466.19381,0.149759,-29.431833,2466.120501,2466.897874416632
466.20381,0.149545,-29.431454,2465.826185,2464.4366293316325
466.21381,0.149335,-29.431075,2465.531872,2464.5821511350928
466.22381,0.14913,-29.430696,2465.237563,2463.1023168287174
466.23381,0.14893,-29.430317,2464.943258,2464.513032660383
466.24381,0.148735,-29.429938,2464.648957,2462.818096733517
466.25381,0.148545,-29.429558,2464.35466,2464.8668619969
466.26381,0.148359,-29.429179,2464.060366,2464.145501291038
466.27381,0.148179,-29.4288,2463.766076,2462.756547488546
466.28381,0.148003,-29.428421,2463.47179,2464.5250979950647
466.29381,0.147831,-29.428042,2463.177508,2462.8865360238456
466.30381,0.147665,-29.427662,2462.883229,2460.8996118452487
466.31381,0.147503,-29.427283,2462.588954,2461.492317837091
466.32381,0.147346,-29.426904,2462.294683,2463.0869481347604
466.33381,0.147193,-29.426525,2462.000416,2459.7144316953822
466.34381,0.147045,-29.426145,2461.706153,2463.655758817118
466.35381,0.146902,-29.425766,2461.411893,2459.9758779095146
466.36381,0.146763,-29.425386,2461.117638,2462.6141044371243
466.37381,0.146628,-29.425007,2460.823386,2460.991090798059
466.38381,0.146498,-29.424628,2460.529138,2456.680972059318
466.39381,0.146373,-29.424248,2460.234893,2461.9150865546553
466.40381,0.146252,-29.423869,2459.940653,2460.875620714819
466.41381,0.146135,-29.423489,2459.646416,2457.4997430568155
466.42381,0.146023,-29.42311,2459.352183,2459.2382361738523
466.43381,0.145915,-29.42273,2459.057954,2457.7645613136365
466.44381,0.145811,-29.42235,2458.763728,2458.0249397848074
466.45381,0.145712,-29.421971,2458.469507,2458.7876159345365
466.46381,0.145617,-29.421591,2458.175289,2458.727913627828
466.47381,0.145526,-29.421211,2457.881075,2457.177996164056
466.48381,0.14544,-29.420832,2457.586865,2457.510014567536
466.49381,0.145357,-29.420452,2457.292658,2455.7326970067033
466.50381,0.145279,-29.420072,2456.998456,2455.483837078559
466.51381,0.145205,-29.419692,2456.704257,2458.5082168841623
466.52381,0.145134,-29.419312,2456.410062,2454.2359346057265
466.53381,0.145068,-29.418933,2456.11587,2459.3864279474556
466.54381,0.145006,-29.418553,2455.821683,2454.8126916034475
466.55381,0.144948,-29.418173,2455.527499,2457.014561318567
466.56381,0.144894,-29.417793,2455.23332,2456.8951850998665
466.57381,0.144844,-29.417413,2454.939144,2452.897714163184
466.58381,0.144797,-29.417033,2454.644971,2454.472532232612
466.59381,0.144755,-29.416653,2454.350803,2451.9122647203226
466.60381,0.144716,-29.416272,2454.056638,2451.4079057156496
466.61381,0.144681,-29.415892,2453.762477,2452.6877258318154
466.62381,0.14465,-29.415512,2453.46832,2452.9546384257374
466.63381,0.144623,-29.415132,2453.174167,2455.698888357957
466.64381,0.144599,-29.414752,2452.880018,2451.2732206549913
466.65381,0.144579,-29.414371,2452.585872,2451.378346149622
466.66381,0.144563,-29.413991,2452.29173,2449.835691949472
466.67381,0.14455,-29.413611,2451.997592,2450.1376267479677
466.68381,0.144541,-29.41323,2451.703458,2449.817562403221
466.69381,0.144535,-29.41285,2451.409328,2451.694695110782
466.70381,0.144533,-29.412469,2451.115201,2450.2030636447257
466.71381,0.144535,-29.412089,2450.821078,2450.0290043819105
466.72381,0.14454,-29.411708,2450.526959,2451.445894767221
466.73381,0.144548,-29.411328,2450.232844,2449.641361090466
466.74381,0.144559,-29.410947,2449.938733,2452.8506235120576
466.75381,0.144574,-29.410566,2449.644625,2450.531818213537
466.76381,0.144593,-29.410186,2449.350521,2446.1589599711156
466.77381,0.144614,-29.409805,2449.056422,2450.436607284831
466.78381,0.144639,-29.409424,2448.762325,2449.3664506703008
466.79381,0.144667,-29.409043,2448.468233,2449.3307070303604
466.80381,0.144699,-29.408663,2448.174145,2450.8370314186805
466.81381,0.144733,-29.408282,2447.88006,2447.346837512428
466.82381,0.144771,-29.407901,2447.585979,2449.264200186732
466.83381,0.144811,-29.40752,2447.291902,2448.437808361103
466.84381,0.144855,-29.407139,2446.997828,2447.0808762945608
466.85381,0.144902,-29.406758,2446.703759,2446.295212876316
466.86381,0.144951,-29.406377,2446.409693,2444.5688603719777
466.87381,0.145004,-29.405995,2446.115631,2444.970352712161
466.88381,0.14506,-29.405614,2445.821573,2444.284913216915
466.89381,0.145118,-29.405233,2445.527519,2444.926325727059
466.90381,0.14518,-29.404852,2445.233469,2446.508173523584
466.91381,0.145244,-29.404471,2444.939422,2443.3939926222693
466.92381,0.145311,-29.404089,2444.645379,2444.909446293562
466.93381,0.145381,-29.403708,2444.35134,2441.893062923016
466.94381,0.145454,-29.403326,2444.057305,2443.768700937604
466.95381,0.145529,-29.402945,2443.763274,2444.4701235142006
466.96381,0.145607,-29.402564,2443.469246,2442.6693892706485
466.97381,0.145688,-29.402182,2443.175223,2443.3343837247253
466.98381,0.145771,-29.4018,2442.881203,2444.2438310825432
466.99381,0.145857,-29.401419,2442.587187,2443.0806940563375
467.00381,0.145945,-29.401037,2442.293174,2441.9677165318917
467.01381,0.146036,-29.400655,2441.999166,2440.7540611597706
467.02381,0.14613,-29.400274,2441.705161,2439.1003707893024
467.03381,0.146226,-29.399892,2441.41116,2440.4420527512953
467.04381,0.146324,-29.39951,2441.117163,2442.315764642249
467.05381,0.146425,-29.399128,2440.82317,2441.7215039967723
467.06381,0.146528,-29.398746,2440.529181,2441.1037369506903
467.07381,0.146634,-29.398364,2440.235195,2441.6639406833733
467.08381,0.146742,-29.397982,2439.941213,2440.689102490574
467.09381,0.146852,-29.3976,2439.647236,2439.6718373730387
467.10381,0.146965,-29.397218,2439.353261,2438.393182411635
467.11381,0.147079,-29.396836,2439.059291,2436.6196913763397
467.12381,0.147196,-29.396454,2438.765325,2437.220940553776
467.13381,0.147315,-29.396072,2438.471362,2434.5944361083207
467.14381,0.147437,-29.39569,2438.177403,2440.2857503809787
467.15381,0.14756,-29.395307,2437.883448,2436.5229139271137
467.16381,0.147686,-29.394925,2437.589497,2436.5983020961507
467.17381,0.147813,-29.394543,2437.29555,2434.1734915310117
467.18381,0.147943,-29.39416,2437.001606,2438.64792901081
467.19381,0.148074,-29.393778,2436.707667,2437.614002569488
467.20381,0.148208,-29.393396,2436.413731,2437.500805132236
467.21381,0.148344,-29.393013,2436.119799,2435.0453417280787
467.22381,0.148481,-29.39263,2435.82587,2437.1977136647106
467.23381,0.148621,-29.392248,2435.531946,2434.222897150023
467.24381,0.148762,-29.391865,2435.238026,2432.5364813550423
467.25381,0.148905,-29.391483,2434.944109,2433.7254704223133
467.26381,0.14905,-29.3911,2434.650196,2433.029245628289
467.27381,0.149197,-29.390717,2434.356287,2433.5908610230754
467.28381,0.149345,-29.390334,2434.062382,2430.556145566329
467.29381,0.149496,-29.389951,2433.76848,2431.639686470695
467.30381,0.149648,-29.389569,2433.474583,2431.694962257376
467.31381,0.149801,-29.389186,2433.180689,2431.8530033401453
467.32381,0.149957,-29.388803,2432.886799,2429.72945919245
467.33381,0.150114,-29.38842,2432.592913,2431.1625564738124
467.34381,0.150273,-29.388037,2432.29903,2430.877833054599
467.35381,0.150433,-29.387654,2432.005152,2430.410604896326
467.36381,0.150595,-29.38727,2431.711277,2430.9326211421194
467.37381,0.150758,-29.386887,2431.417407,2434.331229965736
467.38381,0.150923,-29.386504,2431.12354,2431.1633978976333
467.39381,0.15109,-29.386121,2430.829676,2430.4069634711245
467.40381,0.151257,-29.385738,2430.535817,2430.383253603871
467.41381,0.151427,-29.385354,2430.241962,2430.403830764327
467.42381,0.151598,-29.384971,2429.94811,2427.061504428104
467.43381,0.15177,-29.384587,2429.654262,2428.1141899198537
467.44381,0.151943,-29.384204,2429.360418,2430.2699229175787
467.45381,0.152118,-29.38382,2429.066578,2428.029353438371
467.46381,0.152295,-29.383437,2428.772742,2428.5465300314413
467.47381,0.152472,-29.383053,2428.478909,2429.0093688412258
467.48381,0.152651,-29.38267,2428.185081,2428.383266838791
467.49381,0.152832,-29.382286,2427.891256,2428.4236624452524
467.50381,0.153013,-29.381902,2427.597435,2426.6907733339694
467.51381,0.153196,-29.381519,2427.303618,2428.4968442028885
467.52381,0.15338,-29.381135,2427.009805,2427.52911998035
467.53381,0.153565,-29.380751,2426.715995,2426.1604745812133
467.54381,0.153751,-29.380367,2426.42219,2424.662236462584
467.55381,0.153938,-29.379984,2426.128388,2426.56754145752
467.56381,0.154127,-29.3796,2425.83459,2427.0130658488783
467.57381,0.154317,-29.379216,2425.540796,2426.521774969849
467.58381,0.154507,-29.378832,2425.247006,2426.266506444951
467.59381,0.154699,-29.378448,2424.953219,2425.2178418480594
467.60381,0.154892,-29.378064,2424.659437,2426.8947506750796
467.61381,0.155086,-29.377679,2424.365658,2424.0258040951835
467.62381,0.155281,-29.377295,2424.071883,2421.964709273554
467.63381,0.155477,-29.376911,2423.778112,2423.174628958864
467.64381,0.155674,-29.376527,2423.484345,2424.1482781009436
467.65381,0.155872,-29.376143,2423.190582,2421.8156083575495
467.66381,0.15607,-29.375758,2422.896822,2423.6145143188146
467.67381,0.15627,-29.375374,2422.603066,2423.0710358575993
467.68381,0.156471,-29.37499,2422.309315,2422.6636985692257
467.69381,0.156672,-29.374605,2422.015567,2420.7780721553227
467.70381,0.156875,-29.374221,2421.721823,2420.846587454969
467.71381,0.157078,-29.373836,2421.428082,2419.7631225563755
467.72381,0.157282,-29.373452,2421.134346,2423.581439377788
467.73381,0.157487,-29.373067,2420.840613,2419.1020631307388
467.74381,0.157692,-29.372683,2420.546884,2419.8228419967577
467.75381,0.157899,-29.372298,2420.25316,2418.7958881045492
467.76381,0.158106,-29.371914,2419.959439,2420.3475282316645
467.77381,0.158314,-29.371529,2419.665721,2418.909176275261
467.78381,0.158522,-29.371144,2419.372008,2418.6755706812287
467.79381,0.158732,-29.370759,2419.078298,2418.7812073845885
467.80381,0.158942,-29.370375,2418.784593,2418.678883986285
467.81381,0.159153,-29.36999,2418.490891,2419.1463244228235
467.82381,0.159364,-29.369605,2418.197193,2419.031675092383
467.83381,0.159576,-29.36922,2417.903499,2414.9694790652816
467.84381,0.159789,-29.368835,2417.609809,2418.3665536662506
467.85381,0.160002,-29.36845,2417.316122,2418.116206136832
467.86381,0.160216,-29.368065,2417.02244,2418.207423534591
467.87381,0.160431,-29.36768,2416.728761,2416.7698240923974
467.88381,0.160646,-29.367295,2416.435086,2414.521820022681
467.89381,0.160862,-29.36691,2416.141415,2417.2772840790044
467.90381,0.161078,-29.366525,2415.847748,2416.281227411143
467.91381,0.161295,-29.36614,2415.554084,2414.627888297936
467.92381,0.161512,-29.365754,2415.260425,2415.861452211505
467.93381,0.16173,-29.365369,2414.966769,2411.946897101868
467.94381,0.161948,-29.364984,2414.673118,2414.105385642558
467.95381,0.162167,-29.364599,2414.37947,2414.6259282316933
467.96381,0.162386,-29.364213,2414.085826,2414.744045003809
467.97381,0.162606,-29.363828,2413.792185,2414.21225214229
467.98381,0.162826,-29.363443,2413.498549,2415.478794039185
467.99381,0.163046,-29.363057,2413.204917,2412.9960608363676
468.00381,0.163267,-29.362672,2412.911288,2411.275170406562
468.01381,0.163489,-29.362286,2412.617663,2411.611753792936
468.02381,0.163711,-29.361901,2412.324042,2411.2935138488892
468.03381,0.163933,-29.361515,2412.030425,2411.354892168853
468.04381,0.164155,-29.36113,2411.736812,2412.0206880536834
468.05381,0.164378,-29.360744,2411.443202,2412.7872751378977
468.06381,0.164601,-29.360358,2411.149597,2410.980272012407
468.07381,0.164825,-29.359973,2410.855995,2412.3562232855224
468.08381,0.165049,-29.359587,2410.562398,2412.0283415446233
468.09381,0.165273,-29.359201,2410.268804,2410.9603509441
468.10381,0.165498,-29.358816,2409.975213,2413.9649718619835
468.11381,0.165722,-29.35843,2409.681627,2409.589916314427
468.12381,0.165947,-29.358044,2409.388045,2409.413532194985
468.13381,0.166173,-29.357658,2409.094466,2409.5828210833847
468.14381,0.166398,-29.357272,2408.800892,2412.125099211263
468.15381,0.166624,-29.356886,2408.507321,2406.795443452244
468.16381,0.16685,-29.3565,2408.213754,2410.057820220369
468.17381,0.167076,-29.356114,2407.920191,2405.532053741795
468.18381,0.167303,-29.355728,2407.626632,2410.7382646678193
468.19381,0.16753,-29.355342,2407.333076,2407.2204938243126
468.20381,0.167757,-29.354956,2407.039525,2410.7551651205135
468.21381,0.167984,-29.35457,2406.745977,2404.5944083270883
468.22381,0.168211,-29.354184,2406.452433,2405.142877458865
468.23381,0.168438,-29.353798,2406.158894,2406.0402526885186
468.24381,0.168666,-29.353412,2405.865357,2407.272548644289
468.25381,0.168894,-29.353026,2405.571825,2406.0592267434786
468.26381,0.169122,-29.35264,2405.278297,2405.3869750266995
468.27381,0.16935,-29.352253,2404.984773,2403.7745155027646
468.28381,0.169578,-29.351867,2404.691252,2404.5143907200936
468.29381,0.169806,-29.351481,2404.397735,2406.0759209366533
468.30381,0.170034,-29.351095,2404.104222,2403.699496623209
468.31381,0.170263,-29.350708,2403.810713,2404.7005720398324
468.32381,0.170491,-29.350322,2403.517208,2401.361327821214
468.33381,0.17072,-29.349935,2403.223707,2405.832666518247
468.34381,0.170948,-29.349549,2402.930209,2403.4476520083995
468.35381,0.171177,-29.349163,2402.636716,2401.9012750581282
468.36381,0.171406,-29.348776,2402.343226,2403.1703373563028
468.37381,0.171635,-29.34839,2402.04974,2398.909260037309
468.38381,0.171864,-29.348003,2401.756258,2403.3711601692953
468.39381,0.172092,-29.347617,2401.46278,2401.369399272807
468.40381,0.172321,-29.34723,2401.169306,2401.610749489216
468.41381,0.17255,-29.346844,2400.875836,2401.8385046964268
468.42381,0.172779,-29.346457,2400.582369,2403.104930427871
468.43381,0.173008,-29.34607,2400.288907,2399.987888694981
468.44381,0.173237,-29.345684,2399.995448,2398.1131448416572
468.45381,0.173466,-29.345297,2399.701993,2401.6879782249553
468.46381,0.173695,-29.34491,2399.408542,2397.3881708593426
468.47381,0.173924,-29.344524,2399.115095,2398.432430368865
468.48381,0.174153,-29.344137,2398.821651,2399.017102411701
468.49381,0.174381,-29.34375,2398.528212,2398.5855047401583
468.50381,0.17461,-29.343363,2398.234776,2396.290890431669
468.51381,0.174839,-29.342977,2397.941345,2399.8844102796525
468.52381,0.175067,-29.34259,2397.647917,2396.805574574107
468.53381,0.175296,-29.342203,2397.354493,2397.821276560611
468.54381,0.175525,-29.341816,2397.061073,2396.8867801650695
468.55381,0.175753,-29.341429,2396.767657,2397.7575893644375
468.56381,0.175981,-29.341042,2396.474244,2395.0325782198174
468.57381,0.17621,-29.340655,2396.180836,2396.577143640467
468.58381,0.176438,-29.340268,2395.887431,2397.065285659159
468.59381,0.176666,-29.339881,2395.59403,2396.580449160731
468.60381,0.176894,-29.339494,2395.300633,2395.5423896931734
468.61381,0.177121,-29.339107,2395.00724,2395.1919843281385
468.62381,0.177349,-29.33872,2394.713851,2397.361195872432
468.63381,0.177577,-29.338333,2394.420466,2395.467087508661
468.64381,0.177804,-29.337946,2394.127085,2394.5990549718604
468.65381,0.178031,-29.337559,2393.833707,2392.817884216223
468.66381,0.178259,-29.337172,2393.540333,2392.088746501848
468.67381,0.178486,-29.336785,2393.246964,2393.4426094691667
468.68381,0.178712,-29.336398,2392.953598,2392.307674769946
468.69381,0.178939,-29.336011,2392.660236,2395.3933307415105
468.70381,0.179166,-29.335624,2392.366878,2393.5292538021467
468.71381,0.179392,-29.335236,2392.073523,2390.6629690706295
468.72381,0.179618,-29.334849,2391.780173,2391.2092130098413
468.73381,0.179844,-29.334462,2391.486826,2388.2323894436818
468.74381,0.18007,-29.334075,2391.193484,2387.742007700862
468.75381,0.180296,-29.333687,2390.900145,2388.860041233551
468.76381,0.180521,-29.3333,2390.60681,2390.5270832994383
468.77381,0.180747,-29.332913,2390.313479,2389.380744904865
468.78381,0.180972,-29.332526,2390.020152,2389.0269804270333
468.79381,0.181197,-29.332138,2389.726828,2389.0001177127865
468.80381,0.181421,-29.331751,2389.433509,2390.893180363106
468.81381,0.181646,-29.331364,2389.140193,2389.953631414708
468.82381,0.18187,-29.330976,2388.846882,2386.9569127898876
468.83381,0.182094,-29.330589,2388.553574,2388.2916531327164
468.84381,0.182318,-29.330201,2388.26027,2385.692262009725
468.85381,0.182541,-29.329814,2387.96697,2387.9907665941646
468.86381,0.182765,-29.329427,2387.673673,2389.4629369221093
468.87381,0.182988,-29.329039,2387.380381,2386.975322231552
468.88381,0.183211,-29.328652,2387.087093,2385.990254699048
468.89381,0.183433,-29.328264,2386.793808,2387.491132395131
468.90381,0.183656,-29.327877,2386.500527,2386.1653114964206
468.91381,0.183878,-29.327489,2386.207251,2387.563966065405
468.92381,0.1841,-29.327102,2385.913978,2386.7741847416
468.93381,0.184321,-29.326714,2385.620709,2384.190077100607
468.94381,0.184543,-29.326327,2385.327443,2385.2092793661336
468.95381,0.184764,-29.325939,2385.034182,2384.14059991911
468.96381,0.184985,-29.325552,2384.740925,2386.1084176661725
468.97381,0.185205,-29.325164,2384.447671,2384.4403125207514
468.98381,0.185426,-29.324776,2384.154421,2383.192243867974
468.99381,0.185646,-29.324389,2383.861175,2381.7216175650155
469.00381,0.185865,-29.324001,2383.567934,2383.01256073418
469.01381,0.186085,-29.323614,2383.274695,2383.5001590607612
469.02381,0.186304,-29.323226,2382.981461,2380.813158064992
469.03381,0.186523,-29.322838,2382.688231,2381.690642011792
469.04381,0.186741,-29.322451,2382.395004,2380.2730592321936
469.05381,0.18696,-29.322063,2382.101782,2381.4016449903893
469.06381,0.187178,-29.321675,2381.808563,2383.080026851401
469.07381,0.187395,-29.321288,2381.515348,2380.454111900004
469.08381,0.187613,-29.3209,2381.222137,2382.450918947391
469.09381,0.18783,-29.320512,2380.92893,2383.756151447567
469.10381,0.188047,-29.320125,2380.635727,2379.7596648284766
469.11381,0.188263,-29.319737,2380.342528,2381.217564621149
469.12381,0.188479,-29.319349,2380.049332,2379.178268663352
469.13381,0.188695,-29.318961,2379.756141,2379.3121016690266
469.14381,0.188911,-29.318574,2379.462953,2377.1301831159126
469.15381,0.189126,-29.318186,2379.169769,2379.380674204133
469.16381,0.189341,-29.317798,2378.87659,2378.109531555401
469.17381,0.189555,-29.31741,2378.583413,2379.607205777218
469.18381,0.189769,-29.317023,2378.290241,2377.841972532447
469.19381,0.189983,-29.316635,2377.997073,2380.5992444404324
469.20381,0.190197,-29.316247,2377.703909,2376.8793503275697
469.21381,0.19041,-29.315859,2377.410748,2377.790959411861
469.22381,0.190623,-29.315471,2377.117591,2377.688768401595
469.23381,0.190836,-29.315084,2376.824439,2376.6516788362405
469.24381,0.191048,-29.314696,2376.53129,2375.363924560101
469.25381,0.19126,-29.314308,2376.238145,2377.158097596153
469.26381,0.191471,-29.31392,2375.945004,2375.5760451356555
469.27381,0.191682,-29.313532,2375.651866,2375.6453809681598
469.28381,0.191893,-29.313144,2375.358733,2375.0807184999558
469.29381,0.192104,-29.312757,2375.065603,2373.015796619021
469.30381,0.192314,-29.312369,2374.772478,2373.707206791841
469.31381,0.192524,-29.311981,2374.479356,2375.0872072230572
469.32381,0.192733,-29.311593,2374.186238,2373.1430270037213
469.33381,0.192942,-29.311205,2373.893124,2373.4379071456065
469.34381,0.193151,-29.310817,2373.600014,2374.700180906971
469.35381,0.193359,-29.310429,2373.306908,2369.5186211320797
469.36381,0.193567,-29.310041,2373.013806,2372.2457085399337
469.37381,0.193775,-29.309653,2372.720707,2372.9541542379625
469.38381,0.193982,-29.309266,2372.427612,2372.952715385719
469.39381,0.194189,-29.308878,2372.134522,2371.3503980623027
469.40381,0.194396,-29.30849,2371.841435,2373.1605031033487
469.41381,0.194602,-29.308102,2371.548352,2370.0352165573586
469.42381,0.194808,-29.307714,2371.255273,2372.3421045376986
469.43381,0.195013,-29.307326,2370.962198,2374.2028727330094
469.44381,0.195218,-29.306938,2370.669126,2369.021694987948
469.45381,0.195423,-29.30655,2370.376059,2370.964554438979
469.46381,0.195627,-29.306162,2370.082995,2370.656750653705
469.47381,0.195831,-29.305774,2369.789936,2370.347585474309
469.48381,0.196035,-29.305386,2369.49688,2370.501885320501
469.49381,0.196238,-29.304998,2369.203828,2367.724324175738
469.50381,0.19644,-29.30461,2368.91078,2367.871682802526
469.51381,0.196643,-29.304222,2368.617736,2369.311090696997
469.52381,0.196845,-29.303835,2368.324695,2367.942789621773
469.53381,0.197047,-29.303447,2368.031659,2371.075168318795
469.54381,0.197248,-29.303059,2367.738627,2369.0147943850093
469.55381,0.197449,-29.302671,2367.445598,2368.065582917747
469.56381,0.197649,-29.302283,2367.152573,2368.98523844008
469.57381,0.197849,-29.301895,2366.859552,2369.541808396532
469.58381,0.198049,-29.301507,2366.566535,2366.315855636286
469.59381,0.198248,-29.301119,2366.273522,2365.6918601479138
469.60381,0.198447,-29.300731,2365.980513,2365.607827645236
469.61381,0.198646,-29.300343,2365.687507,2366.43636336534
469.62381,0.198844,-29.299955,2365.394506,2363.8928695419713
469.63381,0.199042,-29.299567,2365.101508,2364.1500264126958
469.64381,0.199239,-29.299179,2364.808515,2364.103429018606
469.65381,0.199436,-29.298791,2364.515525,2363.170360274605
469.66381,0.199632,-29.298403,2364.222539,2361.445224995208
469.67381,0.199829,-29.298015,2363.929557,2363.765051651099
469.68381,0.200024,-29.297627,2363.636579,2364.7942885814614
469.69381,0.20022,-29.297239,2363.343604,2364.186970856672
469.70381,0.200415,-29.296851,2363.050634,2358.676816580364
469.71381,0.200609,-29.296463,2362.757667,2364.6971964246036
469.72381,0.200803,-29.296075,2362.464704,2361.7721313110305
469.73381,0.200997,-29.295687,2362.171746,2361.3019834634692
469.74381,0.20119,-29.295299,2361.878791,2362.7236643346864
469.75381,0.201383,-29.294911,2361.58584,2357.429685852561
469.76381,0.201576,-29.294524,2361.292892,2360.787567400902
469.77381,0.201768,-29.294136,2360.999949,2361.4463280045616
469.78381,0.20196,-29.293748,2360.70701,2361.3884738023253
469.79381,0.202151,-29.29336,2360.414074,2360.9190489969255
469.80381,0.202342,-29.292972,2360.121143,2359.2073555613683
469.81381,0.202533,-29.292584,2359.828215,2359.0342575038385
469.82381,0.202723,-29.292196,2359.535291,2358.9422063517013
469.83381,0.202913,-29.291808,2359.242371,2359.079011737136
469.84381,0.203102,-29.29142,2358.949455,2356.704592729538
469.85381,0.203291,-29.291032,2358.656542,2359.7533895859883
469.86381,0.203479,-29.290644,2358.363634,2359.1987263145534
469.87381,0.203667,-29.290256,2358.07073,2357.509722913032
469.88381,0.203855,-29.289868,2357.777829,2356.352801894895
469.89381,0.204042,-29.28948,2357.484932,2360.704217196613
469.90381,0.204229,-29.289093,2357.192039,2359.277804346192
469.91381,0.204416,-29.288705,2356.89915,2356.692020110071
469.92381,0.204602,-29.288317,2356.606265,2356.243908163026
469.93381,0.204787,-29.287929,2356.313384,2357.199791495401
469.94381,0.204973,-29.287541,2356.020507,2355.427396986118
469.95381,0.205157,-29.287153,2355.727633,2356.269728997943
469.96381,0.205342,-29.286765,2355.434764,2354.7160622298934
469.97381,0.205526,-29.286377,2355.141898,2353.5372565785824
469.98381,0.205709,-29.285989,2354.849036,2353.5160297446832
469.99381,0.205892,-29.285602,2354.556178,2357.151925501102
470.00381,0.206075,-29.285214,2354.263324,2353.7694013338482
470.01381,0.206258,-29.284826,2353.970474,2352.679818854182
470.02381,0.20644,-29.284438,2353.677628,2356.1559353133243
470.03381,0.206621,-29.28405,2353.384785,2356.0623836088275
470.04381,0.206802,-29.283662,2353.091947,2351.9236993822838
470.05381,0.206983,-29.283274,2352.799112,2351.384781786468
470.06381,0.207163,-29.282887,2352.506281,2352.0348316192512
470.07381,0.207343,-29.282499,2352.213454,2353.3472178494917
470.08381,0.207522,-29.282111,2351.920631,2351.713467506103
470.09381,0.207702,-29.281723,2351.627812,2350.08346496679
470.10381,0.20788,-29.281335,2351.334997,2352.0660907442543
470.11381,0.208058,-29.280948,2351.042185,2351.4159811033282
470.12381,0.208236,-29.28056,2350.749378,2348.2270823624126
470.13381,0.208414,-29.280172,2350.456574,2353.6409890146642
470.14381,0.208591,-29.279784,2350.163774,2349.200359478447
470.15381,0.208767,-29.279397,2349.870978,2350.3358750878315
470.16381,0.208943,-29.279009,2349.578186,2351.4363594769443
470.17381,0.209119,-29.278621,2349.285398,2348.3205082151967
470.18381,0.209294,-29.278233,2348.992614,2348.3548569415375
470.19381,0.209469,-29.277846,2348.699833,2350.3294846805575
470.20381,0.209644,-29.277458,2348.407057,2347.6067282754916
470.21381,0.209818,-29.27707,2348.114284,2346.913870295797
470.22381,0.209992,-29.276682,2347.821516,2347.783364535569
470.23381,0.210165,-29.276295,2347.528751,2346.784194166338
470.24381,0.210338,-29.275907,2347.23599,2348.862232697477
470.25381,0.21051,-29.275519,2346.943233,2348.2035713027717
470.26381,0.210682,-29.275132,2346.650479,2349.2007313127638
470.27381,0.210854,-29.274744,2346.35773,2346.4202037094096
470.28381,0.211025,-29.274356,2346.064984,2343.5350783031167
470.29381,0.211196,-29.273969,2345.772243,2347.7268018913096
470.30381,0.211366,-29.273581,2345.479505,2345.1994287841735
470.31381,0.211536,-29.273194,2345.186771,2342.5665155954243
470.32381,0.211706,-29.272806,2344.894041,2343.6585817568834
470.33381,0.211875,-29.272418,2344.601315,2341.7756019620624
470.34381,0.212044,-29.272031,2344.308593,2342.630622758919
470.35381,0.212212,-29.271643,2344.015874,2343.0204538356315
470.36381,0.21238,-29.271256,2343.72316,2345.446155135119
470.37381,0.212548,-29.270868,2343.430449,2343.6718162879265
470.38381,0.212715,-29.27048,2343.137743,2345.160200415409
470.39381,0.212882,-29.270093,2342.84504,2345.062131221874
470.40381,0.213048,-29.269705,2342.552341,2342.412233538212
470.41381,0.213214,-29.269318,2342.259646,2343.8440248650554
470.42381,0.213379,-29.26893,2341.966954,2345.0609281843363
470.43381,0.213545,-29.268543,2341.674267,2337.9520374257977
470.44381,0.213709,-29.268155,2341.381583,2340.9081874697167
470.45381,0.213873,-29.267768,2341.088904,2344.569948269035
470.46381,0.214037,-29.26738,2340.796228,2336.720687281166
470.47381,0.214201,-29.266993,2340.503556,2341.771388843016
470.48381,0.214364,-29.266606,2340.210888,2342.435695454715
470.49381,0.214527,-29.266218,2339.918224,2338.3672398910458
470.50381,0.214689,-29.265831,2339.625564,2336.760101543184
470.51381,0.214851,-29.265443,2339.332908,2339.3770077261347
470.52381,0.215012,-29.265056,2339.040255,2340.93842622658
470.53381,0.215173,-29.264669,2338.747606,2339.438006309381
470.54381,0.215334,-29.264281,2338.454962,2338.574916474076
470.55381,0.215494,-29.263894,2338.162321,2337.540700437135
470.56381,0.215654,-29.263506,2337.869684,2339.658967747852
470.57381,0.215813,-29.263119,2337.577051,2337.1189603296334
470.58381,0.215972,-29.262732,2337.284421,2336.55262626891
470.59381,0.216131,-29.262345,2336.991796,2334.839586328026
470.60381,0.216289,-29.261957,2336.699175,2337.4193069537046
470.61381,0.216447,-29.26157,2336.406557,2336.191078103552
470.62381,0.216604,-29.261183,2336.113943,2337.2595810834314
470.63381,0.216761,-29.260795,2335.821333,2333.5065338898694
470.64381,0.216918,-29.260408,2335.528727,2335.283716953416
470.65381,0.217074,-29.260021,2335.236125,2336.3477826254148
470.66381,0.21723,-29.259634,2334.943527,2332.578594056056
470.67381,0.217385,-29.259247,2334.650932,2335.657720610951
470.68381,0.217541,-29.258859,2334.358342,2337.7161974792625
470.69381,0.217695,-29.258472,2334.065755,2335.8342579544983
470.70381,0.217849,-29.258085,2333.773172,2336.205275941033
470.71381,0.218003,-29.257698,2333.480593,2333.0306824214726
470.72381,0.218157,-29.257311,2333.188018,2333.0577990616516
470.73381,0.21831,-29.256924,2332.895447,2332.171560770685
470.74381,0.218462,-29.256537,2332.60288,2327.1791265131883
470.75381,0.218615,-29.25615,2332.310317,2330.1228777930355
470.76381,0.218766,-29.255762,2332.017757,2332.007386410942
470.77381,0.218918,-29.255375,2331.725201,2327.1845007862703
470.78381,0.219069,-29.254988,2331.432649,2331.8584061857114
470.79381,0.21922,-29.254601,2331.140102,2328.71598557048
470.80381,0.21937,-29.254214,2330.847557,2331.429904781968
470.81381,0.21952,-29.253827,2330.555017,2332.814030488659
470.82381,0.219669,-29.25344,2330.262481,2328.716490985988
470.83381,0.219819,-29.253053,2329.969948,2330.6530834634673
470.84381,0.219967,-29.252666,2329.67742,2329.2143039508787
470.85381,0.220116,-29.25228,2329.384895,2330.182182474138
470.86381,0.220264,-29.251893,2329.092374,2327.242914880609
470.87381,0.220411,-29.251506,2328.799857,2326.1806643999626
470.88381,0.220558,-29.251119,2328.507344,2329.10077675593
470.89381,0.220705,-29.250732,2328.214835,2326.3852488763246
470.90381,0.220852,-29.250345,2327.922329,2328.7410017964685
470.91381,0.220998,-29.249958,2327.629828,2327.881433729327
470.92381,0.221143,-29.249571,2327.33733,2324.123972097237
470.93381,0.221289,-29.249185,2327.044837,2327.33414892949
470.94381,0.221433,-29.248798,2326.752347,2327.5357366042813
470.95381,0.221578,-29.248411,2326.459861,2325.6180992416957
470.96381,0.221722,-29.248024,2326.167378,2325.122964376365
470.97381,0.221866,-29.247638,2325.8749,2325.8804385662665
470.98381,0.222009,-29.247251,2325.582426,2326.495671250505
470.99381,0.222152,-29.246864,2325.289955,2327.218462715506
471.00381,0.222295,-29.246477,2324.997488,2323.983146791502
471.01381,0.222437,-29.246091,2324.705026,2321.248934452604
471.02381,0.222579,-29.245704,2324.412567,2325.7833762149835
471.03381,0.22272,-29.245318,2324.120111,2324.6985040990903
471.04381,0.222861,-29.244931,2323.82766,2324.3243932492815
471.05381,0.223002,-29.244544,2323.535213,2325.562254790098
471.06381,0.223142,-29.244158,2323.242769,2322.1390323527735
471.07381,0.223282,-29.243771,2322.95033,2322.9716348048914
471.08381,0.223422,-29.243385,2322.657894,2323.8363998912205
471.09381,0.223561,-29.242998,2322.365462,2322.8048959527982
471.10381,0.2237,-29.242612,2322.073034,2316.981422389768
471.11381,0.223838,-29.242225,2321.78061,2318.6062681516623
471.12381,0.223976,-29.241839,2321.488189,2324.1960773101096
471.13381,0.224114,-29.241452,2321.195773,2322.4689672996897
471.14381,0.224251,-29.241066,2320.90336,2320.331296625488
471.15381,0.224388,-29.240679,2320.610952,2321.8269960114944
471.16381,0.224525,-29.240293,2320.318547,2319.7355828198974
471.17381,0.224661,-29.239906,2320.026146,2321.425130079979
471.18381,0.224797,-29.23952,2319.733749,2320.6745642928336
471.19381,0.224932,-29.239134,2319.441355,2317.313361406248
471.20381,0.225068,-29.238747,2319.148966,2318.794290817895
471.21381,0.225202,-29.238361,2318.85658,2319.624332074287
471.22381,0.225337,-29.237975,2318.564199,2321.317683590072
471.23381,0.225471,-29.237589,2318.271821,2317.231118307124
471.24381,0.225604,-29.237202,2317.979447,2316.9403052453085
471.25381,0.225738,-29.236816,2317.687077,2317.368209919317
471.26381,0.225871,-29.23643,2317.394711,2318.0319913078115
471.27381,0.226003,-29.236044,2317.102348,2316.976867569482
471.28381,0.226135,-29.235657,2316.80999,2316.545667568809
471.29381,0.226267,-29.235271,2316.517635,2316.166695483458
471.30381,0.226399,-29.234885,2316.225284,2318.1859654170585
471.31381,0.22653,-29.234499,2315.932937,2316.012324270444
471.32381,0.226661,-29.234113,2315.640594,2316.7937700092843
471.33381,0.226791,-29.233727,2315.348255,2316.372512742794
471.34381,0.226921,-29.233341,2315.05592,2313.7978561911254
471.35381,0.227051,-29.232955,2314.763588,2316.1419224948527
471.36381,0.22718,-29.232569,2314.471261,2313.2969872624453
471.37381,0.227309,-29.232183,2314.178937,2316.5012373438226
471.38381,0.227438,-29.231797,2313.886617,2314.4917257266884
471.39381,0.227566,-29.231411,2313.594301,2313.8916567454985
471.40381,0.227694,-29.231025,2313.301989,2312.5102400095398
471.41381,0.227821,-29.230639,2313.009681,2313.0341300331606
471.42381,0.227949,-29.230253,2312.717376,2311.8568628533258
471.43381,0.228075,-29.229867,2312.425076,2311.5378113033007
471.44381,0.228202,-29.229481,2312.132779,2313.214014809927
471.45381,0.228328,-29.229095,2311.840486,2311.7496191943114
471.46381,0.228454,-29.22871,2311.548197,2308.223846902479
471.47381,0.228579,-29.228324,2311.255912,2312.809567761592
471.48381,0.228704,-29.227938,2310.96363,2312.2485221365896
471.49381,0.228829,-29.227552,2310.671353,2312.8129062636262
471.50381,0.228954,-29.227167,2310.379079,2308.5162820342707
471.51381,0.229078,-29.226781,2310.08681,2308.0603766772006
471.52381,0.229201,-29.226395,2309.794544,2307.53936608244
471.53381,0.229325,-29.226009,2309.502282,2307.9608498805032
471.54381,0.229448,-29.225624,2309.210024,2308.6436360212665
471.55381,0.22957,-29.225238,2308.917769,2307.396439806548
471.56381,0.229693,-29.224853,2308.625519,2308.4609887464385
471.57381,0.229815,-29.224467,2308.333272,2307.914175450167
471.58381,0.229936,-29.224081,2308.041029,2309.123424133614
471.59381,0.230058,-29.223696,2307.748791,2307.78045712239
471.60381,0.230179,-29.22331,2307.456556,2306.4378252747015
471.61381,0.230299,-29.222925,2307.164324,2307.9804870067537
471.62381,0.23042,-29.222539,2306.872097,2308.2672317490396
471.63381,0.23054,-29.222154,2306.579874,2306.6776368784404
471.64381,0.230659,-29.221768,2306.287654,2308.2658814185693
471.65381,0.230779,-29.221383,2305.995438,2309.484226318051
471.66381,0.230897,-29.220998,2305.703226,2305.300561902182
471.67381,0.231016,-29.220612,2305.411018,2302.2318675636407
471.68381,0.231134,-29.220227,2305.118814,2304.3057452350213
471.69381,0.231252,-29.219841,2304.826614,2304.62262466002
471.70381,0.23137,-29.219456,2304.534417,2304.0155307208124
471.71381,0.231487,-29.219071,2304.242225,2307.2605347802246
471.72381,0.231604,-29.218686,2303.950036,2299.724753868499
471.73381,0.231721,-29.2183,2303.657851,2303.042917432727
471.74381,0.231837,-29.217915,2303.36567,2306.1869759026104
471.75381,0.231953,-29.21753,2303.073493,2303.249376372124
471.76381,0.232069,-29.217145,2302.781319,2304.8288686132523
471.77381,0.232184,-29.21676,2302.48915,2301.52994663627
471.78381,0.232299,-29.216374,2302.196984,2303.9189093184764
471.79381,0.232414,-29.215989,2301.904822,2301.4969506852617
471.80381,0.232528,-29.215604,2301.612664,2301.231971057098
471.81381,0.232642,-29.215219,2301.32051,2301.211685888357
471.82381,0.232756,-29.214834,2301.02836,2302.615697571343
471.83381,0.232869,-29.214449,2300.736213,2297.4990006932644
471.84381,0.232982,-29.214064,2300.444071,2302.165695729788
471.85381,0.233095,-29.213679,2300.151932,2300.2261703454374
471.86381,0.233207,-29.213294,2299.859797,2301.0239778781997
471.87381,0.233319,-29.212909,2299.567666,2299.8101222170576
471.88381,0.233431,-29.212524,2299.275539,2299.1116349783792
471.89381,0.233542,-29.212139,2298.983416,2295.239796217403
471.90381,0.233653,-29.211755,2298.691296,2298.721739939608
471.91381,0.233764,-29.21137,2298.399181,2298.291546920944
471.92381,0.233875,-29.210985,2298.107069,2297.6103304434623
471.93381,0.233985,-29.2106,2297.814961,2300.930336304777
471.94381,0.234095,-29.210215,2297.522857,2295.902363927162
471.95381,0.234204,-29.209831,2297.230757,2298.3310433001907
471.96381,0.234313,-29.209446,2296.93866,2297.113300560053
471.97381,0.234422,-29.209061,2296.646568,2295.216177091681
471.98381,0.234531,-29.208676,2296.354479,2294.504297967599
471.99381,0.234639,-29.208292,2296.062394,2297.2836547576894
472.00381,0.234747,-29.207907,2295.770313,2297.6873462494455
472.01381,0.234855,-29.207523,2295.478236,2295.5795328902987
472.02381,0.234962,-29.207138,2295.186163,2295.0280786127296
472.03381,0.235069,-29.206753,2294.894093,2291.8577679267037
472.04381,0.235176,-29.206369,2294.602028,2297.2657207779926
472.05381,0.235282,-29.205984,2294.309966,2295.002090046175
472.06381,0.235388,-29.2056,2294.017908,2295.1509381218557
472.07381,0.235494,-29.205215,2293.725854,2293.9523737031404
472.08381,0.2356,-29.204831,2293.433804,2295.724467765578
472.09381,0.235705,-29.204447,2293.141757,2295.602856815369
472.10381,0.23581,-29.204062,2292.849715,2292.9046665657856
472.11381,0.235914,-29.203678,2292.557676,2292.935541075986
472.12381,0.236018,-29.203293,2292.265641,2290.961278029721
472.13381,0.236122,-29.202909,2291.97361,2291.668247171213
472.14381,0.236226,-29.202525,2291.681583,2293.7504094565866
472.15381,0.236329,-29.202141,2291.38956,2290.2184734050147
472.16381,0.236433,-29.201756,2291.09754,2288.971264382958
472.17381,0.236535,-29.201372,2290.805525,2287.8975584001596
472.18381,0.236638,-29.200988,2290.513513,2289.748121943379
472.19381,0.23674,-29.200604,2290.221505,2291.888547829775
472.20381,0.236842,-29.200219,2289.929501,2292.2070478723194
472.21381,0.236943,-29.199835,2289.6375,2291.484933715088
472.22381,0.237045,-29.199451,2289.345504,2288.8969299067303
472.23381,0.237146,-29.199067,2289.053511,2287.4807387800847
472.24381,0.237246,-29.198683,2288.761523,2287.835609613572
472.25381,0.237347,-29.198299,2288.469538,2291.8126413101586
472.26381,0.237447,-29.197915,2288.177557,2289.616055312209
472.27381,0.237547,-29.197531,2287.885579,2289.4386651327663
472.28381,0.237646,-29.197147,2287.593606,2288.6887407839936
472.29381,0.237745,-29.196763,2287.301637,2285.404714352788
472.30381,0.237844,-29.196379,2287.009671,2286.8928583084567
472.31381,0.237943,-29.195995,2286.717709,2285.679884000708
472.32381,0.238041,-29.195611,2286.425751,2287.318450759978
472.33381,0.238139,-29.195228,2286.133797,2286.341492891076
472.34381,0.238237,-29.194844,2285.841846,2286.769857304176
472.35381,0.238335,-29.19446,2285.5499,2285.890213707244
472.36381,0.238432,-29.194076,2285.257957,2285.4289496666515
472.37381,0.238529,-29.193693,2284.966018,2285.9423299953737
472.38381,0.238626,-29.193309,2284.674083,2283.3704763178407
472.39381,0.238722,-29.192925,2284.382152,2283.581855798224
472.40381,0.238818,-29.192541,2284.090225,2282.828729452898
472.41381,0.238914,-29.192158,2283.798301,2283.761584815905
472.42381,0.239009,-29.191774,2283.506382,2284.238224902125
472.43381,0.239105,-29.191391,2283.214466,2281.8725909809796
472.44381,0.239199,-29.191007,2282.922554,2282.9861353547335
472.45381,0.239294,-29.190624,2282.630646,2282.229655187457
472.46381,0.239389,-29.19024,2282.338741,2282.2564702392588
472.47381,0.239483,-29.189857,2282.046841,2283.945522902549
472.48381,0.239576,-29.189473,2281.754944,2280.1900371781203
472.49381,0.23967,-29.18909,2281.463051,2282.7597197492782
472.50381,0.239763,-29.188706,2281.171162,2281.698478664461
472.51381,0.239856,-29.188323,2280.879277,2280.0176037513115
472.52381,0.239949,-29.187939,2280.587396,2282.8996700919633
472.53381,0.240042,-29.187556,2280.295519,2279.780804896922
472.54381,0.240134,-29.187173,2280.003645,2282.2049719955853
472.55381,0.240226,-29.186789,2279.711775,2278.364670351479
472.56381,0.240317,-29.186406,2279.419909,2279.6169097121037
472.57381,0.240409,-29.186023,2279.128047,2277.0995111303837
472.58381,0.2405,-29.18564,2278.836189,2276.375696315008
472.59381,0.240591,-29.185257,2278.544334,2278.0401714998193
472.60381,0.240681,-29.184873,2278.252483,2277.1246457473703
472.61381,0.240771,-29.18449,2277.960637,2275.8933768430793
472.62381,0.240861,-29.184107,2277.668794,2278.1591542471697
472.63381,0.240951,-29.183724,2277.376955,2277.1624734382876
472.64381,0.241041,-29.183341,2277.085119,2275.9700873032048
472.65381,0.24113,-29.182958,2276.793288,2275.779325262206
472.66381,0.241219,-29.182575,2276.50146,2276.591044210189
472.67381,0.241307,-29.182192,2276.209636,2274.6333610422157
472.68381,0.241396,-29.181809,2275.917816,2275.7915494732424
472.69381,0.241484,-29.181426,2275.626,2274.4599905333976
472.70381,0.241572,-29.181043,2275.334188,2273.6008770584167
472.71381,0.24166,-29.18066,2275.042379,2275.716090877327
472.72381,0.241747,-29.180277,2274.750574,2274.4170737368645
472.73381,0.241834,-29.179895,2274.458774,2274.645545570717
472.74381,0.241921,-29.179512,2274.166977,2273.306821223798
472.75381,0.242008,-29.179129,2273.875183,2274.491623057297
472.76381,0.242094,-29.178746,2273.583394,2273.8329248856176
472.77381,0.24218,-29.178364,2273.291608,2273.7032236704927
472.78381,0.242266,-29.177981,2272.999827,2273.1818297342707
472.79381,0.242351,-29.177598,2272.708049,2272.5020262110033
472.80381,0.242437,-29.177216,2272.416275,2269.838277463015
472.81381,0.242522,-29.176833,2272.124505,2274.3802576897538
472.82381,0.242606,-29.17645,2271.832738,2269.3406427301834
472.83381,0.242691,-29.176068,2271.540976,2271.241178921099
472.84381,0.242775,-29.175685,2271.249217,2273.161245654201
472.85381,0.242859,-29.175303,2270.957462,2271.750241416521
472.86381,0.242943,-29.17492,2270.665711,2269.1501012180715
472.87381,0.243027,-29.174538,2270.373963,2269.8420882955947
472.88381,0.24311,-29.174155,2270.08222,2270.132011605445
472.89381,0.243193,-29.173773,2269.79048,2266.6936636666246
472.90381,0.243276,-29.17339,2269.498744,2270.5626867179353
472.91381,0.243358,-29.173008,2269.207012,2269.7937908881404
472.92381,0.243441,-29.172626,2268.915284,2272.0470155508237
472.93381,0.243523,-29.172243,2268.62356,2271.704762493861
472.94381,0.243604,-29.171861,2268.331839,2268.954969048923
472.95381,0.243686,-29.171479,2268.040123,2267.7039049140253
472.96381,0.243767,-29.171097,2267.74841,2268.2326157216708
472.97381,0.243848,-29.170714,2267.456701,2268.869899475383
472.98381,0.243929,-29.170332,2267.164996,2268.8646859836344
472.99381,0.24401,-29.16995,2266.873294,2265.16929976324
473.00381,0.24409,-29.169568,2266.581597,2268.056884327182
473.01381,0.24417,-29.169186,2266.289903,2264.2725398092607
473.02381,0.24425,-29.168804,2265.998213,2263.759368964779
473.03381,0.244329,-29.168422,2265.706527,2265.73134253967
473.04381,0.244409,-29.16804,2265.414844,2266.5574936671933
473.05381,0.244488,-29.167658,2265.123166,2262.6687217821413
473.06381,0.244567,-29.167276,2264.831491,2262.6900629807924
473.07381,0.244645,-29.166894,2264.53982,2264.961450095464
473.08381,0.244724,-29.166512,2264.248153,2264.1906494996906
473.09381,0.244802,-29.16613,2263.95649,2265.0685176593956
473.10381,0.24488,-29.165748,2263.664831,2263.211966485395
473.11381,0.244958,-29.165366,2263.373175,2264.8649548440253
473.12381,0.245035,-29.164984,2263.081523,2263.1077193208607
473.13381,0.245112,-29.164603,2262.789876,2260.444193349136
473.14381,0.245189,-29.164221,2262.498231,2263.0853491072794
473.15381,0.245266,-29.163839,2262.206591,2263.474249509571
473.16381,0.245342,-29.163458,2261.914955,2259.666752628282
473.17381,0.245419,-29.163076,2261.623322,2262.2194513620198
473.18381,0.245495,-29.162694,2261.331693,2261.553800531799
473.19381,0.245571,-29.162313,2261.040068,2259.576694098286
473.20381,0.245646,-29.161931,2260.748447,2261.590133956981
473.21381,0.245722,-29.161549,2260.456829,2260.9270571138636
473.22381,0.245797,-29.161168,2260.165216,2261.193637097717
473.23381,0.245872,-29.160786,2259.873606,2261.2341716698825
473.24381,0.245946,-29.160405,2259.582,2259.988692745236
473.25381,0.246021,-29.160023,2259.290398,2257.726895047931
473.26381,0.246095,-29.159642,2258.9988,2256.3624157474233
473.27381,0.246169,-29.159261,2258.707205,2260.0142555207353
473.28381,0.246243,-29.158879,2258.415614,2257.4890186551443
473.29381,0.246316,-29.158498,2258.124028,2256.1086715546153
473.30381,0.246389,-29.158116,2257.832445,2254.6743000470606
473.31381,0.246463,-29.157735,2257.540865,2257.2761303125294
473.32381,0.246535,-29.157354,2257.24929,2257.5844284466243
473.33381,0.246608,-29.156973,2256.957718,2259.9633126041713
473.34381,0.24668,-29.156591,2256.66615,2256.275203455546
473.35381,0.246753,-29.15621,2256.374586,2256.653921607277
473.36381,0.246825,-29.155829,2256.083026,2255.9137216366016
473.37381,0.246896,-29.155448,2255.79147,2255.192845677359
473.38381,0.246968,-29.155067,2255.499917,2257.7055302261833
473.39381,0.247039,-29.154686,2255.208368,2254.645846336216
473.40381,0.24711,-29.154305,2254.916823,2250.1942176982534
473.41381,0.247181,-29.153924,2254.625282,2254.4339607738507
473.42381,0.247252,-29.153542,2254.333745,2253.2184139875476
473.43381,0.247322,-29.153162,2254.042212,2255.6242316711005
473.44381,0.247393,-29.152781,2253.750682,2254.05407517202
473.45381,0.247463,-29.1524,2253.459156,2253.6334082988965
473.46381,0.247532,-29.152019,2253.167634,2253.3798276711004
473.47381,0.247602,-29.151638,2252.876116,2254.4431795080004
473.48381,0.247671,-29.151257,2252.584601,2253.6455922276227
473.49381,0.24774,-29.150876,2252.29309,2253.8519374782954
473.50381,0.247809,-29.150495,2252.001584,2253.5491114505285
473.51381,0.247878,-29.150115,2251.71008,2250.6742066136394
473.52381,0.247947,-29.149734,2251.418581,2252.063957908567
473.53381,0.248015,-29.149353,2251.127086,2249.007653228024
473.54381,0.248083,-29.148972,2250.835594,2249.982316969051
473.55381,0.248151,-29.148592,2250.544106,2251.6359258314355
473.56381,0.248219,-29.148211,2250.252622,2252.186733798704
473.57381,0.248286,-29.147831,2249.961142,2248.612437216959
473.58381,0.248353,-29.14745,2249.669666,2250.4604760244138
473.59381,0.24842,-29.147069,2249.378193,2250.1481381213725
473.60381,0.248487,-29.146689,2249.086724,2250.7794302173243
473.61381,0.248554,-29.146308,2248.795259,2249.3234091061313
473.62381,0.24862,-29.145928,2248.503798,2246.956739653824
473.63381,0.248686,-29.145547,2248.212341,2247.305926107089
473.64381,0.248752,-29.145167,2247.920887,2247.057247613132
473.65381,0.248818,-29.144787,2247.629437,2249.3439424292756
473.66381,0.248884,-29.144406,2247.337991,2244.80451411974
473.67381,0.248949,-29.144026,2247.046549,2243.3811996816985
473.68381,0.249015,-29.143646,2246.755111,2247.591157074925
473.69381,0.24908,-29.143265,2246.463676,2245.213823025109
473.70381,0.249144,-29.142885,2246.172246,2245.848397922458
473.71381,0.249209,-29.142505,2245.880819,2242.8832320425845
473.72381,0.249273,-29.142125,2245.589396,2244.0387506117295
473.73381,0.249338,-29.141744,2245.297976,2246.860288898955
473.74381,0.249402,-29.141364,2245.006561,2246.467050870227
473.75381,0.249465,-29.140984,2244.715149,2248.0806777140115
473.76381,0.249529,-29.140604,2244.423741,2243.776093891137
473.77381,0.249592,-29.140224,2244.132337,2245.8588870557405
473.78381,0.249656,-29.139844,2243.840937,2243.2594194567
473.79381,0.249719,-29.139464,2243.54954,2244.824616850835
473.80381,0.249781,-29.139084,2243.258147,2242.4414825808794
473.81381,0.249844,-29.138704,2242.966758,2242.5079032038766
473.82381,0.249906,-29.138324,2242.675373,2241.1517334386253
473.83381,0.249969,-29.137944,2242.383992,2244.1820528840585
473.84381,0.250031,-29.137564,2242.092614,2242.9493937048865
473.85381,0.250093,-29.137184,2241.801241,2239.0300205024932
473.86381,0.250154,-29.136804,2241.509871,2239.0055573497198
473.87381,0.250216,-29.136425,2241.218504,2242.5047773511524
473.88381,0.250277,-29.136045,2240.927142,2241.620357966296
473.89381,0.250338,-29.135665,2240.635784,2241.4824034766075
473.90381,0.250399,-29.135285,2240.344429,2238.5537097045044
473.91381,0.25046,-29.134906,2240.053078,2239.7609330534997
473.92381,0.25052,-29.134526,2239.761731,2240.0507500034005
473.93381,0.25058,-29.134146,2239.470387,2238.320474179611
473.94381,0.250641,-29.133767,2239.179048,2240.582728583403
473.95381,0.2507,-29.133387,2238.887712,2241.378411772243
473.96381,0.25076,-29.133008,2238.59638,2235.801598153563
473.97381,0.25082,-29.132628,2238.305052,2237.517277780403
473.98381,0.250879,-29.132249,2238.013727,2240.194183167558
473.99381,0.250938,-29.131869,2237.722407,2239.2513871793435
474.00381,0.250997,-29.13149,2237.43109,2236.829536755229
474.01381,0.251056,-29.13111,2237.139777,2235.965859698745
474.02381,0.251115,-29.130731,2236.848468,2239.691302169403
474.03381,0.251173,-29.130352,2236.557162,2236.6322086114446
474.04381,0.251232,-29.129972,2236.265861,2233.98614950159
474.05381,0.25129,-29.129593,2235.974563,2235.2228319214546
474.06381,0.251348,-29.129214,2235.683269,2235.631688296921
474.07381,0.251405,-29.128834,2235.391979,2235.7809115023597
474.08381,0.251463,-29.128455,2235.100692,2236.2093777699893
474.09381,0.25152,-29.128076,2234.80941,2233.9349345851124
474.10381,0.251577,-29.127697,2234.518131,2234.1366391862243
474.11381,0.251634,-29.127317,2234.226856,2235.1895804210913
474.12381,0.251691,-29.126938,2233.935584,2235.3676629252805
474.13381,0.251748,-29.126559,2233.644317,2232.3189087090186
474.14381,0.251804,-29.12618,2233.353053,2233.900937369736
474.15381,0.251861,-29.125801,2233.061793,2231.96999881893
474.16381,0.251917,-29.125422,2232.770537,2233.3068312805945
474.17381,0.251973,-29.125043,2232.479285,2229.3871571613086
474.18381,0.252028,-29.124664,2232.188036,2232.247557041417
474.19381,0.252084,-29.124285,2231.896792,2231.782771314031
474.20381,0.252139,-29.123906,2231.605551,2228.7342548113306
474.21381,0.252195,-29.123527,2231.314313,2231.854588296482
474.22381,0.25225,-29.123149,2231.02308,2232.799141499118
474.23381,0.252304,-29.12277,2230.73185,2232.098009293685
474.24381,0.252359,-29.122391,2230.440625,2230.9511462631035
474.25381,0.252414,-29.122012,2230.149403,2231.4717379939348
474.26381,0.252468,-29.121633,2229.858184,2231.6939977906054
474.27381,0.252522,-29.121255,2229.56697,2228.1566799145367
474.28381,0.252576,-29.120876,2229.275759,2228.3410135685363
474.29381,0.25263,-29.120497,2228.984552,2228.6163419017407
474.30381,0.252684,-29.120119,2228.693349,2231.6931470850463
474.31381,0.252737,-29.11974,2228.40215,2226.8407727180115
474.32381,0.252791,-29.119361,2228.110955,2228.0772559138313
474.33381,0.252844,-29.118983,2227.819763,2227.5179046994513
474.34381,0.252897,-29.118604,2227.528575,2226.7568688607166
474.35381,0.25295,-29.118226,2227.237391,2225.722444092091
474.36381,0.253002,-29.117847,2226.94621,2229.753394279889
474.37381,0.253055,-29.117469,2226.655034,2227.4373992755127
474.38381,0.253107,-29.11709,2226.363861,2227.22215931098
474.39381,0.253159,-29.116712,2226.072692,2226.0517894289856
474.40381,0.253211,-29.116334,2225.781527,2227.5959890946633
474.41381,0.253263,-29.115955,2225.490365,2226.05571998785
474.42381,0.253315,-29.115577,2225.199208,2225.885044536617
474.43381,0.253366,-29.115199,2224.908054,2225.0885444779565
474.44381,0.253418,-29.11482,2224.616904,2226.600372141374
474.45381,0.253469,-29.114442,2224.325757,2224.3828339655693
474.46381,0.25352,-29.114064,2224.034615,2224.091268489324
474.47381,0.253571,-29.113686,2223.743476,2224.653035070099
474.48381,0.253621,-29.113308,2223.452341,2219.856875608631
474.49381,0.253672,-29.11293,2223.16121,2222.9631940218674
474.50381,0.253722,-29.112551,2222.870083,2223.6023977756445
474.51381,0.253772,-29.112173,2222.578959,2221.900335143105
474.52381,0.253822,-29.111795,2222.287839,2220.290883409159
474.53381,0.253872,-29.111417,2221.996723,2222.906052845416
474.54381,0.253922,-29.111039,2221.705611,2222.3031324390895
474.55381,0.253972,-29.110661,2221.414502,2219.11408291808
474.56381,0.254021,-29.110283,2221.123398,2216.501421394726
474.57381,0.25407,-29.109905,2220.832297,2222.8830538014204
474.58381,0.254119,-29.109528,2220.541199,2223.427129473262
474.59381,0.254168,-29.10915,2220.250106,2220.595099485692
474.60381,0.254217,-29.108772,2219.959016,2221.842118181315
474.61381,0.254266,-29.108394,2219.667931,2220.6665489803695
474.62381,0.254314,-29.108016,2219.376849,2218.8096879583845
474.63381,0.254362,-29.107638,2219.08577,2219.7268252033373
474.64381,0.254411,-29.107261,2218.794696,2218.564374341403
474.65381,0.254459,-29.106883,2218.503625,2216.9134302288985
474.66381,0.254506,-29.106505,2218.212558,2217.8703436123596
474.67381,0.254554,-29.106128,2217.921495,2218.8744454908774
474.68381,0.254602,-29.10575,2217.630436,2219.520143035726
474.69381,0.254649,-29.105372,2217.33938,2214.3859130347255
474.70381,0.254696,-29.104995,2217.048328,2217.9449882441095
474.71381,0.254743,-29.104617,2216.75728,2216.131140849573
474.72381,0.25479,-29.10424,2216.466236,2217.4585839538877
474.73381,0.254837,-29.103862,2216.175195,2212.4676118036255
474.74381,0.254884,-29.103485,2215.884159,2215.548458772946
474.75381,0.25493,-29.103107,2215.593126,2215.5465292136423
474.76381,0.254976,-29.10273,2215.302096,2216.2587512892733
474.77381,0.255023,-29.102353,2215.011071,2218.1511440103404
474.78381,0.255069,-29.101975,2214.720049,2215.1042374416
474.79381,0.255115,-29.101598,2214.429031,2217.2406735604873
474.80381,0.25516,-29.101221,2214.138017,2216.328188655535
474.81381,0.255206,-29.100843,2213.847007,2214.72245327376
474.82381,0.255251,-29.100466,2213.556001,2212.8351583889907
474.83381,0.255297,-29.100089,2213.264998,2213.843378030643
474.84381,0.255342,-29.099712,2212.973999,2211.402082950865
474.85381,0.255387,-29.099335,2212.683003,2211.958204175467
474.86381,0.255432,-29.098957,2212.392012,2211.048429167647
474.87381,0.255476,-29.09858,2212.101024,2213.3904639552193
474.88381,0.255521,-29.098203,2211.81004,2212.1055322696357
474.89381,0.255565,-29.097826,2211.51906,2212.871055145162
474.90381,0.25561,-29.097449,2211.228084,2212.1794919460144
474.91381,0.255654,-29.097072,2210.937111,2211.648801430093
474.92381,0.255698,-29.096695,2210.646142,2210.729229652435
474.93381,0.255742,-29.096318,2210.355177,2213.0954868718254
474.94381,0.255785,-29.095941,2210.064216,2211.258561495903
474.95381,0.255829,-29.095564,2209.773259,2209.0139374293162
474.96381,0.255872,-29.095187,2209.482305,2208.9263957483054
474.97381,0.255916,-29.094811,2209.191355,2210.80243369824
474.98381,0.255959,-29.094434,2208.900409,2208.5046868761565
474.99381,0.256002,-29.094057,2208.609466,2209.2816114666457
475.00381,0.256045,-29.09368,2208.318527,2207.44410555941
475.01381,0.256087,-29.093303,2208.027593,2210.3565693083356
475.02381,0.25613,-29.092927,2207.736661,2207.811418506784
475.03381,0.256172,-29.09255,2207.445734,2209.410928858091
475.04381,0.256215,-29.092173,2207.15481,2205.637730734216
475.05381,0.256257,-29.091797,2206.863891,2207.1519489824746
475.06381,0.256299,-29.09142,2206.572974,2206.5572101003418
475.07381,0.256341,-29.091043,2206.282062,2207.1057221122674
475.08381,0.256383,-29.090667,2205.991154,2209.792565497606
475.09381,0.256424,-29.09029,2205.700249,2204.566889627445
475.10381,0.256466,-29.089914,2205.409348,2205.3281228390297
475.11381,0.256507,-29.089537,2205.118451,2206.007461736017
475.12381,0.256548,-29.089161,2204.827557,2206.511630533595
475.13381,0.256589,-29.088785,2204.536667,2202.5942615211356
475.14381,0.25663,-29.088408,2204.245781,2202.310187578895
475.15381,0.256671,-29.088032,2203.954899,2203.7718829985897
475.16381,0.256712,-29.087655,2203.664021,2203.5785158486383
475.17381,0.256752,-29.087279,2203.373146,2202.585739372266
475.18381,0.256793,-29.086903,2203.082275,2200.0306056258255
475.19381,0.256833,-29.086526,2202.791408,2204.066165904557
475.20381,0.256873,-29.08615,2202.500545,2202.8061352435907
475.21381,0.256913,-29.085774,2202.209685,2202.645982623319
475.22381,0.256953,-29.085398,2201.918829,2199.930662118764
475.23381,0.256993,-29.085022,2201.627977,2202.1367618477752
475.24381,0.257032,-29.084646,2201.337129,2201.4552374766076
475.25381,0.257072,-29.084269,2201.046284,2201.7270750385
475.26381,0.257111,-29.083893,2200.755443,2200.2934553518426
475.27381,0.257151,-29.083517,2200.464606,2200.322869215671
475.28381,0.25719,-29.083141,2200.173773,2199.7467306170633
475.29381,0.257229,-29.082765,2199.882943,2201.5098051180735
475.30381,0.257268,-29.082389,2199.592118,2195.8746790559244
475.31381,0.257306,-29.082013,2199.301296,2201.119186773328
475.32381,0.257345,-29.081637,2199.010477,2199.79541570928
475.33381,0.257383,-29.081261,2198.719663,2199.2213480738365
475.34381,0.257422,-29.080886,2198.428852,2199.6687941220534
475.35381,0.25746,-29.08051,2198.138045,2198.359065812444
475.36381,0.257498,-29.080134,2197.847242,2199.0750127850993
475.37381,0.257536,-29.079758,2197.556443,2194.762426393238
475.38381,0.257574,-29.079382,2197.265647,2197.50503108052
475.39381,0.257612,-29.079007,2196.974855,2199.438904303901
475.40381,0.257649,-29.078631,2196.684067,2197.0206911247637
475.41381,0.257687,-29.078255,2196.393282,2195.67314037945
475.42381,0.257724,-29.07788,2196.102502,2192.4377840101934
475.43381,0.257761,-29.077504,2195.811725,2195.6821011429406
475.44381,0.257798,-29.077128,2195.520951,2194.3229006598244
475.45381,0.257835,-29.076753,2195.230182,2194.637833064601
475.46381,0.257872,-29.076377,2194.939416,2194.0922826694414
475.47381,0.257909,-29.076002,2194.648655,2194.9416680191707
475.48381,0.257946,-29.075626,2194.357896,2193.5587809034637
475.49381,0.257982,-29.075251,2194.067142,2193.432723783864
475.50381,0.258018,-29.074875,2193.776391,2193.09909552363
475.51381,0.258055,-29.0745,2193.485645,2194.9592474367664
475.52381,0.258091,-29.074124,2193.194901,2196.037817937948
475.53381,0.258127,-29.073749,2192.904162,2193.400951234585
475.54381,0.258163,-29.073374,2192.613426,2191.3949388026595
475.55381,0.258198,-29.072998,2192.322695,2193.5001447841687
475.56381,0.258234,-29.072623,2192.031966,2191.1448722920795
475.57381,0.25827,-29.072248,2191.741242,2190.694533274219
475.58381,0.258305,-29.071872,2191.450522,2192.0552421601983
475.59381,0.25834,-29.071497,2191.159805,2192.031919570638
475.60381,0.258376,-29.071122,2190.869092,2189.9600535961285
475.61381,0.258411,-29.070747,2190.578382,2193.8058815023137
475.62381,0.258446,-29.070372,2190.287677,2191.4782188080435
475.63381,0.25848,-29.069996,2189.996975,2188.5500809365835
475.64381,0.258515,-29.069621,2189.706277,2188.6195000042608
475.65381,0.25855,-29.069246,2189.415582,2189.7122873301832
475.66381,0.258584,-29.068871,2189.124892,2187.327329527409
475.67381,0.258619,-29.068496,2188.834205,2186.3048646777183
475.68381,0.258653,-29.068121,2188.543522,2190.146997818266
475.69381,0.258687,-29.067746,2188.252843,2190.284292424618
475.70381,0.258721,-29.067371,2187.962167,2189.8298842413797
475.71381,0.258755,-29.066996,2187.671495,2187.174946945939
475.72381,0.258789,-29.066622,2187.380827,2188.0249147621635
475.73381,0.258822,-29.066247,2187.090163,2185.512406842224
475.74381,0.258856,-29.065872,2186.799502,2187.690749192823
475.75381,0.25889,-29.065497,2186.508845,2187.529759219262
475.76381,0.258923,-29.065122,2186.218192,2184.598534923382
475.77381,0.258956,-29.064747,2185.927543,2187.47154037167
475.78381,0.258989,-29.064373,2185.636897,2188.3830538376337
475.79381,0.259022,-29.063998,2185.346255,2186.3486826041294
475.80381,0.259055,-29.063623,2185.055617,2185.4346362478586
475.81381,0.259088,-29.063249,2184.764983,2182.8111864650486
475.82381,0.259121,-29.062874,2184.474352,2183.6190655956625
475.83381,0.259153,-29.062499,2184.183725,2183.34504331897
475.84381,0.259186,-29.062125,2183.893102,2182.4811639149666
475.85381,0.259218,-29.06175,2183.602483,2181.391299575317
475.86381,0.25925,-29.061376,2183.311867,2186.2225440876327
475.87381,0.259282,-29.061001,2183.021255,2180.834885913995
475.88381,0.259315,-29.060627,2182.730647,2183.949286949016
475.89381,0.259346,-29.060252,2182.440043,2182.0548043876406
475.90381,0.259378,-29.059878,2182.149442,2184.0652860860014
475.91381,0.25941,-29.059504,2181.858845,2180.698695788197
475.92381,0.259442,-29.059129,2181.568252,2179.4654576153603
475.93381,0.259473,-29.058755,2181.277663,2179.318839330451
475.94381,0.259505,-29.05838,2180.987077,2182.032309761123
475.95381,0.259536,-29.058006,2180.696495,2182.057504466089
475.96381,0.259567,-29.057632,2180.405917,2183.5735398239494
475.97381,0.259598,-29.057258,2180.115342,2182.5382197982185
475.98381,0.259629,-29.056883,2179.824772,2178.576307057892
475.99381,0.25966,-29.056509,2179.534205,2179.421712711119
476.00381,0.259691,-29.056135,2179.243642,2181.5542292257023
476.01381,0.259721,-29.055761,2178.953082,2178.582929457943
476.02381,0.259752,-29.055387,2178.662526,2178.94938860427
476.03381,0.259782,-29.055013,2178.371974,2177.3498472420883
476.04381,0.259813,-29.054639,2178.081426,2181.3313775239235
476.05381,0.259843,-29.054265,2177.790882,2178.588732194901
476.06381,0.259873,-29.053891,2177.500341,2177.7774320633966
476.07381,0.259903,-29.053517,2177.209804,2178.832610961487
476.08381,0.259933,-29.053143,2176.91927,2177.0619928705573
476.09381,0.259963,-29.052769,2176.628741,2180.319370668633
476.10381,0.259993,-29.052395,2176.338215,2179.0924280956015
476.11381,0.260022,-29.052021,2176.047693,2175.547785730407
476.12381,0.260052,-29.051647,2175.757175,2176.0654759318613
476.13381,0.260081,-29.051273,2175.46666,2177.181125214458
476.14381,0.260111,-29.050899,2175.176149,2172.6288479317086
476.15381,0.26014,-29.050525,2174.885642,2174.3180950477554
476.16381,0.260169,-29.050152,2174.595139,2174.7736362301903
476.17381,0.260198,-29.049778,2174.304639,2177.9705641739065
476.18381,0.260227,-29.049404,2174.014143,2174.886647588353
476.19381,0.260256,-29.049031,2173.723651,2175.967711537262
476.20381,0.260285,-29.048657,2173.433163,2175.69673810568
476.21381,0.260313,-29.048283,2173.142678,2171.3741616566112
476.22381,0.260342,-29.04791,2172.852197,2171.1460316737976
476.23381,0.26037,-29.047536,2172.56172,2174.2110880420896
476.24381,0.260399,-29.047162,2172.271246,2172.069079882485
476.25381,0.260427,-29.046789,2171.980776,2171.594910651022
476.26381,0.260455,-29.046415,2171.69031,2170.3585606200177
476.27381,0.260483,-29.046042,2171.399848,2171.216220561793
476.28381,0.260511,-29.045668,2171.10939,2169.7266999253807
476.29381,0.260539,-29.045295,2170.818935,2173.4688338590213
476.30381,0.260567,-29.044922,2170.528484,2172.4819361311984
476.31381,0.260594,-29.044548,2170.238036,2170.6471127627565
476.32381,0.260622,-29.044175,2169.947593,2170.8585334592262
476.33381,0.260649,-29.043802,2169.657153,2168.2228555797637
476.34381,0.260677,-29.043428,2169.366717,2170.078640596602
476.35381,0.260704,-29.043055,2169.076284,2169.6342578556914
476.36381,0.260731,-29.042682,2168.785856,2169.6393108738935
476.37381,0.260758,-29.042308,2168.495431,2169.273358504053
476.38381,0.260785,-29.041935,2168.205009,2166.173217511828
476.39381,0.260812,-29.041562,2167.914592,2169.3653115244356
476.40381,0.260839,-29.041189,2167.624178,2168.1636626603913
476.41381,0.260866,-29.040816,2167.333768,2165.676334549501
476.42381,0.260893,-29.040443,2167.043362,2164.409464243205
476.43381,0.260919,-29.04007,2166.752959,2168.6055115835884
476.44381,0.260946,-29.039696,2166.46256,2169.0661367208836
476.45381,0.260972,-29.039323,2166.172165,2166.7782286717907
476.46381,0.260998,-29.03895,2165.881774,2167.840905817342
476.47381,0.261025,-29.038577,2165.591386,2164.3967461163893
476.48381,0.261051,-29.038204,2165.301002,2163.1658914646505
476.49381,0.261077,-29.037831,2165.010622,2162.6718993194518
476.50381,0.261103,-29.037459,2164.720246,2166.9585861771266
476.51381,0.261128,-29.037086,2164.429873,2167.002655094932
476.52381,0.261154,-29.036713,2164.139504,2165.0333973477104
476.53381,0.26118,-29.03634,2163.849139,2164.2151739159126
476.54381,0.261205,-29.035967,2163.558777,2163.8601424462545
476.55381,0.261231,-29.035594,2163.268419,2162.8985852932433
476.56381,0.261256,-29.035222,2162.978065,2165.1260672594576
476.57381,0.261282,-29.034849,2162.687715,2163.6940050562544
476.58381,0.261307,-29.034476,2162.397368,2161.8395189698263
476.59381,0.261332,-29.034103,2162.107025,2161.664917656397
476.60381,0.261357,-29.033731,2161.816686,2162.2879741750085
476.61381,0.261382,-29.033358,2161.526351,2162.5718476919874
476.62381,0.261407,-29.032986,2161.236019,2161.190713294609
476.63381,0.261432,-29.032613,2160.945691,2163.6718637603703
476.64381,0.261456,-29.03224,2160.655367,2157.6791694940416
476.65381,0.261481,-29.031868,2160.365046,2161.2059432514275
476.66381,0.261505,-29.031495,2160.07473,2160.768755143556
476.67381,0.26153,-29.031123,2159.784416,2160.3345575491217
476.68381,0.261554,-29.03075,2159.494107,2159.2088365944946
476.69381,0.261578,-29.030378,2159.203801,2159.51590760083
476.70381,0.261603,-29.030005,2158.9135,2163.14384168538
476.71381,0.261627,-29.029633,2158.623201,2157.241317546575
476.72381,0.261651,-29.029261,2158.332907,2158.439359509002
476.73381,0.261675,-29.028888,2158.042616,2157.3238385831287
476.74381,0.261699,-29.028516,2157.752329,2158.830161455904
476.75381,0.261722,-29.028144,2157.462046,2158.581946264258
476.76381,0.261746,-29.027771,2157.171766,2156.8559177895777
476.77381,0.26177,-29.027399,2156.88149,2156.905983804119
476.78381,0.261793,-29.027027,2156.591218,2154.567764282594
476.79381,0.261817,-29.026655,2156.30095,2156.108703884747
476.80381,0.26184,-29.026283,2156.010685,2158.3175209979877
476.81381,0.261863,-29.02591,2155.720424,2154.6615059778887
476.82381,0.261886,-29.025538,2155.430167,2155.1326413415277
476.83381,0.261909,-29.025166,2155.139913,2153.181260769496
476.84381,0.261932,-29.024794,2154.849664,2152.6819338853597
476.85381,0.261955,-29.024422,2154.559418,2156.1723596648735
476.86381,0.261978,-29.02405,2154.269175,2153.8542059634424
476.87381,0.262001,-29.023678,2153.978937,2155.1403894262103
476.88381,0.262024,-29.023306,2153.688702,2153.0529948769768
476.89381,0.262046,-29.022934,2153.39847,2153.8723017731627
476.90381,0.262069,-29.022562,2153.108243,2154.0219363121996
476.91381,0.262091,-29.02219,2152.818019,2152.8164173215114
476.92381,0.262114,-29.021818,2152.527799,2155.084828334179
476.93381,0.262136,-29.021447,2152.237583,2153.4797151645253
476.94381,0.262158,-29.021075,2151.94737,2152.755197186006
476.95381,0.26218,-29.020703,2151.657161,2150.634682496633
476.96381,0.262203,-29.020331,2151.366956,2151.265209500178
476.97381,0.262225,-29.019959,2151.076755,2151.147316084202
476.98381,0.262246,-29.019588,2150.786557,2150.587564299456
476.99381,0.262268,-29.019216,2150.496363,2150.791376096761
477.00381,0.26229,-29.018844,2150.206173,2148.425419319338
477.01381,0.262312,-29.018473,2149.915986,2150.6716555085422
477.02381,0.262333,-29.018101,2149.625803,2146.8297926422665
477.03381,0.262355,-29.017729,2149.335624,2149.6742588674592
477.04381,0.262376,-29.017358,2149.045449,2148.6607628828274
477.05381,0.262398,-29.016986,2148.755277,2147.932261395852
477.06381,0.262419,-29.016615,2148.465109,2148.1131699556913
477.07381,0.26244,-29.016243,2148.174945,2147.807557785331
477.08381,0.262461,-29.015872,2147.884784,2147.843260363177
477.09381,0.262482,-29.0155,2147.594627,2147.3353241411646
477.10381,0.262503,-29.015129,2147.304474,2147.116871875007
477.11381,0.262524,-29.014757,2147.014325,2148.4845765731375
477.12381,0.262545,-29.014386,2146.724179,2148.8207537807375
477.13381,0.262566,-29.014014,2146.434037,2145.7297142586476
477.14381,0.262587,-29.013643,2146.143899,2142.4956938354817
477.15381,0.262607,-29.013272,2145.853764,2143.3801341035487
477.16381,0.262628,-29.012901,2145.563633,2146.4355057054104
477.17381,0.262648,-29.012529,2145.273506,2144.9155089464516
477.18381,0.262669,-29.012158,2144.983383,2144.9043519637426
477.19381,0.262689,-29.011787,2144.693263,2144.3164169828347
477.20381,0.262709,-29.011416,2144.403147,2143.589532745011
477.21381,0.262729,-29.011044,2144.113034,2142.039139522302
477.22381,0.26275,-29.010673,2143.822926,2144.8476745111175
477.23381,0.26277,-29.010302,2143.532821,2144.5292031378044
477.24381,0.26279,-29.009931,2143.24272,2142.5646451473544
477.25381,0.262809,-29.00956,2142.952622,2143.634111720934
477.26381,0.262829,-29.009189,2142.662529,2144.0919400702674
477.27381,0.262849,-29.008818,2142.372439,2140.5062861699853
477.28381,0.262869,-29.008447,2142.082352,2140.468968495573
477.29381,0.262888,-29.008076,2141.79227,2143.423452725801
477.30381,0.262908,-29.007705,2141.502191,2143.5332001709317
477.31381,0.262927,-29.007334,2141.212116,2137.5223320459313
477.32381,0.262947,-29.006963,2140.922044,2142.7197282500215
477.33381,0.262966,-29.006592,2140.631976,2141.7731905081737
477.34381,0.262985,-29.006221,2140.341912,2141.6130055812628
477.35381,0.263004,-29.00585,2140.051852,2141.9880985139816
477.36381,0.263024,-29.00548,2139.761795,2139.656570161718
477.37381,0.263043,-29.005109,2139.471742,2139.987679207171
477.38381,0.263062,-29.004738,2139.181693,2137.870916422394
477.39381,0.263081,-29.004367,2138.891648,2139.1192833906484
477.40381,0.263099,-29.003996,2138.601606,2136.0953168161
477.41381,0.263118,-29.003626,2138.311568,2137.780804082463
477.42381,0.263137,-29.003255,2138.021533,2137.700053620205
477.43381,0.263155,-29.002884,2137.731503,2136.354932916481
477.44381,0.263174,-29.002514,2137.441476,2139.574575620894
477.45381,0.263193,-29.002143,2137.151452,2138.5274438206525
477.46381,0.263211,-29.001773,2136.861433,2138.3172729093394
477.47381,0.263229,-29.001402,2136.571417,2138.5239125781086
477.48381,0.263248,-29.001031,2136.281405,2134.0481403645013
477.49381,0.263266,-29.000661,2135.991396,2135.781666576596
477.50381,0.263284,-29.00029,2135.701391,2135.781079315313
477.51381,0.263302,-28.99992,2135.41139,2132.481618605406
477.52381,0.26332,-28.99955,2135.121393,2136.0590428225746
477.53381,0.263338,-28.999179,2134.831399,2134.0913776970433
477.54381,0.263356,-28.998809,2134.541409,2135.128244958867
477.55381,0.263374,-28.998438,2134.251423,2133.4913016167743
477.56381,0.263392,-28.998068,2133.961441,2136.4976353999145
477.57381,0.263409,-28.997698,2133.671462,2134.816514495389
477.58381,0.263427,-28.997327,2133.381487,2135.287264337448
477.59381,0.263445,-28.996957,2133.091515,2132.3204782682155
477.60381,0.263462,-28.996587,2132.801548,2134.858973334578
477.61381,0.26348,-28.996217,2132.511584,2132.5170482834446
477.62381,0.263497,-28.995846,2132.221623,2132.0058797066395
477.63381,0.263514,-28.995476,2131.931667,2133.520709776999
477.64381,0.263532,-28.995106,2131.641714,2130.5135408093024
477.65381,0.263549,-28.994736,2131.351764,2132.785107177807
477.66381,0.263566,-28.994366,2131.061819,2129.693728369785
477.67381,0.263583,-28.993996,2130.771877,2131.664342732278
477.68381,0.2636,-28.993626,2130.481939,2132.375051195997
477.69381,0.263617,-28.993256,2130.192005,2128.5438553041417
477.70381,0.263634,-28.992886,2129.902074,2127.39805218444
477.71381,0.263651,-28.992516,2129.612147,2129.7672878372105
477.72381,0.263667,-28.992146,2129.322224,2127.359029909451
477.73381,0.263684,-28.991776,2129.032304,2130.293578767352
477.74381,0.263701,-28.991406,2128.742388,2127.887919050491
477.75381,0.263717,-28.991036,2128.452476,2126.419034252894
477.76381,0.263734,-28.990666,2128.162567,2126.8659285224608
477.77381,0.26375,-28.990296,2127.872663,2129.0157926974102
477.78381,0.263766,-28.989926,2127.582761,2127.8631021223678
477.79381,0.263783,-28.989556,2127.292864,2128.2312261338666
477.80381,0.263799,-28.989187,2127.00297,2124.784397263844
477.81381,0.263815,-28.988817,2126.71308,2126.4486275957647
477.82381,0.263831,-28.988447,2126.423194,2129.116550029694
477.83381,0.263847,-28.988077,2126.133311,2125.727290806211
477.84381,0.263863,-28.987708,2125.843432,2126.6230758711495
477.85381,0.263879,-28.987338,2125.553557,2128.523760422195
477.86381,0.263895,-28.986968,2125.263686,2126.5595476126714
477.87381,0.263911,-28.986599,2124.973818,2125.1628593110977
477.88381,0.263927,-28.986229,2124.683954,2123.5113089499046
477.89381,0.263943,-28.98586,2124.394093,2125.2168285371154
477.90381,0.263958,-28.98549,2124.104237,2124.460245029694
477.91381,0.263974,-28.985121,2123.814383,2123.2426824202216
477.92381,0.263989,-28.984751,2123.524534,2122.4761884025284
477.93381,0.264005,-28.984382,2123.234688,2125.910817567795
477.94381,0.26402,-28.984012,2122.944847,2118.7626763819007
477.95381,0.264036,-28.983643,2122.655008,2120.999578468014
477.96381,0.264051,-28.983273,2122.365174,2126.2650672780032
477.97381,0.264066,-28.982904,2122.075343,2124.8100570215342
477.98381,0.264081,-28.982534,2121.785516,2120.347015948834
477.99381,0.264097,-28.982165,2121.495692,2122.541834244788
478.00381,0.264112,-28.981796,2121.205872,2121.5043880141207
478.01381,0.264127,-28.981427,2120.916056,2121.0608270589582
478.02381,0.264142,-28.981057,2120.626244,2119.9948541704216
478.03381,0.264157,-28.980688,2120.336435,2121.250744598791
478.04381,0.264171,-28.980319,2120.04663,2118.6529590039872
478.05381,0.264186,-28.97995,2119.756829,2119.961007223101
478.06381,0.264201,-28.97958,2119.467031,2117.413523489834
478.07381,0.264216,-28.979211,2119.177237,2117.8799436030813
478.08381,0.26423,-28.978842,2118.887447,2118.885015044542
478.09381,0.264245,-28.978473,2118.59766,2118.2917826841517
478.10381,0.264259,-28.978104,2118.307877,2117.7762251855074
478.11381,0.264274,-28.977735,2118.018098,2115.91936880751
478.12381,0.264288,-28.977366,2117.728323,2116.3060092680985
478.13381,0.264303,-28.976997,2117.438551,2117.0779257652107
478.14381,0.264317,-28.976628,2117.148783,2118.1800299770493
478.15381,0.264331,-28.976259,2116.859018,2118.34512484824
478.16381,0.264345,-28.97589,2116.569258,2116.462423603141
478.17381,0.264359,-28.975521,2116.2795,2115.441822362393
478.18381,0.264373,-28.975152,2115.989747,2115.263212518523
478.19381,0.264387,-28.974783,2115.699997,2113.352917013252
478.20381,0.264401,-28.974414,2115.410251,2114.8296183913817
478.21381,0.264415,-28.974045,2115.120509,2114.5576525143792
478.22381,0.264429,-28.973677,2114.830771,2113.5218986802715
478.23381,0.264443,-28.973308,2114.541036,2116.2297143523615
478.24381,0.264457,-28.972939,2114.251304,2115.0457737281486
478.25381,0.26447,-28.97257,2113.961577,2114.7053557435647
478.26381,0.264484,-28.972201,2113.671853,2113.72584276707
478.27381,0.264498,-28.971833,2113.382133,2114.4288759421997
478.28381,0.264511,-28.971464,2113.092416,2110.780162917744
478.29381,0.264525,-28.971095,2112.802704,2111.8805328663593
478.30381,0.264538,-28.970727,2112.512994,2112.281847544415
478.31381,0.264552,-28.970358,2112.223289,2112.0679254083057
478.32381,0.264565,-28.96999,2111.933587,2113.9979329254725
478.33381,0.264578,-28.969621,2111.643889,2113.870198917793
478.34381,0.264591,-28.969252,2111.354195,2111.7708021422686
478.35381,0.264605,-28.968884,2111.064504,2110.9674122504202
478.36381,0.264618,-28.968515,2110.774817,2110.329508397762
478.37381,0.264631,-28.968147,2110.485134,2109.74046309963
478.38381,0.264644,-28.967778,2110.195454,2109.4544028199102
478.39381,0.264657,-28.96741,2109.905778,2110.030480454893
478.40381,0.26467,-28.967042,2109.616106,2113.287802811263
478.41381,0.264683,-28.966673,2109.326437,2109.4493339475525
478.42381,0.264695,-28.966305,2109.036773,2109.4965666648086
478.43381,0.264708,-28.965937,2108.747111,2108.546350777219
478.44381,0.264721,-28.965568,2108.457454,2109.3364481116855
478.45381,0.264734,-28.9652,2108.1678,2106.5681086076033
478.46381,0.264746,-28.964832,2107.87815,2107.3544533918403
478.47381,0.264759,-28.964463,2107.588503,2107.72536475933
478.48381,0.264771,-28.964095,2107.298861,2106.2740461523595
478.49381,0.264784,-28.963727,2107.009221,2106.812237754765
478.50381,0.264796,-28.963359,2106.719586,2107.9012273532016
478.51381,0.264809,-28.962991,2106.429954,2108.8797246232953
478.52381,0.264821,-28.962622,2106.140326,2106.878479898018
478.53381,0.264833,-28.962254,2105.850702,2105.80979655575
478.54381,0.264845,-28.961886,2105.561081,2105.038416015592
478.55381,0.264858,-28.961518,2105.271464,2103.2729346014794
478.56381,0.26487,-28.96115,2104.981851,2103.6703100929712
478.57381,0.264882,-28.960782,2104.692241,2103.9862535210486
478.58381,0.264894,-28.960414,2104.402635,2105.5150858548664
478.59381,0.264906,-28.960046,2104.113033,2104.7536813249017
478.60381,0.264918,-28.959678,2103.823434,2103.127519264089
478.61381,0.26493,-28.95931,2103.533839,2104.859628047582
478.62381,0.264941,-28.958942,2103.244248,2101.692696657042
478.63381,0.264953,-28.958574,2102.95466,2102.248899708571
478.64381,0.264965,-28.958207,2102.665076,2100.7918693749602
478.65381,0.264977,-28.957839,2102.375496,2100.451987586346
478.66381,0.264988,-28.957471,2102.08592,2104.311854291463
478.67381,0.265,-28.957103,2101.796347,2099.294936928041
478.68381,0.265012,-28.956735,2101.506778,2103.2883814794695
478.69381,0.265023,-28.956368,2101.217212,2103.2287136898517
478.70381,0.265034,-28.956,2100.92765,2102.0088675611114
478.71381,0.265046,-28.955632,2100.638092,2102.0099607638463
478.72381,0.265057,-28.955264,2100.348538,2101.8437046542394
478.73381,0.265069,-28.954897,2100.058987,2099.310164068694
478.74381,0.26508,-28.954529,2099.76944,2098.5467878924787
478.75381,0.265091,-28.954161,2099.479896,2098.8634900164184
478.76381,0.265102,-28.953794,2099.190356,2099.7124477639873
478.77381,0.265113,-28.953426,2098.90082,2100.100276799911
478.78381,0.265125,-28.953059,2098.611288,2095.313899953092
478.79381,0.265136,-28.952691,2098.321759,2099.4890314255085
478.80381,0.265147,-28.952324,2098.032234,2097.938038500322
478.81381,0.265158,-28.951956,2097.742713,2098.9520675376552
478.82381,0.265169,-28.951589,2097.453195,2095.11622881408
478.83381,0.265179,-28.951221,2097.163681,2099.625619479761
478.84381,0.26519,-28.950854,2096.874171,2098.6253498137407
478.85381,0.265201,-28.950486,2096.584664,2095.3861014008626
478.86381,0.265212,-28.950119,2096.295161,2095.4391733246484
478.87381,0.265222,-28.949752,2096.005662,2095.737086516512
478.88381,0.265233,-28.949384,2095.716166,2093.8065596993524
478.89381,0.26512,-28.949017,2095.426674,2096.1527445305705
478.90381,0.264995,-28.94865,2095.137187,2096.1189652146145
478.91381,0.264871,-28.948283,2094.847705,2094.003685765507
478.92381,0.26475,-28.947915,2094.558224,2094.7923998714377
478.93381,0.264629,-28.947548,2094.268746,2094.7918209005843
478.94381,0.264509,-28.947181,2093.979273,2093.7477552204023
478.95381,0.26439,-28.946813,2093.689803,2093.4961111743605
478.96381,0.264272,-28.946446,2093.400336,2097.757984061431
478.97381,0.264155,-28.946078,2093.110874,2093.2702565711193
478.98381,0.264039,-28.945711,2092.821415,2090.480025692163
478.99381,0.263924,-28.945343,2092.531959,2091.400606549585
479.00381,0.26381,-28.944976,2092.242508,2092.3724204118157
479.01381,0.263697,-28.944608,2091.95306,2091.414380961975
479.02381,0.263584,-28.94424,2091.663616,2091.4721529040007
479.03381,0.263473,-28.943873,2091.374175,2092.044586035778
479.04381,0.263362,-28.943505,2091.084738,2092.6134381736133
479.05381,0.263252,-28.943137,2090.795305,2088.315843543853
479.06381,0.263144,-28.942769,2090.505875,2089.6656708926807
479.07381,0.263036,-28.942401,2090.21645,2089.4948867939115
479.08381,0.262929,-28.942033,2089.927027,2091.645540167125
479.09381,0.262823,-28.941665,2089.637609,2088.547707961779
479.10381,0.262717,-28.941297,2089.348194,2087.4478655037087
479.11381,0.262613,-28.940929,2089.058783,2088.471790202734
479.12381,0.262509,-28.940561,2088.769376,2087.275280862098
479.13381,0.262406,-28.940193,2088.479972,2090.5296831412816
479.14381,0.262305,-28.939824,2088.190572,2085.8816791867616
479.15381,0.262203,-28.939456,2087.901175,2090.817805578099
479.16381,0.262103,-28.939088,2087.611783,2087.679286413002
479.17381,0.262004,-28.938719,2087.322394,2089.132604514103
479.18381,0.261905,-28.938351,2087.033008,2085.6344364064835
479.19381,0.261807,-28.937982,2086.743627,2085.0772576767863
479.20381,0.261711,-28.937614,2086.454249,2085.857737220956
479.21381,0.261614,-28.937245,2086.164874,2085.7815521298858
479.22381,0.261519,-28.936877,2085.875504,2088.472798245405
479.23381,0.261425,-28.936508,2085.586137,2088.0817069039767
479.24381,0.261331,-28.936139,2085.296774,2086.876421819466
479.25381,0.261238,-28.93577,2085.007414,2087.0150823895483
479.26381,0.261146,-28.935402,2084.718058,2083.0844214616504
479.27381,0.261054,-28.935033,2084.428706,2085.214772743227
479.28381,0.260964,-28.934664,2084.139357,2082.046171204514
479.29381,0.260874,-28.934295,2083.850013,2082.520006062576
479.30381,0.260785,-28.933926,2083.560672,2083.249845510908
479.31381,0.260696,-28.933557,2083.271334,2085.512748717567
479.32381,0.260609,-28.933188,2082.982,2083.5442779433192
479.33381,0.260522,-28.932819,2082.69267,2084.396096584009
479.34381,0.260436,-28.93245,2082.403344,2082.060862442762
479.35381,0.26035,-28.932081,2082.114021,2081.302723790611
479.36381,0.260266,-28.931711,2081.824702,2080.186096133476
479.37381,0.260182,-28.931342,2081.535387,2081.335839341137
479.38381,0.260099,-28.930973,2081.246076,2082.829037357588
479.39381,0.260016,-28.930603,2080.956768,2081.3244319508312
479.40381,0.259934,-28.930234,2080.667464,2078.06063417637
479.41381,0.259853,-28.929865,2080.378163,2078.990964161321
479.42381,0.259773,-28.929495,2080.088866,2078.6494993594197
479.43381,0.259693,-28.929126,2079.799573,2082.590891151404
479.44381,0.259614,-28.928756,2079.510284,2076.690471580129
479.45381,0.259536,-28.928387,2079.220998,2079.5034236664596
479.46381,0.259458,-28.928017,2078.931716,2081.6101472551873
479.47381,0.259382,-28.927647,2078.642438,2077.0976829742417
479.48381,0.259305,-28.927278,2078.353163,2079.1734437603504
479.49381,0.25923,-28.926908,2078.063892,2076.757479667963
479.50381,0.259155,-28.926538,2077.774625,2081.020968780839
479.51381,0.259081,-28.926168,2077.485361,2079.269274643791
479.52381,0.259007,-28.925798,2077.196102,2078.0137555602737
479.53381,0.258934,-28.925428,2076.906845,2079.1965365227516
479.54381,0.258862,-28.925058,2076.617593,2077.2638890021653
479.55381,0.25879,-28.924688,2076.328344,2077.9687084536604
479.56381,0.258719,-28.924318,2076.039099,2074.2013387387483
479.57381,0.258649,-28.923948,2075.749858,2074.8702406757693
479.58381,0.258579,-28.923578,2075.46062,2074.267732150073
479.59381,0.25851,-28.923208,2075.171386,2077.675641796201
479.60381,0.258442,-28.922838,2074.882156,2073.319124228316
479.61381,0.258374,-28.922468,2074.59293,2075.2613636759284
479.62381,0.258307,-28.922098,2074.303707,2075.525921577444
479.63381,0.25824,-28.921727,2074.014488,2074.0076507315216
479.64381,0.258174,-28.921357,2073.725272,2073.365041631496
479.65381,0.258109,-28.920987,2073.43606,2072.168651603095
479.66381,0.258044,-28.920616,2073.146852,2073.2772068856657
479.67381,0.25798,-28.920246,2072.857648,2071.731566477166
479.68381,0.257916,-28.919875,2072.568448,2073.234319063688
479.69381,0.257853,-28.919505,2072.279251,2069.2862690192474
479.70381,0.257791,-28.919134,2071.990057,2072.2852591054434
479.71381,0.257729,-28.918764,2071.700868,2072.6331993981516
479.72381,0.257668,-28.918393,2071.411682,2070.6332690069853
479.73381,0.257607,-28.918023,2071.1225,2069.235835485933
479.74381,0.257547,-28.917652,2070.833322,2069.1817150936586
479.75381,0.257487,-28.917281,2070.544147,2070.756798952476
479.76381,0.257428,-28.91691,2070.254976,2070.110506352082
479.77381,0.25737,-28.91654,2069.965809,2070.165306010791
479.78381,0.257312,-28.916169,2069.676645,2068.889167579838
479.79381,0.257255,-28.915798,2069.387485,2067.8263487476947
479.80381,0.257198,-28.915427,2069.098329,2069.3807148673795
479.81381,0.257142,-28.915056,2068.809177,2069.52237643054
479.82381,0.257086,-28.914685,2068.520028,2067.4911962259757
479.83381,0.257031,-28.914314,2068.230883,2067.449558025288
479.84381,0.256976,-28.913943,2067.941742,2065.9759809212924
479.85381,0.256922,-28.913572,2067.652604,2066.2468567474534
479.86381,0.256868,-28.913201,2067.36347,2068.054520131081
479.87381,0.256815,-28.91283,2067.07434,2066.5613534501344
479.88381,0.256763,-28.912459,2066.785214,2069.6338658649083
479.89381,0.25671,-28.912088,2066.496091,2068.3068290887877
479.90381,0.256659,-28.911716,2066.206972,2064.4390570469636
479.91381,0.256608,-28.911345,2065.917857,2065.135347631736
479.92381,0.256557,-28.910974,2065.628745,2065.0525133191354
479.93381,0.256507,-28.910603,2065.339637,2067.0434566072063
479.94381,0.256458,-28.910231,2065.050533,2068.049205904914
479.95381,0.256409,-28.90986,2064.761433,2065.460790502005
479.96381,0.25636,-28.909488,2064.472336,2063.08923181894
479.97381,0.256312,-28.909117,2064.183243,2065.3758604698223
479.98381,0.256264,-28.908746,2063.894154,2065.0153564025
479.99381,0.256217,-28.908374,2063.605068,2063.8223273322337
480.00381,0.25617,-28.908003,2063.315986,2062.3868361867126
480.01381,0.256124,-28.907631,2063.026908,2062.8395326544573
480.02381,0.256078,-28.907259,2062.737834,2060.902918140273
480.03381,0.256033,-28.906888,2062.448763,2062.296023072111
480.04381,0.255988,-28.906516,2062.159696,2061.4364825499397
480.05381,0.255944,-28.906145,2061.870632,2062.821018997203
480.06381,0.2559,-28.905773,2061.581573,2060.9873700562694
480.07381,0.255856,-28.905401,2061.292517,2061.783251749878
480.08381,0.255813,-28.905029,2061.003465,2060.4461695005252
480.09381,0.255771,-28.904658,2060.714416,2060.753993179169
480.10381,0.255729,-28.904286,2060.425372,2060.445346395344
480.11381,0.255687,-28.903914,2060.136331,2058.9192787757884
480.12381,0.255646,-28.903542,2059.847293,2060.298773285509
480.13381,0.255605,-28.90317,2059.55826,2056.474747320406
480.14381,0.255565,-28.902798,2059.26923,2057.958153267883
480.15381,0.255525,-28.902426,2058.980204,2061.127567214063
480.16381,0.255485,-28.902054,2058.691182,2056.519638885548
480.17381,0.255446,-28.901682,2058.402163,2058.10644921771
480.18381,0.255407,-28.90131,2058.113148,2055.6070427957693
480.19381,0.255369,-28.900938,2057.824137,2054.7991866208963
480.20381,0.255331,-28.900566,2057.535129,2058.9555782896346
480.21381,0.255293,-28.900194,2057.246125,2055.739476609508
480.22381,0.255256,-28.899822,2056.957125,2058.5105448234676
480.23381,0.255219,-28.89945,2056.668129,2056.8626773284686
480.24381,0.255183,-28.899077,2056.379136,2055.1220213574493
480.25381,0.255147,-28.898705,2056.090147,2059.02284359832
480.26381,0.255112,-28.898333,2055.801162,2056.8391022912506
480.27381,0.255077,-28.897961,2055.512181,2056.527767929523
480.28381,0.255042,-28.897588,2055.223203,2053.6023107814976
480.29381,0.255007,-28.897216,2054.934229,2054.597870990484
480.30381,0.254973,-28.896844,2054.645259,2053.9158965582533
480.31381,0.25494,-28.896471,2054.356292,2054.9511254659833
480.32381,0.254907,-28.896099,2054.067329,2052.440858429596
480.33381,0.254874,-28.895726,2053.77837,2053.9519646341237
480.34381,0.254841,-28.895354,2053.489415,2053.2142319409963
480.35381,0.254809,-28.894982,2053.200463,2053.875573277583
480.36381,0.254777,-28.894609,2052.911515,2054.855710923942
480.37381,0.254746,-28.894237,2052.622571,2053.2189184708404
480.38381,0.254715,-28.893864,2052.33363,2052.9699134784496
480.39381,0.254684,-28.893491,2052.044693,2053.597189175968
480.40381,0.254654,-28.893119,2051.75576,2052.349034124468
480.41381,0.254624,-28.892746,2051.466831,2051.5770429482614
480.42381,0.254594,-28.892374,2051.177906,2051.6194171357174
480.43381,0.254565,-28.892001,2050.888984,2051.1428172362193
480.44381,0.254536,-28.891628,2050.600066,2049.7108171254945
480.45381,0.254507,-28.891256,2050.311151,2050.0849675697104
480.46381,0.254479,-28.890883,2050.02224,2051.7724869050467
480.47381,0.254451,-28.89051,2049.733333,2047.7810726569544
480.48381,0.254423,-28.890137,2049.44443,2050.174314938715
480.49381,0.254396,-28.889764,2049.155531,2051.5501375356725
480.50381,0.254369,-28.889392,2048.866635,2049.6325527621148
480.51381,0.254342,-28.889019,2048.577743,2045.8320558896023
480.52381,0.254316,-28.888646,2048.288855,2048.5097419406784
480.53381,0.25429,-28.888273,2047.99997,2048.4210190379436
480.54381,0.254264,-28.8879,2047.711089,2049.166819216909
480.55381,0.254239,-28.887527,2047.422212,2048.9971888593773
480.56381,0.254214,-28.887154,2047.133339,2047.1069532589772
480.57381,0.254189,-28.886781,2046.844469,2047.3407884852807
480.58381,0.254165,-28.886408,2046.555603,2044.7926460278256
480.59381,0.254141,-28.886035,2046.266741,2046.7330622945665
480.60381,0.254117,-28.885662,2045.977882,2046.4908111849372
480.61381,0.254093,-28.885289,2045.689027,2045.777662682837
480.62381,0.25407,-28.884916,2045.400176,2045.6918630894154
480.63381,0.254047,-28.884543,2045.111329,2045.5997677435737
480.64381,0.254024,-28.88417,2044.822486,2044.7161610628295
480.65381,0.254002,-28.883797,2044.533646,2043.7296602739455
480.66381,0.25398,-28.883424,2044.24481,2043.9621581109152
480.67381,0.253958,-28.883051,2043.955977,2044.2451353199724
480.68381,0.253937,-28.882678,2043.667149,2043.1878187510097
480.69381,0.253915,-28.882304,2043.378324,2045.1075570773644
480.70381,0.253894,-28.881931,2043.089502,2040.2551417337436
480.71381,0.253874,-28.881558,2042.800685,2045.6328866345887
480.72381,0.253853,-28.881185,2042.511871,2044.7962095022635
480.73381,0.253833,-28.880811,2042.223061,2043.8525131329113
480.74381,0.253813,-28.880438,2041.934255,2041.7810569127116
480.75381,0.253794,-28.880065,2041.645453,2041.417122410877
480.76381,0.253774,-28.879691,2041.356654,2039.160312548803
480.77381,0.253755,-28.879318,2041.067859,2040.4531787966514
480.78381,0.253737,-28.878945,2040.779067,2039.8228008897036
480.79381,0.253718,-28.878571,2040.49028,2039.7781577515714
480.80381,0.2537,-28.878198,2040.201496,2041.2147508316611
480.81381,0.253682,-28.877825,2039.912716,2039.1458080182952
480.82381,0.253664,-28.877451,2039.62394,2037.895123125468
480.83381,0.253646,-28.877078,2039.335167,2038.832276006336
480.84381,0.253629,-28.876704,2039.046398,2039.665202264354
480.85381,0.253612,-28.876331,2038.757633,2040.579521485042
480.86381,0.253595,-28.875957,2038.468871,2038.0082348567375
480.87381,0.253579,-28.875584,2038.180114,2038.7217226113164
480.88381,0.253562,-28.87521,2037.89136,2037.6274569677164
480.89381,0.253546,-28.874837,2037.602609,2037.7478820136887
480.90381,0.253531,-28.874463,2037.313863,2037.9650104707632
480.91381,0.253515,-28.87409,2037.02512,2038.7305235882966
480.92381,0.2535,-28.873716,2036.736381,2036.3403364629792
480.93381,0.253485,-28.873343,2036.447646,2036.771882391628
480.94381,0.25347,-28.872969,2036.158914,2034.901369586352
480.95381,0.253455,-28.872595,2035.870186,2037.8578876546578
480.96381,0.253441,-28.872222,2035.581462,2033.3576032003573
480.97381,0.253426,-28.871848,2035.292742,2035.1594554911392
480.98381,0.253412,-28.871474,2035.004025,2035.8644604447163
480.99381,0.253399,-28.871101,2034.715313,2035.1447931810867
481.00381,0.253385,-28.870727,2034.426603,2035.4026386407336
481.01381,0.253372,-28.870353,2034.137898,2032.223734001658
481.02381,0.253359,-28.86998,2033.849196,2033.3612910855197
481.03381,0.253346,-28.869606,2033.560498,2032.0090438523105
481.04381,0.253333,-28.869232,2033.271804,2033.3746709860868
481.05381,0.253321,-28.868858,2032.983114,2033.2275483955334
481.06381,0.253308,-28.868485,2032.694427,2031.6293458790026
481.07381,0.253296,-28.868111,2032.405744,2033.0144382903375
481.08381,0.253284,-28.867737,2032.117065,2034.0296466040786
481.09381,0.253273,-28.867363,2031.828389,2031.6657447549055
481.10381,0.253261,-28.866989,2031.539718,2029.6751702186248
481.11381,0.25325,-28.866616,2031.25105,2029.0914502297119
481.12381,0.253239,-28.866242,2030.962385,2031.2403576724532
481.13381,0.253228,-28.865868,2030.673725,2031.3821597946505
481.14381,0.253217,-28.865494,2030.385068,2030.3365012738532
481.15381,0.253207,-28.86512,2030.096415,2030.648619691004
481.16381,0.253197,-28.864746,2029.807765,2029.8687570035663
481.17381,0.253187,-28.864372,2029.51912,2028.190169645907
481.18381,0.253177,-28.863999,2029.230478,2030.75963171321
481.19381,0.253167,-28.863625,2028.94184,2027.632806545457
481.20381,0.253157,-28.863251,2028.653206,2028.5292865245208
481.21381,0.253148,-28.862877,2028.364575,2028.5528802285312
481.22381,0.253139,-28.862503,2028.075948,2029.8195707407447
481.23381,0.25313,-28.862129,2027.787325,2028.8640467747875
481.24381,0.253121,-28.861755,2027.498705,2026.588799007508
481.25381,0.253113,-28.861381,2027.21009,2027.8074078706422
481.26381,0.253104,-28.861007,2026.921478,2025.2174452371373
481.27381,0.253096,-28.860633,2026.63287,2025.8895892670207
481.28381,0.253088,-28.860259,2026.344265,2025.8468211765896
481.29381,0.25308,-28.859885,2026.055664,2028.3947914541702
481.30381,0.253072,-28.859511,2025.767067,2027.9492317927443
481.31381,0.253064,-28.859137,2025.478474,2024.5265654267691
481.32381,0.253057,-28.858763,2025.189885,2024.4285745246243
481.33381,0.25305,-28.858389,2024.901299,2025.5893386659516
481.34381,0.253043,-28.858015,2024.612717,2024.7834855962356
481.35381,0.253036,-28.857641,2024.324139,2025.3462538043748
481.36381,0.253029,-28.857267,2024.035564,2026.849889853577
481.37381,0.253022,-28.856892,2023.746993,2023.5586966406245
481.38381,0.253016,-28.856518,2023.458426,2023.0472495824959
481.39381,0.253009,-28.856144,2023.169863,2024.6706253290185
481.40381,0.253003,-28.85577,2022.881303,2021.7829590237816
481.41381,0.252997,-28.855396,2022.592748,2021.4981894395194
481.42381,0.252991,-28.855022,2022.304195,2021.3333693945592
481.43381,0.252986,-28.854648,2022.015647,2021.9357871610885
481.44381,0.25298,-28.854274,2021.727103,2020.5736806877546
481.45381,0.252975,-28.853899,2021.438562,2017.7687111523123
481.46381,0.25297,-28.853525,2021.150025,2020.7576120254746
481.47381,0.252964,-28.853151,2020.861491,2020.6520754262722
481.48381,0.252959,-28.852777,2020.572962,2022.725787414683
481.49381,0.252955,-28.852403,2020.284436,2020.8311975877052
481.50381,0.25295,-28.852029,2019.995913,2021.4968844895222
481.51381,0.252945,-28.851654,2019.707395,2022.086159941265
481.52381,0.252941,-28.85128,2019.41888,2016.6653613876585
481.53381,0.252937,-28.850906,2019.130369,2020.50437549912
481.54381,0.252933,-28.850532,2018.841862,2021.5273540093224
481.55381,0.252929,-28.850158,2018.553359,2019.5343873949544
481.56381,0.252925,-28.849783,2018.264859,2019.8840415316756
481.57381,0.252921,-28.849409,2017.976363,2017.660229432329
481.58381,0.252918,-28.849035,2017.687871,2018.5124407310957
481.59381,0.252914,-28.848661,2017.399382,2017.062507580699
481.60381,0.252911,-28.848286,2017.110898,2015.9821900547688
481.61381,0.252908,-28.847912,2016.822417,2017.8382215708893
481.62381,0.252904,-28.847538,2016.533939,2016.2501907352762
481.63381,0.252901,-28.847164,2016.245466,2016.6064153952263
481.64381,0.252899,-28.846789,2015.956996,2014.2492882374945
481.65381,0.252896,-28.846415,2015.66853,2015.0546450441236
481.66381,0.252893,-28.846041,2015.380068,2015.125657060305
481.67381,0.252891,-28.845667,2015.091609,2019.2373835276787
481.68381,0.252889,-28.845292,2014.803155,2013.7541091758972
481.69381,0.252886,-28.844918,2014.514704,2012.0324675382583
481.70381,0.252884,-28.844544,2014.226256,2015.7410944416474
481.71381,0.252882,-28.844169,2013.937813,2010.9361452536725
481.72381,0.25288,-28.843795,2013.649373,2013.3427676930398
481.73381,0.252879,-28.843421,2013.360937,2013.1832209140014
481.74381,0.252877,-28.843046,2013.072504,2009.2442883964839
481.75381,0.252875,-28.842672,2012.784076,2012.8737195782346
481.76381,0.252874,-28.842298,2012.495651,2013.4316816852731
481.77381,0.252873,-28.841923,2012.20723,2011.7968131806233
481.78381,0.252872,-28.841549,2011.918812,2011.9010922776104
481.79381,0.25287,-28.841175,2011.630399,2010.379664809697
481.80381,0.252869,-28.840801,2011.341989,2011.4746523172535
481.81381,0.252869,-28.840426,2011.053583,2010.4620868538475
481.82381,0.252868,-28.840052,2010.76518,2011.666322414828
481.83381,0.252867,-28.839677,2010.476782,2013.3314047323668
481.84381,0.252867,-28.839303,2010.188387,2010.2489586128459
481.85381,0.252866,-28.838929,2009.899996,2009.685658245542
481.86381,0.252866,-28.838554,2009.611608,2007.4818704231457
481.87381,0.252865,-28.83818,2009.323225,2009.2553281598555
481.88381,0.252865,-28.837806,2009.034845,2007.8857640339295
481.89381,0.252865,-28.837431,2008.746469,2010.2243930179525
481.90381,0.252865,-28.837057,2008.458096,2007.12739641271
481.91381,0.252865,-28.836683,2008.169727,2009.7591444368315
481.92381,0.252866,-28.836308,2007.881362,2008.6311549472703
481.93381,0.252866,-28.835934,2007.593001,2008.4941193612365
481.94381,0.252866,-28.83556,2007.304644,2005.782818989933
481.95381,0.252867,-28.835185,2007.01629,2007.1002972196227
481.96381,0.252867,-28.834811,2006.72794,2006.859901207436
481.97381,0.252868,-28.834437,2006.439594,2004.4399973054253
481.98381,0.252869,-28.834062,2006.151251,2006.273400486296
481.99381,0.25287,-28.833688,2005.862913,2006.8493239368968
482.00381,0.252871,-28.833313,2005.574578,2005.2166367335108
482.01381,0.252872,-28.832939,2005.286246,2004.4089069240972
482.02381,0.252873,-28.832565,2004.997919,2003.4966207518703
482.03381,0.252874,-28.83219,2004.709595,2004.4723454608502
482.04381,0.252875,-28.831816,2004.421275,2003.104706733869
482.05381,0.252877,-28.831442,2004.132959,2000.861978898299
482.06381,0.252878,-28.831067,2003.844646,2001.353475645907
482.07381,0.25288,-28.830693,2003.556337,2002.0435460205556
482.08381,0.252881,-28.830318,2003.268032,2002.5011325042688
482.09381,0.252883,-28.829944,2002.979731,2002.024077548919
482.10381,0.252885,-28.82957,2002.691433,2003.153075517071
482.11381,0.252886,-28.829195,2002.40314,2001.515706234011
482.12381,0.252888,-28.828821,2002.11485,2002.2208958953727
482.13381,0.25289,-28.828447,2001.826563,1999.8667116120432
482.14381,0.252892,-28.828072,2001.538281,2000.896583756405
482.15381,0.252895,-28.827698,2001.250002,2003.7607559449884
482.16381,0.252897,-28.827324,2000.961727,1999.140035765903
482.17381,0.252899,-28.826949,2000.673455,2002.4644225797133
482.18381,0.252901,-28.826575,2000.385188,1999.8234789557307
482.19381,0.252904,-28.8262,2000.096924,1999.0399036375486
482.20381,0.252906,-28.825826,1999.808664,1999.2162766977094
482.21381,0.252909,-28.825452,1999.520407,1997.3851632893536
482.22381,0.252912,-28.825077,1999.232155,1998.741408059417
482.23381,0.252914,-28.824703,1998.943906,1997.690220755908
482.24381,0.252917,-28.824329,1998.655661,1997.4321720129785
482.25381,0.25292,-28.823954,1998.367419,1999.0446990469445
482.26381,0.252923,-28.82358,1998.079181,1996.930511219964
482.27381,0.252926,-28.823206,1997.790948,1999.076318176416
482.28381,0.252929,-28.822831,1997.502717,1995.6375799382454
482.29381,0.252932,-28.822457,1997.214491,1997.3646029563217
482.30381,0.252935,-28.822083,1996.926268,1995.6839353244939
482.31381,0.252938,-28.821708,1996.638049,1999.2353847944314
482.32381,0.252942,-28.821334,1996.349834,1998.2884046302224
482.33381,0.252945,-28.820959,1996.061623,1995.123389547693
482.34381,0.252948,-28.820585,1995.773415,1998.1382308959887
482.35381,0.252952,-28.820211,1995.485211,1993.7190742080436
482.36381,0.252955,-28.819836,1995.197011,1995.4835277070245
482.37381,0.252959,-28.819462,1994.908814,1994.6923842750175
482.38381,0.252963,-28.819088,1994.620621,1994.0805434471108
482.39381,0.252966,-28.818714,1994.332432,1993.656359020604
482.40381,0.25297,-28.818339,1994.044247,1994.9853758907861
482.41381,0.252974,-28.817965,1993.756066,1994.1753954389096
482.42381,0.252978,-28.817591,1993.467888,1993.9060832850005
482.43381,0.252982,-28.817216,1993.179714,1994.8533600806861
482.44381,0.252986,-28.816842,1992.891544,1993.3883894823207
482.45381,0.25299,-28.816468,1992.603377,1992.4996156347916
482.46381,0.252994,-28.816093,1992.315214,1990.9221557398346
482.47381,0.252998,-28.815719,1992.027055,1992.6216822606002
482.48381,0.253002,-28.815345,1991.7389,1991.0373938928294
482.49381,0.253006,-28.81497,1991.450748,1992.1011343384173
482.50381,0.253011,-28.814596,1991.1626,1993.636443108634
482.51381,0.253015,-28.814222,1990.874456,1990.2833264353533
482.52381,0.253019,-28.813848,1990.586316,1989.9957218850814
482.53381,0.253024,-28.813473,1990.298179,1989.1058893436718
482.54381,0.253028,-28.813099,1990.010046,1988.41251134658
482.55381,0.253033,-28.812725,1989.721917,1988.7953120273592
482.56381,0.253037,-28.812351,1989.433792,1987.549674393262
482.57381,0.253042,-28.811976,1989.14567,1988.89460408881
482.58381,0.253047,-28.811602,1988.857552,1988.8248805789417
482.59381,0.253051,-28.811228,1988.569438,1991.3967902163226
482.60381,0.253056,-28.810854,1988.281328,1986.0938893019745
482.61381,0.253061,-28.810479,1987.993221,1989.0745606547357
482.62381,0.253066,-28.810105,1987.705118,1986.414491056045
482.63381,0.253071,-28.809731,1987.417019,1988.399532237049
482.64381,0.253075,-28.809357,1987.128924,1987.053402678963
482.65381,0.25308,-28.808982,1986.840832,1985.702685298265
482.66381,0.253085,-28.808608,1986.552744,1985.164524720754
482.67381,0.25309,-28.808234,1986.26466,1986.6131285026179
482.68381,0.253096,-28.80786,1985.976579,1982.698203737003
482.69381,0.253101,-28.807486,1985.688503,1985.5638744963908
482.70381,0.253106,-28.807111,1985.40043,1983.3332057453013
482.71381,0.253111,-28.806737,1985.11236,1986.1333055093871
482.72381,0.253116,-28.806363,1984.824295,1986.1147353590652
482.73381,0.253121,-28.805989,1984.536233,1983.1544072207723
482.74381,0.253127,-28.805615,1984.248175,1983.4270022016328
482.75381,0.253132,-28.805241,1983.960121,1982.8229722085043
482.76381,0.253137,-28.804866,1983.67207,1980.424766222082
482.77381,0.253143,-28.804492,1983.384024,1983.596546060141
482.78381,0.253148,-28.804118,1983.09598,1982.3320284093602
482.79381,0.253154,-28.803744,1982.807941,1983.2350129222216
482.80381,0.253159,-28.80337,1982.519906,1983.7874877616962
482.81381,0.253165,-28.802996,1982.231874,1983.1755244099909
482.82381,0.25317,-28.802622,1981.943846,1980.62893521008
482.83381,0.253176,-28.802247,1981.655821,1980.958708722898
482.84381,0.253182,-28.801873,1981.367801,1983.0149635657256
482.85381,0.253187,-28.801499,1981.079784,1981.1738952945423
482.86381,0.253193,-28.801125,1980.791771,1980.6914495357303
482.87381,0.253199,-28.800751,1980.503761,1979.7934092279618
482.88381,0.253204,-28.800377,1980.215756,1981.1184386934904
482.89381,0.25321,-28.800003,1979.927754,1978.6427879334767
482.90381,0.253216,-28.799629,1979.639756,1982.6896570062352
482.91381,0.253222,-28.799255,1979.351761,1979.0491683245032
482.92381,0.253228,-28.798881,1979.063771,1978.385330264805
482.93381,0.253234,-28.798507,1978.775784,1980.1019472942198
482.94381,0.25324,-28.798133,1978.4878,1981.1197794275536
482.95381,0.253245,-28.797759,1978.199821,1979.5864579428728
482.96381,0.253251,-28.797385,1977.911845,1978.983108599931
482.97381,0.253257,-28.797011,1977.623873,1977.8111959526088
482.98381,0.253263,-28.796637,1977.335905,1978.1412865345233
482.99381,0.25327,-28.796263,1977.047941,1976.9141718714236
483.00381,0.253276,-28.795889,1976.75998,1974.1468252372242
483.01381,0.253282,-28.795515,1976.472023,1975.0011282647329
483.02381,0.253288,-28.795141,1976.184069,1975.2962025567374
483.03381,0.253294,-28.794767,1975.89612,1974.9549004718026
483.04381,0.2533,-28.794393,1975.608174,1974.4747418760498
483.05381,0.253306,-28.794019,1975.320232,1978.2541062865603
483.06381,0.253312,-28.793645,1975.032294,1973.7437610548243
483.07381,0.253319,-28.793271,1974.744359,1975.5206503858062
483.08381,0.253325,-28.792897,1974.456428,1976.5461023616642
483.09381,0.253331,-28.792523,1974.168501,1973.0483423626592
483.10381,0.253337,-28.792149,1973.880578,1974.9664300087957
483.11381,0.253344,-28.791775,1973.592658,1975.4754147162025
483.12381,0.25335,-28.791401,1973.304742,1970.6323652198225
483.13381,0.253356,-28.791028,1973.01683,1972.7344342243946
483.14381,0.253363,-28.790654,1972.728922,1974.3308206196164
483.15381,0.253369,-28.79028,1972.441017,1973.7966501842
483.16381,0.253376,-28.789906,1972.153116,1968.9461638719695
483.17381,0.253382,-28.789532,1971.865219,1974.38499727986
483.18381,0.253388,-28.789158,1971.577326,1971.4854209800158
483.19381,0.253395,-28.788784,1971.289436,1970.541947221229
483.20381,0.253401,-28.788411,1971.00155,1969.5142010095815
483.21381,0.253408,-28.788037,1970.713668,1969.9758923904387
483.22381,0.253414,-28.787663,1970.425789,1973.3019046148659
483.23381,0.253421,-28.787289,1970.137914,1970.413329736154
483.24381,0.253427,-28.786915,1969.850043,1967.8644452777141
483.25381,0.253434,-28.786542,1969.562176,1967.8908240662122
483.26381,0.25344,-28.786168,1969.274313,1972.0970305929611
483.27381,0.253447,-28.785794,1968.986453,1971.745761994277
483.28381,0.253454,-28.78542,1968.698597,1967.7115917300055
483.29381,0.25346,-28.785047,1968.410744,1970.7242105099456
483.30381,0.253467,-28.784673,1968.122896,1966.9872836482598
483.31381,0.253473,-28.784299,1967.835051,1968.665909342744
483.32381,0.25348,-28.783926,1967.54721,1967.1067774422597
483.33381,0.253487,-28.783552,1967.259372,1965.5061389532918
483.34381,0.253493,-28.783178,1966.971539,1968.1485677826408
483.35381,0.2535,-28.782804,1966.683709,1966.7492558522217
483.36381,0.253507,-28.782431,1966.395883,1967.3696753713652
483.37381,0.253513,-28.782057,1966.10806,1967.415041066724
483.38381,0.25352,-28.781684,1965.820241,1964.8053933573894
483.39381,0.253527,-28.78131,1965.532426,1964.8748098844412
483.40381,0.253534,-28.780936,1965.244615,1965.3123327692892
483.41381,0.25354,-28.780563,1964.956808,1966.1145017775839
483.42381,0.253547,-28.780189,1964.669004,1963.2816654881187
483.43381,0.253554,-28.779815,1964.381204,1965.1104700047383
483.44381,0.253561,-28.779442,1964.093408,1963.5273120193283
483.45381,0.253567,-28.779068,1963.805615,1963.7662269846828
483.46381,0.253574,-28.778695,1963.517826,1961.5727680351836
483.47381,0.253581,-28.778321,1963.230041,1965.7512882786255
483.48381,0.253588,-28.777948,1962.94226,1962.89397041122
483.49381,0.253595,-28.777574,1962.654482,1960.7385134139677
483.50381,0.253601,-28.777201,1962.366708,1961.5083631022933
483.51381,0.253608,-28.776827,1962.078938,1961.6839389007296
483.52381,0.253615,-28.776454,1961.791172,1960.4230303365375
483.53381,0.253622,-28.77608,1961.503409,1961.1526272568733
483.54381,0.253629,-28.775707,1961.21565,1960.9755503249542
483.55381,0.253635,-28.775333,1960.927895,1961.5106208578914
483.56381,0.253642,-28.77496,1960.640144,1960.6886790738072
483.57381,0.253649,-28.774586,1960.352396,1960.3361032963364
483.58381,0.253656,-28.774213,1960.064652,1961.1917653065768
483.59381,0.253663,-28.773839,1959.776912,1957.7286201529544
483.60381,0.25367,-28.773466,1959.489175,1958.466343327364
483.61381,0.253677,-28.773093,1959.201442,1959.6671135875854
483.62381,0.253683,-28.772719,1958.913713,1959.5003499734325
483.63381,0.25369,-28.772346,1958.625988,1958.9675667636752
483.64381,0.253697,-28.771972,1958.338266,1957.5546571782984
483.65381,0.253704,-28.771599,1958.050548,1958.211049074294
483.66381,0.253711,-28.771226,1957.762834,1955.601719860526
483.67381,0.253718,-28.770852,1957.475124,1957.7382443761342
483.68381,0.253725,-28.770479,1957.187417,1960.625663884941
483.69381,0.253732,-28.770106,1956.899714,1956.8866501614016
483.70381,0.253739,-28.769733,1956.612015,1954.2208260027382
483.71381,0.253745,-28.769359,1956.32432,1954.9636722354
483.72381,0.253752,-28.768986,1956.036628,1956.239677568554
483.73381,0.253759,-28.768613,1955.74894,1957.8405513412329
483.74381,0.253766,-28.768239,1955.461256,1953.9166770467866
483.75381,0.253773,-28.767866,1955.173575,1955.1138591249796
483.76381,0.25378,-28.767493,1954.885898,1956.4464593538291
483.77381,0.253787,-28.76712,1954.598225,1951.7504238877314
483.78381,0.253794,-28.766747,1954.310556,1950.8723334085967
483.79381,0.253801,-28.766373,1954.02289,1953.9188709660932
483.80381,0.253808,-28.766,1953.735229,1953.6209659294775
483.81381,0.253814,-28.765627,1953.44757,1954.4414491284238
483.82381,0.253821,-28.765254,1953.159916,1953.412641107259
483.83381,0.253828,-28.764881,1952.872265,1954.125408710621
483.84381,0.253835,-28.764508,1952.584618,1952.0567729263337
483.85381,0.253842,-28.764135,1952.296975,1954.946520636218
483.86381,0.253849,-28.763761,1952.009336,1953.2262867971756
483.87381,0.253856,-28.763388,1951.7217,1954.0001556994239
483.88381,0.253863,-28.763015,1951.434068,1950.6074385564614
483.89381,0.25387,-28.762642,1951.14644,1947.9415484077958
483.90381,0.253877,-28.762269,1950.858815,1952.28444290988
483.91381,0.253883,-28.761896,1950.571194,1951.1385920264781
483.92381,0.25389,-28.761523,1950.283577,1950.5941879160548
483.93381,0.253897,-28.76115,1949.995964,1949.1425663647876
483.94381,0.253904,-28.760777,1949.708354,1950.3539672789898
483.95381,0.253911,-28.760404,1949.420748,1949.034916185402
483.96381,0.253918,-28.760031,1949.133146,1950.1831215186537
483.97381,0.253925,-28.759658,1948.845548,1948.0210667700012
483.98381,0.253932,-28.759285,1948.557953,1949.891366205199
483.99381,0.253938,-28.758912,1948.270362,1946.5950553662526
484.00381,0.253945,-28.758539,1947.982775,1945.6900961303427
484.01381,0.253952,-28.758167,1947.695191,1947.8153907580247
484.02381,0.253959,-28.757794,1947.407611,1946.7752643646816
484.03381,0.253966,-28.757421,1947.120035,1945.5381462567354
484.04381,0.253973,-28.757048,1946.832463,1947.7737678902624
484.05381,0.25398,-28.756675,1946.544894,1945.3748406196705
484.06381,0.253986,-28.756302,1946.257329,1947.1822123891004
484.07381,0.253993,-28.755929,1945.969768,1947.2137310154576
484.08381,0.254,-28.755557,1945.682211,1944.8548785962232
484.09381,0.254007,-28.755184,1945.394657,1943.0667973408986
484.10381,0.254014,-28.754811,1945.107107,1946.9728716262675
484.11381,0.25402,-28.754438,1944.819561,1945.60029992326
484.12381,0.254027,-28.754065,1944.532018,1944.9563403790282
484.13381,0.254034,-28.753693,1944.24448,1942.5359828086475
484.14381,0.254041,-28.75332,1943.956945,1946.3943791726258
484.15381,0.254048,-28.752947,1943.669413,1945.5286051138517
484.16381,0.254054,-28.752575,1943.381886,1942.3595916339013
484.17381,0.254061,-28.752202,1943.094362,1941.5590813664903
484.18381,0.254068,-28.751829,1942.806842,1944.8948822743293
484.19381,0.254075,-28.751457,1942.519325,1942.181537499361
484.20381,0.254081,-28.751084,1942.231812,1943.1321074239709
484.21381,0.254088,-28.750711,1941.944303,1940.8204002227724
484.22381,0.254095,-28.750339,1941.656798,1938.86008115161
484.23381,0.254102,-28.749966,1941.369297,1939.3136735907979
484.24381,0.254108,-28.749593,1941.081799,1937.469750397371
484.25381,0.254115,-28.749221,1940.794305,1939.17310986287
484.26381,0.254122,-28.748848,1940.506814,1938.9786356169166
484.27381,0.254129,-28.748476,1940.219328,1940.6040800682063
484.28381,0.254135,-28.748103,1939.931845,1940.1270867864189
484.29381,0.254142,-28.747731,1939.644366,1938.2018320942286
484.30381,0.254149,-28.747358,1939.35689,1938.0963625655884
484.31381,0.254155,-28.746986,1939.069419,1941.2449745235556
484.32381,0.254162,-28.746613,1938.781951,1941.2929654466132
484.33381,0.254169,-28.746241,1938.494486,1939.1417041847637
484.34381,0.254175,-28.745868,1938.207026,1938.1498221188272
484.35381,0.254182,-28.745496,1937.919569,1940.3106826215333
484.36381,0.254188,-28.745123,1937.632116,1937.2878650138323
484.37381,0.254195,-28.744751,1937.344667,1937.9021375631808
484.38381,0.254202,-28.744379,1937.057221,1936.4453345587488
484.39381,0.254208,-28.744006,1936.769779,1933.7544597478875
484.40381,0.254215,-28.743634,1936.482341,1933.6206055814882
484.41381,0.254221,-28.743262,1936.194906,1937.5316407925125
484.42381,0.254228,-28.742889,1935.907476,1935.3888619071924
484.43381,0.254235,-28.742517,1935.620049,1936.1495119049032
484.44381,0.254241,-28.742145,1935.332625,1934.3246590693461
484.45381,0.254248,-28.741772,1935.045206,1934.884235517427
484.46381,0.254254,-28.7414,1934.75779,1934.3282277221515
484.47381,0.254261,-28.741028,1934.470378,1933.061630675
484.48381,0.254267,-28.740656,1934.182969,1931.1554598718583
484.49381,0.254274,-28.740283,1933.895565,1932.8025235980313
484.50381,0.25428,-28.739911,1933.608164,1932.227715960937
484.51381,0.254287,-28.739539,1933.320766,1930.23558841356
484.52381,0.254293,-28.739167,1933.033373,1934.694336056223
484.53381,0.2543,-28.738795,1932.745983,1933.2878577056176
484.54381,0.254306,-28.738422,1932.458597,1933.5682938524699
484.55381,0.254312,-28.73805,1932.171215,1933.9642305716998
484.56381,0.254319,-28.737678,1931.883836,1931.6226076799326
484.57381,0.254325,-28.737306,1931.596461,1932.1754860585772
484.58381,0.254332,-28.736934,1931.30909,1933.6758036642198
484.59381,0.254338,-28.736562,1931.021722,1929.8674827740624
484.60381,0.254344,-28.73619,1930.734359,1929.4435645751644
484.61381,0.254351,-28.735818,1930.446998,1930.0153164634569
484.62381,0.254357,-28.735446,1930.159642,1927.9488616763501
484.63381,0.254364,-28.735074,1929.87229,1929.3605178957694
484.64381,0.25437,-28.734702,1929.584941,1928.1041823361013
484.65381,0.254376,-28.73433,1929.297596,1927.4485674742716
484.66381,0.254383,-28.733958,1929.010254,1928.0445670789222
484.67381,0.254389,-28.733586,1928.722916,1927.9297503548714
484.68381,0.254395,-28.733214,1928.435582,1927.3303174749617
484.69381,0.254401,-28.732842,1928.148252,1925.8210525334925
484.70381,0.254408,-28.73247,1927.860926,1926.992043882498
484.71381,0.254414,-28.732098,1927.573603,1927.9249577019675
484.72381,0.25442,-28.731726,1927.286284,1925.465876839298
484.73381,0.254426,-28.731354,1926.998968,1925.5744287375603
484.74381,0.254433,-28.730982,1926.711656,1928.4302004065125
484.75381,0.254439,-28.730611,1926.424349,1924.648905321283
484.76381,0.254445,-28.730239,1926.137044,1926.1614715269232
484.77381,0.254451,-28.729867,1925.849744,1927.099643030377
484.78381,0.254457,-28.729495,1925.562447,1924.4107722021351
484.79381,0.254463,-28.729123,1925.275154,1925.9586253254208
484.80381,0.25447,-28.728752,1924.987864,1925.5251615088303
484.81381,0.254476,-28.72838,1924.700579,1924.0548336855827
484.82381,0.254482,-28.728008,1924.413297,1925.7869832457409
484.83381,0.254488,-28.727637,1924.126019,1922.2829024467212
484.84381,0.254494,-28.727265,1923.838744,1925.7690107417493
484.85381,0.2545,-28.726893,1923.551473,1927.9948347705504
484.86381,0.254506,-28.726522,1923.264206,1921.6787780683535
484.87381,0.254512,-28.72615,1922.976943,1920.3565035016463
484.88381,0.254518,-28.725778,1922.689683,1921.6027368955693
484.89381,0.254524,-28.725407,1922.402427,1922.6873904427223
484.90381,0.25453,-28.725035,1922.115175,1923.7497793895
484.91381,0.254536,-28.724663,1921.827927,1920.476338990846
484.92381,0.254542,-28.724292,1921.540682,1921.3501899616276
484.93381,0.254548,-28.72392,1921.253441,1918.8990804529085
484.94381,0.254554,-28.723549,1920.966203,1921.1592995109272
484.95381,0.25456,-28.723177,1920.67897,1919.6290381463643
484.96381,0.254566,-28.722806,1920.39174,1923.445990999575
484.97381,0.254572,-28.722434,1920.104514,1921.2154701693394
484.98381,0.254578,-28.722063,1919.817291,1918.5834250064906
484.99381,0.254584,-28.721691,1919.530072,1919.551126463245
485.00381,0.254589,-28.72132,1919.242857,1923.1820933991526
485.01381,0.254595,-28.720949,1918.955646,1918.872338526133
485.02381,0.254601,-28.720577,1918.668438,1917.7663047433248
485.03381,0.254607,-28.720206,1918.381235,1920.700768841021
485.04381,0.254613,-28.719834,1918.094034,1916.2008348828408
485.05381,0.254618,-28.719463,1917.806838,1917.7494615719459
485.06381,0.254624,-28.719092,1917.519645,1918.3423420666975
485.07381,0.25463,-28.71872,1917.232456,1917.3489825570668
485.08381,0.254636,-28.718349,1916.945271,1915.9963831471564
485.09381,0.254642,-28.717978,1916.658089,1914.8314909606358
485.10381,0.254647,-28.717607,1916.370911,1913.9653022920581
485.11381,0.254653,-28.717235,1916.083737,1914.7148649306284
485.12381,0.254659,-28.716864,1915.796566,1917.3612057059017
485.13381,0.254664,-28.716493,1915.5094,1914.4728334664276
485.14381,0.25467,-28.716122,1915.222237,1915.6378527973689
485.15381,0.254676,-28.71575,1914.935077,1914.1060962913434
485.16381,0.254681,-28.715379,1914.647922,1915.2326098386743
485.17381,0.254687,-28.715008,1914.36077,1914.0265251233402
485.18381,0.254692,-28.714637,1914.073621,1914.327949970666
485.19381,0.254698,-28.714266,1913.786477,1913.314460764225
485.20381,0.254704,-28.713895,1913.499336,1914.292077182248
485.21381,0.254709,-28.713524,1913.212199,1912.557478736775
485.22381,0.254715,-28.713153,1912.925066,1911.1475890199501
485.23381,0.25472,-28.712782,1912.637936,1916.2294305713215
485.24381,0.254726,-28.712411,1912.35081,1912.6660550575243
485.25381,0.254731,-28.71204,1912.063688,1910.685777439331
485.26381,0.254737,-28.711668,1911.776569,1913.9503552543765
485.27381,0.254742,-28.711298,1911.489454,1909.9731647053875
485.28381,0.254748,-28.710927,1911.202343,1909.5646030152975
485.29381,0.254753,-28.710556,1910.915236,1913.9704091910012
485.30381,0.254758,-28.710185,1910.628132,1910.9244203477867
485.31381,0.254764,-28.709814,1910.341032,1910.6254296424568
485.32381,0.254769,-28.709443,1910.053936,1908.1804028397994
485.33381,0.254775,-28.709072,1909.766843,1909.5494948708597
485.34381,0.25478,-28.708701,1909.479754,1909.8549274755323
485.35381,0.254785,-28.70833,1909.192669,1911.8912892907017
485.36381,0.254791,-28.707959,1908.905588,1907.6886518816302
485.37381,0.254796,-28.707589,1908.61851,1907.2983334441178
485.38381,0.254801,-28.707218,1908.331436,1908.2442169824628
485.39381,0.254807,-28.706847,1908.044366,1908.7320645546943
485.40381,0.254812,-28.706476,1907.757299,1906.195451323547
485.41381,0.254817,-28.706105,1907.470236,1907.368901812359
485.42381,0.254822,-28.705735,1907.183177,1906.6490821385846
485.43381,0.254827,-28.705364,1906.896121,1907.5524928053894
485.44381,0.254833,-28.704993,1906.60907,1906.781235146781
485.45381,0.254838,-28.704623,1906.322022,1905.853712723267
485.46381,0.254843,-28.704252,1906.034977,1907.1346819625362
485.47381,0.254848,-28.703881,1905.747937,1905.8262801207138
485.48381,0.254853,-28.703511,1905.4609,1906.828574323069
485.49381,0.254858,-28.70314,1905.173866,1907.7020305634474
485.50381,0.254864,-28.70277,1904.886837,1904.981219600033
485.51381,0.254869,-28.702399,1904.599811,1905.3095528218623
485.52381,0.254874,-28.702028,1904.312789,1901.8967356267228
485.53381,0.254879,-28.701658,1904.02577,1902.7542230410843
485.54381,0.254884,-28.701287,1903.738756,1903.5781138388743
485.55381,0.254889,-28.700917,1903.451745,1901.630752846216
485.56381,0.254894,-28.700546,1903.164737,1904.177295492648
485.57381,0.254899,-28.700176,1902.877734,1900.8898471326715
485.58381,0.254904,-28.699805,1902.590734,1901.9812345196542
485.59381,0.254909,-28.699435,1902.303738,1900.5505330951316
485.60381,0.254914,-28.699065,1902.016745,1902.6167496281698
485.61381,0.254919,-28.698694,1901.729756,1903.1803567407048
485.62381,0.254924,-28.698324,1901.442771,1902.7163561899117
485.63381,0.254928,-28.697953,1901.15579,1900.2985328996997
485.64381,0.254933,-28.697583,1900.868812,1901.54686326261
485.65381,0.254938,-28.697213,1900.581838,1904.2520622653715
485.66381,0.254943,-28.696842,1900.294868,1900.3228373616494
485.67381,0.254948,-28.696472,1900.007901,1899.8844571459167
485.68381,0.254953,-28.696102,1899.720938,1899.6203884138117
485.69381,0.254957,-28.695732,1899.433979,1898.3212841925272
485.70381,0.254962,-28.695361,1899.147024,1898.7023895224534
485.71381,0.254967,-28.694991,1898.860072,1899.2028179644062
485.72381,0.254972,-28.694621,1898.573124,1898.3651853022707
485.73381,0.254976,-28.694251,1898.28618,1898.2965041720443
485.74381,0.254981,-28.693881,1897.999239,1897.189086618671
485.75381,0.254986,-28.69351,1897.712302,1895.4703034566246
485.76381,0.254991,-28.69314,1897.425369,1898.7070546544048
485.77381,0.254995,-28.69277,1897.138439,1898.6296251125748
485.78381,0.255,-28.6924,1896.851513,1897.5751508393078
485.79381,0.255005,-28.69203,1896.564591,1897.3379319021867
485.80381,0.255009,-28.69166,1896.277673,1894.9549869321547
485.81381,0.255014,-28.69129,1895.990758,1895.4487861575544
485.82381,0.255018,-28.69092,1895.703847,1894.5796830724796
485.83381,0.255023,-28.69055,1895.41694,1896.452321914399
485.84381,0.255027,-28.69018,1895.130036,1893.7680571016504
485.85381,0.255032,-28.68981,1894.843136,1893.7933969020219
485.86381,0.255037,-28.68944,1894.55624,1894.3248105878572
485.87381,0.255041,-28.68907,1894.269347,1894.1270861385538
485.88381,0.255046,-28.6887,1893.982458,1893.619767994106
485.89381,0.25505,-28.68833,1893.695573,1894.2544533355717
485.90381,0.255054,-28.68796,1893.408692,1893.767007164032
485.91381,0.255059,-28.68759,1893.121814,1891.875521883429
485.92381,0.255063,-28.68722,1892.83494,1891.8361022134325
485.93381,0.255068,-28.686851,1892.54807,1892.9275747992845
485.94381,0.255072,-28.686481,1892.261203,1892.3158531269908
485.95381,0.255076,-28.686111,1891.97434,1890.0135961685971
485.96381,0.255081,-28.685741,1891.687481,1892.585484597959
485.97381,0.255085,-28.685371,1891.400625,1892.088481674418
485.98381,0.25509,-28.685002,1891.113773,1891.9022178542014
485.99381,0.255094,-28.684632,1890.826925,1892.0789315686882
486.00381,0.255098,-28.684262,1890.540081,1890.909110225559
486.01381,0.255102,-28.683892,1890.25324,1889.286649599223
486.02381,0.255107,-28.683523,1889.966403,1889.1757983791724
486.03381,0.255111,-28.683153,1889.679569,1891.551974197701
486.04381,0.255115,-28.682784,1889.39274,1889.337378602795
486.05381,0.255119,-28.682414,1889.105914,1888.2829459325771
486.06381,0.255124,-28.682044,1888.819091,1890.4072415303544
486.07381,0.255128,-28.681675,1888.532273,1887.4816100133455
486.08381,0.255132,-28.681305,1888.245458,1890.1588130425314
486.09381,0.255136,-28.680936,1887.958647,1886.3695014758136
486.10381,0.25514,-28.680566,1887.671839,1887.3178353219694
486.11381,0.255144,-28.680197,1887.385035,1884.7541567909125
486.12381,0.255148,-28.679827,1887.098235,1890.0281397388185
486.13381,0.255152,-28.679458,1886.811439,1886.8039089670424
486.14381,0.255156,-28.679088,1886.524646,1888.260296414194
486.15381,0.255161,-28.678719,1886.237857,1885.7778756378802
486.16381,0.255165,-28.678349,1885.951072,1886.1633709890048
486.17381,0.255169,-28.67798,1885.66429,1886.4396307381369
486.18381,0.255173,-28.67761,1885.377512,1888.7454573357468
486.19381,0.255177,-28.677241,1885.090738,1883.4005396710365
486.20381,0.255181,-28.676872,1884.803967,1884.6857912220385
486.21381,0.255184,-28.676502,1884.517201,1881.931441001359
486.22381,0.255188,-28.676133,1884.230437,1880.77580977962
486.23381,0.255192,-28.675764,1883.943678,1885.7958496822819
486.24381,0.255196,-28.675394,1883.656922,1883.1017252920449
486.25381,0.2552,-28.675025,1883.37017,1884.9951669301192
486.26381,0.255204,-28.674656,1883.083422,1883.4278833901726
486.27381,0.255208,-28.674287,1882.796677,1882.7402448146404
486.28381,0.255212,-28.673918,1882.509936,1882.270071440983
486.29381,0.255215,-28.673548,1882.223199,1883.016433700426
486.30381,0.255219,-28.673179,1881.936465,1881.0563061092435
486.31381,0.255223,-28.67281,1881.649735,1881.9839055364544
486.32381,0.255227,-28.672441,1881.363009,1880.8717493506927
486.33381,0.255231,-28.672072,1881.076286,1880.7008139125107
486.34381,0.255234,-28.671703,1880.789567,1881.109412782908
486.35381,0.255238,-28.671334,1880.502852,1879.9663846728204
486.36381,0.255242,-28.670965,1880.216141,1883.1129761731452
486.37381,0.255245,-28.670596,1879.929433,1878.725224226902
486.38381,0.255249,-28.670227,1879.642729,1879.1643240485032
486.39381,0.255253,-28.669858,1879.356028,1879.9294113067178
486.40381,0.255256,-28.669489,1879.069332,1878.1275377797758
486.41381,0.25526,-28.66912,1878.782638,1880.6531392973066
486.42381,0.255264,-28.668751,1878.495949,1880.2969476335486
486.43381,0.255267,-28.668382,1878.209263,1879.2676543863136
486.44381,0.255271,-28.668013,1877.922581,1879.1478284906432
486.45381,0.255274,-28.667644,1877.635903,1874.2224805699386
486.46381,0.255278,-28.667275,1877.349229,1878.5576518738528
486.47381,0.255281,-28.666906,1877.062558,1878.0459261983203
486.48381,0.255285,-28.666537,1876.77589,1876.8380352206357
486.49381,0.255288,-28.666168,1876.489227,1876.1703170918404
486.50381,0.255292,-28.6658,1876.202567,1877.4853670286095
486.51381,0.255295,-28.665431,1875.915911,1875.4311687610088
486.52381,0.255299,-28.665062,1875.629259,1876.522046433813
486.53381,0.255302,-28.664693,1875.34261,1875.5846133836505
486.54381,0.255306,-28.664325,1875.055965,1874.299882097562
486.55381,0.255309,-28.663956,1874.769323,1874.6800162686613
486.56381,0.255313,-28.663587,1874.482686,1872.45415127628
486.57381,0.255316,-28.663219,1874.196051,1874.9777769551408
486.58381,0.255319,-28.66285,1873.909421,1873.4859679287963
486.59381,0.255323,-28.662481,1873.622794,1872.7397135335775
486.60381,0.255326,-28.662113,1873.336172,1873.1969759434705
486.61381,0.255329,-28.661744,1873.049552,1873.377111011455
486.62381,0.255332,-28.661375,1872.762937,1875.694925009591
486.63381,0.255336,-28.661007,1872.476325,1872.6723110026321
486.64381,0.255339,-28.660638,1872.189716,1868.8467084325328
486.65381,0.255342,-28.66027,1871.903112,1870.4873240615573
486.66381,0.255345,-28.659901,1871.616511,1871.485308063157
486.67381,0.255349,-28.659533,1871.329914,1870.1646145811803
486.68381,0.255352,-28.659164,1871.04332,1869.797860371316
486.69381,0.255355,-28.658796,1870.756731,1870.0390517758196
486.70381,0.255358,-28.658428,1870.470145,1870.2517232668195
486.71381,0.255361,-28.658059,1870.183562,1871.360786346867
486.72381,0.255365,-28.657691,1869.896983,1868.7853618381641
486.73381,0.255368,-28.657322,1869.610408,1867.997652175956
486.74381,0.255371,-28.656954,1869.323837,1869.840847810669
486.75381,0.255374,-28.656586,1869.037269,1867.4810825580155
486.76381,0.255377,-28.656217,1868.750705,1868.72173088251
486.77381,0.25538,-28.655849,1868.464145,1869.6162644996286
486.78381,0.255383,-28.655481,1868.177588,1868.7279934345363
486.79381,0.255386,-28.655112,1867.891035,1867.172404681194
486.80381,0.255389,-28.654744,1867.604486,1866.6039033790205
486.81381,0.255392,-28.654376,1867.31794,1867.826359146787
486.82381,0.255395,-28.654008,1867.031398,1866.2290177320624
486.83381,0.255398,-28.65364,1866.74486,1866.6124724062106
486.84381,0.255401,-28.653271,1866.458326,1866.3546268643481
486.85381,0.255404,-28.652903,1866.171795,1869.0782462402465
486.86381,0.255407,-28.652535,1865.885268,1868.135287423542
486.87381,0.25541,-28.652167,1865.598744,1865.6802778738256
486.88381,0.255413,-28.651799,1865.312224,1863.7791060447714
486.89381,0.255415,-28.651431,1865.025708,1866.0202876383187
486.90381,0.255418,-28.651063,1864.739196,1865.321807482126
486.91381,0.255421,-28.650695,1864.452687,1863.9124689356283
486.92381,0.255424,-28.650327,1864.166182,1863.8847143887704
486.93381,0.255427,-28.649959,1863.87968,1865.004590645004
486.94381,0.255429,-28.649591,1863.593183,1864.0626027530886
486.95381,0.255432,-28.649223,1863.306688,1863.450865289076
486.96381,0.255435,-28.648855,1863.020198,1861.940995468793
486.97381,0.255438,-28.648487,1862.733711,1864.3640823689138
486.98381,0.25544,-28.648119,1862.447228,1864.2984057974281
486.99381,0.255443,-28.647751,1862.160749,1862.0835775603298
487.00381,0.255446,-28.647383,1861.874273,1863.497362454496
487.01381,0.255449,-28.647015,1861.587801,1861.60323076707
487.02381,0.255451,-28.646648,1861.301333,1862.190524416369
487.03381,0.255454,-28.64628,1861.014868,1860.9460549202868
487.04381,0.255457,-28.645912,1860.728407,1862.551457792605
487.05381,0.255459,-28.645544,1860.44195,1861.1721336556257
487.06381,0.255462,-28.645176,1860.155497,1860.6899073199297
487.07381,0.255464,-28.644809,1859.869047,1859.5805929207283
487.08381,0.255467,-28.644441,1859.5826,1859.4313231486453
487.09381,0.25547,-28.644073,1859.296158,1857.7825621720372
487.10381,0.255472,-28.643706,1859.009719,1856.8901552194427
487.11381,0.255475,-28.643338,1858.723284,1858.8585377530032
487.12381,0.255477,-28.64297,1858.436852,1860.6879235521278
487.13381,0.25548,-28.642603,1858.150424,1858.312938534523
487.14381,0.255482,-28.642235,1857.864,1856.4057262047436
487.15381,0.255485,-28.641867,1857.57758,1857.875491056463
487.16381,0.255487,-28.6415,1857.291163,1856.858749937544
487.17381,0.25549,-28.641132,1857.00475,1858.580358799855
487.18381,0.255492,-28.640765,1856.71834,1853.6330255451855
487.19381,0.255494,-28.640397,1856.431934,1855.8392500296918
487.20381,0.255497,-28.64003,1856.145532,1859.0348473949539
487.21381,0.255499,-28.639662,1855.859134,1855.4101476356552
487.22381,0.255502,-28.639295,1855.572739,1856.6278566770795
487.23381,0.255504,-28.638927,1855.286348,1853.8393645885697
487.24381,0.255506,-28.63856,1854.99996,1855.149154481114
487.25381,0.255509,-28.638193,1854.713577,1853.6977527574402
487.26381,0.255511,-28.637825,1854.427197,1854.4839255534846
487.27381,0.255513,-28.637458,1854.14082,1852.7575735057417
487.28381,0.255515,-28.63709,1853.854447,1853.3145299611915
487.29381,0.255518,-28.636723,1853.568078,1852.5560802640828
487.30381,0.25552,-28.636356,1853.281713,1853.369003220371
487.31381,0.255522,-28.635989,1852.995351,1852.1089367621835
487.32381,0.255524,-28.635621,1852.708993,1854.9553354719974
487.33381,0.255527,-28.635254,1852.422639,1851.6911568055862
487.34381,0.255529,-28.634887,1852.136288,1851.174492671598
487.35381,0.255531,-28.63452,1851.849941,1850.547219665833
487.36381,0.255533,-28.634152,1851.563598,1851.760056605917
487.37381,0.255535,-28.633785,1851.277258,1852.761726912613
487.38381,0.255538,-28.633418,1850.990922,1852.0466198953634
487.39381,0.25554,-28.633051,1850.70459,1849.194880808579
487.40381,0.255542,-28.632684,1850.418261,1850.4766244672999
487.41381,0.255544,-28.632317,1850.131936,1849.8640758758843
487.42381,0.255546,-28.63195,1849.845615,1851.3080373765183
487.43381,0.255548,-28.631583,1849.559297,1849.864551581898
487.44381,0.25555,-28.631216,1849.272983,1852.0045270837657
487.45381,0.255552,-28.630849,1848.986673,1852.3664454209252
487.46381,0.255554,-28.630482,1848.700366,1849.5229238495622
487.47381,0.255556,-28.630115,1848.414063,1848.119949549286
487.48381,0.255558,-28.629748,1848.127764,1847.9247785871537
487.49381,0.25556,-28.629381,1847.841468,1848.8813788798034
487.50381,0.255562,-28.629014,1847.555176,1845.3452417879287
487.51381,0.255564,-28.628647,1847.268888,1847.8794102036238
487.52381,0.255566,-28.62828,1846.982603,1847.9816630585783
487.53381,0.255568,-28.627913,1846.696322,1848.439545424855
487.54381,0.25557,-28.627546,1846.410045,1844.1754825685512
487.55381,0.255572,-28.627179,1846.123771,1847.8823423436816
487.56381,0.255574,-28.626813,1845.837501,1843.2915614891358
487.57381,0.255575,-28.626446,1845.551235,1846.8186405566469
487.58381,0.255577,-28.626079,1845.264972,1840.6477646463184
487.59381,0.255579,-28.625712,1844.978713,1842.5972741353887
487.60381,0.255581,-28.625345,1844.692458,1845.8577721634992
487.61381,0.255583,-28.624979,1844.406206,1844.2035726414474
487.62381,0.255585,-28.624612,1844.119959,1845.7611068120088
487.63381,0.255586,-28.624245,1843.833714,1840.060268369187
487.64381,0.255588,-28.623879,1843.547474,1842.0549942836255
487.65381,0.25559,-28.623512,1843.261237,1845.3713841113733
487.66381,0.255592,-28.623145,1842.975003,1843.010588969333
487.67381,0.255593,-28.622779,1842.688774,1842.1188656973115
487.68381,0.255595,-28.622412,1842.402548,1843.1092748832496
487.69381,0.255597,-28.622046,1842.116326,1840.3969922825106
487.70381,0.255599,-28.621679,1841.830107,1839.518179920483
487.71381,0.2556,-28.621313,1841.543892,1842.1878648332356
487.72381,0.255602,-28.620946,1841.257681,1841.3194831866688
487.73381,0.255604,-28.62058,1840.971473,1838.0068593011972
487.74381,0.255605,-28.620213,1840.685269,1839.2158681709743
487.75381,0.255607,-28.619847,1840.399069,1839.3651634895266
487.76381,0.255608,-28.61948,1840.112872,1839.4918592058534
487.77381,0.25561,-28.619114,1839.826679,1839.2037840791174
487.78381,0.255612,-28.618747,1839.54049,1838.5193540299238
487.79381,0.255613,-28.618381,1839.254304,1839.6619705525197
487.80381,0.255615,-28.618015,1838.968122,1837.8148652542352
487.81381,0.255616,-28.617648,1838.681944,1840.1052019189215
487.82381,0.255618,-28.617282,1838.395769,1838.0881874331055
487.83381,0.255619,-28.616916,1838.109598,1834.5832321102425
487.84381,0.255621,-28.616549,1837.823431,1836.8254135325894
487.85381,0.255622,-28.616183,1837.537267,1841.5615882452205
487.86381,0.255624,-28.615817,1837.251107,1839.5695186308149
487.87381,0.255625,-28.615451,1836.964951,1836.6507166084007
487.88381,0.255627,-28.615084,1836.678798,1836.7821190248956
487.89381,0.255628,-28.614718,1836.392649,1837.1553036843334
487.90381,0.25563,-28.614352,1836.106504,1837.2458692566229
487.91381,0.255631,-28.613986,1835.820362,1837.4108992828856
487.92381,0.255633,-28.61362,1835.534224,1834.0560838891379
487.93381,0.255634,-28.613254,1835.24809,1837.0226780550686
487.94381,0.255635,-28.612888,1834.961959,1834.5497209049552
487.95381,0.255637,-28.612522,1834.675832,1835.5499419013368
487.96381,0.255638,-28.612156,1834.389709,1835.0411275323488
487.97381,0.255639,-28.611789,1834.103589,1836.7690083365196
487.98381,0.255641,-28.611423,1833.817473,1835.3560811860948
487.99381,0.255642,-28.611057,1833.53136,1833.4447025216928
488.00381,0.255643,-28.610691,1833.245252,1834.594648128748
488.01381,0.255645,-28.610326,1832.959147,1835.611168216765
488.02381,0.255646,-28.60996,1832.673045,1834.127146281866
488.03381,0.255647,-28.609594,1832.386947,1833.5353137388095
488.04381,0.255648,-28.609228,1832.100853,1832.6108973464397
488.05381,0.25565,-28.608862,1831.814763,1833.271607166855
488.06381,0.255651,-28.608496,1831.528676,1831.2549410065096
488.07381,0.255652,-28.60813,1831.242593,1831.2558680145776
488.08381,0.255653,-28.607764,1830.956514,1830.4513592903202
488.09381,0.255654,-28.607399,1830.670438,1829.7303068954775
488.10381,0.255656,-28.607033,1830.384366,1828.560301515614
488.11381,0.255657,-28.606667,1830.098297,1827.1865524944187
488.12381,0.255658,-28.606301,1829.812232,1829.2498298832095
488.13381,0.255659,-28.605936,1829.526171,1827.5926209236
488.14381,0.25566,-28.60557,1829.240113,1829.195464438171
488.15381,0.255661,-28.605204,1828.95406,1831.1350585310759
488.16381,0.255662,-28.604838,1828.668009,1830.504198696234
488.17381,0.255664,-28.604473,1828.381963,1829.6594251513288
488.18381,0.255665,-28.604107,1828.09592,1825.6302681397015
488.19381,0.255666,-28.603742,1827.809881,1829.280998143546
488.20381,0.255667,-28.603376,1827.523845,1827.2587246658466
488.21381,0.255668,-28.60301,1827.237813,1827.7332104783131
488.22381,0.255669,-28.602645,1826.951785,1828.746728964971
488.23381,0.25567,-28.602279,1826.66576,1824.789560409022
488.24381,0.255671,-28.601914,1826.379739,1825.2733754891092
488.25381,0.255672,-28.601548,1826.093722,1824.0784676550468
488.26381,0.255673,-28.601183,1825.807708,1825.9058833480992
488.27381,0.255674,-28.600817,1825.521698,1825.1295853654492
488.28381,0.255675,-28.600452,1825.235692,1823.458270109805
488.29381,0.255676,-28.600086,1824.949689,1825.7674629846333
488.30381,0.255677,-28.599721,1824.66369,1823.7633868830546
488.31381,0.255677,-28.599356,1824.377695,1825.5525211466922
488.32381,0.255678,-28.59899,1824.091703,1826.105359660986
488.33381,0.255679,-28.598625,1823.805715,1823.6519852447127
488.34381,0.25568,-28.59826,1823.519731,1824.304440656484
488.35381,0.255681,-28.597894,1823.23375,1822.8219134275587
488.36381,0.255682,-28.597529,1822.947773,1821.4367940557513
488.37381,0.255683,-28.597164,1822.661799,1821.4068817258667
488.38381,0.255684,-28.596798,1822.37583,1823.9577064183522
488.39381,0.255684,-28.596433,1822.089863,1821.85508330058
488.40381,0.255685,-28.596068,1821.803901,1819.6115745011737
488.41381,0.255686,-28.595703,1821.517942,1819.9677417610128
488.42381,0.255687,-28.595338,1821.231987,1820.8762119669711
488.43381,0.255688,-28.594972,1820.946035,1818.7373673709005
488.44381,0.255688,-28.594607,1820.660087,1823.7731247710492
488.45381,0.255689,-28.594242,1820.374143,1820.7070934285427
488.46381,0.25569,-28.593877,1820.088203,1820.0823875940298
488.47381,0.255691,-28.593512,1819.802266,1818.5829986230842
488.48381,0.255691,-28.593147,1819.516332,1818.3566807494506
488.49381,0.255692,-28.592782,1819.230403,1818.8287459897979
488.50381,0.255693,-28.592417,1818.944477,1821.3421205526352
488.51381,0.255693,-28.592052,1818.658554,1817.1910942009981
488.52381,0.255694,-28.591687,1818.372636,1820.3079333657065
488.53381,0.255695,-28.591322,1818.086721,1817.4851524781968
488.54381,0.255695,-28.590957,1817.800809,1819.482617802165
488.55381,0.255696,-28.590592,1817.514901,1816.7422276917634
488.56381,0.255697,-28.590227,1817.228997,1818.2377733681326
488.57381,0.255697,-28.589862,1816.943097,1817.1263352472706
488.58381,0.255698,-28.589497,1816.6572,1817.57340769799
488.59381,0.255698,-28.589133,1816.371307,1815.6533188778496
488.60381,0.255699,-28.588768,1816.085417,1815.4849006966742
488.61381,0.2557,-28.588403,1815.799532,1815.3632265918056
488.62381,0.2557,-28.588038,1815.513649,1816.3563988014628
488.63381,0.255701,-28.587673,1815.227771,1814.3799710665473
488.64381,0.255701,-28.587309,1814.941896,1814.5242801103318
488.65381,0.255702,-28.586944,1814.656025,1811.6429599936644
488.66381,0.255702,-28.586579,1814.370157,1814.2950933299994
488.67381,0.255703,-28.586214,1814.084293,1813.0506204464957
488.68381,0.255703,-28.58585,1813.798433,1812.542647760287
488.69381,0.255704,-28.585485,1813.512576,1812.8853101894867
488.70381,0.255704,-28.58512,1813.226723,1813.529045227563
488.71381,0.255705,-28.584756,1812.940874,1811.2778623671022
488.72381,0.255705,-28.584391,1812.655028,1813.596136556004
488.73381,0.255706,-28.584027,1812.369186,1813.2144831850899
488.74381,0.255706,-28.583662,1812.083347,1809.9775070413818
488.75381,0.255706,-28.583297,1811.797513,1815.3589918267605
488.76381,0.255707,-28.582933,1811.511681,1812.6491129054107
488.77381,0.255707,-28.582568,1811.225854,1811.3146089647053
488.78381,0.255708,-28.582204,1810.94003,1810.8065880413112
488.79381,0.255708,-28.581839,1810.65421,1811.8966460641004
488.80381,0.255708,-28.581475,1810.368393,1813.5594414290815
488.81381,0.255709,-28.581111,1810.08258,1812.2704591205645
488.82381,0.255709,-28.580746,1809.796771,1806.350381410262
488.83381,0.255709,-28.580382,1809.510965,1811.3651935066616
488.84381,0.25571,-28.580017,1809.225163,1806.9866443533972
488.85381,0.25571,-28.579653,1808.939365,1809.6567698740967
488.86381,0.25571,-28.579289,1808.65357,1809.5080174594964
488.87381,0.255711,-28.578924,1808.367779,1807.6533391377857
488.88381,0.255711,-28.57856,1808.081992,1811.1202317293398
488.89381,0.255711,-28.578196,1807.796208,1806.5963446512749
488.90381,0.255711,-28.577832,1807.510428,1811.6971678295517
488.91381,0.255712,-28.577467,1807.224651,1807.538703343946
488.92381,0.255712,-28.577103,1806.938879,1807.6386185290824
488.93381,0.255712,-28.576739,1806.653109,1809.091516384545
488.94381,0.255712,-28.576375,1806.367344,1805.0911516960414
488.95381,0.255713,-28.576011,1806.081582,1809.8715005472434
488.96381,0.255713,-28.575646,1805.795824,1805.145071986471
488.97381,0.255713,-28.575282,1805.510069,1805.8107784913088
488.98381,0.255713,-28.574918,1805.224318,1804.3442988509526
488.99381,0.255713,-28.574554,1804.938571,1803.9530020478644
489.00381,0.255713,-28.57419,1804.652827,1806.8054250297882
489.01381,0.255714,-28.573826,1804.367087,1803.5018482054304
489.02381,0.255714,-28.573462,1804.08135,1803.5416122784673
489.03381,0.255714,-28.573098,1803.795618,1804.7096768595072
489.04381,0.255714,-28.572734,1803.509888,1802.4894577457385
489.05381,0.255714,-28.57237,1803.224163,1803.9030086204493
489.06381,0.255714,-28.572006,1802.938441,1803.0388456390772
489.07381,0.255714,-28.571642,1802.652723,1802.2981989154787
489.08381,0.255714,-28.571278,1802.367008,1802.167408314852
489.09381,0.255714,-28.570914,1802.081297,1800.9859244316185
489.10381,0.255714,-28.57055,1801.79559,1802.5774419024935
489.11381,0.255715,-28.570186,1801.509886,1802.6074866219717
489.12381,0.255715,-28.569823,1801.224186,1800.9877453822976
489.13381,0.255715,-28.569459,1800.93849,1802.323703340325
489.14381,0.255715,-28.569095,1800.652797,1801.2129751078373
489.15381,0.255715,-28.568731,1800.367108,1799.408004462067
489.16381,0.255715,-28.568367,1800.081422,1798.3004968191533
489.17381,0.255715,-28.568004,1799.79574,1799.3984402328722
489.18381,0.255715,-28.56764,1799.510062,1798.3352814537593
489.19381,0.255715,-28.567276,1799.224388,1800.434749976189
489.20381,0.255714,-28.566913,1798.938717,1799.5202469816502
489.21381,0.255714,-28.566549,1798.653049,1796.829489845741
489.22381,0.255714,-28.566185,1798.367386,1796.1830784936326
489.23381,0.255714,-28.565822,1798.081726,1797.5519781068658
489.24381,0.255714,-28.565458,1797.796069,1796.2979611385051
489.25381,0.255714,-28.565094,1797.510417,1797.0334841063905
489.26381,0.255714,-28.564731,1797.224767,1796.7537170372777
489.27381,0.255714,-28.564367,1796.939122,1795.319898230294
489.28381,0.255714,-28.564004,1796.65348,1796.6858527511197
489.29381,0.255714,-28.56364,1796.367842,1796.0622622847134
489.30381,0.255714,-28.563277,1796.082207,1794.7642616231262
489.31381,0.255713,-28.562913,1795.796576,1793.7394574188074
489.32381,0.255713,-28.56255,1795.510949,1794.3500184011707
489.33381,0.255713,-28.562186,1795.225325,1796.2278250292934
489.34381,0.255713,-28.561823,1794.939705,1792.4150681598776
489.35381,0.255713,-28.56146,1794.654089,1793.4250877306677
489.36381,0.255712,-28.561096,1794.368476,1795.1993022297518
489.37381,0.255712,-28.560733,1794.082867,1793.4545398294736
489.38381,0.255712,-28.560369,1793.797261,1791.9425701870168
489.39381,0.255712,-28.560006,1793.51166,1791.0999943254892
489.40381,0.255712,-28.559643,1793.226061,1793.6178887011736
489.41381,0.255711,-28.55928,1792.940467,1793.3672399603404
489.42381,0.255711,-28.558916,1792.654876,1794.7715667134846
489.43381,0.255711,-28.558553,1792.369288,1794.0593302677578
489.44381,0.255711,-28.55819,1792.083705,1792.638084602545
489.45381,0.25571,-28.557827,1791.798125,1791.8715328520777
489.46381,0.25571,-28.557463,1791.512548,1790.4376577267763
489.47381,0.25571,-28.5571,1791.226975,1793.549280900354
489.48381,0.255709,-28.556737,1790.941406,1793.3425190508449
489.49381,0.255709,-28.556374,1790.655841,1789.1141623320013
489.50381,0.255709,-28.556011,1790.370279,1790.282489010821
489.51381,0.255708,-28.555648,1790.08472,1789.3728926353108
489.52381,0.255708,-28.555285,1789.799166,1790.4727375361176
489.53381,0.255708,-28.554922,1789.513615,1791.4829087207117
489.54381,0.255707,-28.554558,1789.228067,1787.920662655392
489.55381,0.255707,-28.554195,1788.942524,1789.4614137548801
489.56381,0.255707,-28.553832,1788.656983,1791.1639805570737
489.57381,0.255706,-28.553469,1788.371447,1789.2620238976644
489.58381,0.255706,-28.553106,1788.085914,1787.3277671504238
489.59381,0.255705,-28.552744,1787.800385,1788.198291332959
489.60381,0.255705,-28.552381,1787.514859,1786.8422148054647
489.61381,0.255705,-28.552018,1787.229337,1786.5955462061588
489.62381,0.255704,-28.551655,1786.943819,1785.8536305761927
489.63381,0.255704,-28.551292,1786.658304,1785.819340621113
489.64381,0.255703,-28.550929,1786.372793,1783.7075511816831
489.65381,0.255703,-28.550566,1786.087285,1786.0180652968033
489.66381,0.255702,-28.550203,1785.801782,1784.2519910672736
489.67381,0.255702,-28.549841,1785.516281,1786.3498805912304
489.68381,0.255701,-28.549478,1785.230785,1787.2278440807402
489.69381,0.255701,-28.549115,1784.945292,1781.839234407664
489.70381,0.2557,-28.548752,1784.659802,1786.1168237872773
489.71381,0.2557,-28.54839,1784.374317,1783.7499278799776
489.72381,0.255699,-28.548027,1784.088835,1782.2484282745777
489.73381,0.255699,-28.547664,1783.803356,1784.7694854050842
489.74381,0.255698,-28.547302,1783.517881,1781.3073481046524
489.75381,0.255698,-28.546939,1783.23241,1781.2590413864864
489.76381,0.255697,-28.546576,1782.946943,1781.5889806362286
489.77381,0.255697,-28.546214,1782.661479,1783.7895883812469
489.78381,0.255696,-28.545851,1782.376018,1783.7222000380439
489.79381,0.255696,-28.545489,1782.090562,1781.1770813755988
489.80381,0.255695,-28.545126,1781.805109,1780.114554603618
489.81381,0.255694,-28.544763,1781.519659,1783.0147070239052
489.82381,0.255694,-28.544401,1781.234213,1779.0346381979452
489.83381,0.255693,-28.544038,1780.948771,1779.8364608851653
489.84381,0.255693,-28.543676,1780.663333,1780.8858434294373
489.85381,0.255692,-28.543314,1780.377898,1780.5825214123108
489.86381,0.255691,-28.542951,1780.092466,1778.8497656622558
489.87381,0.255691,-28.542589,1779.807039,1779.0995166754035
489.88381,0.25569,-28.542226,1779.521615,1781.116550738247
489.89381,0.255689,-28.541864,1779.236194,1780.2460742039293
489.90381,0.255689,-28.541502,1778.950777,1780.0043142266868
489.91381,0.255688,-28.541139,1778.665364,1779.2199044074252
489.92381,0.255687,-28.540777,1778.379954,1778.489212977114
489.93381,0.255687,-28.540415,1778.094548,1779.2377126048134
489.94381,0.255686,-28.540052,1777.809146,1776.4048351476902
489.95381,0.255685,-28.53969,1777.523747,1775.2191992197245
489.96381,0.255685,-28.539328,1777.238352,1777.4402766272262
489.97381,0.255684,-28.538966,1776.952961,1777.6790414189984
489.98381,0.255683,-28.538603,1776.667573,1774.619589999063
489.99381,0.255682,-28.538241,1776.382189,1775.2398857305332
490.00381,0.255682,-28.537879,1776.096808,1776.204470092065
490.01381,0.255681,-28.537517,1775.811431,1771.901693352617
490.02381,0.25568,-28.537155,1775.526058,1776.436965797219
490.03381,0.255679,-28.536793,1775.240688,1774.187200717045
490.04381,0.255679,-28.536431,1774.955322,1776.5746881884158
490.05381,0.255678,-28.536068,1774.66996,1774.1347580315303
490.06381,0.255677,-28.535706,1774.384601,1773.9045418349408
490.07381,0.255676,-28.535344,1774.099245,1774.1743801392092
490.08381,0.255675,-28.534982,1773.813894,1776.668386562964
490.09381,0.255675,-28.53462,1773.528546,1771.957175291065
490.10381,0.255674,-28.534258,1773.243201,1774.9264402877545
490.11381,0.255673,-28.533896,1772.957861,1773.1761020684369
490.12381,0.255672,-28.533534,1772.672523,1774.4326909937697
490.13381,0.255671,-28.533173,1772.38719,1771.3060034772234
490.14381,0.25567,-28.532811,1772.10186,1771.3123990383212
490.15381,0.255669,-28.532449,1771.816534,1768.9778976139758
490.16381,0.255669,-28.532087,1771.531211,1771.8731015703183
490.17381,0.255668,-28.531725,1771.245892,1770.2833400724496
490.18381,0.255667,-28.531363,1770.960577,1771.1490644450705
490.19381,0.255666,-28.531001,1770.675265,1768.8990268248194
490.20381,0.255665,-28.53064,1770.389956,1772.033629185106
490.21381,0.255664,-28.530278,1770.104652,1770.671738093037
490.22381,0.255663,-28.529916,1769.819351,1770.1014296625729
490.23381,0.255662,-28.529554,1769.534054,1771.716227867083
490.24381,0.255661,-28.529193,1769.24876,1768.0364071987158
490.25381,0.25566,-28.528831,1768.96347,1766.7950931531748
490.26381,0.25566,-28.528469,1768.678183,1768.5221793183894
490.27381,0.255659,-28.528108,1768.3929,1768.6385928695138
490.28381,0.255658,-28.527746,1768.107621,1767.3966133477566
490.29381,0.255657,-28.527384,1767.822345,1767.0238810932328
490.30381,0.255656,-28.527023,1767.537073,1766.9829736718764
490.31381,0.255655,-28.526661,1767.251805,1765.5043471811075
490.32381,0.255654,-28.5263,1766.96654,1767.1548424129176
490.33381,0.255653,-28.525938,1766.681279,1766.9076086776224
490.34381,0.255652,-28.525576,1766.396021,1765.929440730328
490.35381,0.255651,-28.525215,1766.110767,1765.9742901800018
490.36381,0.25565,-28.524853,1765.825517,1765.0143672138413
490.37381,0.255649,-28.524492,1765.54027,1765.0854867929154
490.38381,0.255648,-28.524131,1765.255027,1761.9726935108934
490.39381,0.255647,-28.523769,1764.969788,1764.9293030085314
490.40381,0.255646,-28.523408,1764.684552,1766.3763171621508
490.41381,0.255644,-28.523046,1764.39932,1763.9021937525986
490.42381,0.255643,-28.522685,1764.114091,1764.8152658340964
490.43381,0.255642,-28.522324,1763.828866,1763.0661344168946
490.44381,0.255641,-28.521962,1763.543644,1765.1468320487409
490.45381,0.25564,-28.521601,1763.258427,1766.8793161309325
490.46381,0.255639,-28.52124,1762.973212,1765.3291535564665
490.47381,0.255638,-28.520878,1762.688002,1761.7825285419065
490.48381,0.255637,-28.520517,1762.402795,1763.624464704399
490.49381,0.255636,-28.520156,1762.117592,1761.3432697220114
490.50381,0.255635,-28.519795,1761.832392,1763.615242688594
490.51381,0.255634,-28.519433,1761.547196,1761.734006244499
490.52381,0.255632,-28.519072,1761.262003,1759.7846034308825
490.53381,0.255631,-28.518711,1760.976814,1758.1793407216833
490.54381,0.25563,-28.51835,1760.691629,1760.0392340355393
490.55381,0.255629,-28.517989,1760.406447,1763.2189954045082
490.56381,0.255628,-28.517628,1760.121269,1759.8862131854935
490.57381,0.255627,-28.517267,1759.836095,1760.6783480719025
490.58381,0.255626,-28.516905,1759.550924,1759.8324746562146
490.59381,0.255624,-28.516544,1759.265757,1759.543579457974
490.60381,0.255623,-28.516183,1758.980593,1758.9768906236986
490.61381,0.255622,-28.515822,1758.695433,1758.390330830985
490.62381,0.255621,-28.515461,1758.410276,1759.2726327105177
490.63381,0.25562,-28.5151,1758.125124,1759.1739138051958
490.64381,0.255618,-28.514739,1757.839974,1757.8308064381317
490.65381,0.255617,-28.514378,1757.554829,1758.539404846278
490.66381,0.255616,-28.514018,1757.269687,1755.8556514577606
490.67381,0.255615,-28.513657,1756.984549,1756.7360239332495
490.68381,0.255613,-28.513296,1756.699414,1755.5255518848037
490.69381,0.255612,-28.512935,1756.414283,1757.953015993011
490.70381,0.255611,-28.512574,1756.129155,1757.4363378993557
490.71381,0.25561,-28.512213,1755.844031,1755.5540761417626
490.72381,0.255608,-28.511852,1755.558911,1752.867618718834
490.73381,0.255607,-28.511492,1755.273794,1757.1752506195942
490.74381,0.255606,-28.511131,1754.988681,1754.99723826577
490.75381,0.255605,-28.51077,1754.703571,1753.9918207398491
490.76381,0.255603,-28.510409,1754.418466,1753.8229330140055
490.77381,0.255602,-28.510049,1754.133363,1753.2085942655383
490.78381,0.255601,-28.509688,1753.848265,1752.2231782221158
490.79381,0.255599,-28.509327,1753.56317,1754.1189835520483
490.80381,0.255598,-28.508967,1753.278078,1754.7403428990976
490.81381,0.255597,-28.508606,1752.99299,1753.8894564645777
490.82381,0.255595,-28.508245,1752.707906,1752.7703051513274
490.83381,0.255594,-28.507885,1752.422825,1752.6465384208425
490.84381,0.255593,-28.507524,1752.137748,1751.0115210400031
490.85381,0.255591,-28.507164,1751.852675,1753.443182821018
490.86381,0.25559,-28.506803,1751.567605,1752.7723601164028
490.87381,0.255589,-28.506442,1751.282539,1751.5410321500062
490.88381,0.255587,-28.506082,1750.997476,1750.991485004479
490.89381,0.255586,-28.505721,1750.712417,1751.050197627515
490.90381,0.255585,-28.505361,1750.427362,1750.3209440885878
490.91381,0.255583,-28.505001,1750.14231,1750.2313882351887
490.92381,0.255582,-28.50464,1749.857262,1747.4128999783313
490.93381,0.25558,-28.50428,1749.572217,1747.981113168025
490.94381,0.255579,-28.503919,1749.287176,1752.8555653370727
490.95381,0.255578,-28.503559,1749.002139,1750.0052054346727
490.96381,0.255576,-28.503199,1748.717105,1750.378487544842
490.97381,0.255575,-28.502838,1748.432075,1748.8035030269264
490.98381,0.255573,-28.502478,1748.147048,1748.7958725091496
490.99381,0.255572,-28.502118,1747.862025,1746.2623361250403
491.00381,0.255571,-28.501757,1747.577006,1747.968531622702
491.01381,0.255569,-28.501397,1747.29199,1746.6290893661233
491.02381,0.255568,-28.501037,1747.006978,1746.5256951569345
491.03381,0.255566,-28.500676,1746.721969,1745.719061594029
491.04381,0.255565,-28.500316,1746.436964,1742.716652337756
491.05381,0.255563,-28.499956,1746.151963,1746.2409594693866
491.06381,0.255562,-28.499596,1745.866965,1744.9474814143075
491.07381,0.25556,-28.499236,1745.581971,1747.4541176250552
491.08381,0.255559,-28.498876,1745.29698,1746.848350971595
491.09381,0.255557,-28.498516,1745.011994,1744.5601945828578
491.10381,0.255556,-28.498155,1744.72701,1743.1604127437765
491.11381,0.255554,-28.497795,1744.44203,1742.38903950735
491.12381,0.255553,-28.497435,1744.157054,1741.722870275325
491.13381,0.255551,-28.497075,1743.872082,1744.4288450252293
491.14381,0.25555,-28.496715,1743.587113,1745.3044333141963
491.15381,0.255548,-28.496355,1743.302147,1746.8352829979133
491.16381,0.255547,-28.495995,1743.017186,1741.5211472312953
491.17381,0.255545,-28.495635,1742.732227,1744.7187610726974
491.18381,0.255544,-28.495275,1742.447273,1741.994196201046
491.19381,0.255542,-28.494915,1742.162322,1743.953723804574
491.20381,0.255541,-28.494555,1741.877375,1742.4617619680448
491.21381,0.255539,-28.494196,1741.592431,1742.1257305542567
491.22381,0.255537,-28.493836,1741.307491,1740.7148348918524
491.23381,0.255536,-28.493476,1741.022554,1742.560922870411
491.24381,0.255534,-28.493116,1740.737621,1741.6801483355691
491.25381,0.255533,-28.492756,1740.452692,1743.1826016846785
491.26381,0.255531,-28.492396,1740.167766,1741.5080212738549
491.27381,0.25553,-28.492037,1739.882844,1738.9437368448891
491.28381,0.255528,-28.491677,1739.597925,1739.625341647376
491.29381,0.255526,-28.491317,1739.31301,1740.219342425955
491.30381,0.255525,-28.490957,1739.028099,1740.9807575224781
491.31381,0.255523,-28.490598,1738.743191,1739.2691260652882
491.32381,0.255522,-28.490238,1738.458287,1739.2682307548566
491.33381,0.25552,-28.489878,1738.173386,1737.797873561897
491.34381,0.255518,-28.489519,1737.888489,1735.1451756335696
491.35381,0.255517,-28.489159,1737.603596,1737.2974520589244
491.36381,0.255515,-28.488799,1737.318706,1738.6294113747645
491.37381,0.255513,-28.48844,1737.03382,1739.0533708780126
491.38381,0.255512,-28.48808,1736.748938,1735.6679356653697
491.39381,0.25551,-28.487721,1736.464059,1737.6195974408122
491.40381,0.255508,-28.487361,1736.179183,1735.2754626042608
491.41381,0.255507,-28.487002,1735.894311,1735.8490933681885
491.42381,0.255505,-28.486642,1735.609443,1735.7051574166528
491.43381,0.255503,-28.486283,1735.324578,1732.5509361413492
491.44381,0.255502,-28.485923,1735.039717,1734.153726379969
491.45381,0.2555,-28.485564,1734.75486,1731.5258393201477
491.46381,0.255498,-28.485204,1734.470006,1734.853144708132
491.47381,0.255497,-28.484845,1734.185156,1735.5445235022685
491.48381,0.255495,-28.484485,1733.900309,1735.4093816997672
491.49381,0.255493,-28.484126,1733.615466,1734.4664696342816
491.50381,0.255491,-28.483767,1733.330627,1732.4617955975514
491.51381,0.25549,-28.483407,1733.045791,1733.1955538170878
491.52381,0.255488,-28.483048,1732.760959,1734.1803833435465
491.53381,0.255486,-28.482689,1732.47613,1735.4088655253947
491.54381,0.255485,-28.48233,1732.191305,1732.4422688309112
491.55381,0.255483,-28.48197,1731.906483,1732.765662580629
491.56381,0.255481,-28.481611,1731.621665,1731.8378948655209
491.57381,0.255479,-28.481252,1731.336851,1735.5194419825987
491.58381,0.255478,-28.480893,1731.05204,1731.2648052264544
491.59381,0.255476,-28.480533,1730.767233,1733.3957997022403
491.60381,0.255474,-28.480174,1730.48243,1731.9617079133454
491.61381,0.255472,-28.479815,1730.19763,1730.5038111236042
491.62381,0.25547,-28.479456,1729.912833,1730.4740835921261
491.63381,0.255469,-28.479097,1729.628041,1732.1153655199882
491.64381,0.255467,-28.478738,1729.343251,1730.270226370762
491.65381,0.255465,-28.478379,1729.058466,1731.6442247422274
491.66381,0.255463,-28.47802,1728.773684,1728.4007109021113
491.67381,0.255462,-28.477661,1728.488905,1728.5961220276295
491.68381,0.25546,-28.477302,1728.204131,1729.3746955375666
491.69381,0.255458,-28.476943,1727.919359,1730.177458023697
491.70381,0.255456,-28.476584,1727.634592,1727.3476786598767
491.71381,0.255454,-28.476225,1727.349828,1726.2783887017417
491.72381,0.255452,-28.475866,1727.065067,1726.808874609276
491.73381,0.255451,-28.475507,1726.78031,1727.884111855961
491.74381,0.255449,-28.475148,1726.495557,1726.463538750088
491.75381,0.255447,-28.474789,1726.210808,1724.168180654427
491.76381,0.255445,-28.47443,1725.926061,1726.0941166123541
491.77381,0.255443,-28.474071,1725.641319,1725.1888617348532
491.78381,0.255441,-28.473712,1725.35658,1725.1162651550133
491.79381,0.25544,-28.473354,1725.071845,1726.2194278083311
491.80381,0.255438,-28.472995,1724.787113,1725.6027431713278
491.81381,0.255436,-28.472636,1724.502385,1725.9464357069392
491.82381,0.255434,-28.472277,1724.21766,1725.2837951269037
491.83381,0.255432,-28.471919,1723.932939,1722.3659460177457
491.84381,0.25543,-28.47156,1723.648222,1725.7380374926372
491.85381,0.255428,-28.471201,1723.363508,1724.9244961519526
491.86381,0.255426,-28.470842,1723.078798,1723.7341700864
491.87381,0.255425,-28.470484,1722.794091,1725.5960013247038
491.88381,0.255423,-28.470125,1722.509388,1722.088080267043
491.89381,0.255421,-28.469766,1722.224689,1721.8707906050854
491.90381,0.255419,-28.469408,1721.939993,1722.4304638514143
491.91381,0.255417,-28.469049,1721.655301,1724.1010732325403
491.92381,0.255415,-28.468691,1721.370612,1718.3568662040802
491.93381,0.255413,-28.468332,1721.085927,1723.3062218973944
491.94381,0.255411,-28.467974,1720.801245,1721.4996029060505
491.95381,0.255409,-28.467615,1720.516567,1719.3484913315592
491.96381,0.255407,-28.467257,1720.231893,1720.6920896637444
491.97381,0.255405,-28.466898,1719.947222,1721.8655621112043
491.98381,0.255403,-28.46654,1719.662555,1720.2437725171133
491.99381,0.255401,-28.466181,1719.377891,1720.2220898038838
492.00381,0.255399,-28.465823,1719.093231,1719.3002945468602
492.01381,0.255397,-28.465464,1718.808575,1718.0407844605072
492.02381,0.255396,-28.465106,1718.523922,1717.3591614932345
492.03381,0.255394,-28.464748,1718.239273,1717.1470828769866
492.04381,0.255392,-28.464389,1717.954627,1714.6973412750365
492.05381,0.25539,-28.464031,1717.669985,1718.9716840549468
492.06381,0.255388,-28.463673,1717.385346,1716.8868260426552
492.07381,0.255386,-28.463314,1717.100711,1716.1245250644274
492.08381,0.255384,-28.462956,1716.81608,1719.6618008126422
492.09381,0.255382,-28.462598,1716.531452,1714.3613104239244
492.10381,0.25538,-28.46224,1716.246828,1718.973209453486
492.11381,0.255378,-28.461881,1715.962208,1718.2302759138418
492.12381,0.255376,-28.461523,1715.677591,1714.474474277642
492.13381,0.255374,-28.461165,1715.392977,1714.7541520805041
492.14381,0.255372,-28.460807,1715.108367,1713.8024471641322
492.15381,0.25537,-28.460449,1714.823761,1711.5294671108093
492.16381,0.255368,-28.46009,1714.539158,1714.2612106577192
492.17381,0.255366,-28.459732,1714.254559,1713.5273881417986
492.18381,0.255363,-28.459374,1713.969964,1715.5339353702834
492.19381,0.255361,-28.459016,1713.685372,1713.4380885541868
492.20381,0.255359,-28.458658,1713.400783,1712.215705365005
492.21381,0.255357,-28.4583,1713.116199,1712.0313136540663
492.22381,0.255355,-28.457942,1712.831617,1711.9404424552386
492.23381,0.255353,-28.457584,1712.54704,1710.6818202128054
492.24381,0.255351,-28.457226,1712.262466,1710.7188488908093
492.25381,0.255349,-28.456868,1711.977895,1712.8659926104667
492.26381,0.255347,-28.45651,1711.693328,1712.6693261335708
492.27381,0.255345,-28.456152,1711.408765,1715.1472256957059
492.28381,0.255343,-28.455794,1711.124205,1712.0835732131407
492.29381,0.255341,-28.455436,1710.839649,1711.258148158167
492.30381,0.255339,-28.455079,1710.555096,1711.575755473987
492.31381,0.255337,-28.454721,1710.270548,1712.2733909039925
492.32381,0.255335,-28.454363,1709.986002,1711.9159139722622
492.33381,0.255332,-28.454005,1709.70146,1711.6149157332557
492.34381,0.25533,-28.453647,1709.416922,1710.9941382937554
492.35381,0.255328,-28.45329,1709.132387,1705.1776727295587
492.36381,0.255326,-28.452932,1708.847856,1710.83992406659
492.37381,0.255324,-28.452574,1708.563329,1709.0916040352195
492.38381,0.255322,-28.452216,1708.278805,1705.979648245105
492.39381,0.25532,-28.451859,1707.994284,1703.8844433764823
492.40381,0.255318,-28.451501,1707.709768,1708.345438849247
492.41381,0.255316,-28.451143,1707.425254,1704.704397459158
492.42381,0.255313,-28.450786,1707.140745,1704.7745185953347
492.43381,0.255311,-28.450428,1706.856239,1705.9903463867822
492.44381,0.255309,-28.45007,1706.571736,1708.2600355134255
492.45381,0.255307,-28.449713,1706.287237,1709.129976064009
492.46381,0.255305,-28.449355,1706.002742,1703.9125026822076
492.47381,0.255303,-28.448998,1705.71825,1705.6433089509803
492.48381,0.255301,-28.44864,1705.433762,1702.764823576002
492.49381,0.255298,-28.448283,1705.149277,1705.5168435854541
492.50381,0.255296,-28.447925,1704.864796,1705.3848420113875
492.51381,0.255294,-28.447568,1704.580319,1706.7100422885655
492.52381,0.255292,-28.44721,1704.295845,1703.1443259595885
492.53381,0.25529,-28.446853,1704.011375,1704.9902019556273
492.54381,0.255288,-28.446495,1703.726908,1703.2042253286852
492.55381,0.255285,-28.446138,1703.442445,1704.121176567267
492.56381,0.255283,-28.44578,1703.157985,1701.4635859563523
492.57381,0.255281,-28.445423,1702.873529,1704.1195170872645
492.58381,0.255279,-28.445066,1702.589077,1700.730127438872
492.59381,0.255277,-28.444708,1702.304628,1702.7383934949883
492.60381,0.255274,-28.444351,1702.020182,1701.8978833686806
492.61381,0.255272,-28.443994,1701.735741,1701.2336026595738
492.62381,0.25527,-28.443636,1701.451303,1700.992311586423
492.63381,0.255268,-28.443279,1701.166868,1703.6787178007899
492.64381,0.255266,-28.442922,1700.882437,1700.4907596788157
492.65381,0.255263,-28.442565,1700.59801,1702.083890186606
492.66381,0.255261,-28.442208,1700.313586,1701.335935046921
492.67381,0.255259,-28.44185,1700.029165,1701.8999657978563
492.68381,0.255257,-28.441493,1699.744749,1697.5402829547702
492.69381,0.255254,-28.441136,1699.460336,1699.988067313641
492.70381,0.255252,-28.440779,1699.175926,1697.5058921341204
492.71381,0.25525,-28.440422,1698.89152,1697.7488617415856
492.72381,0.255248,-28.440065,1698.607118,1697.1290269544436
492.73381,0.255245,-28.439708,1698.322719,1699.1906729839732
492.74381,0.255243,-28.439351,1698.038323,1698.0746773968142
492.75381,0.255241,-28.438993,1697.753932,1697.4048478382858
492.76381,0.255239,-28.438636,1697.469544,1697.8854659289702
492.77381,0.255236,-28.438279,1697.185159,1698.3828161690983
492.78381,0.255234,-28.437922,1696.900778,1699.6616776176095
492.79381,0.255232,-28.437565,1696.6164,1697.5039239445973
492.80381,0.25523,-28.437209,1696.332027,1696.0974106948495
492.81381,0.255227,-28.436852,1696.047656,1692.136458134618
492.82381,0.255225,-28.436495,1695.76329,1695.1130661613413
492.83381,0.255223,-28.436138,1695.478926,1696.3283854945053
492.84381,0.25522,-28.435781,1695.194567,1695.4801971602033
492.85381,0.255218,-28.435424,1694.910211,1696.4097835578445
492.86381,0.255216,-28.435067,1694.625858,1693.2222860197064
492.87381,0.255214,-28.43471,1694.341509,1694.0249297983287
492.88381,0.255211,-28.434354,1694.057164,1692.5205631746037
492.89381,0.255209,-28.433997,1693.772822,1693.3370459585408
492.90381,0.255207,-28.43364,1693.488484,1696.0579895123644
492.91381,0.255204,-28.433283,1693.20415,1694.829989707501
492.92381,0.255202,-28.432927,1692.919819,1694.412400812289
492.93381,0.2552,-28.43257,1692.635491,1693.763093051743
492.94381,0.255197,-28.432213,1692.351167,1690.7389001552092
492.95381,0.255195,-28.431856,1692.066847,1693.571929632741
492.96381,0.255193,-28.4315,1691.78253,1692.1885207170312
492.97381,0.25519,-28.431143,1691.498217,1687.9179449446478
492.98381,0.255188,-28.430787,1691.213907,1693.0942417854696
492.99381,0.255186,-28.43043,1690.929601,1692.5086446340215
493.00381,0.255183,-28.430073,1690.645299,1690.5964725640142
493.01381,0.255181,-28.429717,1690.361,1690.264599247409
493.02381,0.255179,-28.42936,1690.076704,1692.5784363030568
493.03381,0.255176,-28.429004,1689.792412,1687.5495019434416
493.04381,0.255174,-28.428647,1689.508124,1690.1726873016592
493.05381,0.255172,-28.428291,1689.223839,1688.0103188591274
493.06381,0.255169,-28.427934,1688.939558,1689.9742932727524
493.07381,0.255167,-28.427578,1688.655281,1691.5293923127508
493.08381,0.255165,-28.427221,1688.371007,1686.817954570689
493.09381,0.255162,-28.426865,1688.086736,1686.3224538954173
493.10381,0.25516,-28.426509,1687.802469,1686.489686191361
493.11381,0.255157,-28.426152,1687.518206,1687.080997159369
493.12381,0.255155,-28.425796,1687.233946,1686.5539680386792
493.13381,0.255153,-28.425439,1686.94969,1687.1123702844363
493.14381,0.25515,-28.425083,1686.665438,1688.9621894979769
493.15381,0.255148,-28.424727,1686.381189,1687.2379240960045
493.16381,0.255146,-28.42437,1686.096943,1685.577398450022
493.17381,0.255143,-28.424014,1685.812701,1685.007264257514
493.18381,0.255141,-28.423658,1685.528463,1684.067507747072
493.19381,0.255138,-28.423302,1685.244228,1684.6191694084641
493.20381,0.255136,-28.422945,1684.959997,1685.4264373757117
493.21381,0.255133,-28.422589,1684.675769,1683.7494785814847
493.22381,0.255131,-28.422233,1684.391545,1685.061578856881
493.23381,0.255129,-28.421877,1684.107324,1685.1112745797268
493.24381,0.255126,-28.421521,1683.823107,1683.667204603942
493.25381,0.255124,-28.421165,1683.538894,1680.7315231370276
493.26381,0.255121,-28.420809,1683.254684,1684.218498563792
493.27381,0.255119,-28.420452,1682.970478,1682.551819379387
493.28381,0.255117,-28.420096,1682.686275,1684.3110663174762
493.29381,0.255114,-28.41974,1682.402076,1680.4022006119237
493.30381,0.255112,-28.419384,1682.11788,1684.2359118282957
493.31381,0.255109,-28.419028,1681.833688,1678.539885083231
493.32381,0.255107,-28.418672,1681.5495,1679.3638149747323
493.33381,0.255104,-28.418316,1681.265315,1681.6815190417865
493.34381,0.255102,-28.41796,1680.981133,1679.0012748086492
493.35381,0.255099,-28.417604,1680.696956,1678.329820818261
493.36381,0.255097,-28.417248,1680.412781,1684.8978367818574
493.37381,0.255095,-28.416893,1680.128611,1681.0757917849726
493.38381,0.255092,-28.416537,1679.844443,1677.0990461433282
493.39381,0.25509,-28.416181,1679.56028,1679.3271519666587
493.40381,0.255087,-28.415825,1679.27612,1678.6882131662928
493.41381,0.255085,-28.415469,1678.991963,1677.2263988905092
493.42381,0.255082,-28.415113,1678.70781,1679.413421869279
493.43381,0.25508,-28.414757,1678.423661,1675.7832393399178
493.44381,0.255077,-28.414402,1678.139515,1677.3714013720123
493.45381,0.255075,-28.414046,1677.855373,1678.754864039011
493.46381,0.255072,-28.41369,1677.571234,1677.2357585855011
493.47381,0.25507,-28.413334,1677.287099,1676.9764813358165
493.48381,0.255067,-28.412979,1677.002968,1678.602897304083
493.49381,0.255065,-28.412623,1676.71884,1677.0605490920557
493.50381,0.255062,-28.412267,1676.434715,1675.6451268173555
493.51381,0.25506,-28.411912,1676.150594,1677.4421286441748
493.52381,0.255057,-28.411556,1675.866477,1675.9128621149223
493.53381,0.255055,-28.4112,1675.582363,1674.3397148023405
493.54381,0.255052,-28.410845,1675.298253,1675.1988339524141
493.55381,0.25505,-28.410489,1675.014146,1674.420479222374
493.56381,0.255047,-28.410134,1674.730043,1676.3376243802234
493.57381,0.255045,-28.409778,1674.445944,1676.7521502237682
493.58381,0.255042,-28.409423,1674.161848,1674.0494636780327
493.59381,0.25504,-28.409067,1673.877755,1670.8003097098788
493.60381,0.255037,-28.408712,1673.593666,1675.428741506491
493.61381,0.255035,-28.408356,1673.309581,1671.0160572809611
493.62381,0.255032,-28.408001,1673.025499,1672.0996228390431
493.63381,0.25503,-28.407645,1672.741421,1671.9413431145817
493.64381,0.255027,-28.40729,1672.457346,1672.610298523495
493.65381,0.255025,-28.406934,1672.173275,1672.6555096776422
493.66381,0.255022,-28.406579,1671.889208,1671.3305729192364
493.67381,0.25502,-28.406224,1671.605144,1671.0832236053527
493.68381,0.255017,-28.405868,1671.321083,1673.9301651563858
493.69381,0.255014,-28.405513,1671.037026,1672.3076670505075
493.70381,0.255012,-28.405158,1670.752973,1670.804273116796
493.71381,0.255009,-28.404802,1670.468923,1668.9938245964804
493.72381,0.255007,-28.404447,1670.184877,1668.9795134492206
493.73381,0.255004,-28.404092,1669.900834,1668.3434521960248
493.74381,0.255002,-28.403737,1669.616795,1666.5556711858876
493.75381,0.254999,-28.403381,1669.332759,1669.8499371257674
493.76381,0.254997,-28.403026,1669.048727,1671.0230350864267
493.77381,0.254994,-28.402671,1668.764699,1668.7169372365615
493.78381,0.254991,-28.402316,1668.480674,1665.9489670316077
493.79381,0.254989,-28.401961,1668.196653,1668.3107205829926
493.80381,0.254986,-28.401606,1667.912635,1668.9576073613123
493.81381,0.254984,-28.40125,1667.62862,1668.6272327649847
493.82381,0.254981,-28.400895,1667.34461,1668.573873862825
493.83381,0.254979,-28.40054,1667.060603,1668.7212447225177
493.84381,0.254976,-28.400185,1666.776599,1665.1578656790102
493.85381,0.254973,-28.39983,1666.492599,1665.900699459038
493.86381,0.254971,-28.399475,1666.208602,1667.5171916482832
493.87381,0.254968,-28.39912,1665.924609,1664.4103753886632
493.88381,0.254966,-28.398765,1665.64062,1665.9286257777323
493.89381,0.254963,-28.39841,1665.356634,1667.929659000551
493.90381,0.25496,-28.398055,1665.072652,1662.7832911040168
493.91381,0.254958,-28.3977,1664.788673,1665.1577634412865
493.92381,0.254955,-28.397345,1664.504698,1665.5591917010915
493.93381,0.254953,-28.396991,1664.220726,1662.3518826921736
493.94381,0.25495,-28.396636,1663.936758,1661.0474962704884
493.95381,0.254947,-28.396281,1663.652793,1664.9293710887348
493.96381,0.254945,-28.395926,1663.368832,1661.924748800094
493.97381,0.254942,-28.395571,1663.084875,1661.6292618155153
493.98381,0.25494,-28.395216,1662.800921,1664.0559641069858
493.99381,0.254937,-28.394862,1662.51697,1664.3520415901144
494.00381,0.254934,-28.394507,1662.233024,1663.132249186323
494.01381,0.254932,-28.394152,1661.94908,1664.285715681856
494.02381,0.254929,-28.393797,1661.665141,1658.9469505525065
494.03381,0.254926,-28.393443,1661.381204,1661.7492898894327
494.04381,0.254924,-28.393088,1661.097272,1661.041913018509
494.05381,0.254921,-28.392733,1660.813343,1659.69076089294
494.06381,0.254918,-28.392379,1660.529417,1661.2560409021921
494.07381,0.254916,-28.392024,1660.245495,1659.7931956792727
494.08381,0.254913,-28.391669,1659.961577,1658.8354036740182
494.09381,0.254911,-28.391315,1659.677662,1661.5820608296342
494.10381,0.254908,-28.39096,1659.39375,1660.1387591531654
494.11381,0.254905,-28.390606,1659.109842,1661.410761176724
494.12381,0.254903,-28.390251,1658.825938,1660.696700425917
494.13381,0.2549,-28.389896,1658.542037,1659.5809169674142
494.14381,0.254897,-28.389542,1658.25814,1659.2783481364354
494.15381,0.254895,-28.389187,1657.974247,1658.289109811595
494.16381,0.254892,-28.388833,1657.690357,1657.5242941745687
494.17381,0.254889,-28.388478,1657.40647,1656.4361009572779
494.18381,0.254887,-28.388124,1657.122587,1657.7492176012056
494.19381,0.254884,-28.38777,1656.838707,1657.0031632705634
494.20381,0.254881,-28.387415,1656.554832,1657.1707886655004
494.21381,0.254879,-28.387061,1656.270959,1656.6500032138847
494.22381,0.254876,-28.386706,1655.98709,1657.1065588754298
494.23381,0.254873,-28.386352,1655.703225,1653.429724458169
494.24381,0.254871,-28.385998,1655.419363,1654.842244593051
494.25381,0.254868,-28.385643,1655.135505,1652.767719567062
494.26381,0.254865,-28.385289,1654.85165,1655.814259449552
494.27381,0.254863,-28.384935,1654.567799,1653.4986902939895
494.28381,0.25486,-28.384581,1654.283952,1655.2160245294858
494.29381,0.254857,-28.384226,1654.000108,1655.6708167324166
494.30381,0.254855,-28.383872,1653.716267,1650.1996909954457
494.31381,0.254852,-28.383518,1653.43243,1653.6543555503
494.32381,0.254849,-28.383164,1653.148597,1653.6790413268
494.33381,0.254846,-28.38281,1652.864767,1651.2877709085633
494.34381,0.254844,-28.382455,1652.580941,1654.5879229543702
494.35381,0.254841,-28.382101,1652.297118,1652.946859881732
494.36381,0.254838,-28.381747,1652.013299,1652.1886007425596
494.37381,0.254836,-28.381393,1651.729483,1652.625454565532
494.38381,0.254833,-28.381039,1651.445671,1652.6616669359216
494.39381,0.25483,-28.380685,1651.161862,1649.7788211292732
494.40381,0.254827,-28.380331,1650.878057,1651.6512818040621
494.41381,0.254825,-28.379977,1650.594256,1652.2490261559706
494.42381,0.254822,-28.379623,1650.310458,1652.630044506454
494.43381,0.254819,-28.379269,1650.026663,1648.6151147514647
494.44381,0.254817,-28.378915,1649.742872,1649.540929150354
494.45381,0.254814,-28.378561,1649.459085,1651.203157991807
494.46381,0.254811,-28.378207,1649.175301,1647.8143663522574
494.47381,0.254808,-28.377853,1648.891521,1649.9421384775837
494.48381,0.254806,-28.377499,1648.607744,1647.9079433752206
494.49381,0.254803,-28.377145,1648.323971,1648.9372105923617
494.50381,0.2548,-28.376791,1648.040201,1644.1431928573036
494.51381,0.254797,-28.376438,1647.756435,1646.1284357769794
494.52381,0.254795,-28.376084,1647.472672,1645.8789684849885
494.53381,0.254792,-28.37573,1647.188913,1647.0763532368155
494.54381,0.254789,-28.375376,1646.905158,1646.2991411602193
494.55381,0.254787,-28.375022,1646.621406,1647.0320667220465
494.56381,0.254784,-28.374669,1646.337657,1649.0647183997132
494.57381,0.254781,-28.374315,1646.053912,1645.2810584068218
494.58381,0.254778,-28.373961,1645.770171,1644.3914269368672
494.59381,0.254776,-28.373607,1645.486433,1645.1909875661652
494.60381,0.254773,-28.373254,1645.202699,1645.096664146557
494.61381,0.25477,-28.3729,1644.918968,1644.180565624749
494.62381,0.254767,-28.372546,1644.635241,1643.8073884147627
494.63381,0.254764,-28.372193,1644.351517,1646.626489111333
494.64381,0.254762,-28.371839,1644.067797,1641.0847921182726
494.65381,0.254759,-28.371485,1643.78408,1642.8135231660422
494.66381,0.254756,-28.371132,1643.500367,1644.016140412166
494.67381,0.254753,-28.370778,1643.216658,1644.1926096392172
494.68381,0.254751,-28.370425,1642.932952,1644.6473909042236
494.69381,0.254748,-28.370071,1642.649249,1643.2866144572054
494.70381,0.254745,-28.369718,1642.36555,1641.9825623121453
494.71381,0.254742,-28.369364,1642.081855,1643.4896982179453
494.72381,0.25474,-28.369011,1641.798163,1639.7871571491328
494.73381,0.254737,-28.368657,1641.514475,1640.1558598831712
494.74381,0.254734,-28.368304,1641.23079,1640.1991286646219
494.75381,0.254731,-28.367951,1640.947108,1641.7714086680057
494.76381,0.254728,-28.367597,1640.663431,1638.380057994806
494.77381,0.254726,-28.367244,1640.379757,1640.7859380237376
494.78381,0.254723,-28.36689,1640.096086,1642.5568719453752
494.79381,0.25472,-28.366537,1639.812419,1637.6970069677072
494.80381,0.254717,-28.366184,1639.528755,1639.5016834301239
494.81381,0.254714,-28.36583,1639.245095,1638.7854946742664
494.82381,0.254712,-28.365477,1638.961439,1640.0726133626442
494.83381,0.254709,-28.365124,1638.677786,1639.1101554256963
494.84381,0.254706,-28.364771,1638.394136,1636.5164104822504
494.85381,0.254703,-28.364417,1638.11049,1639.5180068093373
494.86381,0.2547,-28.364064,1637.826848,1637.3405198340515
494.87381,0.254698,-28.363711,1637.543209,1639.2009773898305
494.88381,0.254695,-28.363358,1637.259573,1635.650144372206
494.89381,0.254692,-28.363005,1636.975942,1636.5751289729683
494.90381,0.254689,-28.362651,1636.692313,1635.824595929606
494.91381,0.254686,-28.362298,1636.408689,1639.1179951400693
494.92381,0.254684,-28.361945,1636.125067,1639.6616480602902
494.93381,0.254681,-28.361592,1635.84145,1636.3327200265956
494.94381,0.254678,-28.361239,1635.557836,1633.2995271264865
494.95381,0.254675,-28.360886,1635.274225,1635.3692150005145
494.96381,0.254672,-28.360533,1634.990618,1635.931048877413
494.97381,0.25467,-28.36018,1634.707014,1632.7220454157227
494.98381,0.254667,-28.359827,1634.423414,1634.610090043123
494.99381,0.254664,-28.359474,1634.139818,1634.3761857143047
495.00381,0.254661,-28.359121,1633.856225,1633.335870811915
495.01381,0.254658,-28.358768,1633.572635,1631.4306574648463
495.02381,0.254655,-28.358415,1633.289049,1631.2127452900643
495.03381,0.254653,-28.358062,1633.005467,1635.700392699988
495.04381,0.25465,-28.357709,1632.721888,1633.5305405242673
495.05381,0.254647,-28.357356,1632.438313,1633.8144093291469
495.06381,0.254644,-28.357003,1632.154741,1629.5139340520977
495.07381,0.254641,-28.356651,1631.871173,1633.1906180171695
495.08381,0.254638,-28.356298,1631.587608,1633.05264648655
495.09381,0.254636,-28.355945,1631.304047,1632.1464770026762
495.10381,0.254633,-28.355592,1631.020489,1633.8148772513189
495.11381,0.25463,-28.355239,1630.736935,1627.6543166287443
495.12381,0.254627,-28.354887,1630.453384,1632.5841401733285
495.13381,0.254624,-28.354534,1630.169837,1629.445972866536
495.14381,0.254621,-28.354181,1629.886294,1632.3585562499234
495.15381,0.254618,-28.353828,1629.602754,1629.9209266226806
495.16381,0.254616,-28.353476,1629.319217,1628.243054175828
495.17381,0.254613,-28.353123,1629.035684,1626.7205993609452
495.18381,0.25461,-28.35277,1628.752155,1625.799892340525
495.19381,0.254607,-28.352418,1628.468629,1628.7429630180231
495.20381,0.254604,-28.352065,1628.185106,1629.9057911681657
495.21381,0.254601,-28.351713,1627.901587,1625.5977105977377
495.22381,0.254598,-28.35136,1627.618072,1626.9174921720366
495.23381,0.254596,-28.351007,1627.33456,1626.615215191385
495.24381,0.254593,-28.350655,1627.051052,1628.2562228617467
495.25381,0.25459,-28.350302,1626.767547,1627.835689068028
495.26381,0.254587,-28.34995,1626.484046,1626.0858523005243
495.27381,0.254584,-28.349597,1626.200548,1627.856251966808
495.28381,0.254581,-28.349245,1625.917054,1627.5842589666863
495.29381,0.254578,-28.348892,1625.633563,1624.432277157664
495.30381,0.254575,-28.34854,1625.350076,1626.0905734280277
495.31381,0.254573,-28.348188,1625.066592,1624.6421316451551
495.32381,0.25457,-28.347835,1624.783112,1625.7231892650802
495.33381,0.254567,-28.347483,1624.499636,1625.7109624266902
495.34381,0.254564,-28.34713,1624.216163,1623.3776772595497
495.35381,0.254561,-28.346778,1623.932693,1624.2055938930353
495.36381,0.254558,-28.346426,1623.649227,1622.6414060371928
495.37381,0.254555,-28.346073,1623.365765,1620.7630396021113
495.38381,0.254552,-28.345721,1623.082306,1623.9137311085258
495.39381,0.254549,-28.345369,1622.79885,1623.3126090052178
495.40381,0.254547,-28.345017,1622.515398,1621.9318807863312
495.41381,0.254544,-28.344664,1622.23195,1621.2870514842489
495.42381,0.254541,-28.344312,1621.948505,1620.2077336865602
495.43381,0.254538,-28.34396,1621.665064,1622.0787644561942
495.44381,0.254535,-28.343608,1621.381626,1620.7506977474668
495.45381,0.254532,-28.343256,1621.098191,1620.714580461537
495.46381,0.254529,-28.342903,1620.814761,1622.966009900621
495.47381,0.254526,-28.342551,1620.531333,1620.7889583549572
495.48381,0.254523,-28.342199,1620.24791,1617.5600796277795
495.49381,0.254521,-28.341847,1619.964489,1618.7534649480301
495.50381,0.254518,-28.341495,1619.681073,1617.6252217976366
495.51381,0.254515,-28.341143,1619.39766,1617.6859311687303
495.52381,0.254512,-28.340791,1619.11425,1619.4932504035694
495.53381,0.254509,-28.340439,1618.830844,1618.1478824923156
495.54381,0.254506,-28.340087,1618.547441,1618.7331284825348
495.55381,0.254503,-28.339735,1618.264042,1620.208216628573
495.56381,0.2545,-28.339383,1617.980646,1616.322760108084
495.57381,0.254497,-28.339031,1617.697254,1615.3258092107496
495.58381,0.254494,-28.338679,1617.413866,1617.8832414171009
495.59381,0.254491,-28.338327,1617.130481,1621.0343605074677
495.60381,0.254488,-28.337975,1616.847099,1616.6611677975884
495.61381,0.254486,-28.337623,1616.563721,1615.4381712744084
495.62381,0.254483,-28.337271,1616.280347,1616.5861267116172
495.63381,0.25448,-28.33692,1615.996976,1616.6208358241115
495.64381,0.254477,-28.336568,1615.713608,1616.6150504333204
495.65381,0.254474,-28.336216,1615.430244,1612.0040951712679
495.66381,0.254471,-28.335864,1615.146884,1617.4489554543268
495.67381,0.254468,-28.335512,1614.863527,1613.9720884712403
495.68381,0.254465,-28.335161,1614.580174,1614.8236526012217
495.69381,0.254462,-28.334809,1614.296824,1614.066547533392
495.70381,0.254459,-28.334457,1614.013478,1611.9144916052855
495.71381,0.254456,-28.334105,1613.730135,1614.6730220920429
495.72381,0.254453,-28.333754,1613.446796,1613.7701962255953
495.73381,0.25445,-28.333402,1613.16346,1611.2822680076954
495.74381,0.254447,-28.33305,1612.880127,1612.7186538835429
495.75381,0.254444,-28.332699,1612.596799,1613.1858394858464
495.76381,0.254442,-28.332347,1612.313473,1612.7527221848234
495.77381,0.254439,-28.331995,1612.030152,1611.0085818113587
495.78381,0.254436,-28.331644,1611.746834,1611.9335400616278
495.79381,0.254433,-28.331292,1611.463519,1612.3291484490962
495.80381,0.25443,-28.330941,1611.180208,1610.8249079701188
495.81381,0.254427,-28.330589,1610.8969,1609.2707160445516
495.82381,0.254424,-28.330238,1610.613596,1608.3841895402686
495.83381,0.254421,-28.329886,1610.330295,1608.4461064981308
495.84381,0.254418,-28.329535,1610.046998,1610.4959469893731
495.85381,0.254415,-28.329183,1609.763705,1609.233465899682
495.86381,0.254412,-28.328832,1609.480415,1607.5700165819824
495.87381,0.254409,-28.32848,1609.197128,1608.3974750220455
495.88381,0.254406,-28.328129,1608.913845,1608.7237564071872
495.89381,0.254403,-28.327778,1608.630565,1607.545573085014
495.90381,0.2544,-28.327426,1608.347289,1608.1097300370009
495.91381,0.254397,-28.327075,1608.064017,1609.6044776771196
495.92381,0.254394,-28.326724,1607.780748,1611.0840959530012
495.93381,0.254391,-28.326372,1607.497482,1609.0079232168953
495.94381,0.254388,-28.326021,1607.21422,1607.2417648164612
495.95381,0.254385,-28.32567,1606.930962,1607.479277897225
495.96381,0.254382,-28.325318,1606.647707,1605.774315594972
495.97381,0.254379,-28.324967,1606.364456,1607.0471291490994
495.98381,0.254376,-28.324616,1606.081208,1605.4356352937527
495.99381,0.254373,-28.324265,1605.797963,1606.505954386426
496.00381,0.25437,-28.323913,1605.514722,1606.4238569382337
496.01381,0.254368,-28.323562,1605.231485,1602.9291614993076
496.02381,0.254365,-28.323211,1604.948251,1604.7723380412936
496.03381,0.254362,-28.32286,1604.665021,1604.2172858406957
496.04381,0.254359,-28.322509,1604.381794,1607.5716663533196
496.05381,0.254356,-28.322158,1604.098571,1602.866650338196
496.06381,0.254353,-28.321807,1603.815351,1602.8853112766012
496.07381,0.25435,-28.321456,1603.532135,1603.7770564744435
496.08381,0.254347,-28.321105,1603.248922,1601.3405200932832
496.09381,0.254344,-28.320754,1602.965712,1602.780959962323
496.10381,0.254341,-28.320402,1602.682507,1603.7182792751348
496.11381,0.254338,-28.320051,1602.399304,1599.8526676316947
496.12381,0.254335,-28.3197,1602.116106,1600.7145008049306
496.13381,0.254332,-28.31935,1601.83291,1602.986836800744
496.14381,0.254329,-28.318999,1601.549719,1600.8929905944324
496.15381,0.254326,-28.318648,1601.26653,1598.9817075164249
496.16381,0.254323,-28.318297,1600.983346,1600.461439134087
496.17381,0.25432,-28.317946,1600.700164,1598.1207848747
496.18381,0.254317,-28.317595,1600.416987,1598.6029291188722
496.19381,0.254314,-28.317244,1600.133813,1601.7668041663128
496.20381,0.254311,-28.316893,1599.850642,1598.1351147652447
496.21381,0.254308,-28.316542,1599.567475,1599.902164346143
496.22381,0.254305,-28.316192,1599.284311,1602.9277367467223
496.23381,0.254302,-28.315841,1599.001151,1602.4875323099086
496.24381,0.254299,-28.31549,1598.717994,1597.681238994583
496.25381,0.254296,-28.315139,1598.434841,1597.0111766305415
496.26381,0.254293,-28.314789,1598.151691,1600.7200594676722
496.27381,0.25429,-28.314438,1597.868545,1598.102214799926
496.28381,0.254287,-28.314087,1597.585403,1597.5773331717062
496.29381,0.254284,-28.313736,1597.302264,1599.7045487126943
496.30381,0.254281,-28.313386,1597.019128,1598.5051946576093
496.31381,0.254278,-28.313035,1596.735996,1598.6641494763348
496.32381,0.254275,-28.312685,1596.452867,1595.3424414251404
496.33381,0.254272,-28.312334,1596.169742,1597.3005202047175
496.34381,0.254269,-28.311983,1595.886621,1597.3542123330374
496.35381,0.254266,-28.311633,1595.603502,1597.0564628497075
496.36381,0.254263,-28.311282,1595.320388,1595.0598668783532
496.37381,0.25426,-28.310932,1595.037277,1596.1126620949735
496.38381,0.254257,-28.310581,1594.754169,1594.0906096642404
496.39381,0.254254,-28.310231,1594.471065,1593.7908831786765
496.40381,0.254251,-28.30988,1594.187965,1594.0884433464603
496.41381,0.254248,-28.30953,1593.904868,1592.8280112692762
496.42381,0.254245,-28.309179,1593.621774,1593.2912845467276
496.43381,0.254242,-28.308829,1593.338684,1594.979831356718
496.44381,0.254239,-28.308478,1593.055597,1592.775162723158
496.45381,0.254235,-28.308128,1592.772514,1594.5702686894144
496.46381,0.254232,-28.307778,1592.489435,1593.5385904135876
496.47381,0.254229,-28.307427,1592.206359,1594.9315421359083
496.48381,0.254226,-28.307077,1591.923286,1591.017028269251
496.49381,0.254223,-28.306726,1591.640217,1593.090332169183
496.50381,0.25422,-28.306376,1591.357152,1591.8752813201677
496.51381,0.254217,-28.306026,1591.07409,1589.6090477901528
496.52381,0.254214,-28.305676,1590.791031,1588.8767763763053
496.53381,0.254211,-28.305325,1590.507976,1587.9474778947827
496.54381,0.254208,-28.304975,1590.224925,1589.9578370750003
496.55381,0.254205,-28.304625,1589.941877,1588.995687856523
496.56381,0.254202,-28.304275,1589.658832,1589.8436424078643
496.57381,0.254199,-28.303924,1589.375791,1588.963140933855
496.58381,0.254196,-28.303574,1589.092754,1587.9907291216211
496.59381,0.254193,-28.303224,1588.80972,1587.6612234424692
496.60381,0.25419,-28.302874,1588.526689,1588.0203647381334
496.61381,0.254187,-28.302524,1588.243662,1588.0001971373676
496.62381,0.254184,-28.302174,1587.960639,1586.1277654737708
496.63381,0.254181,-28.301824,1587.677619,1586.2293483248782
496.64381,0.254178,-28.301474,1587.394602,1589.9076611319879
496.65381,0.254175,-28.301124,1587.111589,1586.6214626017832
496.66381,0.254172,-28.300773,1586.82858,1582.788930473833
496.67381,0.254169,-28.300423,1586.545574,1587.410401862364
496.68381,0.254166,-28.300073,1586.262571,1585.1691638009845
496.69381,0.254163,-28.299723,1585.979572,1582.9820048504516
496.70381,0.25416,-28.299374,1585.696577,1583.4017178302806
496.71381,0.254156,-28.299024,1585.413585,1585.6539617166036
496.72381,0.254153,-28.298674,1585.130597,1584.8134444984398
496.73381,0.25415,-28.298324,1584.847612,1583.6854797509275
496.74381,0.254147,-28.297974,1584.56463,1582.7257466447045
496.75381,0.254144,-28.297624,1584.281652,1584.3008241172174
496.76381,0.254141,-28.297274,1583.998678,1583.061813564893
496.77381,0.254138,-28.296924,1583.715707,1584.0206313815663
496.78381,0.254135,-28.296574,1583.432739,1581.2385473020765
496.79381,0.254132,-28.296225,1583.149775,1581.75040603801
496.80381,0.254129,-28.295875,1582.866815,1582.7679220577802
496.81381,0.254126,-28.295525,1582.583858,1584.3281436142306
496.82381,0.254123,-28.295175,1582.300904,1581.4042503708172
496.83381,0.25412,-28.294826,1582.017954,1579.3988190528619
496.84381,0.254117,-28.294476,1581.735008,1582.4354748621026
496.85381,0.254114,-28.294126,1581.452065,1583.3744320834264
496.86381,0.254111,-28.293776,1581.169125,1581.188336248432
496.87381,0.254108,-28.293427,1580.886189,1582.2365794377856
496.88381,0.254105,-28.293077,1580.603257,1579.265531684122
496.89381,0.254101,-28.292728,1580.320328,1577.4800807410454
496.90381,0.254098,-28.292378,1580.037402,1579.1454967105199
496.91381,0.254095,-28.292028,1579.75448,1579.4974201441992
496.92381,0.254092,-28.291679,1579.471561,1579.6065579041524
496.93381,0.254089,-28.291329,1579.188646,1577.7802498493681
496.94381,0.254086,-28.29098,1578.905735,1580.5254682482619
496.95381,0.254083,-28.29063,1578.622827,1577.5681479914915
496.96381,0.25408,-28.290281,1578.339922,1577.0186046678557
496.97381,0.254077,-28.289931,1578.057021,1579.1264111596195
496.98381,0.254074,-28.289582,1577.774124,1577.389067937178
496.99381,0.254071,-28.289232,1577.49123,1576.9937624484046
497.00381,0.254068,-28.288883,1577.208339,1577.7871503850345
497.01381,0.254065,-28.288533,1576.925452,1578.016503492498
497.02381,0.254061,-28.288184,1576.642568,1574.2272445687554
497.03381,0.254058,-28.287835,1576.359688,1574.9218054462958
497.04381,0.254055,-28.287485,1576.076812,1575.1216876246053
497.05381,0.254052,-28.287136,1575.793939,1576.5816012982023
497.06381,0.254049,-28.286786,1575.511069,1575.2988618471893
497.07381,0.254046,-28.286437,1575.228203,1575.8377804203803
497.08381,0.254043,-28.286088,1574.94534,1576.8499200802364
497.09381,0.25404,-28.285739,1574.662481,1575.487023780363
497.10381,0.254037,-28.285389,1574.379625,1575.8117403669075
497.11381,0.254034,-28.28504,1574.096773,1574.2177196903692
497.12381,0.254031,-28.284691,1573.813925,1573.8028779505587
497.13381,0.254028,-28.284342,1573.531079,1573.6041829476162
497.14381,0.254024,-28.283992,1573.248238,1571.0299202912058
497.15381,0.254021,-28.283643,1572.9654,1575.1828393478208
497.16381,0.254018,-28.283294,1572.682565,1573.2708316211356
497.17381,0.254015,-28.282945,1572.399734,1571.9364004200856
497.18381,0.254012,-28.282596,1572.116906,1572.076856924327
497.19381,0.254009,-28.282247,1571.834082,1573.9370556174413
497.20381,0.254006,-28.281898,1571.551261,1569.9093629615525
497.21381,0.254003,-28.281549,1571.268444,1572.6535412609794
497.22381,0.254,-28.281199,1570.98563,1569.6565330488038
497.23381,0.253997,-28.28085,1570.70282,1572.6924302087252
497.24381,0.253994,-28.280501,1570.420013,1570.7738460370383
497.25381,0.25399,-28.280152,1570.13721,1569.417358563381
497.26381,0.253987,-28.279803,1569.85441,1568.2013378571628
497.27381,0.253984,-28.279454,1569.571614,1568.1808327789763
497.28381,0.253981,-28.279106,1569.288821,1569.2428906184748
497.29381,0.253978,-28.278757,1569.006032,1570.0873984990221
497.30381,0.253975,-28.278408,1568.723246,1568.405588115683
497.31381,0.253972,-28.278059,1568.440463,1568.42950998612
497.32381,0.253969,-28.27771,1568.157685,1569.3839800500575
497.33381,0.253966,-28.277361,1567.874909,1567.6183556446936
497.34381,0.253963,-28.277012,1567.592137,1568.9531620975636
497.35381,0.253959,-28.276663,1567.309369,1567.155069974263
497.36381,0.253956,-28.276315,1567.026604,1565.4039796971708
497.37381,0.253953,-28.275966,1566.743843,1567.9896399764432
497.38381,0.25395,-28.275617,1566.461085,1566.9141616101206
497.39381,0.253947,-28.275268,1566.17833,1568.0806318095222
497.40381,0.253944,-28.274919,1565.895579,1565.0565963684955
497.41381,0.253941,-28.274571,1565.612832,1567.3133454578067
497.42381,0.253938,-28.274222,1565.330088,1563.659977987927
497.43381,0.253935,-28.273873,1565.047348,1563.7095445575146
497.44381,0.253932,-28.273525,1564.764611,1563.517776148165
497.45381,0.253928,-28.273176,1564.481877,1565.7027821753375
497.46381,0.253925,-28.272827,1564.199147,1562.8948221967769
497.47381,0.253922,-28.272479,1563.916421,1564.8010138893967
497.48381,0.253919,-28.27213,1563.633697,1563.9073158270462
497.49381,0.253916,-28.271782,1563.350978,1562.041988516598
497.50381,0.253913,-28.271433,1563.068262,1564.5272338532227
497.51381,0.25391,-28.271084,1562.785549,1562.66333314194
497.52381,0.253907,-28.270736,1562.50284,1561.9139167554274
497.53381,0.253903,-28.270387,1562.220135,1561.6742725656966
497.54381,0.2539,-28.270039,1561.937432,1560.7439478432889
497.55381,0.253897,-28.26969,1561.654734,1558.673955303409
497.56381,0.253894,-28.269342,1561.372039,1560.4686070987827
497.57381,0.253891,-28.268994,1561.089347,1561.9442727653206
497.58381,0.253888,-28.268645,1560.806659,1563.5851251395788
497.59381,0.253885,-28.268297,1560.523974,1560.1549618868378
497.60381,0.253882,-28.267948,1560.241293,1561.4038246523767
497.61381,0.253879,-28.2676,1559.958615,1560.4926398884625
497.62381,0.253875,-28.267252,1559.675941,1561.471359844966
497.63381,0.253872,-28.266903,1559.39327,1559.5067605535262
497.64381,0.253869,-28.266555,1559.110603,1560.8328819817802
497.65381,0.253866,-28.266207,1558.827939,1561.522407889585
497.66381,0.253863,-28.265858,1558.545279,1558.0121412673332
497.67381,0.25386,-28.26551,1558.262622,1555.2669237309815
497.68381,0.253857,-28.265162,1557.979968,1558.131085440782
497.69381,0.253854,-28.264814,1557.697319,1555.5992057331432
497.70381,0.25385,-28.264465,1557.414672,1558.4521215344869
497.71381,0.253847,-28.264117,1557.132029,1556.3791765737374
497.72381,0.253844,-28.263769,1556.84939,1558.4641618232117
497.73381,0.253841,-28.263421,1556.566754,1558.0846950383739
497.74381,0.253838,-28.263073,1556.284121,1554.425707840231
497.75381,0.253835,-28.262724,1556.001492,1555.0269570673133
497.76381,0.253832,-28.262376,1555.718867,1553.3915561749398
497.77381,0.253828,-28.262028,1555.436245,1555.8522199175047
497.78381,0.253825,-28.26168,1555.153626,1556.4729576347497
497.79381,0.253822,-28.261332,1554.871011,1554.9076550775937
497.80381,0.253819,-28.260984,1554.5884,1554.348997574135
497.81381,0.253816,-28.260636,1554.305792,1552.4398932561776
497.82381,0.253813,-28.260288,1554.023187,1558.7260366491362
497.83381,0.25381,-28.25994,1553.740586,1552.2497027228426
497.84381,0.253807,-28.259592,1553.457988,1551.94676066633
497.85381,0.253803,-28.259244,1553.175394,1554.248645285814
497.86381,0.2538,-28.258896,1552.892803,1554.786207499445
497.87381,0.253797,-28.258548,1552.610216,1552.4522754598306
497.88381,0.253794,-28.2582,1552.327632,1552.7281264331666
497.89381,0.253791,-28.257852,1552.045052,1549.870830254857
497.90381,0.253788,-28.257505,1551.762475,1550.7818437283295
497.91381,0.253785,-28.257157,1551.479902,1550.8064896666026
497.92381,0.253781,-28.256809,1551.197332,1551.7409660644707
497.93381,0.253778,-28.256461,1550.914766,1548.4378052848288
497.94381,0.253775,-28.256113,1550.632203,1547.48790721326
497.95381,0.253772,-28.255765,1550.349644,1549.6913460690835
497.96381,0.253769,-28.255418,1550.067088,1549.2076021793282
497.97381,0.253766,-28.25507,1549.784535,1550.2987680730914
497.98381,0.253763,-28.254722,1549.501986,1549.4682395955729
497.99381,0.253759,-28.254374,1549.219441,1550.8389940558784
498.00381,0.253756,-28.254027,1548.936899,1550.5322514803556
498.01381,0.253753,-28.253679,1548.65436,1549.1052697515959
498.02381,0.25375,-28.253331,1548.371825,1547.397397818189
498.03381,0.253747,-28.252984,1548.089294,1550.4062384869485
498.04381,0.253744,-28.252636,1547.806765,1550.5448263151995
498.05381,0.253741,-28.252289,1547.524241,1544.9565819653271
498.06381,0.253737,-28.251941,1547.24172,1545.410654399852
498.07381,0.253734,-28.251593,1546.959202,1549.1344028806486
498.08381,0.253731,-28.251246,1546.676688,1548.0781491030352
498.09381,0.253728,-28.250898,1546.394177,1544.1105505879102
498.10381,0.253725,-28.250551,1546.11167,1544.6181262841078
498.11381,0.253722,-28.250203,1545.829166,1547.9619622298844
498.12381,0.253718,-28.249856,1545.546666,1543.7602676100937
498.13381,0.253715,-28.249508,1545.264169,1545.4283002241348
498.14381,0.253712,-28.249161,1544.981676,1544.031353428495
498.15381,0.253709,-28.248813,1544.699186,1546.008681668293
498.16381,0.253706,-28.248466,1544.416699,1544.6247279221495
498.17381,0.253703,-28.248118,1544.134216,1542.6685763092416
498.18381,0.2537,-28.247771,1543.851737,1544.7188555340185
498.19381,0.253696,-28.247424,1543.569261,1544.3574660433615
498.20381,0.253693,-28.247076,1543.286789,1543.5241605629642
498.21381,0.25369,-28.246729,1543.004319,1544.0227977892473
498.22381,0.253687,-28.246382,1542.721854,1542.395385385806
498.23381,0.253684,-28.246034,1542.439392,1541.4383550327698
498.24381,0.253681,-28.245687,1542.156933,1543.697955995626
498.25381,0.253677,-28.24534,1541.874478,1543.6090764377745
498.26381,0.253674,-28.244993,1541.592026,1542.0273593163172
498.27381,0.253671,-28.244645,1541.309578,1538.8982433155709
498.28381,0.253668,-28.244298,1541.027134,1540.2943697896008
498.29381,0.253665,-28.243951,1540.744692,1538.2917049838545
498.30381,0.253662,-28.243604,1540.462255,1538.0291927985982
498.31381,0.253658,-28.243257,1540.17982,1540.491647097173
498.32381,0.253655,-28.242909,1539.897389,1540.2043495874664
498.33381,0.253652,-28.242562,1539.614962,1539.4404280945691
498.34381,0.253649,-28.242215,1539.332538,1541.5682406614592
498.35381,0.253646,-28.241868,1539.050118,1539.4462393840686
498.36381,0.253643,-28.241521,1538.767701,1539.3835064474292
498.37381,0.253639,-28.241174,1538.485287,1537.907147733306
498.38381,0.253636,-28.240827,1538.202877,1539.0827330673615
498.39381,0.253633,-28.24048,1537.920471,1537.373046675873
498.40381,0.25363,-28.240133,1537.638068,1538.9635724332136
498.41381,0.253627,-28.239786,1537.355668,1537.8414237692386
498.42381,0.253624,-28.239439,1537.073272,1536.1445318509507
498.43381,0.25362,-28.239092,1536.790879,1536.9379558625033
498.44381,0.253617,-28.238745,1536.50849,1535.8118845718573
498.45381,0.253614,-28.238398,1536.226104,1535.2749250312074
498.46381,0.253611,-28.238051,1535.943722,1536.2196475826868
498.47381,0.253608,-28.237704,1535.661343,1534.147092938415
498.48381,0.253605,-28.237357,1535.378968,1537.193711887179
498.49381,0.253601,-28.237011,1535.096596,1534.6400340177786
498.50381,0.253598,-28.236664,1534.814228,1532.2315645797264
498.51381,0.253595,-28.236317,1534.531863,1533.7392209401205
498.52381,0.253592,-28.23597,1534.249502,1534.1900210555868
498.53381,0.253589,-28.235623,1533.967144,1535.559231051226
498.54381,0.253586,-28.235277,1533.684789,1536.2364592534727
498.55381,0.253582,-28.23493,1533.402438,1534.0278554577133
498.56381,0.253579,-28.234583,1533.12009,1532.802968569396
498.57381,0.253576,-28.234236,1532.837746,1531.9960043685048
498.58381,0.253573,-28.23389,1532.555406,1532.8688620757068
498.59381,0.25357,-28.233543,1532.273069,1532.8526756706742
498.60381,0.253566,-28.233196,1531.990735,1532.6875993419603
498.61381,0.253563,-28.23285,1531.708405,1533.4460339215116
498.62381,0.25356,-28.232503,1531.426078,1532.5072941666565
498.63381,0.253557,-28.232156,1531.143755,1532.9151542421596
498.64381,0.253554,-28.23181,1530.861435,1527.880893288333
498.65381,0.253551,-28.231463,1530.579118,1531.0161358142973
498.66381,0.253547,-28.231117,1530.296805,1530.1166998069186
498.67381,0.253544,-28.23077,1530.014496,1528.8112224919041
498.68381,0.253541,-28.230424,1529.73219,1528.0961090510684
498.69381,0.253538,-28.230077,1529.449888,1529.1831619213776
498.70381,0.253535,-28.229731,1529.167589,1527.7394718772864
498.71381,0.253532,-28.229384,1528.885293,1530.279255775848
498.72381,0.253528,-28.229038,1528.603001,1529.293724175509
498.73381,0.253525,-28.228691,1528.320712,1529.8360144528074
498.74381,0.253522,-28.228345,1528.038427,1530.2684409237318
498.75381,0.253519,-28.227998,1527.756145,1530.0047876758808
498.76381,0.253516,-28.227652,1527.473867,1530.4526626476504
498.77381,0.253512,-28.227306,1527.191592,1531.472695637385
498.78381,0.253509,-28.226959,1526.909321,1528.0246029821021
498.79381,0.253506,-28.226613,1526.627053,1525.2085756217239
498.80381,0.253503,-28.226267,1526.344789,1528.1482948077332
498.81381,0.2535,-28.22592,1526.062528,1525.5939980368978
498.82381,0.253496,-28.225574,1525.78027,1525.5067291218456
498.83381,0.253493,-28.225228,1525.498016,1523.176744094838
498.84381,0.25349,-28.224882,1525.215766,1523.1961909728186
498.85381,0.253487,-28.224535,1524.933519,1525.605666658998
498.86381,0.253484,-28.224189,1524.651275,1522.8752948651343
498.87381,0.253481,-28.223843,1524.369035,1523.9258574343482
498.88381,0.253477,-28.223497,1524.086798,1524.2320688636694
498.89381,0.253474,-28.223151,1523.804565,1523.4223926657412
498.90381,0.253471,-28.222804,1523.522335,1522.8758939272273
498.91381,0.253468,-28.222458,1523.240109,1523.4885817157626
498.92381,0.253465,-28.222112,1522.957886,1522.1955291208415
498.93381,0.253461,-28.221766,1522.675667,1521.3362845230185
498.94381,0.253458,-28.22142,1522.393451,1524.8460475063896
498.95381,0.253455,-28.221074,1522.111238,1521.5027094662662
498.96381,0.253452,-28.220728,1521.829029,1519.9920189520678
498.97381,0.253449,-28.220382,1521.546824,1519.6252736041124
498.98381,0.253445,-28.220036,1521.264622,1521.3319438380863
498.99381,0.253442,-28.21969,1520.982423,1522.5782518027363
499.00381,0.253439,-28.219344,1520.700228,1521.0422887454317
499.01381,0.253436,-28.218998,1520.418036,1518.531564815264
499.02381,0.253433,-28.218652,1520.135848,1520.378430874063
499.03381,0.253429,-28.218306,1519.853663,1521.0469808971918
499.04381,0.253426,-28.21796,1519.571482,1518.7732945066662
499.05381,0.253423,-28.217614,1519.289304,1518.597588304285
499.06381,0.25342,-28.217268,1519.007129,1516.7409772828057
499.07381,0.253417,-28.216922,1518.724958,1519.5457573538863
499.08381,0.253414,-28.216577,1518.442791,1518.1532263180343
499.09381,0.25341,-28.216231,1518.160627,1519.1925525241154
499.10381,0.253407,-28.215885,1517.878466,1516.9147334909646
499.11381,0.253404,-28.215539,1517.596309,1516.8397518009401
499.12381,0.253401,-28.215193,1517.314156,1517.3609281566164
499.13381,0.253398,-28.214848,1517.032005,1515.209234345337
499.14381,0.253394,-28.214502,1516.749859,1517.7401613905477
499.15381,0.253391,-28.214156,1516.467715,1517.553280314359
499.16381,0.253388,-28.21381,1516.185575,1517.967525540343
499.17381,0.253385,-28.213465,1515.903439,1517.017005541559
499.18381,0.253382,-28.213119,1515.621306,1517.545623530921
499.19381,0.253378,-28.212773,1515.339177,1515.1887496504685
499.20381,0.253375,-28.212428,1515.057051,1515.4170717622676
499.21381,0.253372,-28.212082,1514.774928,1515.7165662059147
499.22381,0.253369,-28.211737,1514.492809,1514.7929596052634
499.23381,0.253366,-28.211391,1514.210693,1513.8472834717
499.24381,0.253362,-28.211045,1513.928581,1515.222542649005
499.25381,0.253359,-28.2107,1513.646473,1512.5224093792053
499.26381,0.253356,-28.210354,1513.364367,1515.7280842075772
499.27381,0.253353,-28.210009,1513.082265,1513.0623096911834
499.28381,0.25335,-28.209663,1512.800167,1514.816530483741
499.29381,0.253346,-28.209318,1512.518072,1513.2937148795302
499.30381,0.253343,-28.208972,1512.235981,1509.5510435873805
499.31381,0.25334,-28.208627,1511.953893,1510.0582512924318
499.32381,0.253337,-28.208282,1511.671808,1511.4246489160591
499.33381,0.253333,-28.207936,1511.389727,1510.3256520028042
499.34381,0.25333,-28.207591,1511.107649,1512.4729354828467
499.35381,0.253327,-28.207245,1510.825575,1512.8585368421145
499.36381,0.253324,-28.2069,1510.543505,1509.6753147345305
499.37381,0.253321,-28.206555,1510.261437,1510.8722685541557
499.38381,0.253317,-28.206209,1509.979373,1512.8356276542536
499.39381,0.253314,-28.205864,1509.697313,1512.7924170178974
499.40381,0.253311,-28.205519,1509.415256,1510.435606256083
499.41381,0.253308,-28.205173,1509.133203,1509.0105125301172
499.42381,0.253305,-28.204828,1508.851153,1508.601535277571
499.43381,0.253301,-28.204483,1508.569106,1508.3099620504997
499.44381,0.253298,-28.204138,1508.287063,1508.0644948367753
499.45381,0.253295,-28.203792,1508.005023,1509.2264610390816
499.46381,0.253292,-28.203447,1507.722987,1506.4939930469745
499.47381,0.253289,-28.203102,1507.440954,1507.4734765557416
499.48381,0.253285,-28.202757,1507.158925,1507.2584853262736
499.49381,0.253282,-28.202412,1506.876899,1507.7167618719682
499.50381,0.253279,-28.202067,1506.594877,1507.4531401455395
499.51381,0.253276,-28.201722,1506.312858,1506.7459757571937
499.52381,0.253273,-28.201376,1506.030843,1504.9170830026578
499.53381,0.253269,-28.201031,1505.74883,1503.6706173426196
499.54381,0.253266,-28.200686,1505.466822,1502.415479035117
499.55381,0.253263,-28.200341,1505.184817,1503.209905201461
499.56381,0.25326,-28.199996,1504.902815,1503.9477895085324
499.57381,0.253256,-28.199651,1504.620817,1505.2783754627799
499.58381,0.253253,-28.199306,1504.338822,1501.398205564252
499.59381,0.25325,-28.198961,1504.056831,1503.9248791557725
499.60381,0.253247,-28.198616,1503.774843,1502.476676885836
499.61381,0.253244,-28.198271,1503.492858,1506.7194920054874
499.62381,0.25324,-28.197926,1503.210877,1502.6488577385837
499.63381,0.253237,-28.197582,1502.9289,1505.0790946598318
499.64381,0.253234,-28.197237,1502.646926,1501.0232718347852
499.65381,0.253231,-28.196892,1502.364955,1502.991265736112
499.66381,0.253228,-28.196547,1502.082988,1503.5529896100575
499.67381,0.253224,-28.196202,1501.801024,1501.1061337913056
499.68381,0.253221,-28.195857,1501.519064,1499.1813272584377
499.69381,0.253218,-28.195513,1501.237107,1498.2699314991114
499.70381,0.253215,-28.195168,1500.955154,1499.7269916899747
499.71381,0.253212,-28.194823,1500.673204,1501.8735115743534
499.72381,0.253208,-28.194478,1500.391257,1500.7800982934993
499.73381,0.253205,-28.194134,1500.109314,1498.5410870239723
499.74381,0.253202,-28.193789,1499.827374,1498.3767075282938
499.75381,0.253199,-28.193444,1499.545438,1499.915074930919
499.76381,0.253195,-28.193099,1499.263506,1501.7634444469927
499.77381,0.253192,-28.192755,1498.981576,1498.488315240996
499.78381,0.253189,-28.19241,1498.699651,1499.4464759294726
499.79381,0.253186,-28.192065,1498.417728,1499.1949140573831
499.80381,0.253183,-28.191721,1498.135809,1502.0993798251284
499.81381,0.253179,-28.191376,1497.853894,1495.884640240154
499.82381,0.253176,-28.191032,1497.571982,1496.742096362092
499.83381,0.253002,-28.190687,1497.290073,1495.9148671331384
499.84381,0.252215,-28.190343,1497.00817,1496.284802168602
499.85381,0.25143,-28.189999,1496.72627,1496.3326537545186
499.86381,0.250646,-28.189655,1496.444371,1494.9942846907388
499.87381,0.249865,-28.189311,1496.162477,1497.0698889691223
499.88381,0.249087,-28.188968,1495.880585,1495.8506608376554
499.89381,0.24831,-28.188625,1495.598697,1494.1941674311333
499.90381,0.247537,-28.188282,1495.316813,1497.9597948332494
499.91381,0.246766,-28.18794,1495.034932,1495.3830848847824
499.92381,0.245997,-28.187598,1494.753054,1495.973287335702
499.93381,0.245231,-28.187256,1494.47118,1493.6821696948198
499.94381,0.244467,-28.186914,1494.189309,1493.4942436896931
499.95381,0.243706,-28.186572,1493.907441,1494.5683136326663
499.96381,0.242947,-28.186231,1493.625577,1491.9189418824806
499.97381,0.242191,-28.18589,1493.343717,1492.8106767680258
499.98381,0.241437,-28.18555,1493.061859,1494.2414210236939
499.99381,0.240686,-28.185209,1492.780006,1494.7714557939503
500.00381,0.239937,-28.184869,1492.498155,1493.0610030765185
500.01381,0.23919,-28.184529,1492.216308,1491.9614502699894
500.02381,0.238446,-28.184189,1491.934465,1490.780968773202
500.03381,0.237704,-28.183849,1491.652625,1491.3016306904328
500.04381,0.236965,-28.18351,1491.370788,1491.4354064102722
500.05381,0.236228,-28.183171,1491.088954,1490.9471709920958
500.06381,0.235493,-28.182832,1490.807124,1491.9577752676
500.07381,0.234761,-28.182494,1490.525298,1492.6130409433447
500.08381,0.234031,-28.182155,1490.243474,1492.0211038960372
500.09381,0.233304,-28.181817,1489.961655,1490.761064895796
500.10381,0.232579,-28.181479,1489.679838,1488.9667071192177
500.11381,0.231856,-28.181141,1489.398025,1490.684161399807
500.12381,0.231136,-28.180804,1489.116215,1488.7550088179128
500.13381,0.230418,-28.180466,1488.834409,1490.7548623525279
500.14381,0.229702,-28.180129,1488.552606,1485.8736820747226
500.15381,0.228988,-28.179792,1488.270806,1489.441077242667
500.16381,0.228277,-28.179455,1487.98901,1485.515687015508
500.17381,0.227568,-28.179119,1487.707217,1487.5929257529497
500.18381,0.226862,-28.178783,1487.425428,1488.0953596086754
500.19381,0.226159,-28.178446,1487.143642,1490.273735795061
500.20381,0.225463,-28.17811,1486.861859,1483.8003861429527
500.21381,0.224774,-28.177774,1486.580079,1489.1035386535252
500.22381,0.224091,-28.177439,1486.298303,1486.4379390371885
500.23381,0.223412,-28.177103,1486.016531,1487.907379516835
500.24381,0.222739,-28.176767,1485.734761,1484.8559443744186
500.25381,0.222072,-28.176431,1485.452995,1485.8486360148988
500.26381,0.221409,-28.176095,1485.171233,1485.2516823973817
500.27381,0.220752,-28.175759,1484.889473,1483.5808825957872
500.28381,0.220101,-28.175423,1484.607717,1483.5874558740647
500.29381,0.219454,-28.175088,1484.325965,1485.602333881213
500.30381,0.218813,-28.174752,1484.044216,1483.6694139966405
500.31381,0.218177,-28.174416,1483.76247,1482.7619260629344
500.32381,0.217546,-28.17408,1483.480727,1482.8480246014474
500.33381,0.216921,-28.173744,1483.198988,1482.406973535045
500.34381,0.216301,-28.173409,1482.917253,1481.2667038868533
500.35381,0.215686,-28.173073,1482.63552,1483.042973496448
500.36381,0.215076,-28.172737,1482.353791,1480.8439550343612
500.37381,0.214472,-28.172401,1482.072065,1480.342948989348
500.38381,0.213872,-28.172065,1481.790343,1481.0921602339693
500.39381,0.213278,-28.17173,1481.508624,1481.7922261155927
500.40381,0.212689,-28.171394,1481.226908,1481.3892651103101
500.41381,0.212106,-28.171058,1480.945196,1481.1248958637573
500.42381,0.211527,-28.170722,1480.663487,1481.2453482416745
500.43381,0.210954,-28.170386,1480.381782,1478.250278325297
500.44381,0.210385,-28.170051,1480.10008,1481.4968285977893
500.45381,0.209822,-28.169715,1479.818381,1479.3470197945126
500.46381,0.209264,-28.169379,1479.536685,1478.3759529108481
500.47381,0.208711,-28.169043,1479.254993,1479.5895282442787
500.48381,0.208163,-28.168707,1478.973304,1477.6299549938344
500.49381,0.207621,-28.168371,1478.691619,1479.1928699634368
500.50381,0.207083,-28.168035,1478.409937,1477.4506400615335
500.51381,0.20655,-28.167699,1478.128258,1479.6435091260844
500.52381,0.206023,-28.167363,1477.846583,1478.0231373736199
500.53381,0.2055,-28.167027,1477.564911,1477.8191226642418
500.54381,0.204983,-28.166691,1477.283242,1478.5267121071238
500.55381,0.20447,-28.166355,1477.001577,1477.1147233301103
500.56381,0.203963,-28.166019,1476.719915,1478.1803680825685
500.57381,0.203461,-28.165683,1476.438257,1479.5033810910395
500.58381,0.202963,-28.165346,1476.156602,1476.5419094829908
500.59381,0.202471,-28.16501,1475.87495,1476.4511016227143
500.60381,0.201983,-28.164674,1475.593301,1476.5982485478132
500.61381,0.201501,-28.164338,1475.311656,1475.7288380003952
500.62381,0.201023,-28.164001,1475.030015,1473.5085758122318
500.63381,0.20055,-28.163665,1474.748376,1474.7725213035876
500.64381,0.200082,-28.163329,1474.466741,1474.8976755098854
500.65381,0.199619,-28.162992,1474.18511,1475.6109860607428
500.66381,0.199161,-28.162656,1473.903482,1473.9990086622765
500.67381,0.198708,-28.162319,1473.621857,1474.5710575276469
500.68381,0.19826,-28.161983,1473.340235,1473.8430460434631
500.69381,0.197816,-28.161646,1473.058617,1472.8944806903028
500.70381,0.197378,-28.16131,1472.777002,1472.3108941259939
500.71381,0.196944,-28.160973,1472.495391,1472.2559341969895
500.72381,0.196515,-28.160636,1472.213783,1468.567736572967
500.73381,0.196091,-28.1603,1471.932178,1475.1960176611422
500.74381,0.195671,-28.159963,1471.650577,1467.8520368364473
500.75381,0.195256,-28.159626,1471.368979,1469.173764827317
500.76381,0.194846,-28.159289,1471.087384,1470.9485704522615
500.77381,0.194441,-28.158952,1470.805793,1469.6688586304786
500.78381,0.19404,-28.158615,1470.524205,1468.3109351503363
500.79381,0.193644,-28.158278,1470.242621,1468.5446850481164
500.80381,0.193253,-28.157941,1469.96104,1472.7224363835526
500.81381,0.192867,-28.157604,1469.679462,1470.4577399077482
500.82381,0.192485,-28.157267,1469.397888,1468.7578010620546
500.83381,0.192107,-28.156929,1469.116317,1471.2215249292947
500.84381,0.191735,-28.156592,1468.834749,1468.7906034615337
500.85381,0.191367,-28.156255,1468.553185,1467.5341035812628
500.86381,0.191003,-28.155917,1468.271624,1466.383722419152
500.87381,0.190644,-28.15558,1467.990066,1467.1165422707425
500.88381,0.19029,-28.155242,1467.708512,1463.8803987135611
500.89381,0.18994,-28.154905,1467.426962,1467.562605162665
500.90381,0.189594,-28.154567,1467.145414,1466.70878745687
500.91381,0.189253,-28.154229,1466.86387,1466.3336073489616
500.92381,0.188917,-28.153892,1466.58233,1468.9288220872963
500.93381,0.188585,-28.153554,1466.300792,1465.1070962131475
500.94381,0.188257,-28.153216,1466.019259,1464.746396900429
500.95381,0.187934,-28.152878,1465.737728,1467.324143012175
500.96381,0.187616,-28.15254,1465.456201,1464.596572812184
500.97381,0.187301,-28.152202,1465.174677,1460.7249839734916
500.98381,0.186991,-28.151864,1464.893157,1465.8371806649939
500.99381,0.186686,-28.151526,1464.61164,1465.828593443645
501.00381,0.186385,-28.151187,1464.330126,1464.135418308543
501.01381,0.186088,-28.150849,1464.048616,1461.0312267434965
501.02381,0.185795,-28.150511,1463.76711,1462.9411849430198
501.03381,0.185507,-28.150172,1463.485606,1462.1475530550742
501.04381,0.185222,-28.149834,1463.204106,1462.872041146885
501.05381,0.184942,-28.149495,1462.922609,1461.5244801876506
501.06381,0.184667,-28.149156,1462.641116,1465.9036239821926
501.07381,0.184395,-28.148818,1462.359626,1459.122781507977
501.08381,0.184128,-28.148479,1462.07814,1464.488406755981
501.09381,0.183865,-28.14814,1461.796657,1460.2782464665631
501.10381,0.183606,-28.147801,1461.515177,1458.267817986543
501.11381,0.183351,-28.147462,1461.233701,1462.6951454160067
501.12381,0.1831,-28.147123,1460.952228,1458.8124007726872
501.13381,0.182853,-28.146784,1460.670758,1460.0403459509555
501.14381,0.182611,-28.146445,1460.389292,1461.0212057221274
501.15381,0.182372,-28.146106,1460.107829,1462.5255488284195
501.16381,0.182137,-28.145766,1459.82637,1460.3987761298933
501.17381,0.181907,-28.145427,1459.544914,1460.0074980090037
501.18381,0.18168,-28.145087,1459.263461,1458.5737631103011
501.19381,0.181457,-28.144748,1458.982012,1459.8218944276205
501.20381,0.181238,-28.144408,1458.700566,1455.709861279445
501.21381,0.181023,-28.144069,1458.419124,1458.9344736278156
501.22381,0.180812,-28.143729,1458.137685,1460.424293382147
501.23381,0.180605,-28.143389,1457.85625,1460.623996431794
501.24381,0.180402,-28.143049,1457.574817,1458.2706934082225
501.25381,0.180203,-28.142709,1457.293389,1453.8701953257794
501.26381,0.180007,-28.142369,1457.011963,1459.0676942994803
501.27381,0.179815,-28.142029,1456.730541,1455.6627460676868
501.28381,0.179627,-28.141689,1456.449123,1453.7489256306358
501.29381,0.179442,-28.141348,1456.167707,1452.7433647938328
501.30381,0.179262,-28.141008,1455.886296,1455.7376881938073
501.31381,0.179085,-28.140668,1455.604887,1456.0497868832829
501.32381,0.178911,-28.140327,1455.323482,1457.0768986697055
501.33381,0.178742,-28.139987,1455.042081,1454.8369895316298
501.34381,0.178575,-28.139646,1454.760683,1453.54972937354
501.35381,0.178413,-28.139305,1454.479288,1452.4715679393994
501.36381,0.178254,-28.138965,1454.197896,1454.3320086173924
501.37381,0.178099,-28.138624,1453.916508,1451.3488269548816
501.38381,0.177947,-28.138283,1453.635124,1450.5149235313252
501.39381,0.177799,-28.137942,1453.353743,1453.2973147269033
501.40381,0.177654,-28.137601,1453.072365,1451.1325388048106
501.41381,0.177512,-28.137259,1452.790991,1453.752148151711
501.42381,0.177375,-28.136918,1452.50962,1452.9935257998864
501.43381,0.17724,-28.136577,1452.228252,1452.704167680845
501.44381,0.177109,-28.136236,1451.946888,1450.308351035942
501.45381,0.176981,-28.135894,1451.665528,1455.9630589026578
501.46381,0.176857,-28.135552,1451.38417,1447.995662404882
501.47381,0.176736,-28.135211,1451.102817,1452.0730961197567
501.48381,0.176618,-28.134869,1450.821466,1451.1095438300306
501.49381,0.176503,-28.134527,1450.540119,1449.45816494474
501.50381,0.176392,-28.134186,1450.258776,1450.5354968207234
501.51381,0.176284,-28.133844,1449.977436,1449.9558444015363
501.52381,0.176179,-28.133502,1449.696099,1447.4663166345715
501.53381,0.176078,-28.13316,1449.414766,1449.572346540906
501.54381,0.175979,-28.132817,1449.133436,1449.056436034446
501.55381,0.175884,-28.132475,1448.852109,1447.763212770974
501.56381,0.175792,-28.132133,1448.570786,1446.3169071552447
501.57381,0.175703,-28.13179,1448.289467,1448.1140504777584
501.58381,0.175617,-28.131448,1448.00815,1449.426948464363
501.59381,0.175534,-28.131105,1447.726838,1448.6369784061521
501.60381,0.175454,-28.130763,1447.445528,1446.9648976966043
501.61381,0.175377,-28.13042,1447.164222,1445.4778034893725
501.62381,0.175303,-28.130077,1446.88292,1445.2166719347354
501.63381,0.175232,-28.129734,1446.601621,1446.9719354391943
501.64381,0.175164,-28.129392,1446.320325,1445.778361583441
501.65381,0.175099,-28.129049,1446.039033,1445.1850067684718
501.66381,0.175036,-28.128705,1445.757744,1445.6922849262232
501.67381,0.174977,-28.128362,1445.476459,1445.3026735639903
501.68381,0.17492,-28.128019,1445.195177,1445.5468656161556
501.69381,0.174867,-28.127676,1444.913898,1443.6159475508296
501.70381,0.174816,-28.127332,1444.632623,1444.2919821179817
501.71381,0.174767,-28.126989,1444.351352,1444.0599052037667
501.72381,0.174722,-28.126645,1444.070084,1444.0700245505006
501.73381,0.174679,-28.126302,1443.788819,1443.575709685681
501.74381,0.174639,-28.125958,1443.507558,1444.0308404251714
501.75381,0.174602,-28.125614,1443.2263,1442.6335701354537
501.76381,0.174567,-28.12527,1442.945045,1445.3982100871401
501.77381,0.174535,-28.124926,1442.663794,1443.462964732718
501.78381,0.174505,-28.124582,1442.382547,1441.899401501761
501.79381,0.174478,-28.124238,1442.101303,1441.4659297993176
501.80381,0.174454,-28.123894,1441.820062,1441.2250781892276
501.81381,0.174432,-28.12355,1441.538825,1440.3210245677956
501.82381,0.174413,-28.123206,1441.257591,1440.319631443414
501.83381,0.174396,-28.122861,1440.976361,1443.6954630876987
501.84381,0.174382,-28.122517,1440.695134,1441.9132933119508
501.85381,0.17437,-28.122172,1440.41391,1442.0754963856643
501.86381,0.17436,-28.121828,1440.13269,1439.1852929516338
501.87381,0.174353,-28.121483,1439.851474,1440.3070956510214
501.88381,0.174348,-28.121138,1439.570261,1439.7127272137584
501.89381,0.174346,-28.120793,1439.289051,1442.2250226887777
501.90381,0.174346,-28.120448,1439.007845,1439.2553311669708
501.91381,0.174348,-28.120103,1438.726642,1438.5199089566906
501.92381,0.174353,-28.119758,1438.445443,1439.7391657799608
501.93381,0.17436,-28.119413,1438.164247,1437.8250628189626
501.94381,0.174369,-28.119068,1437.883055,1438.0000365112023
501.95381,0.17438,-28.118723,1437.601866,1438.6050026849534
501.96381,0.174394,-28.118377,1437.32068,1437.0187159757393
501.97381,0.174409,-28.118032,1437.039498,1436.8014342479812
501.98381,0.174427,-28.117686,1436.758319,1436.920281809806
501.99381,0.174447,-28.117341,1436.477144,1434.335174954505
502.00381,0.174469,-28.116995,1436.195973,1433.456116140735
502.01381,0.174493,-28.116649,1435.914804,1433.8650654397434
502.02381,0.17452,-28.116304,1435.63364,1434.3777236145868
502.03381,0.174548,-28.115958,1435.352478,1435.0639068877172
502.04381,0.174578,-28.115612,1435.07132,1434.8788325204018
502.05381,0.174611,-28.115266,1434.790166,1436.6675016052384
502.06381,0.174645,-28.11492,1434.509015,1434.1196652757524
502.07381,0.174681,-28.114574,1434.227868,1434.5617252026577
502.08381,0.17472,-28.114227,1433.946724,1433.6976829842108
502.09381,0.17476,-28.113881,1433.665583,1434.2773968242325
502.10381,0.174802,-28.113535,1433.384446,1431.770084790309
502.11381,0.174846,-28.113188,1433.103312,1430.5337924891958
502.12381,0.174892,-28.112842,1432.822182,1434.2687306331718
502.13381,0.174939,-28.112495,1432.541056,1432.975840888381
502.14381,0.174989,-28.112148,1432.259932,1431.4172681627451
502.15381,0.17504,-28.111802,1431.978813,1431.9995999066794
502.16381,0.175093,-28.111455,1431.697696,1429.9003583069323
502.17381,0.175148,-28.111108,1431.416584,1429.8430700432502
502.18381,0.175205,-28.110761,1431.135474,1431.163176022184
502.19381,0.175263,-28.110414,1430.854368,1431.943995973231
502.20381,0.175323,-28.110067,1430.573266,1430.1879026970453
502.21381,0.175385,-28.10972,1430.292167,1430.709089249468
502.22381,0.175448,-28.109373,1430.011072,1431.2630514856444
502.23381,0.175513,-28.109025,1429.72998,1428.5922134362982
502.24381,0.17558,-28.108678,1429.448891,1427.1759130925786
502.25381,0.175648,-28.10833,1429.167806,1427.8347115578235
502.26381,0.175718,-28.107983,1428.886724,1430.277821502362
502.27381,0.175789,-28.107635,1428.605646,1427.0759248280626
502.28381,0.175862,-28.107288,1428.324572,1425.6703080833577
502.29381,0.175937,-28.10694,1428.043501,1428.643806417973
502.30381,0.176013,-28.106592,1427.762433,1427.7647910584358
502.31381,0.176091,-28.106244,1427.481369,1428.0681660870632
502.32381,0.17617,-28.105896,1427.200308,1424.6222727884904
502.33381,0.17625,-28.105548,1426.919251,1430.20405941328
502.34381,0.176332,-28.1052,1426.638197,1426.9148623442902
502.35381,0.176415,-28.104852,1426.357147,1427.4446677158317
502.36381,0.1765,-28.104504,1426.0761,1424.2446778737296
502.37381,0.176586,-28.104156,1425.795057,1424.772937414829
502.38381,0.176674,-28.103808,1425.514017,1426.1469454281942
502.39381,0.176763,-28.103459,1425.232981,1424.2058664182032
502.40381,0.176853,-28.103111,1424.951948,1424.5809959330338
502.41381,0.176944,-28.102762,1424.670918,1424.4246404185117
502.42381,0.177037,-28.102414,1424.389892,1423.6629931089353
502.43381,0.177131,-28.102065,1424.10887,1425.227349385882
502.44381,0.177227,-28.101716,1423.827851,1424.570771051138
502.45381,0.177324,-28.101368,1423.546836,1424.3701893034774
502.46381,0.177421,-28.101019,1423.265824,1423.0994188844907
502.47381,0.177521,-28.10067,1422.984815,1420.2728009808852
502.48381,0.177621,-28.100321,1422.70381,1418.8530050622126
502.49381,0.177722,-28.099972,1422.422809,1421.4833634106174
502.50381,0.177825,-28.099623,1422.141811,1420.6294568398655
502.51381,0.177929,-28.099274,1421.860816,1417.590289854378
502.52381,0.178034,-28.098924,1421.579825,1419.1077521412017
502.53381,0.17814,-28.098575,1421.298838,1419.0280987328083
502.54381,0.178247,-28.098226,1421.017854,1422.732501337556
502.55381,0.178356,-28.097876,1420.736873,1421.9652114548255
502.56381,0.178465,-28.097527,1420.455896,1419.997497570337
502.57381,0.178576,-28.097177,1420.174923,1421.6782940563196
502.58381,0.178687,-28.096828,1419.893953,1419.6402991449297
502.59381,0.1788,-28.096478,1419.612986,1419.130199129832
502.60381,0.178913,-28.096128,1419.332023,1420.1222908721454
502.61381,0.179028,-28.095779,1419.051064,1420.5775181047827
502.62381,0.179143,-28.095429,1418.770108,1417.0416770884706
502.63381,0.17926,-28.095079,1418.489155,1416.6461096327562
502.64381,0.179378,-28.094729,1418.208206,1417.8971661161277
502.65381,0.179496,-28.094379,1417.927261,1416.2974905488948
502.66381,0.179615,-28.094029,1417.646319,1418.0424090177182
502.67381,0.179736,-28.093679,1417.36538,1418.3073199683383
502.68381,0.179857,-28.093329,1417.084445,1416.003848643654
502.69381,0.179979,-28.092979,1416.803514,1415.0067833750759
502.70381,0.180102,-28.092628,1416.522585,1416.142088053418
502.71381,0.180226,-28.092278,1416.241661,1414.950408890585
502.72381,0.180351,-28.091928,1415.96074,1415.7998264840471
502.73381,0.180476,-28.091577,1415.679822,1414.6555197972891
502.74381,0.180603,-28.091227,1415.398908,1413.3462374086778
502.75381,0.18073,-28.090876,1415.117998,1413.893823410644
502.76381,0.180858,-28.090525,1414.837091,1414.2928873032588
502.77381,0.180987,-28.090175,1414.556187,1411.1088226222953
502.78381,0.181116,-28.089824,1414.275287,1414.2288743984939
502.79381,0.181247,-28.089473,1413.994391,1413.3888323855037
502.80381,0.181378,-28.089122,1413.713498,1413.07087663705
502.81381,0.181509,-28.088771,1413.432608,1410.5699899597578
502.82381,0.181642,-28.08842,1413.151722,1410.8073624623614
502.83381,0.181775,-28.088069,1412.87084,1413.6828749691877
502.84381,0.181909,-28.087718,1412.589961,1413.79947952038
502.85381,0.182044,-28.087367,1412.309086,1409.526199984245
502.86381,0.182179,-28.087016,1412.028214,1412.1646911930197
502.87381,0.182315,-28.086665,1411.747345,1409.6004778793363
502.88381,0.182452,-28.086314,1411.46648,1408.999478866326
502.89381,0.182589,-28.085962,1411.185619,1411.506040358965
502.90381,0.182727,-28.085611,1410.904761,1410.713311553961
502.91381,0.182866,-28.08526,1410.623907,1408.740345361815
502.92381,0.183005,-28.084908,1410.343056,1408.5067040057959
502.93381,0.183144,-28.084557,1410.062209,1408.9362696325586
502.94381,0.183285,-28.084205,1409.781365,1409.7059285262603
502.95381,0.183426,-28.083853,1409.500525,1408.171603507428
502.96381,0.183567,-28.083502,1409.219688,1409.012582519846
502.97381,0.183709,-28.08315,1408.938855,1407.9357102512272
502.98381,0.183852,-28.082798,1408.658025,1406.8130055505749
502.99381,0.183995,-28.082446,1408.377199,1406.1009703543277
503.00381,0.184139,-28.082094,1408.096376,1408.6663397826533
503.01381,0.184283,-28.081742,1407.815557,1405.858863033311
503.02381,0.184427,-28.081391,1407.534741,1408.6203802983257
503.03381,0.184572,-28.081038,1407.253929,1404.2547148934977
503.04381,0.184718,-28.080686,1406.97312,1409.1341086857417
503.05381,0.184864,-28.080334,1406.692315,1404.938158379142
503.06381,0.185011,-28.079982,1406.411514,1407.761687379724
503.07381,0.185158,-28.07963,1406.130716,1406.5936392514172
503.08381,0.185305,-28.079278,1405.849921,1406.455304426005
503.09381,0.185453,-28.078925,1405.56913,1405.0624429887926
503.10381,0.185601,-28.078573,1405.288342,1405.6375925858763
503.11381,0.18575,-28.078221,1405.007558,1403.2178406759522
503.12381,0.185899,-28.077868,1404.726778,1404.4252118835047
503.13381,0.186049,-28.077516,1404.446001,1402.306494342006
503.14381,0.186199,-28.077163,1404.165228,1402.1879164984873
503.15381,0.186349,-28.076811,1403.884458,1403.8349979593615
503.16381,0.1865,-28.076458,1403.603692,1403.5186544715662
503.17381,0.186651,-28.076105,1403.322929,1402.0019980914315
503.18381,0.186802,-28.075753,1403.042169,1400.5156592059707
503.19381,0.186954,-28.0754,1402.761414,1402.081842854117
503.20381,0.187106,-28.075047,1402.480661,1404.1984581599547
503.21381,0.187258,-28.074694,1402.199913,1401.6620785278747
503.22381,0.187411,-28.074341,1401.919168,1401.9127808484775
503.23381,0.187564,-28.073988,1401.638426,1402.6708306289358
503.24381,0.187717,-28.073635,1401.357688,1401.0803460882407
503.25381,0.187871,-28.073282,1401.076953,1401.6786691955333
503.26381,0.188025,-28.072929,1400.796222,1401.1464602087049
503.27381,0.188179,-28.072576,1400.515495,1400.9284176943572
503.28381,0.188334,-28.072223,1400.234771,1402.4106518307083
503.29381,0.188489,-28.07187,1399.95405,1400.1051300701536
503.30381,0.188644,-28.071517,1399.673333,1399.5645581392193
503.31381,0.188799,-28.071164,1399.39262,1395.8846190214135
503.32381,0.188954,-28.07081,1399.11191,1398.9606466176472
503.33381,0.18911,-28.070457,1398.831204,1400.2187070429334
503.34381,0.189266,-28.070104,1398.550501,1395.7908358658394
503.35381,0.189422,-28.06975,1398.269802,1397.057880880734
503.36381,0.189579,-28.069397,1397.989106,1398.3072689701582
503.37381,0.189735,-28.069043,1397.708414,1397.0772439718035
503.38381,0.189892,-28.06869,1397.427725,1395.502008688868
503.39381,0.190049,-28.068336,1397.14704,1395.8349296684337
503.40381,0.190206,-28.067983,1396.866358,1397.4493517323801
503.41381,0.190364,-28.067629,1396.58568,1397.093266567023
503.42381,0.190521,-28.067275,1396.305006,1391.102722157916
503.43381,0.190679,-28.066922,1396.024335,1394.1109585027991
503.44381,0.190837,-28.066568,1395.743667,1395.6347619511962
503.45381,0.190995,-28.066214,1395.463003,1393.4449874681327
503.46381,0.191153,-28.06586,1395.182343,1393.694103702971
503.47381,0.191311,-28.065506,1394.901686,1394.1631389330341
503.48381,0.19147,-28.065152,1394.621033,1394.8527306102214
503.49381,0.191628,-28.064798,1394.340383,1392.947041805852
503.50381,0.191787,-28.064445,1394.059737,1393.5461184525234
503.51381,0.191946,-28.064091,1393.779094,1392.7448214929254
503.52381,0.192105,-28.063737,1393.498455,1394.0873136446405
503.53381,0.192264,-28.063382,1393.217819,1395.2436141492046
503.54381,0.192423,-28.063028,1392.937187,1392.6386780712828
503.55381,0.192582,-28.062674,1392.656559,1395.3913701019226
503.56381,0.192741,-28.06232,1392.375934,1392.9396811846123
503.57381,0.192901,-28.061966,1392.095312,1391.4731704402238
503.58381,0.19306,-28.061612,1391.814695,1391.0220243019894
503.59381,0.19322,-28.061257,1391.53408,1392.328250615964
503.60381,0.193379,-28.060903,1391.253469,1392.6061239223077
503.61381,0.193539,-28.060549,1390.972862,1389.4218963459814
503.62381,0.193699,-28.060194,1390.692258,1390.1152116031046
503.63381,0.193858,-28.05984,1390.411658,1390.687308696951
503.64381,0.194018,-28.059486,1390.131062,1388.3452912868445
503.65381,0.194178,-28.059131,1389.850469,1392.7586418470266
503.66381,0.194338,-28.058777,1389.569879,1388.3351765363957
503.67381,0.194498,-28.058422,1389.289293,1391.0106128351124
503.68381,0.194658,-28.058068,1389.008711,1387.7193205987346
503.69381,0.194818,-28.057713,1388.728132,1388.9428542030753
503.70381,0.194978,-28.057358,1388.447556,1390.831564249479
503.71381,0.195138,-28.057004,1388.166984,1387.5954740321577
503.72381,0.195298,-28.056649,1387.886416,1387.2242992927595
503.73381,0.195458,-28.056295,1387.605852,1388.411594960255
503.74381,0.195617,-28.05594,1387.32529,1387.800612212009
503.75381,0.195777,-28.055585,1387.044733,1388.8282542405336
503.76381,0.195937,-28.05523,1386.764179,1385.5756409615406
503.77381,0.196097,-28.054875,1386.483628,1386.4726616423482
503.78381,0.196257,-28.054521,1386.203081,1385.857517969181
503.79381,0.196417,-28.054166,1385.922538,1386.8827347430574
503.80381,0.196577,-28.053811,1385.641998,1386.9922259195714
503.81381,0.196737,-28.053456,1385.361461,1385.409114483772
503.82381,0.196897,-28.053101,1385.080929,1385.9753643821139
503.83381,0.197056,-28.052746,1384.800399,1384.583026504549
503.84381,0.197216,-28.052391,1384.519874,1383.6807055823635
503.85381,0.197376,-28.052036,1384.239352,1384.7202391585022
503.86381,0.197535,-28.051681,1383.958833,1383.4020480739
503.87381,0.197695,-28.051326,1383.678318,1385.5534192409687
503.88381,0.197854,-28.050971,1383.397807,1385.0758601119655
503.89381,0.198014,-28.050616,1383.117299,1382.4716584637908
503.90381,0.198173,-28.050261,1382.836794,1381.4708848004027
503.91381,0.198332,-28.049906,1382.556293,1382.808612967897
503.92381,0.198492,-28.04955,1382.275796,1382.0172722182033
503.93381,0.198651,-28.049195,1381.995302,1383.0488395709206
503.94381,0.19881,-28.04884,1381.714812,1383.568361964842
503.95381,0.198969,-28.048485,1381.434326,1381.2556535999195
503.96381,0.199127,-28.048129,1381.153842,1381.5918883200998
503.97381,0.199286,-28.047774,1380.873363,1377.7498548001784
503.98381,0.199445,-28.047419,1380.592887,1380.116952981609
503.99381,0.199603,-28.047064,1380.312415,1379.497916911529
504.00381,0.199762,-28.046708,1380.031946,1379.4228689942736
504.01381,0.19992,-28.046353,1379.75148,1380.2900653773734
504.02381,0.200078,-28.045997,1379.471019,1378.7613296983407
504.03381,0.200237,-28.045642,1379.19056,1377.864793777937
504.04381,0.200395,-28.045286,1378.910106,1377.3028573823726
504.05381,0.200552,-28.044931,1378.629655,1378.5130521268384
504.06381,0.20071,-28.044576,1378.349207,1378.5361470051341
504.07381,0.200868,-28.04422,1378.068763,1378.3400119675114
504.08381,0.201025,-28.043865,1377.788323,1379.256791187833
504.09381,0.201183,-28.043509,1377.507886,1374.954532427265
504.10381,0.20134,-28.043153,1377.227453,1378.0563761021028
504.11381,0.201497,-28.042798,1376.947023,1376.603395151686
504.12381,0.201654,-28.042442,1376.666597,1374.683853640444
504.13381,0.201811,-28.042087,1376.386174,1377.4621308256746
504.14381,0.201967,-28.041731,1376.105755,1374.4977253004095
504.15381,0.202124,-28.041375,1375.825339,1376.5570425204369
504.16381,0.20228,-28.04102,1375.544927,1375.2594343099242
504.17381,0.202437,-28.040664,1375.264519,1375.7759963110507
504.18381,0.202593,-28.040308,1374.984114,1375.2886053005006
504.19381,0.202748,-28.039952,1374.703713,1376.1239417002162
504.20381,0.202904,-28.039597,1374.423315,1375.699632317172
504.21381,0.20306,-28.039241,1374.142921,1373.2435876850425
504.22381,0.203215,-28.038885,1373.86253,1372.3959893827143
504.23381,0.20337,-28.038529,1373.582143,1371.7958852325062
504.24381,0.203525,-28.038174,1373.30176,1374.7596070297625
504.25381,0.20368,-28.037818,1373.02138,1373.5981115240186
504.26381,0.203835,-28.037462,1372.741003,1372.137927684074
504.27381,0.20399,-28.037106,1372.460631,1369.521098268354
504.28381,0.204144,-28.03675,1372.180261,1372.2654399023895
504.29381,0.204298,-28.036394,1371.899896,1373.2897669277238
504.30381,0.204452,-28.036038,1371.619533,1369.6513184658945
504.31381,0.204606,-28.035682,1371.339175,1369.7240266697202
504.32381,0.20476,-28.035327,1371.05882,1369.592998410309
504.33381,0.204913,-28.034971,1370.778468,1371.0821729871966
504.34381,0.205066,-28.034615,1370.49812,1370.7957171465716
504.35381,0.205219,-28.034259,1370.217776,1373.2318353479832
504.36381,0.205372,-28.033903,1369.937435,1367.7895543108234
504.37381,0.205525,-28.033547,1369.657098,1367.0164370342454
504.38381,0.205677,-28.033191,1369.376764,1365.7451245393347
504.39381,0.205829,-28.032835,1369.096434,1367.6645013825
504.40381,0.205981,-28.032479,1368.816107,1371.6467731277553
504.41381,0.206133,-28.032122,1368.535784,1368.9635087291929
504.42381,0.206285,-28.031766,1368.255465,1370.2582866704086
504.43381,0.206436,-28.03141,1367.975149,1365.9592802742518
504.44381,0.206587,-28.031054,1367.694837,1366.8636971804353
504.45381,0.206738,-28.030698,1367.414528,1367.0380828435107
504.46381,0.206889,-28.030342,1367.134223,1366.113719019257
504.47381,0.20704,-28.029986,1366.853921,1366.5133282727247
504.48381,0.20719,-28.02963,1366.573623,1365.3211117725464
504.49381,0.20734,-28.029274,1366.293329,1365.3154791102547
504.50381,0.20749,-28.028917,1366.013038,1365.7890844698454
504.51381,0.20764,-28.028561,1365.73275,1366.522078320991
504.52381,0.207789,-28.028205,1365.452466,1364.9455177193915
504.53381,0.207938,-28.027849,1365.172186,1367.2536932845117
504.54381,0.208087,-28.027493,1364.891909,1365.3341929599185
504.55381,0.208236,-28.027137,1364.611636,1365.554266122544
504.56381,0.208384,-28.02678,1364.331367,1364.0405270395836
504.57381,0.208533,-28.026424,1364.051101,1366.0827486961145
504.58381,0.208681,-28.026068,1363.770838,1365.3924536700042
504.59381,0.208829,-28.025712,1363.490579,1362.8207366187419
504.60381,0.208976,-28.025355,1363.210324,1361.4699142427933
504.61381,0.209124,-28.024999,1362.930072,1362.7401132660802
504.62381,0.209271,-28.024643,1362.649824,1362.2526050126564
504.63381,0.209418,-28.024287,1362.369579,1363.4476344452373
504.64381,0.209564,-28.02393,1362.089338,1361.4670270130853
504.65381,0.209711,-28.023574,1361.809101,1360.3218768607717
504.66381,0.209857,-28.023218,1361.528867,1361.630412723167
504.67381,0.210003,-28.022861,1361.248636,1361.269010266987
504.68381,0.210148,-28.022505,1360.96841,1360.4818993598706
504.69381,0.210294,-28.022149,1360.688186,1358.2348105778267
504.70381,0.210439,-28.021792,1360.407967,1359.5713488431286
504.71381,0.210584,-28.021436,1360.127751,1359.897236091094
504.72381,0.210728,-28.02108,1359.847538,1357.3445489593057
504.73381,0.210873,-28.020723,1359.567329,1360.7865552349926
504.74381,0.211017,-28.020367,1359.287123,1361.3908956950356
504.75381,0.211161,-28.020011,1359.006922,1359.336100390177
504.76381,0.211304,-28.019654,1358.726723,1360.9631289104766
504.77381,0.211448,-28.019298,1358.446528,1358.0295169264452
504.78381,0.211591,-28.018942,1358.166337,1358.586658132485
504.79381,0.211734,-28.018585,1357.88615,1356.5495418932655
504.80381,0.211876,-28.018229,1357.605966,1357.7418372987313
504.81381,0.212019,-28.017872,1357.325785,1357.65653440313
504.82381,0.212161,-28.017516,1357.045608,1356.8361866381558
504.83381,0.212303,-28.01716,1356.765435,1359.1912556751365
504.84381,0.212444,-28.016803,1356.485265,1355.837001175994
504.85381,0.212586,-28.016447,1356.205099,1357.914633859488
504.86381,0.212727,-28.01609,1355.924936,1356.427381640003
504.87381,0.212867,-28.015734,1355.644777,1356.3173244411719
504.88381,0.213008,-28.015378,1355.364621,1356.3049808617254
504.89381,0.213148,-28.015021,1355.084469,1354.825679402384
504.90381,0.213288,-28.014665,1354.804321,1354.5627886673058
504.91381,0.213428,-28.014308,1354.524176,1351.2403888190042
504.92381,0.213567,-28.013952,1354.244035,1354.2332401613169
504.93381,0.213706,-28.013595,1353.963897,1354.5191612544434
504.94381,0.213845,-28.013239,1353.683763,1352.421760355601
504.95381,0.213984,-28.012882,1353.403632,1354.183578732267
504.96381,0.214122,-28.012526,1353.123505,1352.068110518861
504.97381,0.21426,-28.01217,1352.843382,1353.2924154856512
504.98381,0.214398,-28.011813,1352.563262,1353.218181443403
504.99381,0.214536,-28.011457,1352.283145,1351.9196467611139
505.00381,0.214673,-28.0111,1352.003033,1349.7070555002044
505.01381,0.21481,-28.010744,1351.722923,1351.8380766750797
505.02381,0.214947,-28.010387,1351.442818,1350.735624534723
505.03381,0.215083,-28.010031,1351.162716,1349.700713005277
505.04381,0.215219,-28.009674,1350.882617,1350.1910341520081
505.05381,0.215355,-28.009318,1350.602522,1351.6613323556082
505.06381,0.215491,-28.008962,1350.322431,1349.7230045275753
505.07381,0.215626,-28.008605,1350.042343,1348.9932088889323
505.08381,0.215761,-28.008249,1349.762259,1350.9009572612533
505.09381,0.215896,-28.007892,1349.482178,1349.082671156452
505.10381,0.216031,-28.007536,1349.202101,1349.5830738677516
505.11381,0.216165,-28.007179,1348.922027,1347.5947684492412
505.12381,0.216299,-28.006823,1348.641957,1348.127860440155
505.13381,0.216432,-28.006466,1348.361891,1344.1234281326738
505.14381,0.216566,-28.00611,1348.081828,1346.3390166412341
505.15381,0.216699,-28.005753,1347.801769,1345.8959222872395
505.16381,0.216832,-28.005397,1347.521713,1347.1973205239244
505.17381,0.216964,-28.005041,1347.241661,1343.105272280847
505.18381,0.217097,-28.004684,1346.961612,1347.5566702174663
505.19381,0.217229,-28.004328,1346.681567,1344.1057133496288
505.20381,0.21736,-28.003971,1346.401526,1347.6989939052812
505.21381,0.217492,-28.003615,1346.121488,1344.5318101429482
505.22381,0.217623,-28.003258,1345.841453,1346.915192771568
505.23381,0.217754,-28.002902,1345.561422,1344.3155414966316
505.24381,0.217884,-28.002545,1345.281395,1345.7461866437193
505.25381,0.218014,-28.002189,1345.001372,1347.1939007361516
505.26381,0.218144,-28.001833,1344.721351,1344.8138900513777
505.27381,0.218274,-28.001476,1344.441335,1344.3170551940254
505.28381,0.218404,-28.00112,1344.161322,1343.2961887844976
505.29381,0.218533,-28.000763,1343.881312,1343.4278355075346
505.30381,0.218662,-28.000407,1343.601307,1344.8810194014893
505.31381,0.21879,-28.00005,1343.321304,1346.1897409393434
505.32381,0.218918,-27.999694,1343.041306,1340.3111731335052
505.33381,0.219046,-27.999338,1342.76131,1338.5021962099574
505.34381,0.219174,-27.998981,1342.481319,1342.9754823001895
505.35381,0.219302,-27.998625,1342.201331,1342.5469350262174
505.36381,0.219429,-27.998268,1341.921346,1342.3203355124801
505.37381,0.219556,-27.997912,1341.641365,1344.0310376211967
505.38381,0.219682,-27.997556,1341.361388,1341.4238338643333
505.39381,0.219809,-27.997199,1341.081414,1339.0789769303678
505.40381,0.219935,-27.996843,1340.801444,1341.5696114390562
505.41381,0.22006,-27.996487,1340.521477,1340.0407197779457
505.42381,0.220186,-27.99613,1340.241514,1341.4307871926999
505.43381,0.220311,-27.995774,1339.961555,1340.6820482912512
505.44381,0.220436,-27.995417,1339.681599,1338.3600326166195
505.45381,0.22056,-27.995061,1339.401647,1339.0682849589537
505.46381,0.220685,-27.994705,1339.121698,1339.178167089359
505.47381,0.220809,-27.994348,1338.841752,1337.4315216890272
505.48381,0.220932,-27.993992,1338.561811,1338.3509747261992
505.49381,0.221056,-27.993636,1338.281873,1340.1753798110678
505.50381,0.221179,-27.993279,1338.001938,1339.254541117902
505.51381,0.221302,-27.992923,1337.722007,1337.7338040305376
505.52381,0.221424,-27.992567,1337.44208,1335.761672533162
505.53381,0.221546,-27.99221,1337.162156,1337.9723668367396
505.54381,0.221668,-27.991854,1336.882235,1336.7159418113888
505.55381,0.22179,-27.991498,1336.602319,1334.3593817514197
505.56381,0.221912,-27.991141,1336.322405,1338.0621157895866
505.57381,0.222033,-27.990785,1336.042496,1335.6818990826866
505.58381,0.222153,-27.990429,1335.76259,1333.0685006667504
505.59381,0.222274,-27.990073,1335.482687,1333.3830604581922
505.60381,0.222394,-27.989716,1335.202788,1337.0054830280308
505.61381,0.222514,-27.98936,1334.922893,1336.06469862983
505.62381,0.222634,-27.989004,1334.643001,1335.3626853237638
505.63381,0.222753,-27.988648,1334.363113,1333.819632214947
505.64381,0.222872,-27.988291,1334.083228,1330.4012912584099
505.65381,0.222991,-27.987935,1333.803347,1334.6310617193108
505.66381,0.22311,-27.987579,1333.523469,1333.181674992211
505.67381,0.223228,-27.987223,1333.243595,1334.3453659742263
505.68381,0.223346,-27.986867,1332.963725,1334.6236489266137
505.69381,0.223464,-27.98651,1332.683858,1330.5541725366797
505.70381,0.223581,-27.986154,1332.403995,1333.0029089128232
505.71381,0.223698,-27.985798,1332.124135,1328.4895643131567
505.72381,0.223815,-27.985442,1331.844279,1329.994055732622
505.73381,0.223932,-27.985086,1331.564426,1334.0652586580325
505.74381,0.224048,-27.984729,1331.284577,1332.0083125681704
505.75381,0.224164,-27.984373,1331.004732,1329.958049631883
505.76381,0.224279,-27.984017,1330.72489,1331.0024832320898
505.77381,0.224395,-27.983661,1330.445051,1332.0949632688703
505.78381,0.22451,-27.983305,1330.165216,1328.5792241918184
505.79381,0.224625,-27.982949,1329.885385,1329.4244213821457
505.80381,0.224739,-27.982593,1329.605557,1329.9476618348572
505.81381,0.224854,-27.982237,1329.325733,1327.8591601318644
505.82381,0.224968,-27.981881,1329.045913,1330.599267700561
505.83381,0.225081,-27.981524,1328.766096,1326.093151560604
505.84381,0.225195,-27.981168,1328.486282,1328.2863419342514
505.85381,0.225308,-27.980812,1328.206472,1328.5712970240452
505.86381,0.225421,-27.980456,1327.926666,1326.2807944016624
505.87381,0.225533,-27.9801,1327.646863,1327.4207403775358
505.88381,0.225645,-27.979744,1327.367064,1327.162110535659
505.89381,0.225757,-27.979388,1327.087268,1325.7596793931114
505.90381,0.225869,-27.979032,1326.807476,1326.730460434071
505.91381,0.225981,-27.978676,1326.527688,1323.5342695535132
505.92381,0.226092,-27.97832,1326.247903,1325.8575251081165
505.93381,0.226203,-27.977964,1325.968121,1323.895944461276
505.94381,0.226313,-27.977608,1325.688343,1325.432524593268
505.95381,0.226423,-27.977252,1325.408569,1323.643148754122
505.96381,0.226533,-27.976896,1325.128798,1323.3858407583523
505.97381,0.226643,-27.976541,1324.849031,1324.449913156832
505.98381,0.226753,-27.976185,1324.569267,1322.7992448199007
505.99381,0.226862,-27.975829,1324.289507,1323.5889954546521
506.00381,0.226971,-27.975473,1324.009751,1322.8124141733165
506.01381,0.227079,-27.975117,1323.729998,1321.5742305684482
506.02381,0.227188,-27.974761,1323.450249,1325.1406813410676
506.03381,0.227296,-27.974405,1323.170503,1323.8908985650119
506.04381,0.227403,-27.974049,1322.89076,1323.5634392398808
506.05381,0.227511,-27.973694,1322.611022,1319.1072822634426
506.06381,0.227618,-27.973338,1322.331287,1322.4435854407336
506.07381,0.227725,-27.972982,1322.051555,1323.264577588738
506.08381,0.227832,-27.972626,1321.771827,1321.5846374777511
506.09381,0.227938,-27.97227,1321.492102,1319.5228946156813
506.10381,0.228044,-27.971915,1321.212382,1320.4853499078497
506.11381,0.22815,-27.971559,1320.932664,1316.3861153039534
506.12381,0.228256,-27.971203,1320.65295,1317.9926099582174
506.13381,0.228361,-27.970847,1320.37324,1321.0395848583553
506.14381,0.228466,-27.970492,1320.093533,1319.7985559316694
506.15381,0.228571,-27.970136,1319.81383,1321.2659903270712
506.16381,0.228675,-27.96978,1319.534131,1319.6681361486276
506.17381,0.228779,-27.969424,1319.254435,1317.4148492411816
506.18381,0.228883,-27.969069,1318.974742,1317.6274847816894
506.19381,0.228987,-27.968713,1318.695053,1319.1928341698688
506.20381,0.22909,-27.968357,1318.415368,1318.4580380803184
506.21381,0.229193,-27.968002,1318.135686,1319.8351159730414
506.22381,0.229296,-27.967646,1317.856008,1318.1011505791446
506.23381,0.229399,-27.967291,1317.576333,1317.620006280117
506.24381,0.229501,-27.966935,1317.296662,1318.2317064553379
506.25381,0.229603,-27.966579,1317.016995,1313.078259461252
506.26381,0.229704,-27.966224,1316.737331,1315.9463530028956
506.27381,0.229806,-27.965868,1316.45767,1314.7148719366387
506.28381,0.229907,-27.965513,1316.178013,1312.1080924106288
506.29381,0.230008,-27.965157,1315.89836,1316.1153651375764
506.30381,0.230109,-27.964802,1315.61871,1313.8497277977642
506.31381,0.230209,-27.964446,1315.339064,1317.9035848244584
506.32381,0.230309,-27.964091,1315.059421,1315.1129003286007
506.33381,0.230409,-27.963735,1314.779782,1313.9969152127974
506.34381,0.230508,-27.96338,1314.500146,1316.2213167300274
506.35381,0.230608,-27.963024,1314.220514,1313.2880543963543
506.36381,0.230707,-27.962669,1313.940886,1315.4968446212245
506.37381,0.230806,-27.962314,1313.661261,1313.0561147802227
506.38381,0.230904,-27.961958,1313.38164,1312.9202890357733
506.39381,0.231002,-27.961603,1313.102022,1311.46703720684
506.40381,0.2311,-27.961247,1312.822408,1310.3511018229967
506.41381,0.231198,-27.960892,1312.542797,1313.90678780364
506.42381,0.231295,-27.960537,1312.26319,1311.8854080297317
506.43381,0.231392,-27.960181,1311.983586,1307.982040651964
506.44381,0.231489,-27.959826,1311.703986,1312.1927093910517
506.45381,0.231586,-27.959471,1311.42439,1312.7624387461533
506.46381,0.231682,-27.959115,1311.144797,1310.189997541618
506.47381,0.231778,-27.95876,1310.865207,1309.9484945858376
506.48381,0.231874,-27.958405,1310.585621,1309.0349653496874
506.49381,0.23197,-27.95805,1310.306039,1309.613009084677
506.50381,0.232065,-27.957694,1310.02646,1310.1313979237516
506.51381,0.23216,-27.957339,1309.746885,1311.152826729862
506.52381,0.232255,-27.956984,1309.467314,1309.333177729864
506.53381,0.23235,-27.956629,1309.187746,1309.914712284442
506.54381,0.232444,-27.956274,1308.908181,1309.7233177746716
506.55381,0.232538,-27.955919,1308.62862,1306.4559274811402
506.56381,0.232632,-27.955564,1308.349063,1308.6971185572604
506.57381,0.232725,-27.955208,1308.069509,1308.7085856630383
506.58381,0.232818,-27.954853,1307.789959,1308.2302939314252
506.59381,0.232911,-27.954498,1307.510412,1308.8191720242942
506.60381,0.233004,-27.954143,1307.230869,1306.9488890577584
506.61381,0.233097,-27.953788,1306.951329,1304.723832674213
506.62381,0.233189,-27.953433,1306.671793,1307.291172983604
506.63381,0.233281,-27.953078,1306.39226,1305.9557106005918
506.64381,0.233372,-27.952723,1306.112731,1307.8194330670947
506.65381,0.233464,-27.952368,1305.833206,1306.7983089549105
506.66381,0.233555,-27.952013,1305.553684,1305.3428667080536
506.67381,0.233646,-27.951658,1305.274166,1303.6749523675671
506.68381,0.233737,-27.951303,1304.994651,1308.2271745101327
506.69381,0.233827,-27.950948,1304.71514,1302.5676217834443
506.70381,0.233917,-27.950593,1304.435632,1304.098729795129
506.71381,0.234007,-27.950239,1304.156128,1304.7741334228976
506.72381,0.234097,-27.949884,1303.876627,1303.2290225347583
506.73381,0.234186,-27.949529,1303.59713,1302.7968154703267
506.74381,0.234275,-27.949174,1303.317636,1304.174583424976
506.75381,0.234364,-27.948819,1303.038146,1300.7719569779065
506.76381,0.234453,-27.948464,1302.75866,1301.85664377712
506.77381,0.234541,-27.94811,1302.479177,1302.820691881323
506.78381,0.23463,-27.947755,1302.199698,1302.6071743359857
506.79381,0.234717,-27.9474,1301.920222,1300.194331812651
506.80381,0.234805,-27.947045,1301.64075,1297.5887936773588
506.81381,0.234893,-27.946691,1301.361281,1300.6891901499432
506.82381,0.23498,-27.946336,1301.081816,1300.3443262322478
506.83381,0.235067,-27.945981,1300.802354,1300.523405928472
506.84381,0.235153,-27.945627,1300.522896,1300.7621221387712
506.85381,0.23524,-27.945272,1300.243442,1299.8790875214384
506.86381,0.235326,-27.944917,1299.963991,1298.17376052367
506.87381,0.235412,-27.944563,1299.684544,1297.9754634342114
506.88381,0.235498,-27.944208,1299.4051,1298.0832401476116
506.89381,0.235583,-27.943854,1299.125659,1298.8069597684807
506.90381,0.235668,-27.943499,1298.846223,1297.6731544111888
506.91381,0.235753,-27.943145,1298.566789,1296.8924250046969
506.92381,0.235838,-27.94279,1298.28736,1295.5609956238682
506.93381,0.235922,-27.942436,1298.007934,1298.7346320045729
506.94381,0.236007,-27.942081,1297.728511,1298.7211032694372
506.95381,0.236091,-27.941727,1297.449092,1297.1377793436939
506.96381,0.236174,-27.941372,1297.169677,1298.2394758752578
506.97381,0.236258,-27.941018,1296.890265,1300.408347369059
506.98381,0.236341,-27.940663,1296.610856,1297.3259804085726
506.99381,0.236424,-27.940309,1296.331451,1292.1214446043543
507.00381,0.236507,-27.939955,1296.05205,1295.4959290365484
507.01381,0.23659,-27.9396,1295.772652,1300.1983166647867
507.02381,0.236672,-27.939246,1295.493258,1294.7698957963769
507.03381,0.236754,-27.938892,1295.213867,1296.1163211031953
507.04381,0.236836,-27.938537,1294.93448,1293.3788700375299
507.05381,0.236917,-27.938183,1294.655097,1295.1785690921918
507.06381,0.236999,-27.937829,1294.375716,1295.5174107496816
507.07381,0.23708,-27.937475,1294.09634,1292.1291029095944
507.08381,0.237161,-27.93712,1293.816967,1294.2075560396859
507.09381,0.237241,-27.936766,1293.537598,1294.2176979892217
507.10381,0.237322,-27.936412,1293.258232,1292.8189004020646
507.11381,0.237402,-27.936058,1292.978869,1291.774893973397
507.12381,0.237482,-27.935704,1292.69951,1291.9592373297696
507.13381,0.237562,-27.93535,1292.420155,1292.3811387374412
507.14381,0.237641,-27.934995,1292.140803,1291.8500355779631
507.15381,0.237721,-27.934641,1291.861455,1289.675910090012
507.16381,0.2378,-27.934287,1291.582111,1291.2077050328348
507.17381,0.237878,-27.933933,1291.30277,1288.2572084412488
507.18381,0.237957,-27.933579,1291.023432,1289.1787869856933
507.19381,0.238035,-27.933225,1290.744098,1291.2693140758574
507.20381,0.238113,-27.932871,1290.464767,1289.375170813611
507.21381,0.238191,-27.932517,1290.185441,1288.509775625698
507.22381,0.238269,-27.932163,1289.906117,1289.4770411053196
507.23381,0.238346,-27.931809,1289.626797,1287.5607435485617
507.24381,0.238424,-27.931455,1289.347481,1288.4679098742274
507.25381,0.238501,-27.931102,1289.068168,1291.4427658088202
507.26381,0.238577,-27.930748,1288.788859,1287.234236277591
507.27381,0.238654,-27.930394,1288.509553,1290.8704690143804
507.28381,0.23873,-27.93004,1288.230251,1289.408456687426
507.29381,0.238806,-27.929686,1287.950952,1287.5383248636508
507.30381,0.238882,-27.929332,1287.671657,1289.3750474163783
507.31381,0.238958,-27.928979,1287.392366,1290.1606754755094
507.32381,0.239033,-27.928625,1287.113078,1287.7796808448495
507.33381,0.239108,-27.928271,1286.833793,1285.0872697589682
507.34381,0.239183,-27.927917,1286.554512,1283.3991016802815
507.35381,0.239258,-27.927564,1286.275235,1288.034368147309
507.36381,0.239333,-27.92721,1285.995961,1288.558475692006
507.37381,0.239407,-27.926856,1285.716691,1286.6002880728606
507.38381,0.239481,-27.926503,1285.437424,1286.0760626937958
507.39381,0.239555,-27.926149,1285.158161,1285.1383012534018
507.40381,0.239629,-27.925796,1284.878901,1285.697847272946
507.41381,0.239702,-27.925442,1284.599645,1282.8783273911413
507.42381,0.239775,-27.925088,1284.320392,1281.3629711672427
507.43381,0.239848,-27.924735,1284.041143,1286.774653726629
507.44381,0.239921,-27.924381,1283.761897,1283.0017831024977
507.45381,0.239994,-27.924028,1283.482655,1282.6790268719406
507.46381,0.240066,-27.923674,1283.203417,1281.6815563214411
507.47381,0.240138,-27.923321,1282.924182,1281.6617374733669
507.48381,0.24021,-27.922967,1282.64495,1281.2548240040037
507.49381,0.240282,-27.922614,1282.365723,1281.498529059854
507.50381,0.240353,-27.922261,1282.086498,1281.1754726064776
507.51381,0.240424,-27.921907,1281.807277,1280.632860698448
507.52381,0.240495,-27.921554,1281.52806,1281.990274965427
507.53381,0.240566,-27.921201,1281.248846,1280.3598595760109
507.54381,0.240637,-27.920847,1280.969636,1280.7223702357035
507.55381,0.240707,-27.920494,1280.690429,1281.1256085519713
507.56381,0.240778,-27.920141,1280.411226,1277.230047085671
507.57381,0.240848,-27.919787,1280.132026,1279.6024918076187
507.58381,0.240917,-27.919434,1279.85283,1282.1641542015582
507.59381,0.240987,-27.919081,1279.573638,1278.7299054256669
507.60381,0.241056,-27.918728,1279.294449,1277.6030373444287
507.61381,0.241126,-27.918375,1279.015263,1278.0711252747415
507.62381,0.241194,-27.918022,1278.736081,1278.2668714971767
507.63381,0.241263,-27.917668,1278.456903,1276.5394269932945
507.64381,0.241332,-27.917315,1278.177728,1278.4783751447821
507.65381,0.2414,-27.916962,1277.898556,1275.888475122696
507.66381,0.241468,-27.916609,1277.619389,1275.6088300548706
507.67381,0.241536,-27.916256,1277.340224,1275.5026419605267
507.68381,0.241604,-27.915903,1277.061064,1275.2073957921357
507.69381,0.241671,-27.91555,1276.781906,1278.1089863661402
507.70381,0.241739,-27.915197,1276.502753,1277.5119030224218
507.71381,0.241806,-27.914844,1276.223602,1278.1722966708426
507.72381,0.241873,-27.914491,1275.944456,1274.4905649431623
507.73381,0.241939,-27.914138,1275.665312,1275.3967531599271
507.74381,0.242006,-27.913785,1275.386173,1276.8470506169801
507.75381,0.242072,-27.913432,1275.107037,1274.3435666707985
507.76381,0.242138,-27.91308,1274.827904,1277.4743413509975
507.77381,0.242204,-27.912727,1274.548775,1274.1649960654086
507.78381,0.24227,-27.912374,1274.26965,1275.0296728711778
507.79381,0.242335,-27.912021,1273.990528,1273.1109282949112
507.80381,0.242401,-27.911668,1273.711409,1271.2001212937575
507.81381,0.242466,-27.911316,1273.432294,1271.5193780156321
507.82381,0.242531,-27.910963,1273.153183,1274.444979611973
507.83381,0.242595,-27.91061,1272.874075,1272.2728361204852
507.84381,0.24266,-27.910258,1272.594971,1272.3787610683423
507.85381,0.242724,-27.909905,1272.31587,1272.6975444828006
507.86381,0.242788,-27.909552,1272.036773,1272.6666013704516
507.87381,0.242852,-27.9092,1271.757679,1271.0825228610504
507.88381,0.242916,-27.908847,1271.478589,1268.8874859952825
507.89381,0.242979,-27.908494,1271.199502,1270.7237270218404
507.90381,0.243043,-27.908142,1270.920419,1270.9706887516252
507.91381,0.243106,-27.907789,1270.641339,1270.0710554808506
507.92381,0.243169,-27.907437,1270.362263,1268.7509541341612
507.93381,0.243232,-27.907084,1270.08319,1268.497951003405
507.94381,0.243294,-27.906732,1269.804121,1267.9339238763757
507.95381,0.243356,-27.906379,1269.525056,1271.0243453532494
507.96381,0.243419,-27.906027,1269.245994,1271.5582848275687
507.97381,0.243481,-27.905675,1268.966935,1266.4760053826824
507.98381,0.243542,-27.905322,1268.68788,1267.5546570409176
507.99381,0.243604,-27.90497,1268.408829,1267.3668687479585
508.00381,0.243665,-27.904617,1268.129781,1267.4694007203605
508.01381,0.243727,-27.904265,1267.850736,1267.8176735668449
508.02381,0.243788,-27.903913,1267.571696,1267.88451944838
508.03381,0.243849,-27.903561,1267.292658,1265.0225229778582
508.04381,0.243909,-27.903208,1267.013624,1263.255471026845
508.05381,0.24397,-27.902856,1266.734594,1267.1533166821644
508.06381,0.24403,-27.902504,1266.455567,1263.8700196999662
508.07381,0.24409,-27.902152,1266.176544,1264.0044470194382
508.08381,0.24415,-27.9018,1265.897524,1266.8215016604317
508.09381,0.24421,-27.901447,1265.618508,1266.0378937640426
508.10381,0.244269,-27.901095,1265.339495,1266.532675403953
508.11381,0.244329,-27.900743,1265.060486,1265.189180066786
508.12381,0.244388,-27.900391,1264.78148,1263.467350244146
508.13381,0.244447,-27.900039,1264.502478,1267.7680899003612
508.14381,0.244506,-27.899687,1264.22348,1263.8634382163555
508.15381,0.244564,-27.899335,1263.944484,1264.8263372851259
508.16381,0.244623,-27.898983,1263.665493,1265.9442302411478
508.17381,0.244681,-27.898631,1263.386505,1264.8163111148501
508.18381,0.244739,-27.898279,1263.10752,1263.1300483517539
508.19381,0.244797,-27.897927,1262.828539,1262.9023045493302
508.20381,0.244855,-27.897575,1262.549562,1261.3376826026963
508.21381,0.244912,-27.897223,1262.270588,1261.6332653173383
508.22381,0.244969,-27.896871,1261.991617,1259.8588762079648
508.23381,0.245027,-27.89652,1261.71265,1261.6325301132626
508.24381,0.245084,-27.896168,1261.433687,1264.328653479407
508.25381,0.24514,-27.895816,1261.154727,1258.758536010774
508.26381,0.245197,-27.895464,1260.875771,1259.0454625129996
508.27381,0.245254,-27.895112,1260.596818,1261.6600766110193
508.28381,0.24531,-27.894761,1260.317868,1257.9003673569855
508.29381,0.245366,-27.894409,1260.038922,1257.888507016193
508.30381,0.245422,-27.894057,1259.75998,1258.767155609797
508.31381,0.245478,-27.893706,1259.481041,1257.8436236166808
508.32381,0.245533,-27.893354,1259.202106,1258.3925730773865
508.33381,0.245589,-27.893002,1258.923174,1256.7983584347817
508.34381,0.245644,-27.892651,1258.644246,1257.6603177782656
508.35381,0.245699,-27.892299,1258.365321,1255.563641358729
508.36381,0.245754,-27.891948,1258.0864,1256.3551189863153
508.37381,0.245809,-27.891596,1257.807482,1257.3848919110992
508.38381,0.245863,-27.891245,1257.528568,1253.3171306386641
508.39381,0.245918,-27.890893,1257.249657,1258.9004869454789
508.40381,0.245972,-27.890542,1256.97075,1256.6757011795517
508.41381,0.246026,-27.89019,1256.691847,1256.4296617181512
508.42381,0.24608,-27.889839,1256.412946,1256.548546906979
508.43381,0.246133,-27.889487,1256.13405,1257.2302316709672
508.44381,0.246187,-27.889136,1255.855157,1254.7209717809371
508.45381,0.24624,-27.888785,1255.576267,1254.314747259582
508.46381,0.246293,-27.888433,1255.297381,1251.6094654824071
508.47381,0.246346,-27.888082,1255.018498,1253.7004243864938
508.48381,0.246399,-27.887731,1254.739619,1254.7223749813088
508.49381,0.246452,-27.887379,1254.460744,1253.325438847821
508.50381,0.246505,-27.887028,1254.181872,1253.6473641788375
508.51381,0.246557,-27.886677,1253.903003,1250.112919744747
508.52381,0.246609,-27.886326,1253.624138,1252.790202949338
508.53381,0.246661,-27.885975,1253.345277,1254.3430453053127
508.54381,0.246713,-27.885623,1253.066419,1252.3033549288598
508.55381,0.246765,-27.885272,1252.787564,1253.8263011347954
508.56381,0.246816,-27.884921,1252.508713,1248.674197555959
508.57381,0.246868,-27.88457,1252.229866,1251.9164721345198
508.58381,0.246919,-27.884219,1251.951022,1251.634088863509
508.59381,0.24697,-27.883868,1251.672181,1252.3774904808784
508.60381,0.247021,-27.883517,1251.393344,1250.7525461331009
508.61381,0.247071,-27.883166,1251.114511,1250.251242944865
508.62381,0.247122,-27.882815,1250.835681,1248.597549497027
508.63381,0.247172,-27.882464,1250.556855,1250.4108568530803
508.64381,0.247223,-27.882113,1250.278032,1248.801900788025
508.65381,0.247273,-27.881762,1249.999212,1250.2237640309925
508.66381,0.247323,-27.881411,1249.720397,1244.5150837414299
508.67381,0.247372,-27.881061,1249.441584,1246.9878452344815
508.68381,0.247422,-27.88071,1249.162775,1246.5732617190686
508.69381,0.247471,-27.880359,1248.88397,1246.2415941649435
508.70381,0.247521,-27.880008,1248.605168,1246.0528661408541
508.71381,0.24757,-27.879657,1248.32637,1246.901838036804
508.72381,0.247619,-27.879307,1248.047575,1245.7653989010782
508.73381,0.247668,-27.878956,1247.768784,1247.8884548332085
508.74381,0.247716,-27.878605,1247.489996,1245.2178637332543
508.75381,0.247765,-27.878254,1247.211212,1245.1561364306563
508.76381,0.247813,-27.877904,1246.932431,1246.8945680390054
508.77381,0.247861,-27.877553,1246.653654,1245.3986435665313
508.78381,0.247909,-27.877203,1246.37488,1248.5973811138617
508.79381,0.247957,-27.876852,1246.09611,1247.051620903393
508.80381,0.248005,-27.876501,1245.817343,1242.9033034965912
508.81381,0.248053,-27.876151,1245.538579,1243.2428008986528
508.82381,0.2481,-27.8758,1245.25982,1244.001894492914
508.83381,0.248147,-27.87545,1244.981063,1244.2961702300797
508.84381,0.248194,-27.875099,1244.702311,1242.2465187170726
508.85381,0.248241,-27.874749,1244.423561,1244.9663627085552
508.86381,0.248288,-27.874398,1244.144816,1244.0988454398214
508.87381,0.248335,-27.874048,1243.866074,1245.3487781907638
508.88381,0.248381,-27.873698,1243.587335,1243.0730311799048
508.89381,0.248428,-27.873347,1243.3086,1242.9631995444613
508.90381,0.248474,-27.872997,1243.029868,1243.5375456142292
508.91381,0.24852,-27.872647,1242.75114,1241.5793092242966
508.92381,0.248566,-27.872296,1242.472415,1241.5637057209356
508.93381,0.248612,-27.871946,1242.193694,1241.8028402854975
508.94381,0.248657,-27.871596,1241.914976,1239.4612725171921
508.95381,0.248703,-27.871246,1241.636262,1239.678735248191
508.96381,0.248748,-27.870895,1241.357551,1241.276520015477
508.97381,0.248793,-27.870545,1241.078844,1242.7197969092763
508.98381,0.248838,-27.870195,1240.80014,1241.6608791209437
508.99381,0.248883,-27.869845,1240.52144,1239.1649214006623
509.00381,0.248928,-27.869495,1240.242743,1239.8071040390403
509.01381,0.248973,-27.869145,1239.96405,1236.8255090093448
509.02381,0.249017,-27.868795,1239.68536,1241.0603790383911
509.03381,0.249061,-27.868445,1239.406674,1238.2859223867151
509.04381,0.249106,-27.868094,1239.127992,1241.173654649325
509.05381,0.24915,-27.867744,1238.849312,1239.674767139348
509.06381,0.249193,-27.867394,1238.570637,1235.4167609039102
509.07381,0.249237,-27.867045,1238.291964,1236.9084035363162
509.08381,0.249281,-27.866695,1238.013296,1235.400356914324
509.09381,0.249324,-27.866345,1237.734631,1238.5990413530942
509.10381,0.249368,-27.865995,1237.455969,1236.5458784916618
509.11381,0.249411,-27.865645,1237.177311,1237.7229512741792
509.12381,0.249454,-27.865295,1236.898656,1237.1681312291294
509.13381,0.249497,-27.864945,1236.620005,1235.652158312696
509.14381,0.249539,-27.864595,1236.341357,1236.1198683271214
509.15381,0.249582,-27.864246,1236.062713,1235.2966755937703
509.16381,0.249624,-27.863896,1235.784072,1235.264780300063
509.17381,0.249667,-27.863546,1235.505435,1236.3710983964806
509.18381,0.249709,-27.863196,1235.226801,1236.3640369477237
509.19381,0.249751,-27.862847,1234.948171,1234.1415934914353
509.20381,0.249793,-27.862497,1234.669544,1235.5724940367925
509.21381,0.249835,-27.862147,1234.390921,1234.9387192891536
509.22381,0.249876,-27.861798,1234.112301,1233.2747142044195
509.23381,0.249918,-27.861448,1233.833685,1234.551297911631
509.24381,0.249959,-27.861099,1233.555072,1234.5127073880572
509.25381,0.250001,-27.860749,1233.276463,1230.643225396966
509.26381,0.250042,-27.8604,1232.997857,1232.4160355891104
509.27381,0.250083,-27.86005,1232.719255,1232.2001356363635
509.28381,0.250123,-27.859701,1232.440656,1228.7157498447755
509.29381,0.250164,-27.859351,1232.162061,1228.9610726028918
509.30381,0.250205,-27.859002,1231.883469,1230.79718798763
509.31381,0.250245,-27.858652,1231.604881,1234.1365508449487
509.32381,0.250285,-27.858303,1231.326296,1231.1489188138212
509.33381,0.250326,-27.857954,1231.047715,1230.8830871682237
509.34381,0.250366,-27.857604,1230.769137,1230.9390518035514
509.35381,0.250406,-27.857255,1230.490563,1229.025158045517
509.36381,0.250445,-27.856906,1230.211992,1229.9781347955434
509.37381,0.250485,-27.856556,1229.933425,1228.374517697604
509.38381,0.250524,-27.856207,1229.654861,1227.5510670663061
509.39381,0.250564,-27.855858,1229.376301,1227.2617918669987
509.40381,0.250603,-27.855509,1229.097744,1226.915276512454
509.41381,0.250642,-27.855159,1228.819191,1232.0961385726143
509.42381,0.250681,-27.85481,1228.540641,1227.4716926917547
509.43381,0.25072,-27.854461,1228.262094,1229.4618694350663
509.44381,0.250759,-27.854112,1227.983551,1228.6878964174057
509.45381,0.250797,-27.853763,1227.705012,1227.076150234081
509.46381,0.250836,-27.853414,1227.426476,1226.7642708090234
509.47381,0.250874,-27.853065,1227.147944,1227.204488830862
509.48381,0.250912,-27.852716,1226.869415,1227.7588254982068
509.49381,0.250951,-27.852367,1226.590889,1226.8058203625187
509.50381,0.250989,-27.852018,1226.312368,1224.1186567726843
509.51381,0.251026,-27.851669,1226.033849,1227.0085762162776
509.52381,0.251064,-27.85132,1225.755334,1224.3513755668125
509.53381,0.251102,-27.850971,1225.476823,1224.5633764964018
509.54381,0.251139,-27.850622,1225.198315,1225.8003555583684
509.55381,0.251177,-27.850273,1224.91981,1223.7583464699583
509.56381,0.251214,-27.849924,1224.641309,1223.8094476775261
509.57381,0.251251,-27.849575,1224.362812,1225.3178453651653
509.58381,0.251288,-27.849227,1224.084318,1223.1529708827704
509.59381,0.251325,-27.848878,1223.805827,1221.5447781087805
509.60381,0.251361,-27.848529,1223.52734,1224.7820308013302
509.61381,0.251398,-27.84818,1223.248857,1222.949040872995
509.62381,0.251434,-27.847832,1222.970377,1224.2293256653663
509.63381,0.251471,-27.847483,1222.6919,1223.7542760366744
509.64381,0.251507,-27.847134,1222.413427,1218.9269006113766
509.65381,0.251543,-27.846786,1222.134957,1224.5037473357359
509.66381,0.251579,-27.846437,1221.856491,1221.2394450489098
509.67381,0.251615,-27.846088,1221.578029,1222.3550565853002
509.68381,0.251651,-27.84574,1221.299569,1223.2071743164217
509.69381,0.251686,-27.845391,1221.021114,1219.1818146980058
509.70381,0.251722,-27.845043,1220.742662,1218.7061584715193
509.71381,0.251757,-27.844694,1220.464213,1219.2115313299118
509.72381,0.251793,-27.844346,1220.185768,1222.2387641293203
509.73381,0.251828,-27.843997,1219.907326,1217.0567681899106
509.74381,0.251863,-27.843649,1219.628888,1220.2590472840056
509.75381,0.251898,-27.8433,1219.350453,1222.0713902512452
509.76381,0.251933,-27.842952,1219.072022,1218.5038040149807
509.77381,0.251967,-27.842604,1218.793594,1216.8893474734336
509.78381,0.252002,-27.842255,1218.51517,1219.514926001931
509.79381,0.252036,-27.841907,1218.236749,1213.8548955154374
509.80381,0.252071,-27.841559,1217.958332,1215.1659861243186
509.81381,0.252105,-27.84121,1217.679918,1216.017531349312
509.82381,0.252139,-27.840862,1217.401507,1214.009745793471
509.83381,0.252173,-27.840514,1217.123101,1214.3560724949264
509.84381,0.252207,-27.840166,1216.844697,1216.5554493457425
509.85381,0.252241,-27.839818,1216.566297,1216.7382011533678
509.86381,0.252274,-27.839469,1216.287901,1215.0595970423153
509.87381,0.252308,-27.839121,1216.009508,1216.5530795207012
509.88381,0.252341,-27.838773,1215.731118,1213.3982726090173
509.89381,0.252375,-27.838425,1215.452732,1213.4689077951073
509.90381,0.252408,-27.838077,1215.17435,1215.7869018962404
509.91381,0.252441,-27.837729,1214.895971,1215.7580806594178
509.92381,0.252474,-27.837381,1214.617595,1213.9855719301293
509.93381,0.252507,-27.837033,1214.339223,1211.912853700286
509.94381,0.25254,-27.836685,1214.060855,1214.5485404746528
509.95381,0.252572,-27.836337,1213.782489,1214.5459507748424
509.96381,0.252605,-27.835989,1213.504128,1213.6664009794736
509.97381,0.252637,-27.835641,1213.22577,1212.5077530333886
509.98381,0.252669,-27.835293,1212.947415,1211.5350620297447
509.99381,0.252702,-27.834945,1212.669064,1213.4566986352436
510.00381,0.252734,-27.834597,1212.390716,1211.9583872787916
510.01381,0.252766,-27.834249,1212.112372,1210.6635644939015
510.02381,0.252798,-27.833902,1211.834031,1211.155823766455
510.03381,0.252829,-27.833554,1211.555694,1213.1784255295083
510.04381,0.252861,-27.833206,1211.27736,1208.8542926668233
510.05381,0.252893,-27.832858,1210.99903,1208.7279998803983
510.06381,0.252924,-27.832511,1210.720703,1210.6428510484652
510.07381,0.252955,-27.832163,1210.44238,1211.9155529105044
510.08381,0.252987,-27.831815,1210.16406,1209.9571188011073
510.09381,0.253018,-27.831468,1209.885743,1207.2712462673323
510.10381,0.253049,-27.83112,1209.60743,1206.568629966856
510.11381,0.25308,-27.830772,1209.329121,1208.4255310466626
510.12381,0.253111,-27.830425,1209.050815,1205.8032089569197
510.13381,0.253141,-27.830077,1208.772512,1207.8214788431026
510.14381,0.253172,-27.82973,1208.494213,1207.6497215282661
510.15381,0.253202,-27.829382,1208.215918,1207.6156923054914
510.16381,0.253233,-27.829035,1207.937626,1210.33992744701
510.17381,0.253263,-27.828687,1207.659337,1208.1269006800574
510.18381,0.253293,-27.82834,1207.381052,1208.3487992200346
510.19381,0.253323,-27.827992,1207.10277,1205.907298457972
510.20381,0.253353,-27.827645,1206.824492,1209.0108662111277
510.21381,0.253383,-27.827297,1206.546217,1204.601613183804
510.22381,0.253413,-27.82695,1206.267946,1203.702889813658
510.23381,0.253443,-27.826603,1205.989678,1204.3623427688074
510.24381,0.253472,-27.826255,1205.711414,1205.9890469096117
510.25381,0.253502,-27.825908,1205.433153,1201.355036766502
510.26381,0.253531,-27.825561,1205.154896,1204.535494307306
510.27381,0.25356,-27.825214,1204.876642,1205.5733529330669
510.28381,0.253589,-27.824866,1204.598392,1204.618152429602
510.29381,0.253618,-27.824519,1204.320145,1204.1513578983177
510.30381,0.253647,-27.824172,1204.041901,1204.5285295326019
510.31381,0.253676,-27.823825,1203.763661,1200.678853908666
510.32381,0.253705,-27.823478,1203.485425,1200.849336727758
510.33381,0.253734,-27.823131,1203.207192,1201.415720192682
510.34381,0.253762,-27.822783,1202.928962,1202.638509050434
510.35381,0.253791,-27.822436,1202.650736,1202.3124024124327
510.36381,0.253819,-27.822089,1202.372513,1203.860132463366
510.37381,0.253847,-27.821742,1202.094294,1203.4407709288005
510.38381,0.253876,-27.821395,1201.816079,1203.6819652997608
510.39381,0.253904,-27.821048,1201.537866,1200.5619711240681
510.40381,0.253932,-27.820701,1201.259658,1201.7003369578972
510.41381,0.253959,-27.820354,1200.981452,1200.3748981863384
510.42381,0.253987,-27.820008,1200.703251,1201.9146402455726
510.43381,0.254015,-27.819661,1200.425052,1199.4869406844216
510.44381,0.253808,-27.819314,1200.146857,1198.3435594364282
510.45381,0.253008,-27.818967,1199.868666,1199.068936873422
510.46381,0.252212,-27.818621,1199.590478,1199.677175578514
510.47381,0.251419,-27.818274,1199.312293,1199.1799158722524
510.48381,0.250628,-27.817928,1199.034112,1198.3706076283854
510.49381,0.249839,-27.817582,1198.755935,1197.1387065337162
510.50381,0.249054,-27.817237,1198.477761,1199.5789667413715
510.51381,0.24827,-27.816891,1198.19959,1200.5656767133748
510.52381,0.24749,-27.816546,1197.921423,1195.3886280913996
510.53381,0.246712,-27.816201,1197.643259,1197.469943428043
510.54381,0.245936,-27.815856,1197.365099,1195.6506416030932
510.55381,0.245163,-27.815512,1197.086942,1195.93923162461
510.56381,0.244393,-27.815167,1196.808789,1196.6690816303756
510.57381,0.243625,-27.814823,1196.530639,1191.8974498500418
510.58381,0.242859,-27.814479,1196.252492,1197.1768321852692
510.59381,0.242096,-27.814135,1195.974349,1195.6309155105398
510.60381,0.241336,-27.813791,1195.69621,1194.6687812112355
510.61381,0.240578,-27.813447,1195.418073,1194.0436285884143
510.62381,0.239822,-27.813104,1195.139941,1194.8925511766518
510.63381,0.239069,-27.812761,1194.861811,1193.7358763605484
510.64381,0.238319,-27.812417,1194.583685,1194.477354719985
510.65381,0.23757,-27.812075,1194.305563,1192.6779747843345
510.66381,0.236825,-27.811732,1194.027444,1191.185721246331
510.67381,0.236082,-27.811389,1193.749328,1194.35070290122
510.68381,0.235341,-27.811047,1193.471216,1193.619468070052
510.69381,0.234602,-27.810704,1193.193107,1193.8016125864153
510.70381,0.233866,-27.810362,1192.915002,1193.574884914512
510.71381,0.233133,-27.81002,1192.6369,1192.1302149714381
510.72381,0.232402,-27.809678,1192.358802,1191.208914242778
510.73381,0.231673,-27.809337,1192.080707,1190.3433416631233
510.74381,0.230947,-27.808995,1191.802615,1191.241557920177
510.75381,0.230223,-27.808654,1191.524527,1190.418973701475
510.76381,0.229501,-27.808313,1191.246442,1190.608233759594
510.77381,0.228782,-27.807971,1190.96836,1190.7935713244062
510.78381,0.228065,-27.807631,1190.690282,1189.6553533864594
510.79381,0.22735,-27.80729,1190.412208,1192.231277746198
510.80381,0.226638,-27.806949,1190.134137,1188.6286067833387
510.81381,0.225928,-27.806608,1189.856069,1190.557050114965
510.82381,0.225221,-27.806268,1189.578004,1188.6433395459144
510.83381,0.224516,-27.805928,1189.299943,1191.1215696895076
510.84381,0.223813,-27.805587,1189.021886,1189.428883879509
510.85381,0.223112,-27.805247,1188.743832,1190.9135062942826
510.86381,0.222414,-27.804907,1188.465781,1189.696266065107
510.87381,0.221718,-27.804568,1188.187734,1187.6522590280895
510.88381,0.221024,-27.804228,1187.90969,1186.0834684707797
510.89381,0.220333,-27.803888,1187.631649,1187.6968689948508
510.90381,0.219643,-27.803549,1187.353612,1186.4201073044612
510.91381,0.218956,-27.80321,1187.075578,1185.6001586396808
510.92381,0.218272,-27.80287,1186.797548,1187.1950731901054
510.93381,0.217589,-27.802531,1186.519521,1184.9550230467985
510.94381,0.216909,-27.802192,1186.241497,1186.8688087333553
510.95381,0.216231,-27.801853,1185.963477,1184.6318786220372
510.96381,0.215556,-27.801514,1185.68546,1185.7088495738947
510.97381,0.214882,-27.801176,1185.407446,1186.0422458929022
510.98381,0.214211,-27.800837,1185.129436,1186.4822586739117
510.99381,0.213542,-27.800499,1184.85143,1184.8469111615768
511.00381,0.212875,-27.80016,1184.573426,1180.8918628721
511.01381,0.21221,-27.799822,1184.295427,1183.7190431188988
511.02381,0.211548,-27.799484,1184.01743,1184.5204029963757
511.03381,0.210887,-27.799146,1183.739437,1183.139394210067
511.04381,0.210229,-27.798808,1183.461447,1179.7417707068475
511.05381,0.209573,-27.79847,1183.183461,1182.3909130696004
511.06381,0.208919,-27.798132,1182.905478,1182.0626814078964
511.07381,0.208268,-27.797794,1182.627498,1181.923277337402
511.08381,0.207618,-27.797457,1182.349522,1179.6186296537028
511.09381,0.206971,-27.797119,1182.071549,1178.806614494185
511.10381,0.206325,-27.796782,1181.793579,1180.7034987727031
511.11381,0.205682,-27.796444,1181.515613,1179.1414508266846
511.12381,0.205041,-27.796107,1181.237651,1177.1664768594171
511.13381,0.204402,-27.79577,1180.959691,1178.6995550346758
511.14381,0.203765,-27.795433,1180.681735,1184.1876634972707
511.15381,0.203131,-27.795095,1180.403783,1180.3972838714492
511.16381,0.202498,-27.794758,1180.125833,1178.8342480884967
511.17381,0.201868,-27.794422,1179.847887,1180.2482028137413
511.18381,0.201239,-27.794085,1179.569945,1178.3965761171391
511.19381,0.200613,-27.793748,1179.292006,1179.1692620152146
511.20381,0.199988,-27.793411,1179.01407,1180.1807666863401
511.21381,0.199366,-27.793075,1178.736137,1178.856431719371
511.22381,0.198746,-27.792738,1178.458208,1178.2290019278403
511.23381,0.198128,-27.792402,1178.180283,1180.0025152808155
511.24381,0.197511,-27.792065,1177.90236,1176.6400047710533
511.25381,0.196897,-27.791729,1177.624441,1179.632214691977
511.26381,0.196285,-27.791393,1177.346526,1176.6384776486977
511.27381,0.195675,-27.791056,1177.068614,1175.7058469626022
511.28381,0.195067,-27.79072,1176.790705,1177.0132034710155
511.29381,0.194461,-27.790384,1176.512799,1173.2407697410893
511.30381,0.193857,-27.790048,1176.234897,1175.149015100671
511.31381,0.193255,-27.789712,1175.956998,1177.0005114529163
511.32381,0.192655,-27.789376,1175.679103,1174.9870559767373
511.33381,0.192057,-27.78904,1175.401211,1175.788604263922
511.34381,0.191461,-27.788705,1175.123322,1175.041488416809
511.35381,0.190867,-27.788369,1174.845437,1171.7146067761207
511.36381,0.190274,-27.788033,1174.567555,1173.7285955410618
511.37381,0.189684,-27.787698,1174.289676,1173.2234294681984
511.38381,0.189096,-27.787362,1174.011801,1172.6884620736698
511.39381,0.18851,-27.787027,1173.733929,1174.8899869948032
511.40381,0.187925,-27.786691,1173.45606,1174.0692228556873
511.41381,0.187343,-27.786356,1173.178195,1172.2312785303818
511.42381,0.186762,-27.78602,1172.900333,1173.8134275092634
511.43381,0.186184,-27.785685,1172.622474,1171.67239036363
511.44381,0.185607,-27.78535,1172.344619,1172.666787451004
511.45381,0.185032,-27.785014,1172.066767,1172.0581451243193
511.46381,0.184459,-27.784679,1171.788919,1169.8439732125398
511.47381,0.183888,-27.784344,1171.511074,1170.9138079503095
511.48381,0.183319,-27.784009,1171.233232,1170.5651241828086
511.49381,0.182752,-27.783674,1170.955394,1170.4199768367896
511.50381,0.182187,-27.783339,1170.677559,1169.9952994637651
511.51381,0.181623,-27.783004,1170.399727,1170.435720701759
511.52381,0.181061,-27.782669,1170.121898,1170.269043699366
511.53381,0.180502,-27.782334,1169.844073,1169.935810682116
511.54381,0.179944,-27.781999,1169.566252,1171.3184283829812
511.55381,0.179388,-27.781664,1169.288433,1167.6986613245922
511.56381,0.178834,-27.78133,1169.010619,1167.4782844804504
511.57381,0.178281,-27.780995,1168.732807,1168.7477249673423
511.58381,0.177731,-27.78066,1168.454999,1168.8839189877347
511.59381,0.177182,-27.780325,1168.177194,1172.985204347071
511.60381,0.176635,-27.779991,1167.899392,1169.467673840763
511.61381,0.17609,-27.779656,1167.621594,1167.5005585402675
511.62381,0.175547,-27.779322,1167.343799,1166.5494182826567
511.63381,0.175006,-27.778987,1167.066007,1167.13791890941
511.64381,0.174466,-27.778652,1166.788219,1164.8403245398931
511.65381,0.173928,-27.778318,1166.510434,1169.6373903345923
511.66381,0.173392,-27.777983,1166.232653,1166.5638918445502
511.67381,0.172858,-27.777649,1165.954875,1162.5096976842665
511.68381,0.172325,-27.777315,1165.6771,1164.8527759083058
511.69381,0.171795,-27.77698,1165.399328,1163.8335708568443
511.70381,0.171266,-27.776646,1165.12156,1163.6397313082086
511.71381,0.170738,-27.776311,1164.843796,1167.905877399887
511.72381,0.170213,-27.775977,1164.566034,1165.0328720317536
511.73381,0.169689,-27.775643,1164.288276,1164.1609240584141
511.74381,0.169167,-27.775309,1164.010521,1164.0471301523453
511.75381,0.168647,-27.774974,1163.73277,1164.0894026610024
511.76381,0.168129,-27.77464,1163.455022,1162.627007641653
511.77381,0.167612,-27.774306,1163.177277,1164.769491137893
511.78381,0.167097,-27.773972,1162.899536,1161.7607267195883
511.79381,0.166584,-27.773638,1162.621798,1159.3190461121703
511.80381,0.166072,-27.773303,1162.344063,1161.5451820997391
511.81381,0.165562,-27.772969,1162.066332,1162.0675753391074
511.82381,0.165054,-27.772635,1161.788603,1160.5268714923968
511.83381,0.164547,-27.772301,1161.510879,1162.8700426773403
511.84381,0.164043,-27.771967,1161.233157,1162.0454246448744
511.85381,0.16354,-27.771633,1160.955439,1161.3995661009076
511.86381,0.163038,-27.771299,1160.677725,1158.1042491677242
511.87381,0.162538,-27.770965,1160.400013,1159.3193440639839
511.88381,0.16204,-27.770631,1160.122306,1159.5185947034897
511.89381,0.161544,-27.770297,1159.844601,1159.5503171542534
511.90381,0.161049,-27.769963,1159.5669,1157.7114248457715
511.91381,0.160556,-27.769629,1159.289202,1158.222396391475
511.92381,0.160065,-27.769295,1159.011507,1156.8352606146184
511.93381,0.159575,-27.768961,1158.733816,1158.8989564409653
511.94381,0.159087,-27.768627,1158.456128,1158.556434891507
511.95381,0.1586,-27.768293,1158.178443,1156.612381981593
511.96381,0.158115,-27.767959,1157.900762,1157.48987690447
511.97381,0.157632,-27.767625,1157.623084,1157.3745490716494
511.98381,0.15715,-27.767291,1157.345409,1154.67064394444
511.99381,0.15667,-27.766957,1157.067738,1157.320280306037
512.00381,0.156192,-27.766624,1156.79007,1155.5001175640236
512.01381,0.155715,-27.76629,1156.512406,1157.4242580077964
512.02381,0.15524,-27.765956,1156.234744,1154.818457088577
512.03381,0.154766,-27.765622,1155.957087,1154.169559478086
512.04381,0.154294,-27.765288,1155.679432,1155.0809122782073
512.05381,0.153823,-27.764954,1155.401781,1156.9095500535234
512.06381,0.153354,-27.76462,1155.124133,1155.7019889466412
512.07381,0.152887,-27.764286,1154.846488,1156.984124511434
512.08381,0.152421,-27.763953,1154.568847,1154.3537111371106
512.09381,0.151957,-27.763619,1154.291209,1153.5345376598395
512.10381,0.151495,-27.763285,1154.013575,1153.5028534638416
512.11381,0.151034,-27.762951,1153.735944,1152.3057346999565
512.114286,0.151012,-27.762935,1153.722723,1153.103703556688
512.124286,0.150553,-27.762601,1153.445097,1153.8490041617304
512.134286,0.150096,-27.762268,1153.167475,1153.3266404485855
512.144286,0.149639,-27.761934,1152.889854,1152.2705009273698
512.154286,0.149185,-27.7616,1152.612236,1152.5380523537951
512.164286,0.148731,-27.761266,1152.334622,1151.7980561022882
512.174286,0.148279,-27.760932,1152.057011,1152.3133004147542
512.184286,0.147829,-27.760599,1151.779403,1153.3734086695397
512.194286,0.14738,-27.760265,1151.501799,1151.9433199093007
512.204286,0.146933,-27.759931,1151.224198,1149.3391900718098
512.214286,0.146488,-27.759597,1150.9466,1153.1305333484763
512.224286,0.146043,-27.759263,1150.669006,1150.4798398301107
512.234286,0.145601,-27.75893,1150.391415,1151.017694154436
512.244286,0.145159,-27.758596,1150.113827,1150.6968241688198
512.254286,0.14472,-27.758262,1149.836243,1149.9825160195562
512.264286,0.144281,-27.757928,1149.558662,1148.2978130626286
512.274286,0.143845,-27.757594,1149.281084,1147.3783248646816
512.284286,0.143409,-27.75726,1149.00351,1149.156034888512
512.294286,0.142976,-27.756927,1148.725939,1145.8037794949053
512.304286,0.142543,-27.756593,1148.448371,1149.4121461929915
512.314286,0.142112,-27.756259,1148.170807,1148.3196188382674
512.324286,0.141683,-27.755925,1147.893246,1146.2945617397327
512.334286,0.141255,-27.755591,1147.615689,1147.3606519495459
512.344286,0.140828,-27.755257,1147.338134,1147.420960154079
512.354286,0.140403,-27.754924,1147.060583,1146.7409023485989
512.364286,0.13998,-27.75459,1146.783036,1146.8278590088496
512.374286,0.139558,-27.754256,1146.505492,1143.190383731429
512.384286,0.139137,-27.753922,1146.227951,1144.312831168013
512.394286,0.138717,-27.753588,1145.950413,1145.9041772206936
512.404286,0.1383,-27.753254,1145.672879,1145.951113081965
512.414286,0.137883,-27.75292,1145.395348,1143.4965011892377
512.424286,0.137468,-27.752586,1145.117821,1145.4494091608979
512.434286,0.137054,-27.752253,1144.840296,1146.707490218416
512.444286,0.136642,-27.751919,1144.562776,1145.4891344768303
512.454286,0.136231,-27.751585,1144.285258,1144.439921547726
512.464286,0.135822,-27.751251,1144.007744,1143.0783001332338
512.474286,0.135414,-27.750917,1143.730233,1146.4072188782677
512.484286,0.135007,-27.750583,1143.452726,1143.6853231600928
512.494286,0.134602,-27.750249,1143.175221,1140.6920811941875
512.504286,0.134198,-27.749915,1142.897721,1146.174619812394
512.514286,0.133795,-27.749581,1142.620223,1139.9339742038833
512.524286,0.133394,-27.749247,1142.342729,1142.85743822879
512.534286,0.132994,-27.748913,1142.065238,1143.3368059858606
512.544286,0.132596,-27.748579,1141.787751,1142.121931703271
512.554286,0.132199,-27.748245,1141.510267,1141.5341903386748
512.564286,0.131803,-27.747911,1141.232786,1139.2733943180199
512.574286,0.131408,-27.747577,1140.955308,1140.228890835324
512.584286,0.131015,-27.747243,1140.677834,1138.1366315672778
512.594286,0.130624,-27.746909,1140.400363,1140.275636472499
512.604286,0.130233,-27.746575,1140.122896,1139.7320996248388
512.614286,0.129844,-27.746241,1139.845432,1141.8333233702874
512.624286,0.129457,-27.745907,1139.567971,1137.6384705676894
512.634286,0.12907,-27.745573,1139.290514,1137.751526677365
512.644286,0.128685,-27.745239,1139.01306,1138.2678572616142
512.654286,0.128303,-27.744905,1138.735609,1138.9354880584087
512.664286,0.127922,-27.74457,1138.458162,1139.1842661516412
512.674286,0.127542,-27.744236,1138.180718,1138.1275906236585
512.684286,0.127164,-27.743902,1137.903277,1137.7559184665322
512.694286,0.126787,-27.743568,1137.62584,1136.2774022828467
512.704286,0.126411,-27.743233,1137.348406,1136.645820701054
512.714286,0.126037,-27.742899,1137.070975,1132.785021936541
512.724286,0.125664,-27.742564,1136.793548,1136.1209069662127
512.734286,0.125292,-27.742229,1136.516124,1137.0249546705554
512.744286,0.124921,-27.741895,1136.238703,1136.0180126858052
512.754286,0.124552,-27.74156,1135.961286,1134.2208804470324
512.764286,0.124184,-27.741225,1135.683872,1134.5214304601477
512.774286,0.123817,-27.74089,1135.406461,1134.86934695512
512.784286,0.123451,-27.740555,1135.129054,1138.040602692823
512.794286,0.123087,-27.74022,1134.85165,1135.800260622753
512.804286,0.122724,-27.739885,1134.57425,1135.0316888214072
512.814286,0.122362,-27.73955,1134.296852,1132.427483007263
512.824286,0.122002,-27.739215,1134.019459,1132.1935755385487
512.834286,0.121643,-27.73888,1133.742068,1132.4928733090526
512.844286,0.121285,-27.738544,1133.464681,1134.5137083547368
512.854286,0.120928,-27.738209,1133.187297,1131.9629356110543
512.864286,0.120572,-27.737873,1132.909917,1128.0379972963553
512.874286,0.120218,-27.737538,1132.63254,1133.0113046462234
512.884286,0.119865,-27.737202,1132.355166,1130.4140635464132
512.894286,0.119513,-27.736867,1132.077796,1134.2484002946417
512.904286,0.119163,-27.736531,1131.800429,1130.788890946572
512.914286,0.118813,-27.736195,1131.523065,1131.0360967999611
512.924286,0.118465,-27.73586,1131.245705,1132.9456902189502
512.934286,0.118118,-27.735524,1130.968348,1129.359512224999
512.944286,0.117772,-27.735188,1130.690994,1131.9718074335287
512.954286,0.117428,-27.734852,1130.413644,1129.6371019313315
512.964286,0.117084,-27.734516,1130.136297,1126.592189682786
512.974286,0.116742,-27.73418,1129.858954,1128.86764512994
512.984286,0.116401,-27.733844,1129.581614,1128.2197543022285
512.994286,0.116062,-27.733507,1129.304277,1129.7870725995795
513.004286,0.115723,-27.733171,1129.026944,1127.4540269819095
513.014286,0.115385,-27.732835,1128.749614,1125.200480952988
513.024286,0.115049,-27.732498,1128.472287,1126.103483009368
513.034286,0.114714,-27.732162,1128.194964,1127.5417068926408
513.044286,0.11438,-27.731825,1127.917644,1129.0215249231276
513.054286,0.114048,-27.731489,1127.640327,1127.1340159115782
513.064286,0.113716,-27.731152,1127.363014,1124.5995818053111
513.074286,0.113386,-27.730816,1127.085704,1123.771823962116
513.084286,0.113056,-27.730479,1126.808398,1128.393899189626
513.094286,0.112728,-27.730142,1126.531094,1124.4927132893201
513.104286,0.112401,-27.729805,1126.253795,1126.7985390801157
513.114286,0.112075,-27.729468,1125.976498,1128.6179572518024
513.124286,0.111751,-27.729131,1125.699205,1124.0665857964239
513.134286,0.111427,-27.728794,1125.421916,1124.083954512134
513.144286,0.111105,-27.728457,1125.144629,1123.5587274564502
513.154286,0.110784,-27.72812,1124.867347,1123.3698240154965
513.164286,0.110464,-27.727783,1124.590067,1123.443353593522
513.174286,0.110145,-27.727446,1124.312791,1124.9210516395995
513.184286,0.109827,-27.727109,1124.035518,1125.43218377891
513.194286,0.10951,-27.726771,1123.758249,1125.010330288755
513.204286,0.109194,-27.726434,1123.480983,1123.8750489005527
513.214286,0.10888,-27.726096,1123.20372,1125.1387532111614
513.224286,0.108566,-27.725759,1122.926461,1121.7067549126389
513.234286,0.108254,-27.725421,1122.649205,1122.3937582637545
513.244286,0.107943,-27.725084,1122.371952,1124.2995671174774
513.254286,0.107633,-27.724746,1122.094703,1121.3682988057776
513.264286,0.107324,-27.724409,1121.817457,1123.9936191324084
513.274286,0.107016,-27.724071,1121.540215,1120.1476901695094
513.284286,0.106709,-27.723733,1121.262976,1122.0536528812625
513.294286,0.106403,-27.723395,1120.98574,1120.2710490116756
513.304286,0.106098,-27.723057,1120.708508,1119.2241697911036
513.314286,0.105795,-27.722719,1120.431279,1122.195864034031
513.324286,0.105492,-27.722381,1120.154054,1121.3449111576233
513.334286,0.105191,-27.722043,1119.876832,1116.3466787809293
513.344286,0.104891,-27.721705,1119.599613,1121.763342025996
513.354286,0.104591,-27.721367,1119.322398,1116.7711950382295
513.364286,0.104293,-27.721029,1119.045186,1118.1164052482718
513.374286,0.103996,-27.72069,1118.767977,1119.3009080128115
513.384286,0.1037,-27.720352,1118.490772,1115.6154299540935
513.394286,0.103405,-27.720014,1118.21357,1117.180723697054
513.404286,0.103111,-27.719675,1117.936371,1117.9166404677921
513.414286,0.102818,-27.719337,1117.659176,1116.4935913733627
513.424286,0.102526,-27.718998,1117.381985,1116.9895973809662
513.434286,0.102235,-27.71866,1117.104796,1116.102428762082
513.444286,0.101945,-27.718321,1116.827612,1116.3475813734651
513.454286,0.101656,-27.717983,1116.55043,1115.6405963386865
513.464286,0.101368,-27.717644,1116.273252,1114.6456480110187
513.474286,0.101082,-27.717305,1115.996077,1116.2408385078545
513.484286,0.100796,-27.716966,1115.718906,1114.6051939266742
513.494286,0.100511,-27.716628,1115.441738,1116.3502847405518
513.504286,0.100228,-27.716289,1115.164573,1116.1033548477146
513.514286,0.099945,-27.71595,1114.887412,1116.6135491585096
513.524286,0.099663,-27.715611,1114.610254,1113.4836316455528
513.534286,0.099383,-27.715272,1114.3331,1114.8088795284364
513.544286,0.099103,-27.714933,1114.055949,1111.5953298473355
513.554286,0.098824,-27.714594,1113.778801,1113.9866320843146
513.564286,0.098547,-27.714254,1113.501657,1111.482169205776
513.574286,0.09827,-27.713915,1113.224516,1115.1463695636612
513.584286,0.097994,-27.713576,1112.947379,1111.8312232731803
513.594286,0.09772,-27.713237,1112.670245,1111.9601852433361
513.604286,0.097446,-27.712897,1112.393114,1111.7314499379072
513.614286,0.097173,-27.712558,1112.115987,1110.2273446977867
513.615008,197.07089,-27.570131,1112.09606,1112.678485474143
513.615731,194.971355,-27.429221,1112.076235,1113.6215141077012
513.617177,190.848382,-27.150382,1112.036788,1110.9263475668442
513.618622,186.852962,-26.87741,1111.997739,1111.1324770141528
513.620068,182.979886,-26.610125,1111.95908,1112.3057094769483
513.627789,164.174703,-25.27222,1111.75888,1111.126396351901
513.635511,148.083444,-24.068443,1111.568469,1110.2298610361884
513.643233,134.209905,-22.980024,1111.386895,1112.2080896781283
513.650955,122.164839,-21.991424,1111.213331,1111.970285386366
513.660955,108.786211,-20.838485,1110.999287,1109.2396024695613
513.670955,97.44649,-19.808796,1110.796142,1107.8376349603002
513.680955,87.75222,-18.88407,1110.602758,1111.0163750949698
513.690955,79.399326,-18.049352,1110.41816,1109.2878451373765
513.700955,72.151562,-17.292463,1110.241511,1111.2707170420904
513.710955,65.822598,-16.603337,1110.072085,1108.4171191819414
513.720955,60.263508,-15.97354,1109.909247,1110.237937689162
513.730955,55.354418,-15.395984,1109.752441,1108.8973878748511
513.740955,50.998039,-14.864678,1109.601174,1109.636420304196
513.750955,47.114584,-14.37451,1109.45501,1106.4375456464156
513.760955,43.638164,-13.921089,1109.313561,1110.8613879113707
513.770955,40.513981,-13.500627,1109.176478,1107.8793711980975
513.780955,37.696163,-13.109839,1109.04345,1106.975612869629
513.790955,35.14607,-12.745859,1108.914192,1109.1112712079723
513.800955,32.830974,-12.406179,1108.788451,1111.7056546414697
513.810955,30.722998,-12.088592,1108.665995,1108.845507107143
513.820955,28.798286,-11.791149,1108.546613,1107.2855936687247
513.830955,27.03632,-11.512122,1108.430111,1107.6986360142928
513.840955,25.419379,-11.249976,1108.316314,1109.9531655264682
513.850955,23.93209,-11.003337,1108.20506,1108.2198265256352
513.860955,22.561068,-10.770979,1108.0962,1105.5798620708788
513.870955,21.294613,-10.551799,1107.989596,1107.3880704567296
513.880955,20.12246,-10.344803,1107.885123,1107.120534757531
513.890955,19.035578,-10.149095,1107.782662,1108.2848313687102
513.900955,18.02599,-9.963862,1107.682106,1109.1737363309492
513.910955,17.086633,-9.788368,1107.583353,1106.8104353191447
513.920955,16.211234,-9.621943,1107.486309,1106.5177927243153
513.930955,15.394204,-9.463974,1107.390886,1109.2421869239117
513.940955,14.630553,-9.313905,1107.297003,1108.0530896769621
513.950955,13.915816,-9.171224,1107.204583,1108.0498668629862
513.960955,13.245982,-9.035462,1107.113555,1104.3087626407407
513.970955,12.617446,-8.906189,1107.023852,1107.055519233756
513.980955,12.026957,-8.783008,1106.935411,1107.2407112221192
513.990955,11.471579,-8.665554,1106.848173,1107.9239930276974
514.000955,10.948653,-8.553489,1106.762082,1107.2352796054188
514.010955,10.455768,-8.4465,1106.677086,1106.0755679273905
514.020955,9.990732,-8.3443,1106.593136,1108.9905533905066
514.030955,9.551551,-8.246618,1106.510185,1105.0412412357462
514.040955,9.136406,-8.153207,1106.42819,1106.5254940472678
514.050955,8.743634,-8.063834,1106.347108,1108.0228231148963
514.060955,8.371714,-7.978283,1106.2669,1102.59322203823
514.070955,8.019254,-7.896352,1106.18753,1106.1165056349955
514.080955,7.684973,-7.817854,1106.108962,1104.5899319258208
514.090955,7.367696,-7.742613,1106.031162,1105.525351947055
514.100955,7.06634,-7.670463,1105.954099,1103.2535471707495
514.110955,6.779908,-7.601252,1105.877743,1105.2151306969533
514.120955,6.507478,-7.534834,1105.802065,1103.4228227680815
514.130955,6.2482,-7.471074,1105.727037,1107.228224951274
514.140955,6.001285,-7.409844,1105.652635,1105.3104719152284
514.150955,5.766005,-7.351025,1105.578832,1104.4002803200622
514.160955,5.541682,-7.294502,1105.505607,1103.2062299309446
514.170955,5.327687,-7.240171,1105.432935,1106.5187972296503
514.180955,5.123437,-7.18793,1105.360796,1104.5059251006398
514.190955,4.928386,-7.137686,1105.28917,1104.8461349359127
514.200955,4.74203,-7.089347,1105.218036,1106.0931124585254
514.210955,4.563894,-7.042831,1105.147377,1103.5027797431226
514.220955,4.393538,-6.998057,1105.077174,1106.5420010425014
514.230955,4.23055,-6.954949,1105.00741,1105.002009685174
514.240955,4.074544,-6.913436,1104.938069,1103.2482061678124
514.250955,3.925159,-6.873449,1104.869136,1105.3556101792728
514.260955,3.782057,-6.834925,1104.800596,1108.8510361003327
514.270955,3.644921,-6.797801,1104.732433,1104.2204943089034
514.280955,3.513453,-6.76202,1104.664635,1103.3348419906813
514.290955,3.387373,-6.727526,1104.597188,1104.3247170813524
514.300955,3.26642,-6.694268,1104.53008,1104.1177916493068
514.310955,3.150344,-6.662194,1104.463299,1104.4120239606798
514.320955,3.038913,-6.631257,1104.396833,1103.1127370783909
514.330955,2.931909,-6.601413,1104.33067,1102.7375586048483
514.340955,2.829123,-6.572617,1104.264801,1102.3308876102565
514.350955,2.730362,-6.544829,1104.199215,1102.5244925799323
514.360955,2.635439,-6.518009,1104.133901,1102.6279836970818
514.370955,2.544181,-6.492119,1104.068851,1107.3194685074084
514.380955,2.456424,-6.467125,1104.004056,1106.0054597565838
514.390955,2.372012,-6.442991,1103.939506,1102.19508103402
514.400955,2.290796,-6.419685,1103.875193,1106.0309122318195
514.410955,2.212637,-6.397176,1103.81111,1104.0469513114217
514.420955,2.137403,-6.375434,1103.747247,1104.783394790118
514.430955,2.064968,-6.35443,1103.683599,1102.9653411460622
514.440955,1.995213,-6.334136,1103.620156,1102.4949453738411
514.450955,1.928024,-6.314528,1103.556913,1103.1399263355665
514.460955,1.863295,-6.295579,1103.493863,1101.0410920138356
514.470955,1.800922,-6.277265,1103.431,1104.8914483938174
514.480955,1.740808,-6.259563,1103.368316,1106.3476514688932
514.490955,1.682862,-6.242452,1103.305807,1103.0342214888822
514.500955,1.626994,-6.22591,1103.243465,1100.253715584903
514.510955,1.573122,-6.209916,1103.181287,1103.7743824907775
514.520955,1.521165,-6.194451,1103.119265,1103.1505634080343
514.530955,1.471047,-6.179497,1103.057396,1102.448234591505
514.540955,1.422695,-6.165035,1102.995674,1102.682446991903
514.550955,1.37604,-6.151048,1102.934094,1101.6803206687505
514.560955,1.331017,-6.137519,1102.872651,1103.8719684048574
514.570955,1.287561,-6.124432,1102.811342,1100.5676113595466
514.580955,1.245612,-6.111773,1102.750161,1103.076235903215
514.590955,1.205114,-6.099526,1102.689105,1102.6226639514377
514.600955,1.16601,-6.087676,1102.628169,1102.0303975073282
514.610955,1.128247,-6.076211,1102.56735,1101.1936798596123
514.620955,1.091777,-6.065117,1102.506644,1102.4661270712588
514.630955,1.056549,-6.054381,1102.446047,1102.3173882807275
514.640955,1.022519,-6.043992,1102.385555,1103.2376935181805
514.650955,0.989641,-6.033937,1102.325166,1099.2808439917787
514.660955,0.957873,-6.024205,1102.264875,1100.580241883097
514.670955,0.927175,-6.014786,1102.20468,1098.872815450246
514.680955,0.897508,-6.005668,1102.144578,1100.9025314858163
514.690955,0.868834,-5.996842,1102.084566,1102.9683065070153
514.700955,0.841117,-5.988298,1102.024641,1103.4088088273388
514.710955,0.814324,-5.980026,1101.964799,1104.15990666087
514.720955,0.78842,-5.972018,1101.905039,1101.574053059545
514.730955,0.763375,-5.964265,1101.845358,1103.4217202489199
514.740955,0.739158,-5.956758,1101.785753,1102.1215342478831
514.750955,0.71574,-5.949489,1101.726222,1098.6015872977175
514.760955,0.693092,-5.94245,1101.666763,1100.8320891407334
514.770955,0.671188,-5.935634,1101.607372,1098.533571179201
514.780955,0.650001,-5.929033,1101.548049,1100.736230530703
514.790955,0.629507,-5.922641,1101.488791,1099.3380901426667
514.800955,0.609682,-5.91645,1101.429596,1100.7820711157585
514.810955,0.590502,-5.910455,1101.370461,1100.3110280499106
514.820955,0.571946,-5.904648,1101.311386,1100.5920964841355
514.830955,0.553992,-5.899023,1101.252368,1100.2438772712812
514.840955,0.53662,-5.893575,1101.193405,1099.5215043796236
514.850955,0.519809,-5.888298,1101.134496,1102.2943706236879
514.860955,0.503541,-5.883187,1101.075638,1102.2069893160378
514.870955,0.487796,-5.878235,1101.016831,1101.2112027597286
514.880955,0.472559,-5.873439,1100.958073,1100.1737558228915
514.890955,0.457811,-5.868792,1100.899362,1099.725535428313
514.900955,0.443536,-5.86429,1100.840697,1102.10108398929
514.910955,0.429718,-5.859929,1100.782076,1103.72758504759
514.920955,0.416342,-5.855704,1100.723498,1100.1815880274135
514.930955,0.403394,-5.85161,1100.664961,1100.0773431802268
514.940955,0.390858,-5.847644,1100.606465,1098.4427804851296
514.950955,0.378722,-5.843801,1100.548008,1103.5521323857647
514.960955,0.366972,-5.840077,1100.489589,1099.840049377199
514.970955,0.355595,-5.836469,1100.431206,1101.0611566048435
514.980955,0.344579,-5.832973,1100.372859,1099.2191641226786
514.990955,0.333913,-5.829586,1100.314546,1098.5514216003025
515.000955,0.323584,-5.826303,1100.256267,1098.255496527863
515.010955,0.313583,-5.823122,1100.19802,1099.0363855096493
515.020955,0.303897,-5.82004,1100.139804,1102.8708922193186
515.030955,0.294517,-5.817052,1100.081619,1099.0389180840816
515.040955,0.285433,-5.814158,1100.023463,1099.1206110879223
515.050955,0.276635,-5.811352,1099.965335,1100.649496395914
515.060955,0.268114,-5.808633,1099.907235,1099.1334005446747
515.070955,0.259861,-5.805998,1099.849162,1097.7302770594872
515.080955,0.251868,-5.803444,1099.791115,1099.9866883556692
515.090955,0.244125,-5.800969,1099.733093,1100.053082767099
515.100955,0.236626,-5.79857,1099.675096,1098.5178336614917
515.110955,0.229361,-5.796245,1099.617122,1102.6737670668163
515.120955,0.222324,-5.793991,1099.55917,1101.9045454722097
515.130955,0.215508,-5.791806,1099.501242,1100.5891725821798
515.140955,0.208904,-5.789689,1099.443334,1097.4475885031761
515.150955,0.202507,-5.787637,1099.385448,1100.81179278279
515.160955,0.19631,-5.785647,1099.327581,1100.0379999869942
515.170955,0.190306,-5.783719,1099.269734,1101.198395906434
515.180955,0.184489,-5.78185,1099.211907,1097.6750231989427
515.190955,0.178854,-5.780038,1099.154097,1101.111890738555
515.200955,0.173395,-5.778281,1099.096306,1098.1278874325212
515.210955,0.168105,-5.776578,1099.038531,1098.001623268536
515.220955,0.16298,-5.774927,1098.980774,1101.843143973094
515.230955,0.158014,-5.773327,1098.923033,1098.9057686510157
515.240955,0.153203,-5.771775,1098.865307,1101.7193898157523
515.250955,0.148541,-5.770271,1098.807597,1098.5237486856101
515.260955,0.144024,-5.768813,1098.749902,1098.7373106526925
515.270955,0.139648,-5.767399,1098.692221,1095.9744543724742
515.280955,0.135407,-5.766029,1098.634554,1099.782973102976
515.290955,0.131297,-5.7647,1098.5769,1098.4361350675756
515.300955,0.127315,-5.763411,1098.519259,1099.2326239206209
515.310955,0.123456,-5.762162,1098.461632,1098.9105221846198
515.320955,0.119717,-5.760951,1098.404016,1098.4037411596191
515.330955,0.116094,-5.759776,1098.346412,1098.7392185429865
515.340955,0.112582,-5.758637,1098.28882,1096.7036465420404
515.350955,0.10918,-5.757533,1098.23124,1097.754932243589
515.360955,0.105882,-5.756462,1098.17367,1100.9269961893087
515.370955,0.102687,-5.755424,1098.11611,1097.091117148618
515.380955,0.09959,-5.754417,1098.058561,1098.318554191227
515.390955,0.096588,-5.753441,1098.001022,1098.7346084444903
515.400955,0.09368,-5.752494,1097.943492,1098.0439158988947
515.410955,0.090861,-5.751575,1097.885972,1097.9757168606736
515.420955,0.088129,-5.750685,1097.82846,1098.343579109716
515.430955,0.085481,-5.749821,1097.770958,1096.7009642966448
515.440955,0.082915,-5.748984,1097.713464,1097.0041746081918
515.450955,0.080428,-5.748171,1097.655978,1094.5618772509495
515.460955,0.078018,-5.747383,1097.5985,1097.2505377650414
515.470955,0.075682,-5.746619,1097.54103,1095.744091197982
515.480955,0.073418,-5.745878,1097.483568,1098.7569046452122
515.490955,0.071224,-5.745159,1097.426113,1095.958030126946
515.500955,0.069097,-5.744462,1097.368665,1097.0786524937705
515.510955,0.067036,-5.743786,1097.311223,1097.2826203600064
515.520955,0.065038,-5.74313,1097.253789,1097.6026263132771
515.530955,0.063102,-5.742494,1097.196361,1097.8133165986842
515.540955,0.061225,-5.741876,1097.138939,1098.2604799507744
515.550955,0.059406,-5.741277,1097.081523,1097.789594525797
515.560955,0.057643,-5.740697,1097.024113,1098.0143365040271
515.570955,0.055934,-5.740133,1096.966709,1097.658930663551
515.580955,0.054278,-5.739586,1096.90931,1097.1917343386385
515.590955,0.052673,-5.739056,1096.851917,1094.8151416626317
515.600955,0.051117,-5.738541,1096.794529,1099.865847861177
515.610955,0.049608,-5.738042,1096.737146,1099.1959791652055
515.620955,0.048146,-5.737558,1096.679768,1096.5908193371636
515.630955,0.046729,-5.737087,1096.622395,1095.8315840064058
515.640955,0.045356,-5.736631,1096.565026,1096.50389856283
515.650955,0.044024,-5.736189,1096.507662,1095.102166101351
515.660955,0.042734,-5.735759,1096.450303,1096.354575812139
515.670955,0.041483,-5.735342,1096.392947,1093.8036137994193
515.680955,0.04027,-5.734938,1096.335596,1094.9137823477536
515.690955,0.039095,-5.734545,1096.278248,1096.9790786833123
515.700955,0.037955,-5.734165,1096.220905,1095.6024911689262
515.710955,0.036851,-5.733795,1096.163565,1092.992847325266
515.720955,0.03578,-5.733436,1096.106229,1097.0486316362465
515.730955,0.034742,-5.733087,1096.048896,1094.275851156064
515.740955,0.033736,-5.732749,1095.991567,1095.596567992823
515.750955,0.032761,-5.732421,1095.934241,1097.0997691492325
515.760955,0.031816,-5.732102,1095.876919,1091.7446479453347
515.770955,0.0309,-5.731793,1095.819599,1094.8649126889284
515.780955,0.030011,-5.731493,1095.762283,1095.9253434021743
515.790955,0.02915,-5.731201,1095.704969,1096.9087484548882
515.800955,0.028316,-5.730918,1095.647659,1094.369331209695
515.810955,0.027506,-5.730643,1095.590351,1093.8643567357399
515.820955,0.026722,-5.730376,1095.533046,1094.8503399352699
515.830955,0.025962,-5.730117,1095.475743,1097.3682358027181
515.840955,0.025225,-5.729865,1095.418443,1096.2574552006004
515.850955,0.02451,-5.729621,1095.361146,1094.5509332508186
515.860955,0.023817,-5.729383,1095.303851,1092.8522830516022
515.870955,0.023146,-5.729152,1095.246558,1095.3299715681285
515.880955,0.022495,-5.728928,1095.189268,1092.3471474262349
515.890955,0.021863,-5.728711,1095.13198,1094.7351973062744
515.900955,0.021251,-5.728499,1095.074693,1095.9945114356533
515.910955,0.020658,-5.728294,1095.01741,1094.0987745266193
515.920955,0.020083,-5.728094,1094.960128,1096.8554967935156
515.930955,0.019526,-5.7279,1094.902848,1095.2192613558013
515.940955,0.018985,-5.727712,1094.84557,1092.5083232212537
515.950955,0.018461,-5.727529,1094.788293,1096.3243856630265
515.960955,0.017953,-5.727351,1094.731019,1094.2759415686367
515.970955,0.017461,-5.727178,1094.673746,1097.4784661915082
515.980955,0.016983,-5.727009,1094.616475,1095.7681384281013
515.990955,0.01652,-5.726846,1094.559206,1091.9882732839624
516.000955,0.016071,-5.726687,1094.501938,1092.5007179292224
516.010955,0.015636,-5.726532,1094.444672,1096.5651783709143
516.020955,0.015214,-5.726382,1094.387408,1096.2256987000637
516.030955,0.014805,-5.726236,1094.330145,1095.9396349878057
516.040955,0.014408,-5.726094,1094.272883,1093.9771757108613
516.050955,0.014024,-5.725956,1094.215623,1093.280821724538
516.060955,0.013651,-5.725821,1094.158364,1094.2523192543788
516.070955,0.013289,-5.72569,1094.101106,1094.7714703787872
516.080955,0.012939,-5.725563,1094.04385,1093.944807215899
516.090955,0.012599,-5.725439,1093.986595,1095.820349762137
516.100955,0.012269,-5.725319,1093.929341,1094.4609478810987
516.110955,0.01195,-5.725201,1093.872089,1092.2713731264635
516.120955,0.01164,-5.725087,1093.814837,1093.3422030065349
516.130955,0.011339,-5.724976,1093.757587,1095.007291816285
516.140955,0.011048,-5.724868,1093.700338,1092.3492970140694
516.150955,0.010765,-5.724763,1093.64309,1091.8053868298364
516.160955,0.010491,-5.72466,1093.585842,1093.2494405135212
516.170955,0.010226,-5.72456,1093.528596,1093.7738443329179
516.180955,0.009968,-5.724463,1093.471351,1095.2709146696034
516.190955,0.009718,-5.724368,1093.414107,1090.9384863765229
516.200955,0.009476,-5.724276,1093.356864,1091.182445670424
516.210955,0.009241,-5.724186,1093.299622,1092.307939618145
516.220955,0.009013,-5.724098,1093.24238,1091.4646943038176
516.230955,0.008792,-5.724013,1093.18514,1092.0664490894176
516.240955,0.008577,-5.72393,1093.1279,1091.9957331076796
516.250955,0.008369,-5.723849,1093.070661,1090.3302469923271
516.260955,0.008168,-5.723769,1093.013423,1095.3566732839324
516.270955,0.007972,-5.723692,1092.956186,1095.6004352415052
516.280955,0.007782,-5.723617,1092.898949,1091.16834934531
516.290955,0.007598,-5.723544,1092.841713,1093.3594522705412
516.300955,0.00742,-5.723472,1092.784478,1092.8840374063666
516.310955,0.007246,-5.723402,1092.727244,1090.420379007572
516.320955,0.007078,-5.723334,1092.67001,1093.1796938430195
516.330955,0.006915,-5.723267,1092.612777,1089.821330359554
516.340955,0.006757,-5.723202,1092.555545,1091.1216455095282
516.350955,0.006604,-5.723139,1092.498313,1095.8676865639852
516.360955,0.006455,-5.723077,1092.441082,1093.9237542163073
516.370955,0.006311,-5.723016,1092.383851,1091.4759309086237
516.380955,0.006171,-5.722957,1092.326622,1090.5977240276204
516.390955,0.006035,-5.722899,1092.269392,1093.6740689814335
516.400955,0.005903,-5.722843,1092.212164,1094.5291077989075
516.410955,0.005775,-5.722787,1092.154935,1092.677657143431
516.420955,0.005651,-5.722733,1092.097708,1090.7101919863283
516.430955,0.00553,-5.722681,1092.040481,1091.6360356621622
516.440955,0.005413,-5.722629,1091.983254,1094.1831363605181
516.450955,0.0053,-5.722578,1091.926028,1091.8047346574772
516.460955,0.00519,-5.722529,1091.868803,1090.721809347777
516.470955,0.005083,-5.722481,1091.811578,1091.4522472221206
516.480955,0.004979,-5.722433,1091.754353,1092.8970908060205
516.490955,0.004878,-5.722387,1091.697129,1089.602132666988
516.500955,0.004781,-5.722342,1091.639905,1091.6211089630053
516.510955,0.004686,-5.722297,1091.582682,1091.6838844497604
516.520955,0.004594,-5.722254,1091.525459,1090.3890692318319
516.530955,0.004505,-5.722211,1091.468237,1091.2031942786032
516.540955,0.004418,-5.722169,1091.411015,1090.595094008624
516.550955,0.004334,-5.722128,1091.353794,1090.8251672751992
516.560955,0.004252,-5.722088,1091.296573,1091.1365831512865
516.570955,0.004172,-5.722048,1091.239352,1088.4713182568544
516.580955,0.004095,-5.72201,1091.182132,1091.6817594737536
516.590955,0.004021,-5.721972,1091.124912,1091.7661126707264
516.600955,0.003948,-5.721934,1091.067692,1091.5295715291713
516.610955,0.003877,-5.721898,1091.010473,1094.1945927290699
516.620955,0.003809,-5.721862,1090.953254,1092.1826881172897
516.630955,0.003742,-5.721827,1090.896036,1092.2628503084172
516.640955,0.003678,-5.721792,1090.838818,1092.892812500912
516.650955,0.003615,-5.721758,1090.7816,1090.014967203218
516.660955,0.003554,-5.721725,1090.724383,1091.3107978480884
516.670955,0.003495,-5.721692,1090.667165,1089.3596287861344
516.680955,0.003437,-5.721659,1090.609949,1086.8499910305716
516.690955,0.003382,-5.721627,1090.552732,1090.589535707543
516.700955,0.003327,-5.721596,1090.495516,1091.7090691163853
516.710955,0.003275,-5.721565,1090.4383,1089.6492804862717
516.720955,0.003224,-5.721535,1090.381085,1090.2127273133704
516.730955,0.003174,-5.721505,1090.32387,1091.4929393583848
516.740955,0.003126,-5.721476,1090.266655,1089.0309604437853
516.750955,0.003079,-5.721447,1090.20944,1091.3089636733177
516.760955,0.003033,-5.721418,1090.152226,1092.518814870321
516.770955,0.002989,-5.72139,1090.095012,1091.8068986593707
516.780955,0.002946,-5.721363,1090.037798,1089.1171625437203
516.790955,0.002904,-5.721335,1089.980584,1089.2504504301521
516.800955,0.002864,-5.721308,1089.923371,1091.4718625316186
516.810955,0.002824,-5.721282,1089.866158,1087.8189909340308
516.820955,0.002786,-5.721256,1089.808946,1093.7839287321626
516.830955,0.002749,-5.72123,1089.751733,1087.040656562547
516.840955,0.002713,-5.721204,1089.694521,1088.2803388295292
516.850955,0.002678,-5.721179,1089.637309,1090.3846640201964
516.860955,0.002643,-5.721154,1089.580097,1091.7491251650572
516.870955,0.00261,-5.72113,1089.522886,1088.4950399239572
516.880955,0.002578,-5.721105,1089.465675,1090.892388535644
516.890955,0.002547,-5.721081,1089.408464,1087.864876436383
516.900955,0.002516,-5.721058,1089.351253,1089.9721740780008
516.910955,0.002487,-5.721034,1089.294043,1087.5335725734565
516.920955,0.002458,-5.721011,1089.236833,1090.6377093609951
516.930955,0.00243,-5.720988,1089.179623,1088.0860780461746
516.940955,0.002403,-5.720965,1089.122413,1087.3560475699176
516.950955,0.002377,-5.720943,1089.065203,1089.4230313311857
516.960955,0.002351,-5.720921,1089.007994,1088.6652196753646
516.970955,0.002326,-5.720899,1088.950785,1087.8407073659675
516.980955,0.002302,-5.720877,1088.893576,1091.3720549086663
516.990955,0.002278,-5.720855,1088.836367,1088.5933331761512
517.000955,0.002256,-5.720834,1088.779159,1087.6833243493904
517.010955,0.002233,-5.720813,1088.721951,1088.4696927999566
517.020955,0.002212,-5.720792,1088.664743,1086.8308589687783
517.030955,0.002191,-5.720771,1088.607535,1086.899651855672
517.040955,0.002171,-5.72075,1088.550327,1088.9904756347025
517.050955,0.002151,-5.72073,1088.49312,1087.638370217024
517.060955,0.002132,-5.72071,1088.435913,1087.0454703745127
517.070955,0.002113,-5.72069,1088.378706,1090.1344692113837
517.080955,0.002095,-5.72067,1088.321499,1083.9546094940363
517.090955,0.002077,-5.72065,1088.264292,1086.07522186052
517.100955,0.00206,-5.72063,1088.207086,1088.8912332257246
517.110955,0.002043,-5.720611,1088.14988,1088.4392934184884
517.120955,0.002027,-5.720591,1088.092674,1088.380183342382
517.130955,0.002012,-5.720572,1088.035468,1085.2604157488718
517.140955,0.001996,-5.720553,1087.978262,1088.1792644065508
517.150955,0.001982,-5.720534,1087.921057,1087.2834223231014
517.160955,0.001967,-5.720515,1087.863851,1088.5092076634824
517.170955,0.001953,-5.720497,1087.806646,1086.5663742691447
517.180955,0.00194,-5.720478,1087.749441,1084.7439900027578
517.190955,0.001926,-5.720459,1087.692237,1089.608735601724
517.200955,0.001914,-5.720441,1087.635032,1082.9803101409027
517.210955,0.001901,-5.720423,1087.577828,1088.839366462255
517.220955,0.001889,-5.720405,1087.520624,1088.3476987307306
517.230955,0.001877,-5.720387,1087.46342,1089.8651988555519
517.240955,0.001866,-5.720369,1087.406216,1086.0616662595653
517.250955,0.001855,-5.720351,1087.349012,1087.5772106113507
517.260955,0.001844,-5.720333,1087.291809,1088.9825596998016
517.270955,0.001834,-5.720315,1087.234606,1086.0035845842535
517.280955,0.001823,-5.720298,1087.177403,1087.3039671979259
517.290955,0.001814,-5.72028,1087.1202,1086.084912596912
517.300955,0.001804,-5.720263,1087.062997,1086.895236198736
517.310955,0.001795,-5.720245,1087.005795,1086.0350866313981
517.320955,0.001786,-5.720228,1086.948592,1086.5034064337035
517.330955,0.001777,-5.720211,1086.89139,1085.4936304684063
517.340955,0.001768,-5.720194,1086.834188,1085.1446393367555
517.350955,0.00176,-5.720177,1086.776986,1088.987860467248
517.360955,0.001752,-5.720159,1086.719785,1086.8337197910835
517.370955,0.001744,-5.720143,1086.662583,1086.5535830756949
517.380955,0.001737,-5.720126,1086.605382,1088.2528081038333
517.390955,0.00173,-5.720109,1086.548181,1085.6123586212163
517.400955,0.001723,-5.720092,1086.49098,1085.94455565744
517.410955,0.001716,-5.720075,1086.433779,1086.0382843865982
517.420955,0.001709,-5.720059,1086.376578,1084.8918652214486
517.430955,0.001703,-5.720042,1086.319378,1085.8568365459957
517.440955,0.001696,-5.720026,1086.262178,1083.2429812102844
517.450955,0.00169,-5.720009,1086.204978,1085.290271733906
517.460955,0.001684,-5.719993,1086.147778,1087.3735833676894
517.470955,0.001679,-5.719976,1086.090578,1085.5483458775666
517.480955,0.001673,-5.71996,1086.033378,1088.5256854619302
517.490955,0.001668,-5.719944,1085.976179,1081.9818255207358
517.500955,0.001663,-5.719927,1085.91898,1083.6245745893223
517.510955,0.001657,-5.719911,1085.861781,1086.4240585856664
517.520955,0.001652,-5.719895,1085.804582,1084.4689663152135
517.530955,0.001648,-5.719879,1085.747383,1084.5802663892014
517.540955,0.001643,-5.719863,1085.690184,1084.3670144706953
517.550955,0.001638,-5.719847,1085.632986,1087.4694964247412
517.560955,0.001634,-5.719831,1085.575787,1085.514770933963
517.570955,0.00163,-5.719815,1085.518589,1085.8233294555293
517.580955,0.001626,-5.719799,1085.461391,1083.6471046220502
517.590955,0.001622,-5.719783,1085.404193,1082.8331425129345
517.600955,0.001618,-5.719767,1085.346996,1085.416457005415
517.610955,0.001614,-5.719751,1085.289798,1085.164375892421
517.620955,0.00161,-5.719735,1085.232601,1085.2136793207924
517.630955,0.001607,-5.719719,1085.175404,1083.0094104004063
517.640955,0.001603,-5.719704,1085.118207,1086.0615227511655
517.650955,0.0016,-5.719688,1085.06101,1083.7385810384465
517.660955,0.001597,-5.719672,1085.003813,1082.9871691348756
517.670955,0.001593,-5.719656,1084.946616,1083.0547952020297
517.680955,0.00159,-5.719641,1084.88942,1084.5037550731677
517.690955,0.001587,-5.719625,1084.832224,1084.533612346049
517.700955,0.001584,-5.719609,1084.775028,1086.67126473925
517.710955,0.001582,-5.719594,1084.717832,1083.4439029744242
517.720955,0.001579,-5.719578,1084.660636,1085.5573767435596
517.730955,0.001576,-5.719563,1084.60344,1082.1321371566821
517.740955,0.001574,-5.719547,1084.546245,1082.587509482461
517.750955,0.001571,-5.719532,1084.48905,1085.4413152425825
517.760955,0.001569,-5.719516,1084.431854,1083.4690652660374
517.770955,0.001566,-5.719501,1084.374659,1082.7939966754047
517.780955,0.001564,-5.719485,1084.317465,1083.9255923062885
517.790955,0.001562,-5.71947,1084.26027,1079.3319393408806
517.800955,0.00156,-5.719454,1084.203075,1081.9975990379364
517.810955,0.001558,-5.719439,1084.145881,1085.5170181905848
517.820955,0.001556,-5.719423,1084.088687,1084.6511016724778
517.830955,0.001554,-5.719408,1084.031493,1082.9244458370733
517.840955,0.001552,-5.719393,1083.974299,1083.3886278555317
517.850955,0.00155,-5.719377,1083.917105,1084.07433187204
517.860955,0.001548,-5.719362,1083.859911,1082.135399521
517.870955,0.001546,-5.719346,1083.802718,1084.3176585686263
517.880955,0.001545,-5.719331,1083.745525,1084.6105337320296
517.890955,0.001543,-5.719316,1083.688331,1079.6326818469815
517.900955,0.001541,-5.719301,1083.631138,1082.460315362492
517.910955,0.00154,-5.719285,1083.573946,1084.0335357244467
517.920955,0.001538,-5.71927,1083.516753,1081.572240483826
517.930955,0.001537,-5.719255,1083.45956,1083.2956855028992
517.940955,0.001535,-5.719239,1083.402368,1083.4430268087076
517.950955,0.001534,-5.719224,1083.345175,1084.3646974838286
517.960955,0.001533,-5.719209,1083.287983,1083.0411895578316
517.970955,0.001531,-5.719194,1083.230791,1084.2903358013498
517.980955,0.00153,-5.719179,1083.173599,1081.1744958285785
517.990955,0.001529,-5.719163,1083.116408,1082.2023032937939
518.000955,0.001528,-5.719148,1083.059216,1082.80033213434
518.010955,0.001526,-5.719133,1083.002025,1081.7213148518379
518.020955,0.001525,-5.719118,1082.944833,1082.3253501760953
518.030955,0.001524,-5.719103,1082.887642,1082.3120853768853
518.040955,0.001523,-5.719087,1082.830451,1081.9414356417074
518.050955,0.001522,-5.719072,1082.773261,1082.7547303734332
518.060955,0.001521,-5.719057,1082.71607,1083.1352580093212
518.070955,0.00152,-5.719042,1082.658879,1084.8222059022416
518.080955,0.001519,-5.719027,1082.601689,1081.2965286604856
518.090955,0.001518,-5.719012,1082.544499,1081.062349986541
518.100955,0.001517,-5.718997,1082.487309,1083.189844653761
518.110955,0.001517,-5.718982,1082.430119,1082.5228733188142
518.120955,0.001516,-5.718966,1082.372929,1079.8138072068084
518.130955,0.001515,-5.718951,1082.31574,1082.8129100849856
518.140955,0.001514,-5.718936,1082.25855,1082.9859259020818
518.150955,0.001513,-5.718921,1082.201361,1082.051953591161
518.160955,0.001513,-5.718906,1082.144172,1082.3519307526706
518.170955,0.001512,-5.718891,1082.086983,1080.3080858419148
518.180955,0.001511,-5.718876,1082.029794,1081.2786882485004
518.190955,0.001511,-5.718861,1081.972605,1083.9982911151988
518.200955,0.00151,-5.718846,1081.915417,1082.9309258918852
518.210955,0.001509,-5.718831,1081.858228,1082.9264277642026
518.220955,0.001509,-5.718816,1081.80104,1080.1739284205303
518.230955,0.001508,-5.718801,1081.743852,1081.8921747574104
518.240955,0.001508,-5.718786,1081.686664,1083.6128321126798
518.250955,0.001507,-5.718771,1081.629476,1082.4375385927997
518.260955,0.001506,-5.718756,1081.572289,1084.2059282596454
518.270955,0.001506,-5.718741,1081.515101,1081.1725468544805
518.280955,0.001505,-5.718726,1081.457914,1084.3955005343105
518.290955,0.001505,-5.71871,1081.400727,1082.1500918930724
518.300955,0.001504,-5.718695,1081.34354,1083.1322170361636
518.310955,0.001504,-5.71868,1081.286353,1084.943497651247
518.320955,0.001503,-5.718665,1081.229166,1080.484191042516
518.330955,0.001503,-5.71865,1081.171979,1084.5944582542122
518.340955,0.001503,-5.718635,1081.114793,1078.801297870521
518.350955,0.001502,-5.71862,1081.057607,1079.8481151510384
518.360955,0.001502,-5.718605,1081.000421,1081.2533608818987
518.370955,0.001501,-5.71859,1080.943235,1080.02593899822
518.380955,0.001501,-5.718576,1080.886049,1080.7200095003122
518.390955,0.001501,-5.718561,1080.828863,1079.7228818376475
518.400955,0.0015,-5.718546,1080.771678,1080.829527024369
518.410955,0.0015,-5.718531,1080.714492,1079.141561514391
518.420955,0.0015,-5.718516,1080.657307,1078.4178236220614
518.430955,0.001499,-5.718501,1080.600122,1079.5380976859385
518.440955,0.001499,-5.718486,1080.542937,1080.2782073517374
518.450955,0.001499,-5.718471,1080.485752,1081.7459015493841
518.460955,0.001498,-5.718456,1080.428568,1079.546862833344
518.470955,0.001498,-5.718441,1080.371383,1080.5571607127492
518.480955,0.001498,-5.718426,1080.314199,1081.1436271642765
518.490955,0.001497,-5.718411,1080.257015,1079.5029544547713
518.500955,0.001497,-5.718396,1080.199831,1080.5754470846189
518.510955,0.001497,-5.718381,1080.142647,1080.0817838560843
518.520955,0.001497,-5.718366,1080.085463,1081.6674069099083
518.530955,0.001496,-5.718351,1080.028279,1080.843561175531
518.540955,0.001496,-5.718336,1079.971096,1082.1796968577848
518.550955,0.001496,-5.718321,1079.913913,1080.9630515923168
518.560955,0.001496,-5.718306,1079.856729,1080.6478020077013
518.570955,0.001496,-5.718291,1079.799546,1080.0666581861024
518.580955,0.001495,-5.718276,1079.742364,1079.9488606826965
518.590955,0.001495,-5.718261,1079.685181,1082.0296793748948
518.600955,0.001495,-5.718246,1079.627998,1079.8588066368734
518.610955,0.001495,-5.718232,1079.570816,1079.4639125555452
518.620955,0.001495,-5.718217,1079.513634,1079.2147600116823
518.630955,0.001494,-5.718202,1079.456452,1078.1112876789132
518.640955,0.001494,-5.718187,1079.39927,1076.8539948348975
518.650955,0.001494,-5.718172,1079.342088,1081.655902106638
518.660955,0.001494,-5.718157,1079.284906,1077.7368128571595
518.670955,0.001494,-5.718142,1079.227725,1079.369747251307
518.680955,0.001494,-5.718127,1079.170543,1080.9369983972633
518.690955,0.001493,-5.718112,1079.113362,1079.0811972629074
518.700955,0.001493,-5.718097,1079.056181,1079.7927459031896
518.710955,0.001493,-5.718082,1078.999,1076.5640123638227
518.720955,0.001493,-5.718067,1078.94182,1078.324227224128
518.730955,0.001493,-5.718052,1078.884639,1080.2600442347973
518.740955,0.001493,-5.718037,1078.827459,1077.1453575943792
518.750955,0.001493,-5.718023,1078.770278,1078.630393742371
518.760955,0.001492,-5.718008,1078.713098,1077.6315477588976
518.770955,0.001492,-5.717993,1078.655918,1075.7979941225933
518.780955,0.001492,-5.717978,1078.598738,1076.133905581126
518.790955,0.001492,-5.717963,1078.541559,1079.0975403079888
518.800955,0.001492,-5.717948,1078.484379,1077.6822694308605
518.810955,0.001492,-5.717933,1078.4272,1080.150730836047
518.820955,0.001492,-5.717918,1078.37002,1077.8003452369373
518.830955,0.001492,-5.717903,1078.312841,1077.2764693633242
518.840955,0.001491,-5.717888,1078.255662,1077.0323854632793
518.850955,0.001491,-5.717873,1078.198483,1076.7310109211746
518.860955,0.001491,-5.717859,1078.141305,1078.2943251073586
518.870955,0.001491,-5.717844,1078.084126,1078.0769307032783
518.880955,0.001491,-5.717829,1078.026948,1079.421547120101
518.890955,0.001491,-5.717814,1077.96977,1078.6645172785584
518.900955,0.001491,-5.717799,1077.912592,1076.0696550791029
518.910955,0.001491,-5.717784,1077.855414,1076.9231190260627
518.920955,0.001491,-5.717769,1077.798236,1076.9345107180982
518.930955,0.001491,-5.717754,1077.741058,1075.7217972291417
518.940955,0.001491,-5.717739,1077.683881,1077.1680905421238
518.950955,0.00149,-5.717724,1077.626704,1080.3792059337095
518.960955,0.00149,-5.717709,1077.569526,1075.1058512309055
518.970955,0.00149,-5.717695,1077.512349,1076.99111693356
518.980955,0.00149,-5.71768,1077.455172,1075.1684293626804
518.990955,0.00149,-5.717665,1077.397996,1075.5694875256675
519.000955,0.00149,-5.71765,1077.340819,1074.1050535988074
519.010955,0.00149,-5.717635,1077.283643,1078.8374842780224
519.020955,0.00149,-5.71762,1077.226466,1076.0988504897655
519.030955,0.00149,-5.717605,1077.16929,1077.7325236643242
519.040955,0.00149,-5.71759,1077.112114,1076.72755533118
519.050955,0.00149,-5.717575,1077.054939,1076.8051132653547
519.060955,0.00149,-5.717561,1076.997763,1076.8087380150146
519.070955,0.00149,-5.717546,1076.940587,1080.0413963748792
519.080955,0.00149,-5.717531,1076.883412,1076.5474016487656
519.090955,0.00149,-5.717516,1076.826237,1074.633759498719
519.100955,0.00149,-5.717501,1076.769062,1078.1101493738245
519.110955,0.001489,-5.717486,1076.711887,1077.0296577233776
519.120955,0.001489,-5.717471,1076.654712,1075.906943130244
519.130955,0.001489,-5.717456,1076.597537,1075.272132109234
519.140955,0.001489,-5.717441,1076.540363,1077.365253333516
519.150955,0.001489,-5.717426,1076.483188,1074.9226828336596
519.160955,0.001489,-5.717412,1076.426014,1075.6605852431953
519.170955,0.001489,-5.717397,1076.36884,1073.9882390964901
519.180955,0.001489,-5.717382,1076.311666,1076.8497642751609
519.190955,0.001489,-5.717367,1076.254493,1077.1472577222512
519.200955,0.001489,-5.717352,1076.197319,1074.4179863523125
519.210955,0.001489,-5.717337,1076.140146,1075.464286754668
519.220955,0.001489,-5.717322,1076.082972,1077.5791666377745
519.230955,0.001489,-5.717307,1076.025799,1072.7707083993696
519.240955,0.001489,-5.717293,1075.968626,1072.494924403402
519.250955,0.001489,-5.717278,1075.911453,1075.8823065118206
519.260955,0.001489,-5.717263,1075.854281,1076.2779136211059
519.270955,0.001489,-5.717248,1075.797108,1073.0010085714118
519.280955,0.001489,-5.717233,1075.739936,1075.21708885612
519.290955,0.001489,-5.717218,1075.682763,1074.0357747181163
519.300955,0.001489,-5.717203,1075.625591,1073.3658568332226
519.310955,0.001489,-5.717188,1075.568419,1073.7488937656808
519.320955,0.001489,-5.717173,1075.511247,1075.4583769136948
519.330955,0.001489,-5.717159,1075.454076,1074.208817030236
519.340955,0.001489,-5.717144,1075.396904,1078.6294883092473
519.350955,0.001488,-5.717129,1075.339733,1072.5891493978154
519.360955,0.001488,-5.717114,1075.282562,1074.4689024837035
519.370955,0.001488,-5.717099,1075.225391,1075.843421144931
519.380955,0.001488,-5.717084,1075.16822,1077.111842330093
519.390955,0.001488,-5.717069,1075.111049,1075.6515797950756
519.400955,0.001488,-5.717054,1075.053878,1074.1899808628332
519.410955,0.001488,-5.717039,1074.996708,1076.6517795475288
519.420955,0.001488,-5.717025,1074.939538,1074.0096716170797
519.430955,0.001488,-5.71701,1074.882367,1075.681206869278
519.440955,0.001488,-5.716995,1074.825197,1075.6989264383092
519.450955,0.001488,-5.71698,1074.768027,1073.7568046615884
519.460955,0.001488,-5.716965,1074.710858,1073.5902675515772
519.470955,0.001488,-5.71695,1074.653688,1075.9610153173724
519.480955,0.001488,-5.716935,1074.596519,1074.5132001062047
519.490955,0.001488,-5.71692,1074.539349,1075.08884085021
519.500955,0.001488,-5.716906,1074.48218,1072.9537980056803
519.510955,0.001488,-5.716891,1074.425011,1075.0598638007793
519.520955,0.001488,-5.716876,1074.367843,1075.879475201765
519.530955,0.001488,-5.716861,1074.310674,1073.2596352074263
519.540955,0.001488,-5.716846,1074.253505,1071.824153972228
519.550955,0.001488,-5.716831,1074.196337,1071.7946156421358
519.560955,0.001488,-5.716816,1074.139169,1073.5650146606938
519.570955,0.001488,-5.716801,1074.082001,1075.0206496104297
519.580955,0.001488,-5.716787,1074.024833,1070.6117595227618
519.590955,0.001488,-5.716772,1073.967665,1074.7721386847768
519.600955,0.001488,-5.716757,1073.910497,1075.1707508629302
519.610955,0.001488,-5.716742,1073.85333,1073.9918928322506
519.620955,0.001488,-5.716727,1073.796162,1075.34133443834
519.630955,0.001488,-5.716712,1073.738995,1075.9385391406383
519.640955,0.001488,-5.716697,1073.681828,1073.936575836428
519.650955,0.001488,-5.716682,1073.624661,1074.4179753574135
519.660955,0.001488,-5.716668,1073.567495,1072.4898399307272
519.670955,0.001488,-5.716653,1073.510328,1075.4248378408738
519.680955,0.001488,-5.716638,1073.453161,1069.182659933381
519.690955,0.001488,-5.716623,1073.395995,1076.414906516317
519.700955,0.001488,-5.716608,1073.338829,1072.3781787265877
519.710955,0.001488,-5.716593,1073.281663,1073.4209829029915
519.720955,0.001488,-5.716578,1073.224497,1072.5404867599461
519.730955,0.001487,-5.716563,1073.167331,1074.2977598780033
519.740955,0.001487,-5.716549,1073.110166,1072.2272047857566
519.750955,0.001487,-5.716534,1073.053,1072.8559784551514
519.760955,0.001487,-5.716519,1072.995835,1073.9221995286373
519.770955,0.001487,-5.716504,1072.93867,1074.4960560789966
519.780955,0.001487,-5.716489,1072.881505,1073.8767337986644
519.790955,0.001487,-5.716474,1072.82434,1070.7896323508269
519.800955,0.001487,-5.716459,1072.767176,1073.609647877027
519.810955,0.001487,-5.716444,1072.710011,1074.046051339038
519.820955,0.001487,-5.71643,1072.652847,1071.288219689721
519.830955,0.001487,-5.716415,1072.595683,1073.8484760523197
519.840955,0.001487,-5.7164,1072.538518,1072.8073357047192
519.850955,0.001487,-5.716385,1072.481355,1071.1508073129282
519.860955,0.001487,-5.71637,1072.424191,1072.3985715514325
519.870955,0.001487,-5.716355,1072.367027,1070.5119164065602
519.880955,0.001487,-5.71634,1072.309864,1072.0304972296135
519.890955,0.001487,-5.716325,1072.2527,1072.2323134777268
519.900955,0.001487,-5.716311,1072.195537,1071.7287106862434
519.910955,0.001487,-5.716296,1072.138374,1070.7049996573728
519.920955,0.001487,-5.716281,1072.081211,1070.7176890298983
519.930955,0.001487,-5.716266,1072.024049,1075.64754087908
519.940955,0.001487,-5.716251,1071.966886,1071.0074085236595
519.950955,0.001487,-5.716236,1071.909723,1071.9128082431778
519.960955,0.001487,-5.716221,1071.852561,1072.4926535346385
519.970955,0.001487,-5.716206,1071.795399,1073.7661106869996
519.980955,0.001487,-5.716192,1071.738237,1071.3193975940587
519.990955,0.001487,-5.716177,1071.681075,1070.7098643816823
520.000955,0.001487,-5.716162,1071.623914,1073.7731367239926
520.010955,0.001487,-5.716147,1071.566752,1070.2009264118956
520.020955,0.001487,-5.716132,1071.509591,1074.5339874654985
520.030955,0.001487,-5.716117,1071.452429,1070.803153024914
520.040955,0.001487,-5.716102,1071.395268,1072.5657449468047
520.050955,0.001487,-5.716087,1071.338107,1069.858505310395
520.060955,0.001487,-5.716073,1071.280946,1070.3774058551123
520.070955,0.001487,-5.716058,1071.223786,1072.265874245051
520.080955,0.001487,-5.716043,1071.166625,1071.4312990394762
520.090955,0.001487,-5.716028,1071.109465,1069.1739072481305
520.100955,0.001487,-5.716013,1071.052305,1068.8339733055973
520.110955,0.001487,-5.715998,1070.995145,1069.4086200779743
520.120955,0.001487,-5.715983,1070.937985,1072.8380067398427
520.130955,0.001487,-5.715969,1070.880825,1067.5697450571226
520.140955,0.001487,-5.715954,1070.823665,1073.3105669724578
520.150955,0.001487,-5.715939,1070.766506,1069.2008994485755
520.160955,0.001487,-5.715924,1070.709347,1070.601256157068
520.170955,0.001487,-5.715909,1070.652188,1071.2859707703913
520.180955,0.001487,-5.715894,1070.595028,1073.2106312960727
520.190955,0.001487,-5.715879,1070.53787,1069.2625180648452
520.200955,0.001487,-5.715864,1070.480711,1069.9128255012347
520.210955,0.001487,-5.71585,1070.423552,1065.8609580561586
520.220955,0.001487,-5.715835,1070.366394,1069.8851205093633
520.230955,0.001487,-5.71582,1070.309236,1071.4205075501106
520.240955,0.001487,-5.715805,1070.252078,1070.7889674485486
520.250955,0.001487,-5.71579,1070.19492,1067.6215959710867
520.260955,0.001487,-5.715775,1070.137762,1071.6326164648126
520.270955,0.001487,-5.71576,1070.080604,1070.0250636258295
520.280955,0.001486,-5.715746,1070.023447,1072.6592102546715
520.290955,0.001486,-5.715731,1069.966289,1069.9920273088965
520.300955,0.001486,-5.715716,1069.909132,1068.3098432779582
520.310955,0.001486,-5.715701,1069.851975,1070.5453694335117
520.320955,0.001486,-5.715686,1069.794818,1070.1952757346633
520.330955,0.001486,-5.715671,1069.737661,1067.4286346779702
520.340955,0.001486,-5.715656,1069.680504,1068.0663035043774
520.350955,0.001486,-5.715642,1069.623348,1073.4453244140536
520.360955,0.001486,-5.715627,1069.566192,1068.6963575385112
520.370955,0.001486,-5.715612,1069.509035,1068.800954512209
520.380955,0.001486,-5.715597,1069.451879,1068.8416139563992
520.390955,0.001486,-5.715582,1069.394723,1067.8244206786517
520.400955,0.001486,-5.715567,1069.337568,1066.9906958103938
520.410955,0.001486,-5.715552,1069.280412,1070.6148725212788
520.420955,0.001486,-5.715537,1069.223257,1068.2353780073904
520.430955,0.001486,-5.715523,1069.166101,1068.5676160515354
520.440955,0.001486,-5.715508,1069.108946,1068.3845966112985
520.450955,0.001486,-5.715493,1069.051791,1067.7591608571151
520.460955,0.001486,-5.715478,1068.994636,1071.2052795946786
520.470955,0.001486,-5.715463,1068.937482,1069.2043129288136
520.480955,0.001486,-5.715448,1068.880327,1069.7539130750163
520.490955,0.001486,-5.715433,1068.823173,1069.8333257745169
520.500955,0.001486,-5.715419,1068.766018,1070.8977197698662
520.510955,0.001486,-5.715404,1068.708864,1070.5857794273363
520.520955,0.001486,-5.715389,1068.65171,1070.5542624654454
520.530955,0.001486,-5.715374,1068.594557,1068.0521795050208
520.540955,0.001486,-5.715359,1068.537403,1068.1110562971471
520.550955,0.001486,-5.715344,1068.480249,1068.6351164417567
520.560955,0.001486,-5.715329,1068.423096,1068.6833195975144
520.570955,0.001486,-5.715315,1068.365943,1068.8047368145478
520.580955,0.001486,-5.7153,1068.30879,1066.2093543514627
520.590955,0.001486,-5.715285,1068.251637,1071.054359804063
520.600955,0.001486,-5.71527,1068.194484,1070.2263754897322
520.610955,0.001486,-5.715255,1068.137331,1068.3961072230725
520.620955,0.001486,-5.71524,1068.080179,1071.310798129719
520.630955,0.001486,-5.715225,1068.023027,1067.9497466319617
520.640955,0.001486,-5.715211,1067.965874,1064.8007494451504
520.650955,0.001486,-5.715196,1067.908722,1068.1311156368158
520.660955,0.001486,-5.715181,1067.85157,1066.5783160358444
520.670955,0.001486,-5.715166,1067.794419,1065.7197058955765
520.680955,0.001486,-5.715151,1067.737267,1068.0590756031556
520.690955,0.001486,-5.715136,1067.680116,1070.1416317431108
520.700955,0.001486,-5.715121,1067.622964,1068.0039287179563
520.710955,0.001486,-5.715107,1067.565813,1069.3374766462637
520.720955,0.001486,-5.715092,1067.508662,1064.445964438336
520.730955,0.001486,-5.715077,1067.451511,1067.7124352680555
520.740955,0.001486,-5.715062,1067.394361,1067.4612102480924
520.750955,0.001486,-5.715047,1067.33721,1067.6576725582918
520.760955,0.001486,-5.715032,1067.28006,1069.337636409293
520.770955,0.001486,-5.715017,1067.22291,1067.593266741526
520.780955,0.001486,-5.715003,1067.16576,1063.516522455103
520.790955,0.001486,-5.714988,1067.10861,1065.1670412502692
520.800955,0.001486,-5.714973,1067.05146,1064.8851465264352
520.810955,0.001486,-5.714958,1066.99431,1065.4119857298715
520.820955,0.001486,-5.714943,1066.937161,1065.8268416939648
520.830955,0.001486,-5.714928,1066.880011,1066.6829099396855
520.840955,0.001486,-5.714913,1066.822862,1066.4200180634539
520.850955,0.001486,-5.714899,1066.765713,1066.7062768468477
520.860955,0.001486,-5.714884,1066.708564,1065.6215022175
520.870955,0.001486,-5.714869,1066.651415,1068.2623328093855
520.880955,0.001486,-5.714854,1066.594267,1067.74072474579
520.890955,0.001486,-5.714839,1066.537118,1067.3113155550232
520.900955,0.001485,-5.714824,1066.47997,1069.7737788989098
520.910955,0.001485,-5.714809,1066.422822,1064.588834688012
520.920955,0.001485,-5.714795,1066.365674,1066.6910466306874
520.930955,0.001485,-5.71478,1066.308526,1064.2015001000805
520.940955,0.001485,-5.714765,1066.251378,1066.8502555725383
520.950955,0.001485,-5.71475,1066.194231,1066.9409728925782
520.960955,0.001485,-5.714735,1066.137083,1064.4467384039963
520.970955,0.001485,-5.71472,1066.079936,1066.774647106227
520.980955,0.001485,-5.714705,1066.022789,1065.447476126222
520.990955,0.001485,-5.714691,1065.965642,1066.8417082838496
521.000955,0.001485,-5.714676,1065.908495,1066.6629003920716
521.010955,0.001485,-5.714661,1065.851348,1065.8971293729905
521.020955,0.001485,-5.714646,1065.794202,1064.489748471015
521.030955,0.001485,-5.714631,1065.737055,1067.6091984071686
521.040955,0.001485,-5.714616,1065.679909,1065.9094508420499
521.050955,0.001485,-5.714601,1065.622763,1063.698097420037
521.060955,0.001485,-5.714587,1065.565617,1065.5055051338213
521.070955,0.001485,-5.714572,1065.508471,1065.4879714891933
521.080955,0.001485,-5.714557,1065.451326,1065.0277117663777
521.090955,0.001485,-5.714542,1065.39418,1064.0709893185121
521.100955,0.001485,-5.714527,1065.337035,1062.6426705571214
521.110955,0.001485,-5.714512,1065.27989,1066.353602861616
521.120955,0.001485,-5.714497,1065.222745,1066.0757799295218
521.130955,0.001485,-5.714483,1065.1656,1062.321166746704
521.140955,0.001485,-5.714468,1065.108455,1065.6643143668286
521.150955,0.001485,-5.714453,1065.05131,1068.373247308936
521.160955,0.001485,-5.714438,1064.994166,1069.2984137212638
521.170955,0.001485,-5.714423,1064.937021,1063.7132998016166
521.180955,0.001485,-5.714408,1064.879877,1063.2657209908575
521.190955,0.001485,-5.714394,1064.822733,1066.04495422363
521.200955,0.001485,-5.714379,1064.765589,1065.1425204077314
521.210955,0.001485,-5.714364,1064.708446,1062.800511879
521.220955,0.001485,-5.714349,1064.651302,1063.6567136912274
521.230955,0.001485,-5.714334,1064.594159,1065.836580467099
521.240955,0.001485,-5.714319,1064.537016,1063.9226225781588
521.250955,0.001485,-5.714304,1064.479872,1062.8684191258926
521.260955,0.001485,-5.71429,1064.422729,1065.6374764509899
521.270955,0.001485,-5.714275,1064.365587,1066.2915990174342
521.280955,0.001485,-5.71426,1064.308444,1064.4597122265416
521.290955,0.001485,-5.714245,1064.251301,1064.9370948624194
521.300955,0.001485,-5.71423,1064.194159,1065.3193033125474
521.310955,0.001485,-5.714215,1064.137017,1065.4030986940577
521.320955,0.001485,-5.7142,1064.079875,1063.7870890106326
521.330955,0.001485,-5.714186,1064.022733,1064.8988784483963
521.340955,0.001485,-5.714171,1063.965591,1062.5711919246676
521.350955,0.001485,-5.714156,1063.908449,1062.776111367962
521.360955,0.001485,-5.714141,1063.851308,1062.2809914224663
521.370955,0.001485,-5.714126,1063.794167,1063.2048114160716
521.380955,0.001485,-5.714111,1063.737025,1065.199810552778
521.390955,0.001485,-5.714097,1063.679884,1062.4814740376028
521.400955,0.001485,-5.714082,1063.622743,1061.2566214757599
521.410955,0.001485,-5.714067,1063.565603,1062.4365036118738
521.420955,0.001485,-5.714052,1063.508462,1063.8735736184522
521.430955,0.001485,-5.714037,1063.451322,1064.5223590047235
521.440955,0.001485,-5.714022,1063.394181,1060.487277079158
521.450955,0.001485,-5.714007,1063.337041,1064.1615859563203
521.460955,0.001485,-5.713993,1063.279901,1062.0806688701773
521.470955,0.001485,-5.713978,1063.222761,1065.1228967493337
521.480955,0.001485,-5.713963,1063.165622,1064.297100164164
521.490955,0.001485,-5.713948,1063.108482,1062.7843284521575
521.500955,0.001485,-5.713933,1063.051343,1065.2393567274992
521.510955,0.001485,-5.713918,1062.994203,1060.7483234427455
521.520955,0.001485,-5.713904,1062.937064,1061.5283020108916
521.530955,0.001485,-5.713889,1062.879925,1061.2184364793277
521.540955,0.001485,-5.713874,1062.822787,1060.6599302059603
521.550955,0.001484,-5.713859,1062.765648,1064.6229503834452
521.560955,0.001484,-5.713844,1062.708509,1062.0545361196555
521.570955,0.001484,-5.713829,1062.651371,1060.946814935998
521.580955,0.001484,-5.713814,1062.594233,1063.5036138052362
521.590955,0.001484,-5.7138,1062.537095,1064.568945253744
521.600955,0.001484,-5.713785,1062.479957,1060.9987885555543
521.610955,0.001484,-5.71377,1062.422819,1060.5045236369388
521.620955,0.001484,-5.713755,1062.365681,1062.412598755594
521.630955,0.001484,-5.71374,1062.308544,1061.5754133229818
521.640955,0.001484,-5.713725,1062.251407,1060.7158431283094
521.650955,0.001484,-5.713711,1062.194269,1060.7249974671881
521.660955,0.001484,-5.713696,1062.137132,1061.4689065803252
521.670955,0.001484,-5.713681,1062.079995,1059.2141958695827
521.680955,0.001484,-5.713666,1062.022859,1061.018912205998
521.690955,0.001484,-5.713651,1061.965722,1061.1579272980978
521.700955,0.001484,-5.713636,1061.908586,1065.0565159531964
521.710955,0.001484,-5.713621,1061.851449,1063.1746582170495
521.720955,0.001484,-5.713607,1061.794313,1059.1589691603467
521.730955,0.001484,-5.713592,1061.737177,1061.3527747404532
521.740955,0.001484,-5.713577,1061.680041,1058.5836445244051
521.750955,0.001484,-5.713562,1061.622906,1060.177237851304
521.760955,0.001484,-5.713547,1061.56577,1061.0307595127642
521.770955,0.001484,-5.713532,1061.508635,1062.1764033310565
521.780955,0.001484,-5.713518,1061.4515,1061.3882128352336
521.790955,0.001484,-5.713503,1061.394364,1062.2676415805308
521.800955,0.001484,-5.713488,1061.33723,1062.5566911724075
521.810955,0.001484,-5.713473,1061.280095,1059.7181220183927
521.820955,0.001484,-5.713458,1061.22296,1061.1187770938702
521.830955,0.001484,-5.713443,1061.165826,1061.3767042379668
521.840955,0.001484,-5.713429,1061.108691,1060.3125906929774
521.850955,0.001484,-5.713414,1061.051557,1061.1434267993761
521.860955,0.001484,-5.713399,1060.994423,1062.5146389717504
521.870955,0.001484,-5.713384,1060.937289,1063.4729529235494
521.880955,0.001484,-5.713369,1060.880155,1061.0448156919028
521.890955,0.001484,-5.713354,1060.823022,1062.0022170873422
521.900955,0.001484,-5.71334,1060.765888,1060.931519524095
521.910955,0.001484,-5.713325,1060.708755,1060.7269033246523
521.920955,0.001484,-5.71331,1060.651622,1059.6620927630827
521.930955,0.001484,-5.713295,1060.594489,1060.358061632166
521.940955,0.001484,-5.71328,1060.537356,1061.1675158151709
521.950955,0.001484,-5.713265,1060.480223,1060.906762635675
521.960955,0.001484,-5.71325,1060.42309,1062.7156368625429
521.970955,0.001484,-5.713236,1060.365958,1058.755748273042
521.980955,0.001484,-5.713221,1060.308826,1059.4004397273275
521.990955,0.001484,-5.713206,1060.251694,1060.7202029407767
522.000955,0.001484,-5.713191,1060.194562,1060.030059383828
522.010955,0.001484,-5.713176,1060.13743,1059.187636119937
522.020955,0.001484,-5.713161,1060.080298,1062.050737649892
522.030955,0.001484,-5.713147,1060.023167,1061.7359367911965
522.040955,0.001484,-5.713132,1059.966035,1057.9962698784418
522.050955,0.001484,-5.713117,1059.908904,1056.8949212180155
522.060955,0.001484,-5.713102,1059.851773,1057.3859552757926
522.070955,0.001484,-5.713087,1059.794642,1059.3831227810315
522.080955,0.001484,-5.713072,1059.737511,1059.391019077458
522.090955,0.001484,-5.713058,1059.68038,1061.3376892828321
522.100955,0.001484,-5.713043,1059.62325,1059.3689560659861
522.110955,0.001484,-5.713028,1059.56612,1058.9563376907572
522.120955,0.001484,-5.713013,1059.508989,1057.7090148540158
522.130955,0.001484,-5.712998,1059.451859,1062.224982614191
522.140955,0.001484,-5.712983,1059.394729,1059.3170953373008
522.150955,0.001484,-5.712969,1059.3376,1056.8702236814622
522.160955,0.001484,-5.712954,1059.28047,1060.0626719947832
522.170955,0.001484,-5.712939,1059.223341,1058.2553351305332
522.180955,0.001484,-5.712924,1059.166211,1061.527404040997
522.190955,0.001483,-5.712909,1059.109082,1055.6341962534232
522.200955,0.001483,-5.712894,1059.051953,1057.6081081646005
522.210955,0.001483,-5.71288,1058.994824,1058.6972252252315
522.220955,0.001483,-5.712865,1058.937695,1059.435451392256
522.230955,0.001483,-5.71285,1058.880567,1060.6118711314639
522.240955,0.001483,-5.712835,1058.823438,1058.930303295526
522.250955,0.001483,-5.71282,1058.76631,1058.8398166732482
522.260955,0.001483,-5.712805,1058.709182,1059.2058619748543
522.270955,0.001483,-5.712791,1058.652054,1061.1096465861608
522.280955,0.001483,-5.712776,1058.594926,1058.1448627285715
522.290955,0.001483,-5.712761,1058.537799,1057.613581895947
522.300955,0.001483,-5.712746,1058.480671,1061.1675330263363
522.310955,0.001483,-5.712731,1058.423544,1059.4406281415588
522.320955,0.001483,-5.712716,1058.366416,1058.0489383951406
522.330955,0.001483,-5.712702,1058.309289,1057.6756613061502
522.340955,0.001483,-5.712687,1058.252162,1058.6327114307992
522.350955,0.001483,-5.712672,1058.195036,1058.63883472992
522.360955,0.001483,-5.712657,1058.137909,1055.281018961294
522.370955,0.001483,-5.712642,1058.080782,1059.615624968706
522.380955,0.001483,-5.712627,1058.023656,1057.5829197119615
522.390955,0.001483,-5.712613,1057.96653,1056.5274430703646
522.400955,0.001483,-5.712598,1057.909404,1059.3825235972017
522.410955,0.001483,-5.712583,1057.852278,1057.0592457578873
522.420955,0.001483,-5.712568,1057.795152,1057.9290659237226
522.430955,0.001483,-5.712553,1057.738027,1057.9146719944736
522.440955,0.001483,-5.712538,1057.680901,1057.3840027648168
522.450955,0.001483,-5.712524,1057.623776,1055.941785109441
522.460955,0.001483,-5.712509,1057.566651,1056.7566330070476
522.470955,0.001483,-5.712494,1057.509526,1055.9830500282958
522.480955,0.001483,-5.712479,1057.452401,1056.5241883713327
522.490955,0.001483,-5.712464,1057.395276,1056.6362351759847
522.500955,0.001483,-5.712449,1057.338151,1058.55662468979
522.510955,0.001483,-5.712435,1057.281027,1059.8101662168306
522.520955,0.001483,-5.71242,1057.223903,1059.19588105749
522.530955,0.001483,-5.712405,1057.166779,1058.792238908464
522.540955,0.001483,-5.71239,1057.109655,1056.6099488355126
522.550955,0.001483,-5.712375,1057.052531,1057.1965722313437
522.560955,0.001483,-5.71236,1056.995407,1058.2311066758352
522.570955,0.001483,-5.712346,1056.938284,1059.6275607679406
522.580955,0.001483,-5.712331,1056.88116,1055.8370452327324
522.590955,0.001483,-5.712316,1056.824037,1053.880421719784
522.600955,0.001483,-5.712301,1056.766914,1054.5201525873622
522.610955,0.001483,-5.712286,1056.709791,1055.1839971276968
522.620955,0.001483,-5.712271,1056.652668,1056.6345336750662
522.630955,0.001483,-5.712257,1056.595546,1056.318866230521
522.640955,0.001483,-5.712242,1056.538423,1058.624725979614
522.650955,0.001483,-5.712227,1056.481301,1057.6388081636405
522.660955,0.001483,-5.712212,1056.424179,1055.2815774267192
522.670955,0.001483,-5.712197,1056.367057,1057.8618192195445
522.680955,0.001483,-5.712183,1056.309935,1057.7807187393742
522.690955,0.001483,-5.712168,1056.252813,1055.5236105670406
522.700955,0.001483,-5.712153,1056.195691,1053.4254785540259
522.710955,0.001483,-5.712138,1056.13857,1053.0824587314835
522.720955,0.001483,-5.712123,1056.081448,1057.5029788396241
522.730955,0.001483,-5.712108,1056.024327,1057.6597649099012
522.740955,0.001483,-5.712094,1055.967206,1055.8227759272395
522.750955,0.001483,-5.712079,1055.910085,1057.6574044477554
522.760955,0.001483,-5.712064,1055.852965,1055.2272767394481
522.770955,0.001483,-5.712049,1055.795844,1056.4121155069936
522.780955,0.001483,-5.712034,1055.738724,1056.0920020857488
522.790955,0.001483,-5.712019,1055.681604,1057.8968808294032
522.800955,0.001483,-5.712005,1055.624483,1055.6678814463341
522.810955,0.001483,-5.71199,1055.567363,1053.225488747754
522.820955,0.001483,-5.711975,1055.510244,1055.1525038082998
522.830955,0.001483,-5.71196,1055.453124,1051.4462618110517
522.840955,0.001482,-5.711945,1055.396004,1054.9720057490856
522.850955,0.001482,-5.71193,1055.338885,1054.4740434835053
522.860955,0.001482,-5.711916,1055.281766,1052.7686908120183
522.870955,0.001482,-5.711901,1055.224647,1052.667771714776
522.880955,0.001482,-5.711886,1055.167528,1056.24613797601
522.890955,0.001482,-5.711871,1055.110409,1053.6543607295907
522.900955,0.001482,-5.711856,1055.05329,1054.7974531704745
522.910955,0.001482,-5.711842,1054.996172,1054.5325380560912
522.920955,0.001482,-5.711827,1054.939054,1053.5437966775614
522.930955,0.001482,-5.711812,1054.881935,1053.8804257985698
522.940955,0.001482,-5.711797,1054.824817,1056.047700996004
522.950955,0.001482,-5.711782,1054.767699,1054.0278125806726
522.960955,0.001482,-5.711767,1054.710582,1052.2182841766873
522.970955,0.001482,-5.711753,1054.653464,1056.6619728766789
522.980955,0.001482,-5.711738,1054.596347,1053.3693238470976
522.990955,0.001482,-5.711723,1054.539229,1054.5050698717953
523.000955,0.001482,-5.711708,1054.482112,1052.8543228745855
523.010955,0.001482,-5.711693,1054.424995,1054.3258695479453
523.020955,0.001482,-5.711678,1054.367878,1054.9904486588744
523.030955,0.001482,-5.711664,1054.310762,1052.9035578551445
523.040955,0.001482,-5.711649,1054.253645,1055.4232095401608
523.050955,0.001482,-5.711634,1054.196529,1051.4501738223285
523.060955,0.001482,-5.711619,1054.139412,1054.1400017796564
523.070955,0.001482,-5.711604,1054.082296,1051.5707410037485
523.080955,0.001482,-5.71159,1054.02518,1056.1050780794549
523.090955,0.001482,-5.711575,1053.968064,1055.2980593424863
523.100955,0.001482,-5.71156,1053.910949,1053.1398267001975
523.110955,0.001482,-5.711545,1053.853833,1055.7408838109855
523.120955,0.001482,-5.71153,1053.796718,1052.8372290956854
523.130955,0.001482,-5.711515,1053.739603,1054.1424619244815
523.140955,0.001482,-5.711501,1053.682488,1052.1479962685614
523.150955,0.001482,-5.711486,1053.625373,1050.6896538047968
523.160955,0.001482,-5.711471,1053.568258,1056.6258358299128
523.170955,0.001482,-5.711456,1053.511143,1053.939281397166
523.180955,0.001482,-5.711441,1053.454029,1054.8019183360748
523.190955,0.001482,-5.711427,1053.396914,1052.9298788773424
523.200955,0.001482,-5.711412,1053.3398,1050.9632282352652
523.210955,0.001482,-5.711397,1053.282686,1053.5254818739486
523.220955,0.001482,-5.711382,1053.225572,1053.4603596145696
523.230955,0.001482,-5.711367,1053.168458,1053.5329012082989
523.240955,0.001482,-5.711352,1053.111345,1054.1002332904359
523.250955,0.001482,-5.711338,1053.054231,1051.8088154579898
523.260955,0.001482,-5.711323,1052.997118,1051.787365773595
523.270955,0.001482,-5.711308,1052.940005,1052.4846751552093
523.280955,0.001482,-5.711293,1052.882892,1051.9436032736096
523.290955,0.001482,-5.711278,1052.825779,1051.231171205889
523.300955,0.001482,-5.711264,1052.768666,1051.6386834131752
523.310955,0.001482,-5.711249,1052.711554,1051.7792459634766
523.320955,0.001482,-5.711234,1052.654441,1051.976406454516
523.330955,0.001482,-5.711219,1052.597329,1052.3258634196718
523.340955,0.001482,-5.711204,1052.540217,1052.3391791710576
523.350955,0.001482,-5.711189,1052.483105,1052.7072862562961
523.360955,0.001482,-5.711175,1052.425993,1051.3611675564193
523.370955,0.001482,-5.71116,1052.368882,1054.1627227513357
523.380955,0.001482,-5.711145,1052.31177,1050.9572505989993
523.390955,0.001482,-5.71113,1052.254659,1050.0915205121005
523.400955,0.001482,-5.711115,1052.197547,1052.5678101646558
523.410955,0.001482,-5.711101,1052.140436,1051.958517022388
523.420955,0.001482,-5.711086,1052.083325,1051.4157253650455
523.430955,0.001482,-5.711071,1052.026215,1053.472443332651
523.440955,0.001482,-5.711056,1051.969104,1052.1705972701036
523.450955,0.001482,-5.711041,1051.911994,1051.7456608338978
523.460955,0.001482,-5.711026,1051.854883,1050.190787303503
523.470955,0.001482,-5.711012,1051.797773,1051.5768692540762
523.480955,0.001482,-5.710997,1051.740663,1052.0732417768636
523.490955,0.001481,-5.710982,1051.683553,1050.0663461905572
523.500955,0.001481,-5.710967,1051.626443,1051.201216181931
523.510955,0.001481,-5.710952,1051.569334,1050.959247776004
523.520955,0.001481,-5.710938,1051.512224,1050.864392243704
523.530955,0.001481,-5.710923,1051.455115,1053.6521595897023
523.540955,0.001481,-5.710908,1051.398006,1050.562466551992
523.550955,0.001481,-5.710893,1051.340897,1051.445898604824
523.560955,0.001481,-5.710878,1051.283788,1051.3954109310703
523.570955,0.001481,-5.710863,1051.226679,1050.9064552155933
523.580955,0.001481,-5.710849,1051.169571,1049.198257581579
523.590955,0.001481,-5.710834,1051.112462,1049.4085832296098
523.600955,0.001481,-5.710819,1051.055354,1052.463191373123
523.610955,0.001481,-5.710804,1050.998246,1053.4509596191342
523.620955,0.001481,-5.710789,1050.941138,1050.8041367351907
523.630955,0.001481,-5.710775,1050.88403,1051.0089191982477
523.640955,0.001481,-5.71076,1050.826922,1052.0775207287081
523.650955,0.001481,-5.710745,1050.769815,1050.8478941668
523.660955,0.001481,-5.71073,1050.712708,1049.5910696353506
523.670955,0.001481,-5.710715,1050.6556,1049.2139925392282
523.680955,0.001481,-5.710701,1050.598493,1052.2403178189663
523.690955,0.001481,-5.710686,1050.541386,1048.132908107121
523.700955,0.001481,-5.710671,1050.484279,1048.951467592289
523.710955,0.001481,-5.710656,1050.427173,1047.930344312935
523.720955,0.001481,-5.710641,1050.370066,1045.7443657704464
523.730955,0.001481,-5.710626,1050.31296,1050.193360910613
523.740955,0.001481,-5.710612,1050.255854,1051.6338623822069
523.750955,0.001481,-5.710597,1050.198748,1051.254728818938
523.760955,0.001481,-5.710582,1050.141642,1050.036022918276
523.770955,0.001481,-5.710567,1050.084536,1048.0537421801848
523.780955,0.001481,-5.710552,1050.027431,1049.6155797618853
523.790955,0.001481,-5.710538,1049.970325,1050.4618043900318
523.800955,0.001481,-5.710523,1049.91322,1050.656861005422
523.810955,0.001481,-5.710508,1049.856115,1048.782558532894
523.820955,0.001481,-5.710493,1049.79901,1050.0910234518035
523.830955,0.001481,-5.710478,1049.741905,1050.3296850089498
523.840955,0.001481,-5.710464,1049.6848,1048.6240870856063
523.850955,0.001481,-5.710449,1049.627696,1048.0322693932806
523.860955,0.001481,-5.710434,1049.570591,1051.9558828856232
523.870955,0.001481,-5.710419,1049.513487,1047.3149928263038
523.880955,0.001481,-5.710404,1049.456383,1051.5189527167931
523.890955,0.001481,-5.71039,1049.399279,1047.941453892642
523.900955,0.001481,-5.710375,1049.342175,1047.2592875234814
523.910955,0.001481,-5.71036,1049.285071,1046.5076477049445
523.920955,0.001481,-5.710345,1049.227968,1051.166234467826
523.930955,0.001481,-5.71033,1049.170864,1049.268752173771
523.940955,0.001481,-5.710315,1049.113761,1049.2384729467035
523.950955,0.001481,-5.710301,1049.056658,1049.0122122038695
523.960955,0.001481,-5.710286,1048.999555,1049.640778845783
523.970955,0.001481,-5.710271,1048.942452,1050.9057988370403
523.980955,0.001481,-5.710256,1048.88535,1049.953480503286
523.990955,0.001481,-5.710241,1048.828247,1049.345778682254
524.000955,0.001481,-5.710227,1048.771145,1051.6018429190178
524.010955,0.001481,-5.710212,1048.714043,1045.4467780175742
524.020955,0.001481,-5.710197,1048.656941,1047.241548682048
524.030955,0.001481,-5.710182,1048.599839,1050.1797713983633
524.040955,0.001481,-5.710167,1048.542737,1048.4157235078935
524.050955,0.001481,-5.710153,1048.485635,1049.13910887919
524.060955,0.001481,-5.710138,1048.428534,1051.1820012937044
524.070955,0.001481,-5.710123,1048.371433,1050.637105335643
524.080955,0.001481,-5.710108,1048.314331,1047.3670856995636
524.090955,0.001481,-5.710093,1048.25723,1047.7032671881584
524.100955,0.001481,-5.710079,1048.20013,1048.0269033325628
524.110955,0.001481,-5.710064,1048.143029,1045.9763141386277
524.120955,0.001481,-5.710049,1048.085928,1049.256141910132
524.130955,0.001481,-5.710034,1048.028828,1047.2222225364487
524.140955,0.00148,-5.710019,1047.971728,1048.43240548866
524.150955,0.00148,-5.710005,1047.914628,1046.244852900823
524.160955,0.00148,-5.70999,1047.857528,1051.3072289303648
524.170955,0.00148,-5.709975,1047.800428,1048.0597864413198
524.180955,0.00148,-5.70996,1047.743328,1045.5976391585305
524.190955,0.00148,-5.709945,1047.686229,1045.5715915790627
524.200955,0.00148,-5.709931,1047.629129,1046.9755635115673
524.210955,0.00148,-5.709916,1047.57203,1044.747148595783
524.220955,0.00148,-5.709901,1047.514931,1046.2533243207665
524.230955,0.00148,-5.709886,1047.457832,1044.312345688531
524.240955,0.00148,-5.709871,1047.400733,1046.542083902696
524.250955,0.00148,-5.709857,1047.343634,1045.1451127478358
524.260955,0.00148,-5.709842,1047.286536,1045.7249459983016
524.270955,0.00148,-5.709827,1047.229438,1046.9511436787311
524.280955,0.00148,-5.709812,1047.172339,1047.3440244839385
524.290955,0.00148,-5.709797,1047.115241,1044.2935274816584
524.300955,0.00148,-5.709783,1047.058143,1050.833793145992
524.310955,0.00148,-5.709768,1047.001046,1044.9310944303602
524.320955,0.00148,-5.709753,1046.943948,1046.4779700140243
524.330955,0.00148,-5.709738,1046.886851,1044.370862890718
524.340955,0.00148,-5.709723,1046.829753,1045.6979298425133
524.350955,0.00148,-5.709708,1046.772656,1044.8953615505857
524.360955,0.00148,-5.709694,1046.715559,1047.4192784037966
524.370955,0.00148,-5.709679,1046.658462,1047.7999257760864
524.380955,0.00148,-5.709664,1046.601366,1044.701943548236
524.390955,0.00148,-5.709649,1046.544269,1050.1390355465323
524.400955,0.00148,-5.709634,1046.487173,1047.355132500048
524.410955,0.00148,-5.70962,1046.430076,1046.309366219096
524.420955,0.00148,-5.709605,1046.37298,1044.9499004134236
524.430955,0.00148,-5.70959,1046.315884,1045.4712054986385
524.440955,0.00148,-5.709575,1046.258788,1047.5336508826902
524.450955,0.00148,-5.70956,1046.201693,1044.931757967774
524.460955,0.00148,-5.709546,1046.144597,1046.2317612099191
524.470955,0.00148,-5.709531,1046.087502,1047.8504238379287
524.480955,0.00148,-5.709516,1046.030407,1047.3750843880255
524.490955,0.00148,-5.709501,1045.973312,1047.3917737450186
524.500955,0.00148,-5.709486,1045.916217,1046.568860919728
524.510955,0.00148,-5.709472,1045.859122,1045.0037229560428
524.520955,0.00148,-5.709457,1045.802027,1045.725544361139
524.530955,0.00148,-5.709442,1045.744933,1048.296838754214
524.540955,0.00148,-5.709427,1045.687838,1044.812958065579
524.550955,0.00148,-5.709412,1045.630744,1044.4585171722915
524.560955,0.00148,-5.709398,1045.57365,1047.3916733663725
524.570955,0.00148,-5.709383,1045.516556,1042.7647604830506
524.580955,0.00148,-5.709368,1045.459462,1043.2169994000333
524.590955,0.00148,-5.709353,1045.402369,1043.8971791921024
524.600955,0.00148,-5.709338,1045.345275,1044.9938592744459
524.610955,0.00148,-5.709324,1045.288182,1044.4935753591242
524.620955,0.00148,-5.709309,1045.231089,1045.6549392980442
524.630955,0.00148,-5.709294,1045.173996,1044.3464174202445
524.640955,0.00148,-5.709279,1045.116903,1045.1950274222913
524.650955,0.00148,-5.709265,1045.05981,1044.6905384776328
524.660955,0.00148,-5.70925,1045.002718,1044.488399257937
524.670955,0.00148,-5.709235,1044.945625,1045.2546075867533
524.680955,0.00148,-5.70922,1044.888533,1045.5147206913648
524.690955,0.00148,-5.709205,1044.831441,1044.0714904553117
524.700955,0.00148,-5.709191,1044.774349,1043.497658641965
524.710955,0.00148,-5.709176,1044.717257,1045.6101700034835
524.720955,0.00148,-5.709161,1044.660165,1044.929644949484
524.730955,0.00148,-5.709146,1044.603074,1046.1475069428072
524.740955,0.00148,-5.709131,1044.545982,1044.359913519367
524.750955,0.00148,-5.709117,1044.488891,1042.7382360753081
524.760955,0.00148,-5.709102,1044.4318,1041.3839704876655
524.770955,0.00148,-5.709087,1044.374709,1044.7107730193593
524.780955,0.00148,-5.709072,1044.317618,1045.984377530061
524.790955,0.001479,-5.709057,1044.260528,1046.1619786563617
524.800955,0.001479,-5.709043,1044.203437,1042.2356973377905
524.810955,0.001479,-5.709028,1044.146347,1042.8493227017277
524.820955,0.001479,-5.709013,1044.089257,1042.4912944662485
524.830955,0.001479,-5.708998,1044.032167,1043.9592840915423
524.840955,0.001479,-5.708983,1043.975077,1041.3476645512812
524.850955,0.001479,-5.708969,1043.917987,1043.3854016215594
524.860955,0.001479,-5.708954,1043.860897,1046.5202586850078
524.870955,0.001479,-5.708939,1043.803808,1043.1294877328662
524.880955,0.001479,-5.708924,1043.746719,1043.4217579685096
524.890955,0.001479,-5.708909,1043.689629,1044.434582061246
524.900955,0.001479,-5.708895,1043.63254,1045.926548404411
524.910955,0.001479,-5.70888,1043.575452,1043.4720357081667
524.920955,0.001479,-5.708865,1043.518363,1041.8966981952901
524.930955,0.001479,-5.70885,1043.461274,1041.1187505007968
524.940955,0.001479,-5.708835,1043.404186,1039.9031745265534
524.950955,0.001479,-5.708821,1043.347098,1044.9675061130204
524.960955,0.001479,-5.708806,1043.290009,1042.4155661445113
524.970955,0.001479,-5.708791,1043.232921,1044.0757736766457
524.980955,0.001479,-5.708776,1043.175834,1042.5073083547718
524.990955,0.001479,-5.708762,1043.118746,1041.7530398415097
525.000955,0.001479,-5.708747,1043.061658,1039.2368921841573
525.010955,0.001479,-5.708732,1043.004571,1040.7941907056188
525.020955,0.001479,-5.708717,1042.947484,1040.149104115753
525.030955,0.001479,-5.708702,1042.890397,1038.561673320911
525.040955,0.001479,-5.708688,1042.83331,1043.2089202948578
525.050955,0.001479,-5.708673,1042.776223,1042.6502226188618
525.060955,0.001479,-5.708658,1042.719136,1042.690168693624
525.070955,0.001479,-5.708643,1042.66205,1044.8897675423111
525.080955,0.001479,-5.708628,1042.604963,1042.7434666569789
525.090955,0.001479,-5.708614,1042.547877,1040.6516638766116
525.100955,0.001479,-5.708599,1042.490791,1041.9919321933671
525.110955,0.001479,-5.708584,1042.433705,1038.8977714792406
525.120955,0.001479,-5.708569,1042.376619,1043.1853312104777
525.130955,0.001479,-5.708554,1042.319534,1043.4802969398938
525.140955,0.001479,-5.70854,1042.262448,1042.2537830345643
525.150955,0.001479,-5.708525,1042.205363,1040.3478730934658
525.160955,0.001479,-5.70851,1042.148278,1041.4805913693265
525.170955,0.001479,-5.708495,1042.091193,1040.3292226911763
525.180955,0.001479,-5.70848,1042.034108,1042.3268399103772
525.190955,0.001479,-5.708466,1041.977023,1039.933996360963
525.200955,0.001479,-5.708451,1041.919939,1040.9305272526558
525.210955,0.001479,-5.708436,1041.862854,1041.5368477916961
525.220955,0.001479,-5.708421,1041.80577,1042.8189101642963
525.230955,0.001479,-5.708407,1041.748686,1041.1448221902263
525.240955,0.001479,-5.708392,1041.691602,1040.4405316469558
525.250955,0.001479,-5.708377,1041.634518,1043.6483846092888
525.260955,0.001479,-5.708362,1041.577434,1043.2768190143975
525.270955,0.001479,-5.708347,1041.520351,1040.8653903334746
525.280955,0.001479,-5.708333,1041.463267,1039.6612571156106
525.290955,0.001479,-5.708318,1041.406184,1037.1006363207093
525.300955,0.001479,-5.708303,1041.349101,1039.5854045976143
525.310955,0.001479,-5.708288,1041.292018,1040.370482778892
525.320955,0.001479,-5.708273,1041.234935,1041.925763067351
525.330955,0.001479,-5.708259,1041.177852,1038.370192523374
525.340955,0.001479,-5.708244,1041.12077,1040.151453696242
525.350955,0.001479,-5.708229,1041.063688,1038.5854195470804
525.360955,0.001479,-5.708214,1041.006605,1042.8895408460055
525.370955,0.001479,-5.7082,1040.949523,1038.5385962150767
525.380955,0.001479,-5.708185,1040.892441,1042.809011742801
525.390955,0.001479,-5.70817,1040.83536,1040.636074449145
525.400955,0.001479,-5.708155,1040.778278,1040.892275186454
525.410955,0.001479,-5.70814,1040.721196,1040.828872626102
525.420955,0.001479,-5.708126,1040.664115,1038.4162267494703
525.430955,0.001479,-5.708111,1040.607034,1041.8685455910866
525.440955,0.001478,-5.708096,1040.549953,1040.3627290071997
525.450955,0.001478,-5.708081,1040.492872,1038.9792007793285
525.460955,0.001478,-5.708066,1040.435791,1040.15819920024
525.470955,0.001478,-5.708052,1040.378711,1039.595642578972
525.480955,0.001478,-5.708037,1040.32163,1040.2522591265524
525.490955,0.001478,-5.708022,1040.26455,1041.3960569790904
525.500955,0.001478,-5.708007,1040.20747,1040.210326310089
525.510955,0.001478,-5.707993,1040.15039,1040.5188833460047
525.520955,0.001478,-5.707978,1040.09331,1038.752008856983
525.530955,0.001478,-5.707963,1040.03623,1038.2622294226978
525.540955,0.001478,-5.707948,1039.979151,1040.1938757174457
525.550955,0.001478,-5.707933,1039.922071,1037.4029468458493
525.560955,0.001478,-5.707919,1039.864992,1040.047709484577
525.570955,0.001478,-5.707904,1039.807913,1035.994255156673
525.580955,0.001478,-5.707889,1039.750834,1041.5957325805305
525.590955,0.001478,-5.707874,1039.693755,1041.44938947037
525.600955,0.001478,-5.707859,1039.636676,1040.6151907889234
525.610955,0.001478,-5.707845,1039.579598,1037.4296223746574
525.620955,0.001478,-5.70783,1039.52252,1036.5280014938035
525.630955,0.001478,-5.707815,1039.465441,1036.7464681844133
525.640955,0.001478,-5.7078,1039.408363,1039.932509073457
525.650955,0.001478,-5.707786,1039.351285,1039.8847794243402
525.660955,0.001478,-5.707771,1039.294208,1038.4897676146804
525.670955,0.001478,-5.707756,1039.23713,1039.182267758829
525.680955,0.001478,-5.707741,1039.180052,1037.1917650571172
525.690955,0.001478,-5.707726,1039.122975,1038.915646746535
525.700955,0.001478,-5.707712,1039.065898,1037.239539494248
525.710955,0.001478,-5.707697,1039.008821,1039.5214025348594
525.720955,0.001478,-5.707682,1038.951744,1039.4293140152956
525.730955,0.001478,-5.707667,1038.894667,1038.5368183020191
525.740955,0.001478,-5.707653,1038.837591,1037.953111565992
525.750955,0.001478,-5.707638,1038.780514,1038.8571486878227
525.760955,0.001478,-5.707623,1038.723438,1039.3955249197982
525.770955,0.001478,-5.707608,1038.666362,1041.1989792041181
525.780955,0.001478,-5.707593,1038.609286,1039.6266439731196
525.790955,0.001478,-5.707579,1038.55221,1038.9721296680264
525.800955,0.001478,-5.707564,1038.495134,1037.890122340828
525.810955,0.001478,-5.707549,1038.438059,1041.2020143598295
525.820955,0.001478,-5.707534,1038.380983,1038.99416054201
525.830955,0.001478,-5.70752,1038.323908,1037.8479919224974
525.840955,0.001478,-5.707505,1038.266833,1036.1035722532745
525.850955,0.001478,-5.70749,1038.209758,1038.2570333573783
525.860955,0.001478,-5.707475,1038.152683,1036.095145964904
525.870955,0.001478,-5.70746,1038.095608,1039.0757014155506
525.880955,0.001478,-5.707446,1038.038534,1038.4116284985682
525.890955,0.001478,-5.707431,1037.981459,1037.7522942806418
525.900955,0.001478,-5.707416,1037.924385,1038.228788727602
525.910955,0.001478,-5.707401,1037.867311,1038.6563366792268
525.920955,0.001478,-5.707387,1037.810237,1035.8282825533015
525.930955,0.001478,-5.707372,1037.753163,1035.962161705613
525.940955,0.001478,-5.707357,1037.69609,1037.1298112812412
525.950955,0.001478,-5.707342,1037.639016,1037.5925341219756
525.960955,0.001478,-5.707327,1037.581943,1039.8277736024027
525.970955,0.001478,-5.707313,1037.52487,1040.1337951501441
525.980955,0.001478,-5.707298,1037.467797,1036.8220384388467
525.990955,0.001478,-5.707283,1037.410724,1036.6108465459893
526.000955,0.001478,-5.707268,1037.353651,1036.9991627290372
526.010955,0.001478,-5.707254,1037.296578,1037.6665404086145
526.020955,0.001478,-5.707239,1037.239506,1036.5812125875736
526.030955,0.001478,-5.707224,1037.182434,1037.5859391758872
526.040955,0.001478,-5.707209,1037.125361,1038.144816677559
526.050955,0.001478,-5.707194,1037.068289,1036.927546659237
526.060955,0.001478,-5.70718,1037.011217,1035.1113701373426
526.070955,0.001478,-5.707165,1036.954146,1037.3170505239352
526.080955,0.001478,-5.70715,1036.897074,1036.834627282213
526.090955,0.001477,-5.707135,1036.840003,1038.843427823265
526.100955,0.001477,-5.707121,1036.782931,1033.490071614519
526.110955,0.001477,-5.707106,1036.72586,1034.701558750557
526.120955,0.001477,-5.707091,1036.668789,1038.1853238160036
526.130955,0.001477,-5.707076,1036.611719,1034.891682965313
526.140955,0.001477,-5.707061,1036.554648,1036.317957644977
526.150955,0.001477,-5.707047,1036.497577,1035.6810449110085
526.160955,0.001477,-5.707032,1036.440507,1036.3873773228222
526.170955,0.001477,-5.707017,1036.383437,1034.921940835983
526.180955,0.001477,-5.707002,1036.326367,1035.0910170590537
526.190955,0.001477,-5.706988,1036.269297,1034.5335240280322
526.200955,0.001477,-5.706973,1036.212227,1035.3674371470631
526.210955,0.001477,-5.706958,1036.155157,1034.5952625623856
526.220955,0.001477,-5.706943,1036.098088,1034.0308944722472
526.230955,0.001477,-5.706929,1036.041018,1036.0234028316902
526.240955,0.001477,-5.706914,1035.983949,1036.0564620880884
526.250955,0.001477,-5.706899,1035.92688,1033.4338247410944
526.260955,0.001477,-5.706884,1035.869811,1036.1857764794534
526.270955,0.001477,-5.706869,1035.812742,1036.5734803594946
526.280955,0.001477,-5.706855,1035.755674,1034.7398881957884
526.290955,0.001477,-5.70684,1035.698605,1038.4296499819363
526.300955,0.001477,-5.706825,1035.641537,1036.6098229169504
526.310955,0.001477,-5.70681,1035.584469,1035.4314723725968
526.320955,0.001477,-5.706796,1035.527401,1032.5957522775332
526.330955,0.001477,-5.706781,1035.470333,1034.5803345805994
526.340955,0.001477,-5.706766,1035.413265,1033.346672435162
526.350955,0.001477,-5.706751,1035.356198,1034.48084898522
526.360955,0.001477,-5.706736,1035.29913,1034.1225601597232
526.370955,0.001477,-5.706722,1035.242063,1038.0912960829446
526.380955,0.001477,-5.706707,1035.184996,1034.6879831505446
526.390955,0.001477,-5.706692,1035.127929,1035.4144337880841
526.400955,0.001477,-5.706677,1035.070862,1035.3705201872156
526.410955,0.001477,-5.706663,1035.013795,1035.8617553501629
526.420955,0.001477,-5.706648,1034.956729,1034.3678458647712
526.430955,0.001477,-5.706633,1034.899662,1034.2156469540018
526.440955,0.001477,-5.706618,1034.842596,1034.4448702451298
526.450955,0.001477,-5.706604,1034.78553,1035.1954597181864
526.460955,0.001477,-5.706589,1034.728464,1033.9152307155416
526.470955,0.001477,-5.706574,1034.671398,1036.4094937691016
526.480955,0.001477,-5.706559,1034.614332,1033.6783712727745
526.490955,0.001477,-5.706544,1034.557267,1036.2623480874574
526.500955,0.001477,-5.70653,1034.500201,1032.0625666310027
526.510955,0.001477,-5.706515,1034.443136,1031.6490900510214
526.520955,0.001477,-5.7065,1034.386071,1039.0384050344169
526.530955,0.001477,-5.706485,1034.329006,1034.4725126860392
526.540955,0.001477,-5.706471,1034.271941,1033.9097318910603
526.550955,0.001477,-5.706456,1034.214877,1032.9804755202438
526.560955,0.001477,-5.706441,1034.157812,1031.1848078791286
526.570955,0.001477,-5.706426,1034.100748,1033.9768354847122
526.580955,0.001477,-5.706412,1034.043684,1033.5058826376196
526.590955,0.001477,-5.706397,1033.98662,1034.6303760392686
526.600955,0.001477,-5.706382,1033.929556,1034.522729136586
526.610955,0.001477,-5.706367,1033.872492,1033.2998527093014
526.620955,0.001477,-5.706352,1033.815429,1034.5745176752998
526.630955,0.001477,-5.706338,1033.758365,1036.550294101403
526.640955,0.001477,-5.706323,1033.701302,1030.3047326661551
526.650955,0.001477,-5.706308,1033.644239,1033.6478984890416
526.660955,0.001477,-5.706293,1033.587176,1034.5410559412142
526.670955,0.001477,-5.706279,1033.530113,1033.1723877028496
526.680955,0.001477,-5.706264,1033.47305,1033.7950338555436
526.690955,0.001477,-5.706249,1033.415987,1028.679857459801
526.700955,0.001477,-5.706234,1033.358925,1031.6450916355072
526.710955,0.001477,-5.70622,1033.301863,1034.6039598067891
526.720955,0.001477,-5.706205,1033.244801,1033.7894866487945
526.730955,0.001477,-5.70619,1033.187739,1030.5729723105385
526.740955,0.001476,-5.706175,1033.130677,1033.1253951716692
526.750955,0.001476,-5.706161,1033.073615,1031.1954898381452
526.760955,0.001476,-5.706146,1033.016554,1033.4688821793438
526.770955,0.001476,-5.706131,1032.959492,1032.6199257326073
526.780955,0.001476,-5.706116,1032.902431,1034.1565061448644
526.790955,0.001476,-5.706101,1032.84537,1031.5391348830406
526.800955,0.001476,-5.706087,1032.788309,1028.377044466404
526.810955,0.001476,-5.706072,1032.731248,1034.334971805893
526.820955,0.001476,-5.706057,1032.674188,1034.755789481189
526.830955,0.001476,-5.706042,1032.617127,1034.522258451132
526.840955,0.001476,-5.706028,1032.560067,1031.743801337287
526.850955,0.001476,-5.706013,1032.503006,1031.5274069357663
526.860955,0.001476,-5.705998,1032.445946,1031.97147463201
526.870955,0.001476,-5.705983,1032.388887,1030.906299172604
526.880955,0.001476,-5.705969,1032.331827,1032.9210708989567
526.890955,0.001476,-5.705954,1032.274767,1033.1656709445103
526.900955,0.001476,-5.705939,1032.217708,1032.6929485471508
526.910955,0.001476,-5.705924,1032.160648,1031.8872930817668
526.920955,0.001476,-5.70591,1032.103589,1032.1744024876778
526.930955,0.001476,-5.705895,1032.04653,1028.3015953662336
526.940955,0.001476,-5.70588,1031.989471,1030.0962937894262
526.950955,0.001476,-5.705865,1031.932413,1033.1246155636863
526.960955,0.001476,-5.705851,1031.875354,1032.1465398533992
526.970955,0.001476,-5.705836,1031.818296,1032.2466419946616
526.980955,0.001476,-5.705821,1031.761237,1033.1840250398704
526.990955,0.001476,-5.705806,1031.704179,1032.013270192392
527.000955,0.001476,-5.705791,1031.647121,1030.5727765652523
527.010955,0.001476,-5.705777,1031.590063,1029.4425294842983
527.020955,0.001476,-5.705762,1031.533006,1030.472594700685
527.030955,0.001476,-5.705747,1031.475948,1030.8069979088348
527.040955,0.001476,-5.705732,1031.418891,1031.5038228839344
527.050955,0.001476,-5.705718,1031.361833,1028.8857349662003
527.060955,0.001476,-5.705703,1031.304776,1028.173298298648
527.070955,0.001476,-5.705688,1031.247719,1028.855475658502
527.080955,0.001476,-5.705673,1031.190663,1032.1818816144182
527.090955,0.001476,-5.705659,1031.133606,1033.62320079596
527.100955,0.001476,-5.705644,1031.076549,1031.9532887334867
527.110955,0.001476,-5.705629,1031.019493,1033.2786676088429
527.120955,0.001476,-5.705614,1030.962437,1031.6517297254734
527.130955,0.001476,-5.7056,1030.905381,1030.7300765430455
527.140955,0.001476,-5.705585,1030.848325,1030.9824748244082
527.150955,0.001476,-5.70557,1030.791269,1029.7037889997064
527.160955,0.001476,-5.705555,1030.734213,1030.3699067814919
527.170955,0.001476,-5.705541,1030.677158,1030.3253915420958
527.180955,0.001476,-5.705526,1030.620103,1030.5940668563198
527.190955,0.001476,-5.705511,1030.563047,1030.760193865998
527.200955,0.001476,-5.705496,1030.505992,1031.275363196499
527.210955,0.001476,-5.705482,1030.448938,1029.7451111951573
527.220955,0.001476,-5.705467,1030.391883,1030.0381758508463
527.230955,0.001476,-5.705452,1030.334828,1030.378795214801
527.240955,0.001476,-5.705437,1030.277774,1031.6245034574258
527.250955,0.001476,-5.705422,1030.220719,1029.7571216055317
527.260955,0.001476,-5.705408,1030.163665,1027.6266189467217
527.270955,0.001476,-5.705393,1030.106611,1029.2162561126286
527.280955,0.001476,-5.705378,1030.049557,1030.545558159317
527.290955,0.001476,-5.705363,1029.992504,1031.5070934107775
527.300955,0.001476,-5.705349,1029.93545,1033.1196702620812
527.310955,0.001476,-5.705334,1029.878397,1031.2751903169221
527.320955,0.001476,-5.705319,1029.821343,1029.3048960360854
527.330955,0.001476,-5.705304,1029.76429,1032.5600073293833
527.340955,0.001476,-5.70529,1029.707237,1027.4367018224682
527.350955,0.001476,-5.705275,1029.650185,1029.043130216436
527.360955,0.001476,-5.70526,1029.593132,1027.2317018567542
527.370955,0.001476,-5.705245,1029.536079,1032.0194624407907
527.380955,0.001476,-5.705231,1029.479027,1028.463533528331
527.390955,0.001475,-5.705216,1029.421975,1031.121077625789
527.400955,0.001475,-5.705201,1029.364923,1030.147533148944
527.410955,0.001475,-5.705186,1029.307871,1027.4831441153472
527.420955,0.001475,-5.705172,1029.250819,1029.1351390871166
527.430955,0.001475,-5.705157,1029.193767,1029.5957268515288
527.440955,0.001622,-5.705142,1029.136716,1028.7118692166725
527.450955,0.002467,-5.705127,1029.079664,1027.143788992001
527.460955,0.003578,-5.705113,1029.022613,1026.2252641281996
527.470955,0.004758,-5.705098,1028.965562,1029.193469545415
527.480955,0.005952,-5.705083,1028.908511,1027.970768628872
527.490955,0.007145,-5.705068,1028.851461,1028.1709669695092
527.500955,0.008328,-5.705054,1028.79441,1027.3552683770126
527.510955,0.009499,-5.705039,1028.737359,1028.7587764330358
527.520955,0.010655,-5.705024,1028.680309,1027.2827211770164
527.530955,0.011795,-5.705009,1028.623259,1026.0409280989716
527.540955,0.01292,-5.704994,1028.566209,1025.5732601021512
527.550955,0.014028,-5.704979,1028.509159,1030.1561695416756
527.560955,0.015121,-5.704965,1028.452109,1027.6425458804165
527.570955,0.016197,-5.70495,1028.39506,1027.3523119793401
527.580955,0.017257,-5.704935,1028.33801,1025.859874189143
527.590955,0.018302,-5.70492,1028.280961,1026.971939921474
527.600955,0.01933,-5.704905,1028.223912,1027.9657362991397
527.610955,0.020343,-5.70489,1028.166863,1027.8185884427783
527.620955,0.021341,-5.704875,1028.109814,1028.6994504222114
527.630955,0.022323,-5.70486,1028.052766,1026.5045972070066
527.640955,0.023291,-5.704845,1027.995717,1029.0009537294777
527.650955,0.024243,-5.70483,1027.938669,1026.3389783664447
527.660955,0.025182,-5.704815,1027.88162,1028.9701645641521
527.670955,0.026105,-5.7048,1027.824572,1030.9906148064158
527.680955,0.027015,-5.704785,1027.767524,1028.8457967046522
527.690955,0.02791,-5.70477,1027.710477,1027.2326949005642
527.700955,0.028792,-5.704755,1027.653429,1027.5085180712483
527.710955,0.029661,-5.70474,1027.596382,1026.9005390868267
527.720955,0.030516,-5.704725,1027.539334,1027.5459468950469
527.730955,0.031357,-5.70471,1027.482287,1025.334529168644
527.740955,0.032186,-5.704694,1027.42524,1025.42809249589
527.750955,0.033002,-5.704679,1027.368193,1028.5650319313013
527.760955,0.033806,-5.704664,1027.311146,1027.6776780024632
527.770955,0.034597,-5.704649,1027.2541,1028.3230393276806
527.780955,0.035376,-5.704634,1027.197053,1025.5074938436244
527.790955,0.036143,-5.704618,1027.140007,1026.1421693780005
527.800955,0.036898,-5.704603,1027.082961,1028.0743467044465
527.810955,0.037642,-5.704588,1027.025915,1026.9165776537486
527.820955,0.038374,-5.704573,1026.968869,1028.8433796152326
527.830955,0.039094,-5.704557,1026.911824,1027.3010742871043
527.840955,0.039804,-5.704542,1026.854778,1029.3723154017068
527.850955,0.040503,-5.704527,1026.797733,1028.3760048030974
527.860955,0.041191,-5.704511,1026.740688,1026.4478834081558
527.870955,0.041868,-5.704496,1026.683643,1026.0242299727452
527.880955,0.042535,-5.704481,1026.626598,1025.2274626537785
527.890955,0.043192,-5.704465,1026.569553,1025.2499969950602
527.900955,0.043838,-5.70445,1026.512508,1025.8642571858966
527.910955,0.044475,-5.704435,1026.455464,1024.7826154849377
527.920955,0.045101,-5.704419,1026.39842,1027.212343592955
527.930955,0.045718,-5.704404,1026.341376,1025.9732831219687
527.940955,0.046326,-5.704388,1026.284332,1026.9283682040568
527.950955,0.046924,-5.704373,1026.227288,1027.844691957771
527.960955,0.047513,-5.704358,1026.170244,1026.1265895232586
527.970955,0.048092,-5.704342,1026.113201,1025.039009038991
527.980955,0.048663,-5.704327,1026.056157,1024.4844804937313
527.990955,0.049225,-5.704311,1025.999114,1024.4245787913287
528.000955,0.049778,-5.704296,1025.942071,1024.2435572275876
528.010955,0.050323,-5.70428,1025.885028,1027.3112952921829
528.020955,0.05086,-5.704265,1025.827986,1023.9357857771715
528.030955,0.051388,-5.704249,1025.770943,1023.280382925085
528.040955,0.051908,-5.704234,1025.713901,1025.1828933860293
528.050955,0.05242,-5.704218,1025.656858,1025.3122357040827
528.060955,0.052924,-5.704203,1025.599816,1024.066502513458
528.070955,0.05342,-5.704187,1025.542774,1025.6984165571478
528.080955,0.053908,-5.704172,1025.485732,1024.0032258462172
528.090955,0.054389,-5.704156,1025.428691,1025.018375035381
528.100955,0.054863,-5.704141,1025.371649,1026.0914414062972
528.110955,0.055329,-5.704125,1025.314608,1025.5351940081432
528.120955,0.055788,-5.70411,1025.257567,1028.1864837414514
528.130955,0.05624,-5.704094,1025.200526,1024.2718447007167
528.140955,0.056685,-5.704079,1025.143485,1023.8813740648093
528.150955,0.057123,-5.704063,1025.086444,1023.346109446448
528.160955,0.057555,-5.704048,1025.029404,1024.2185821801677
528.170955,0.057979,-5.704032,1024.972363,1024.0174602476577
528.180955,0.058398,-5.704017,1024.915323,1023.8932918663389
528.190955,0.058809,-5.704001,1024.858283,1023.90840415499
528.200955,0.059215,-5.703985,1024.801243,1024.513616058545
528.210955,0.059614,-5.70397,1024.744203,1022.2802265991583
528.220955,0.060006,-5.703954,1024.687164,1023.37001936869
528.230955,0.060393,-5.703939,1024.630124,1024.6730202187603
528.240955,0.060774,-5.703923,1024.573085,1023.1569472798363
528.250955,0.061149,-5.703908,1024.516046,1022.0028639690047
528.260955,0.061518,-5.703892,1024.459007,1023.7220667786727
528.270955,0.061882,-5.703877,1024.401968,1023.1963650290368
528.280955,0.06224,-5.703861,1024.344929,1020.9190897418823
528.290955,0.062592,-5.703846,1024.287891,1022.497339607597
528.300955,0.062939,-5.70383,1024.230852,1024.0598564740467
528.310955,0.06328,-5.703815,1024.173814,1024.9950996559642
528.320955,0.063617,-5.703799,1024.116776,1023.7670456048112
528.330955,0.063948,-5.703784,1024.059738,1023.2340635348202
528.340955,0.064274,-5.703768,1024.0027,1022.7837288486933
528.350955,0.064594,-5.703753,1023.945663,1024.3642138996966
528.360955,0.06491,-5.703737,1023.888625,1025.3157800926172
528.370955,0.065221,-5.703722,1023.831588,1025.154940237078
528.380955,0.065528,-5.703706,1023.774551,1021.5793808166766
528.390955,0.065829,-5.703691,1023.717514,1024.6559432981967
528.400955,0.066126,-5.703675,1023.660477,1022.6159341730531
528.410955,0.066418,-5.70366,1023.60344,1021.5362649415327
528.420955,0.066706,-5.703644,1023.546404,1024.271782664455
528.430955,0.066989,-5.703629,1023.489367,1022.7090931933453
528.440955,0.067268,-5.703613,1023.432331,1019.8801157946247
528.450955,0.067543,-5.703598,1023.375295,1022.8996566773868
528.460955,0.067813,-5.703582,1023.318259,1021.3370448304588
528.470955,0.068079,-5.703567,1023.261223,1020.5045292255577
528.480955,0.068341,-5.703551,1023.204188,1023.9692219281216
528.490955,0.0686,-5.703536,1023.147152,1022.1767550406669
528.500955,0.068854,-5.70352,1023.090117,1022.1698089814051
528.510955,0.069104,-5.703505,1023.033082,1024.8447989240335
528.520955,0.06935,-5.703489,1022.976047,1021.9604178315783
528.530955,0.069592,-5.703474,1022.919012,1022.0853593639022
528.540955,0.069831,-5.703458,1022.861978,1020.6457171947415
528.550955,0.070066,-5.703443,1022.804943,1021.3164779017138
528.560955,0.070297,-5.703428,1022.747909,1019.676461350938
528.570955,0.070525,-5.703412,1022.690875,1024.6085756069085
528.580955,0.070749,-5.703397,1022.63384,1020.1514984630355
528.590955,0.07097,-5.703381,1022.576807,1022.530709387922
528.600955,0.071188,-5.703366,1022.519773,1020.9723166583246
528.610955,0.071402,-5.703351,1022.462739,1021.2234371289783
528.620955,0.071612,-5.703335,1022.405706,1019.7298748823291
528.630955,0.07182,-5.70332,1022.348673,1019.1100433339608
528.640955,0.072024,-5.703304,1022.291639,1021.9755847490345
528.650955,0.072225,-5.703289,1022.234606,1023.2889082939249
528.660955,0.072423,-5.703274,1022.177574,1022.9507671639884
528.670955,0.072618,-5.703258,1022.120541,1022.9552157622047
528.680955,0.07281,-5.703243,1022.063509,1021.213829669331
528.690955,0.072999,-5.703228,1022.006476,1018.1171577381788
528.700955,0.073185,-5.703212,1021.949444,1022.1012803222443
528.710955,0.073368,-5.703197,1021.892412,1020.1889053731783
528.720955,0.073548,-5.703182,1021.83538,1023.5992017409133
528.730955,0.073726,-5.703166,1021.778348,1022.7143803993666
528.740955,0.073901,-5.703151,1021.721317,1021.4649758627743
528.750955,0.074073,-5.703136,1021.664285,1023.5963605420676
528.760955,0.074242,-5.70312,1021.607254,1021.5495201980756
528.770955,0.074409,-5.703105,1021.550223,1023.5137272082821
528.780955,0.074573,-5.70309,1021.493192,1022.3261750357423
528.790955,0.074735,-5.703074,1021.436161,1018.6366613776187
528.800955,0.074894,-5.703059,1021.37913,1022.7776462382857
528.810955,0.075051,-5.703044,1021.3221,1020.4880501170534
528.820955,0.075205,-5.703029,1021.26507,1018.9774317957969
528.830955,0.075357,-5.703013,1021.208039,1020.3735936819727
528.840955,0.075507,-5.702998,1021.151009,1019.743565229327
528.850955,0.075654,-5.702983,1021.093979,1021.3580310760401
528.860955,0.075799,-5.702968,1021.03695,1018.5681957391331
528.870955,0.075942,-5.702952,1020.97992,1019.632576818867
528.880955,0.076082,-5.702937,1020.922891,1021.6319256752304
528.890955,0.07622,-5.702922,1020.865861,1019.4905633739272
528.900955,0.076357,-5.702907,1020.808832,1020.5739507518921
528.910955,0.076491,-5.702891,1020.751803,1020.4698193222904
528.920955,0.076623,-5.702876,1020.694774,1020.2584043996934
528.930955,0.076753,-5.702861,1020.637746,1022.3775173657469
528.940955,0.076881,-5.702846,1020.580717,1018.0992860369305
528.950955,0.077007,-5.702831,1020.523689,1021.4034843614787
528.960955,0.077131,-5.702815,1020.46666,1021.895507629321
528.970955,0.077253,-5.7028,1020.409632,1018.6612760797467
528.980955,0.077373,-5.702785,1020.352604,1019.4566534000845
528.990955,0.077491,-5.70277,1020.295577,1021.3767553179051
529.000955,0.077608,-5.702755,1020.238549,1016.6525832453681
529.010955,0.077723,-5.702739,1020.181522,1021.234275173599
529.020955,0.077836,-5.702724,1020.124494,1020.8027412168651
529.030955,0.077947,-5.702709,1020.067467,1020.0395799229532
529.040955,0.078056,-5.702694,1020.01044,1017.8826763926528
529.050955,0.078164,-5.702679,1019.953413,1021.5964985660459
529.060955,0.07827,-5.702664,1019.896387,1017.8877856389432
529.070955,0.078375,-5.702649,1019.83936,1020.5875708904204
529.080955,0.078478,-5.702633,1019.782334,1019.5037098598268
529.090955,0.078579,-5.702618,1019.725307,1019.8054207297499
529.100955,0.078679,-5.702603,1019.668281,1018.2688133078481
529.110955,0.078777,-5.702588,1019.611255,1019.6132134572448
529.120955,0.078873,-5.702573,1019.554229,1020.0832408999794
529.130955,0.078969,-5.702558,1019.497204,1017.4719043242401
529.140955,0.079062,-5.702543,1019.440178,1019.4393700234062
529.150955,0.079154,-5.702528,1019.383153,1019.692532113896
529.160955,0.079245,-5.702513,1019.326128,1019.169733643753
529.170955,0.079335,-5.702498,1019.269103,1020.3273938167321
529.180955,0.079423,-5.702483,1019.212078,1019.1242027600628
529.190955,0.079509,-5.702467,1019.155053,1018.8107090194261
529.200955,0.079595,-5.702452,1019.098028,1018.2636420206245
529.210955,0.079679,-5.702437,1019.041004,1019.9143889850449
529.220955,0.079761,-5.702422,1018.98398,1016.7406383908236
529.230955,0.079843,-5.702407,1018.926955,1020.1009393154732
529.240955,0.079923,-5.702392,1018.869932,1019.7529744568535
529.250955,0.080002,-5.702377,1018.812908,1017.1403294979614
529.260955,0.080079,-5.702362,1018.755884,1017.624371973908
529.270955,0.080156,-5.702347,1018.69886,1020.913749407558
529.280955,0.080231,-5.702332,1018.641837,1018.4569365856004
529.290955,0.080305,-5.702317,1018.584814,1018.4976637599343
529.300955,0.080378,-5.702302,1018.527791,1016.9880892598289
529.310955,0.08045,-5.702287,1018.470768,1019.2275593376582
529.320955,0.080521,-5.702272,1018.413745,1017.8862201940163
529.330955,0.08059,-5.702257,1018.356722,1021.0433058585394
529.340955,0.080659,-5.702242,1018.2997,1017.392088168518
529.350955,0.080726,-5.702227,1018.242677,1016.2103704605711
529.360955,0.080793,-5.702212,1018.185655,1018.5821612555519
529.370955,0.080858,-5.702197,1018.128633,1017.0732566908645
529.380955,0.080923,-5.702182,1018.071611,1017.2673611759072
529.390955,0.080986,-5.702167,1018.01459,1015.789569151058
529.400955,0.081049,-5.702152,1017.957568,1018.70781795101
529.410955,0.08111,-5.702137,1017.900547,1016.6869649995875
529.420955,0.08117,-5.702122,1017.843525,1016.4782848142376
529.430955,0.08123,-5.702107,1017.786504,1016.6066775542283
529.440955,0.081289,-5.702092,1017.729483,1018.2083879605997
529.450955,0.081346,-5.702077,1017.672462,1016.4377256881661
529.460955,0.081403,-5.702063,1017.615442,1016.1018000018256
529.470955,0.081459,-5.702048,1017.558421,1017.4356995664346
529.480955,0.081514,-5.702033,1017.501401,1015.2543497727094
529.490955,0.081569,-5.702018,1017.44438,1016.1970158276441
529.500955,0.081622,-5.702003,1017.38736,1018.8528657814992
529.510955,0.081674,-5.701988,1017.33034,1017.8618647908568
529.520955,0.081726,-5.701973,1017.27332,1014.7910481024761
529.530955,0.081777,-5.701958,1017.216301,1016.8328042168808
529.540955,0.081827,-5.701943,1017.159281,1014.2498441474013
529.550955,0.081877,-5.701928,1017.102262,1018.2621165700746
529.560955,0.081925,-5.701913,1017.045243,1018.4865371824168
529.570955,0.081973,-5.701898,1016.988224,1018.2343564273718
529.580955,0.08202,-5.701884,1016.931205,1017.0061773844175
529.590955,0.082067,-5.701869,1016.874186,1015.5483710993548
529.600955,0.082112,-5.701854,1016.817167,1016.998537273207
529.610955,0.082157,-5.701839,1016.760149,1015.88294098283
529.620955,0.082202,-5.701824,1016.703131,1016.1514622217061
529.630955,0.082245,-5.701809,1016.646112,1014.3951167502122
529.640955,0.082288,-5.701794,1016.589094,1016.2242041422984
529.650955,0.08233,-5.701779,1016.532077,1016.8254605549644
529.660955,0.082372,-5.701765,1016.475059,1015.7156016853177
529.670955,0.082413,-5.70175,1016.418041,1013.8226315193557
529.680955,0.082453,-5.701735,1016.361024,1017.3889874634083
529.690955,0.082493,-5.70172,1016.304007,1017.4814594021229
529.700955,0.082532,-5.701705,1016.246989,1016.9677522535621
529.710955,0.08257,-5.70169,1016.189972,1018.6514744937931
529.720955,0.082608,-5.701675,1016.132956,1014.0364279207762
529.730955,0.082645,-5.701661,1016.075939,1014.5665366204844
529.740955,0.082682,-5.701646,1016.018922,1016.5416135439862
529.750955,0.082718,-5.701631,1015.961906,1013.7393017855936
529.760955,0.082754,-5.701616,1015.90489,1016.4431001592898
529.770955,0.082789,-5.701601,1015.847874,1015.4457134109357
529.780955,0.082823,-5.701586,1015.790858,1016.417562245954
529.790955,0.082857,-5.701572,1015.733842,1012.6892676622936
529.800955,0.08289,-5.701557,1015.676826,1015.8694857254334
529.810955,0.082923,-5.701542,1015.619811,1015.702939629655
529.820955,0.082956,-5.701527,1015.562796,1017.067611639835
529.830955,0.082987,-5.701512,1015.50578,1016.5090009679476
529.840955,0.083019,-5.701497,1015.448765,1014.7710061769569
529.850955,0.08305,-5.701483,1015.39175,1013.073228601699
529.860955,0.08308,-5.701468,1015.334736,1017.5455975483885
529.870955,0.08311,-5.701453,1015.277721,1014.796669323299
529.880955,0.083139,-5.701438,1015.220707,1015.5453245783234
529.890955,0.083168,-5.701423,1015.163692,1015.1314079635877
529.900955,0.083197,-5.701409,1015.106678,1014.0666174509273
529.910955,0.083225,-5.701394,1015.049664,1016.7733008704463
529.920955,0.083253,-5.701379,1014.99265,1015.5997310860184
529.930955,0.08328,-5.701364,1014.935637,1013.2529256368261
529.940955,0.083307,-5.701349,1014.878623,1010.9885254739021
529.950955,0.083333,-5.701335,1014.82161,1016.5332834939943
529.960955,0.083359,-5.70132,1014.764596,1013.9294539819987
529.970955,0.083385,-5.701305,1014.707583,1014.7810932169175
529.980955,0.08341,-5.70129,1014.65057,1014.5876583877697
529.990955,0.083435,-5.701275,1014.593557,1016.9439412023416
530.000955,0.083459,-5.701261,1014.536545,1015.7695136393281
530.010955,0.083483,-5.701246,1014.479532,1014.4306839577697
530.020955,0.083507,-5.701231,1014.42252,1013.7025558766755
530.030955,0.08353,-5.701216,1014.365507,1012.899250412077
530.040955,0.083553,-5.701202,1014.308495,1016.3897701650798
530.050955,0.083575,-5.701187,1014.251483,1014.1384353679741
530.060955,0.083598,-5.701172,1014.194472,1013.7271652611994
530.070955,0.083619,-5.701157,1014.13746,1011.7791812883462
530.080955,0.083641,-5.701143,1014.080449,1010.3675012589717
530.090955,0.083662,-5.701128,1014.023437,1011.7591529629424
530.100955,0.083683,-5.701113,1013.966426,1014.2366053457047
530.110955,0.083703,-5.701098,1013.909415,1015.6509523386253
530.120955,0.083724,-5.701083,1013.852404,1013.6639905216427
530.130955,0.083743,-5.701069,1013.795393,1014.3368819068784
530.140955,0.083763,-5.701054,1013.738383,1015.3391361957291
530.150955,0.083782,-5.701039,1013.681372,1012.0743974299759
530.160955,0.083801,-5.701025,1013.624362,1015.5348258232922
530.170955,0.08382,-5.70101,1013.567352,1012.7846775128742
530.180955,0.083838,-5.700995,1013.510342,1013.339569638051
530.190955,0.083856,-5.70098,1013.453332,1015.8021415214312
530.200955,0.083874,-5.700966,1013.396322,1015.4328737917037
530.210955,0.083892,-5.700951,1013.339312,1013.12260918077
530.220955,0.083909,-5.700936,1013.282303,1010.4778385445176
530.230955,0.083926,-5.700921,1013.225294,1010.5640533965043
530.240955,0.083943,-5.700907,1013.168285,1014.2222041629569
530.250955,0.083959,-5.700892,1013.111276,1012.3021125240048
530.260955,0.083975,-5.700877,1013.054267,1014.8416099569898
530.270955,0.083991,-5.700862,1012.997258,1014.587739572729
530.280955,0.084007,-5.700848,1012.940249,1011.7946863235737
530.290955,0.084022,-5.700833,1012.883241,1011.7657964764209
530.300955,0.084038,-5.700818,1012.826233,1014.0669558891007
530.310955,0.084053,-5.700804,1012.769225,1011.5454234817673
530.320955,0.084067,-5.700789,1012.712217,1011.3600145155491
530.330955,0.084082,-5.700774,1012.655209,1013.8044125126286
530.340955,0.084096,-5.700759,1012.598201,1013.3457759932788
530.350955,0.08411,-5.700745,1012.541194,1013.4412612936201
530.360955,0.084124,-5.70073,1012.484186,1013.0843278019812
530.370955,0.084138,-5.700715,1012.427179,1014.2785785893183
530.380955,0.084151,-5.7007,1012.370172,1012.160778420178
530.390955,0.084164,-5.700686,1012.313165,1013.3910953725564
530.400955,0.084177,-5.700671,1012.256158,1012.9886855090971
530.410955,0.08419,-5.700656,1012.199152,1013.5311540225282
530.420955,0.084203,-5.700642,1012.142145,1009.6031232341768
530.430955,0.084215,-5.700627,1012.085139,1011.649166149984
530.440955,0.084227,-5.700612,1012.028133,1012.9698533409648
530.450955,0.084239,-5.700598,1011.971127,1014.577699059547
530.460955,0.084251,-5.700583,1011.914121,1011.9429997171288
530.470955,0.084263,-5.700568,1011.857115,1008.9457465548207
530.480955,0.084274,-5.700553,1011.800109,1013.6484496128843
530.490955,0.084285,-5.700539,1011.743104,1013.3218770257092
530.500955,0.084296,-5.700524,1011.686099,1011.0679018186481
530.510955,0.084307,-5.700509,1011.629093,1011.8515129420613
530.520955,0.084318,-5.700495,1011.572088,1011.215000722929
530.530955,0.084329,-5.70048,1011.515084,1011.3728649935512
530.540955,0.084339,-5.700465,1011.458079,1011.624325795735
530.550955,0.084349,-5.700451,1011.401074,1011.4132864669741
530.560955,0.084359,-5.700436,1011.34407,1011.8622129729982
530.570955,0.084369,-5.700421,1011.287066,1009.9518529596759
530.580955,0.084379,-5.700406,1011.230061,1012.9512754050844
530.590955,0.084389,-5.700392,1011.173057,1011.196903968899
530.600955,0.084398,-5.700377,1011.116054,1011.1657962799801
530.610955,0.084407,-5.700362,1011.05905,1010.1493493201917
530.620955,0.084416,-5.700348,1011.002046,1010.7396279374648
530.630955,0.084425,-5.700333,1010.945043,1010.1650082180641
530.640955,0.084434,-5.700318,1010.88804,1011.2817688989556
530.650955,0.084443,-5.700304,1010.831037,1009.6449032448498
530.660955,0.084452,-5.700289,1010.774034,1008.0304293208072
530.670955,0.08446,-5.700274,1010.717031,1011.0132455998173
530.680955,0.084468,-5.70026,1010.660028,1010.5807844775835
530.690955,0.084477,-5.700245,1010.603026,1011.5001234763021
530.700955,0.084485,-5.70023,1010.546023,1011.0300214866452
530.710955,0.084493,-5.700216,1010.489021,1012.3776948150121
530.720955,0.0845,-5.700201,1010.432019,1011.5974740336168
530.730955,0.084508,-5.700186,1010.375017,1010.6489655105689
530.740955,0.084516,-5.700172,1010.318015,1008.6943957776637
530.750955,0.084523,-5.700157,1010.261014,1009.3001867688725
530.760955,0.08453,-5.700142,1010.204012,1008.5168385648661
530.770955,0.084538,-5.700128,1010.147011,1010.946097013404
530.780955,0.084545,-5.700113,1010.090009,1009.4339122950518
530.790955,0.084552,-5.700098,1010.033008,1007.3746709224018
530.800955,0.084559,-5.700084,1009.976007,1010.0722671642702
530.810955,0.084565,-5.700069,1009.919007,1009.3221665128751
530.820955,0.084572,-5.700054,1009.862006,1009.3370558782499
530.830955,0.084578,-5.70004,1009.805006,1005.8496027360268
530.840955,0.084585,-5.700025,1009.748005,1011.8974094746645
530.850955,0.084591,-5.70001,1009.691005,1009.3207525062097
530.860955,0.084597,-5.699996,1009.634005,1010.445114836058
530.870955,0.084604,-5.699981,1009.577005,1007.4633902608482
530.880955,0.08461,-5.699966,1009.520006,1009.1697829668647
530.890955,0.084616,-5.699952,1009.463006,1008.1167642526441
530.900955,0.084621,-5.699937,1009.406006,1010.5485217468221
530.910955,0.084627,-5.699922,1009.349007,1008.2516116539074
530.920955,0.084633,-5.699908,1009.292008,1011.3680607693158
530.930955,0.084638,-5.699893,1009.235009,1007.3879562345284
530.940955,0.084644,-5.699878,1009.17801,1007.3428535565968
530.950955,0.084649,-5.699864,1009.121011,1010.6667775082348
530.960955,0.084655,-5.699849,1009.064013,1010.5159914641832
530.970955,0.08466,-5.699834,1009.007014,1007.0116235464271
530.980955,0.084665,-5.69982,1008.950016,1008.0053532067645
530.990955,0.08467,-5.699805,1008.893018,1008.7998135722788
531.000955,0.084675,-5.69979,1008.83602,1008.5619659609176
531.010955,0.08468,-5.699776,1008.779022,1007.083518285243
531.020955,0.084685,-5.699761,1008.722025,1011.3192185856674
531.030955,0.084689,-5.699746,1008.665027,1008.065477353357
531.040955,0.084694,-5.699732,1008.60803,1008.6799652430393
531.050955,0.084699,-5.699717,1008.551032,1006.8972545503751
531.060955,0.084703,-5.699702,1008.494035,1009.2439005434362
531.070955,0.084708,-5.699688,1008.437038,1011.5742780517367
531.080955,0.084712,-5.699673,1008.380042,1008.6660607629373
531.090955,0.084716,-5.699659,1008.323045,1009.4520545700399
531.100955,0.08472,-5.699644,1008.266048,1005.7952959070096
531.110955,0.084725,-5.699629,1008.209052,1007.081825760829
531.120955,0.084729,-5.699615,1008.152056,1007.9698168675936
531.130955,0.084733,-5.6996,1008.09506,1008.2724422917514
531.140955,0.084737,-5.699585,1008.038064,1006.5432715800666
531.150955,0.08474,-5.699571,1007.981068,1008.7323185101067
531.160955,0.084744,-5.699556,1007.924072,1008.2871718737545
531.170955,0.084748,-5.699541,1007.867077,1004.0361065183396
531.180955,0.084752,-5.699527,1007.810082,1008.133024091408
531.190955,0.084755,-5.699512,1007.753086,1008.4473080329117
531.200955,0.084759,-5.699497,1007.696091,1008.2296512796261
531.210955,0.084763,-5.699483,1007.639096,1007.9015759290304
531.220955,0.084766,-5.699468,1007.582102,1007.7318819779241
531.230955,0.084769,-5.699453,1007.525107,1004.939827155586
531.240955,0.084773,-5.699439,1007.468113,1010.9982757880966
531.250955,0.084776,-5.699424,1007.411118,1005.8459436056842
531.260955,0.084779,-5.69941,1007.354124,1007.9812750301244
531.270955,0.084782,-5.699395,1007.29713,1006.7954594504653
531.280955,0.084786,-5.69938,1007.240136,1005.2391980132097
531.290955,0.084789,-5.699366,1007.183142,1005.6281037388696
531.300955,0.084792,-5.699351,1007.126149,1006.9203660200282
531.310955,0.084795,-5.699336,1007.069155,1010.0394882272564
531.320955,0.084798,-5.699322,1007.012162,1005.3827340009019
531.330955,0.084801,-5.699307,1006.955169,1005.0470556168483
531.340955,0.084803,-5.699292,1006.898176,1007.6587395772823
531.350955,0.084806,-5.699278,1006.841183,1004.5028105072432
531.360955,0.084809,-5.699263,1006.78419,1005.6122360256978
531.370955,0.084812,-5.699249,1006.727198,1006.7121252922892
531.380955,0.084814,-5.699234,1006.670206,1005.9234561009372
531.390955,0.084817,-5.699219,1006.613213,1009.1150763350491
531.400955,0.084819,-5.699205,1006.556221,1006.7828913388029
531.410955,0.084822,-5.69919,1006.499229,1005.8782936924025
531.420955,0.084824,-5.699175,1006.442237,1006.1358147885965
531.430955,0.084827,-5.699161,1006.385246,1008.3366135242918
531.440955,0.084829,-5.699146,1006.328254,1003.8711046927364
531.450955,0.084832,-5.699131,1006.271263,1005.1599791504098
531.460955,0.084834,-5.699117,1006.214271,1003.7226176294947
531.470955,0.084836,-5.699102,1006.15728,1004.2032528669997
531.480955,0.084838,-5.699088,1006.100289,1004.3377440211179
531.490955,0.084841,-5.699073,1006.043299,1005.7066089272648
531.500955,0.084843,-5.699058,1005.986308,1005.080221322705
531.510955,0.084845,-5.699044,1005.929317,1005.7419202965159
531.520955,0.084847,-5.699029,1005.872327,1006.0899358911472
531.530955,0.084849,-5.699014,1005.815337,1006.4338196836469
531.540955,0.084851,-5.699,1005.758347,1005.8312747498384
531.550955,0.084853,-5.698985,1005.701357,1004.4720716817917
531.560955,0.084855,-5.698971,1005.644367,1005.7093131070976
531.570955,0.084857,-5.698956,1005.587377,1007.1524057106785
531.580955,0.084859,-5.698941,1005.530388,1003.6419354859436
531.590955,0.084861,-5.698927,1005.473399,1005.1336315904415
531.600955,0.084862,-5.698912,1005.416409,1005.3963344140317
531.610955,0.084864,-5.698897,1005.35942,1004.4648710398229
531.620955,0.084866,-5.698883,1005.302432,1004.3675396472785
531.630955,0.084868,-5.698868,1005.245443,1003.5341050116776
531.640955,0.084869,-5.698854,1005.188454,1003.4063447409264
531.650955,0.084871,-5.698839,1005.131466,1004.6179531215732
531.660955,0.084873,-5.698824,1005.074477,1006.6168397247526
531.670955,0.084874,-5.69881,1005.017489,1003.7846374312045
531.680955,0.084876,-5.698795,1004.960501,1004.3088951774621
531.690955,0.084877,-5.69878,1004.903513,1002.4586628248197
531.700955,0.084879,-5.698766,1004.846526,1005.6238015938557
531.710955,0.08488,-5.698751,1004.789538,1002.2920624346345
531.720955,0.084882,-5.698737,1004.732551,1003.6402959268198
531.730955,0.084883,-5.698722,1004.675563,1004.7147152908477
531.740955,0.084885,-5.698707,1004.618576,1003.8798210562023
531.750955,0.084886,-5.698693,1004.561589,1003.7693067574982
531.760955,0.084888,-5.698678,1004.504602,1004.5789815885254
531.770955,0.084889,-5.698663,1004.447616,1002.9778873430554
531.780955,0.08489,-5.698649,1004.390629,1006.3030215476781
531.790955,0.084892,-5.698634,1004.333643,1006.4342523612694
531.800955,0.084893,-5.69862,1004.276656,1005.1275746608835
531.810955,0.084894,-5.698605,1004.21967,1003.1660347072996
531.820955,0.084895,-5.69859,1004.162684,1003.389935542337
531.830955,0.084897,-5.698576,1004.105698,1002.9422467262514
531.840955,0.084898,-5.698561,1004.048713,1004.9669425257238
531.850955,0.084899,-5.698547,1003.991727,1004.8594041697877
531.860955,0.0849,-5.698532,1003.934742,1005.2724015428455
531.870955,0.084901,-5.698517,1003.877756,1000.6027211614066
531.880955,0.084902,-5.698503,1003.820771,1004.183570192994
531.890955,0.084903,-5.698488,1003.763786,999.792460805709
531.900955,0.084904,-5.698473,1003.706802,1003.3470861188247
531.910955,0.084905,-5.698459,1003.649817,1004.6923086762622
531.920955,0.084906,-5.698444,1003.592832,1006.2170331771266
531.930955,0.084907,-5.69843,1003.535848,1003.3096121799517
531.940955,0.084908,-5.698415,1003.478864,1002.0867667905111
531.950955,0.084909,-5.6984,1003.42188,1004.2316161378399
531.960955,0.08491,-5.698386,1003.364896,1004.5975289269527
531.970955,0.084911,-5.698371,1003.307912,1001.7430173712239
531.980955,0.084912,-5.698357,1003.250928,1003.933515990911
531.990955,0.084913,-5.698342,1003.193945,1001.74981006982
532.000955,0.084914,-5.698327,1003.136962,1002.5495130547858
532.010955,0.084915,-5.698313,1003.079978,1001.134186631953
532.020955,0.084916,-5.698298,1003.022995,1000.6710264610201
532.030955,0.084916,-5.698283,1002.966012,1001.4687492253059
532.040955,0.084917,-5.698269,1002.90903,1000.1557148479976
532.050955,0.084918,-5.698254,1002.852047,1000.4630805762242
532.060955,0.084919,-5.69824,1002.795065,1003.7648436733963
532.070955,0.08492,-5.698225,1002.738082,1002.6139773771898
532.080955,0.08492,-5.69821,1002.6811,1002.2284176008732
532.090955,0.084921,-5.698196,1002.624118,1001.4562768819129
532.100955,0.084922,-5.698181,1002.567136,1003.1134222513592
532.110955,0.084922,-5.698167,1002.510154,1003.4968467838827
532.120955,0.084923,-5.698152,1002.453173,1003.9803587969695
532.130955,0.084924,-5.698137,1002.396191,1002.7607279084968
532.140955,0.084924,-5.698123,1002.33921,998.5289320628218
532.150955,0.084925,-5.698108,1002.282229,1002.0540694622061
532.160955,0.084926,-5.698093,1002.225248,1002.4471765557731
532.170955,0.084926,-5.698079,1002.168267,1002.4657336999751
532.180955,0.084927,-5.698064,1002.111286,1004.2668229223461
532.190955,0.084928,-5.69805,1002.054306,1001.4118446207024
532.200955,0.084928,-5.698035,1001.997325,1005.645966335102
532.210955,0.084929,-5.69802,1001.940345,1000.7470023069028
532.220955,0.084929,-5.698006,1001.883365,999.598273975701
532.230955,0.08493,-5.697991,1001.826385,1000.9995783635346
532.240955,0.08493,-5.697977,1001.769405,1000.5121654146802
532.250955,0.084931,-5.697962,1001.712425,1003.431100955107
532.260955,0.084931,-5.697947,1001.655446,1001.8333037349356
532.270955,0.084932,-5.697933,1001.598466,1003.3115763953828
532.280955,0.084932,-5.697918,1001.541487,1002.0335621564301
532.290955,0.084933,-5.697904,1001.484508,1000.71723034824
532.300955,0.084933,-5.697889,1001.427529,1000.0138529995533
532.310955,0.084934,-5.697874,1001.37055,999.905224018086
532.320955,0.084934,-5.69786,1001.313572,1003.9059298731794
532.330955,0.084935,-5.697845,1001.256593,999.1264957581128
532.340955,0.084935,-5.697831,1001.199615,998.9196901890991
532.350955,0.084936,-5.697816,1001.142637,1003.1010839033648
532.360955,0.084936,-5.697801,1001.085658,998.3632831504146
532.370955,0.084936,-5.697787,1001.028681,1001.572882168811
532.380955,0.084937,-5.697772,1000.971703,1001.1334300066859
532.390955,0.084937,-5.697758,1000.914725,1000.5486940569286
532.400955,0.084937,-5.697743,1000.857748,1000.81936619377
532.410955,0.084938,-5.697728,1000.80077,1001.3414601252563
532.420955,0.084938,-5.697714,1000.743793,1000.2695277357747
532.430955,0.084939,-5.697699,1000.686816,1001.2173201325758
532.440955,0.084939,-5.697684,1000.629839,996.7115855150835
532.450955,0.084939,-5.69767,1000.572862,1002.2836251424048
532.460955,0.084939,-5.697655,1000.515886,1002.5456176146349
532.470955,0.08494,-5.697641,1000.458909,999.7653164060918
532.480955,0.08494,-5.697626,1000.401933,999.8630929438393
532.490955,0.08494,-5.697611,1000.344957,999.6117210280573
532.500955,0.084941,-5.697597,1000.287981,1001.0534172089871
532.510955,0.084941,-5.697582,1000.231005,1003.110910681845
532.520955,0.084941,-5.697568,1000.174029,998.5608195319035
532.530955,0.084941,-5.697553,1000.117053,997.8899459824273
532.540955,0.084942,-5.697538,1000.060078,998.413105210838
532.550955,0.084942,-5.697524,1000.003103,997.5703602818944
532.560955,0.084942,-5.697509,999.946127,999.831175652675
532.570955,0.084942,-5.697495,999.889152,998.4836797738417
532.580955,0.084943,-5.69748,999.832178,1000.321305046404
532.590955,0.084943,-5.697465,999.775203,995.1647731739911
532.600955,0.084943,-5.697451,999.718228,998.6891163363912
532.610955,0.084943,-5.697436,999.661254,1000.8952781234975
532.620955,0.084943,-5.697422,999.604279,999.2667060723586
532.630955,0.084944,-5.697407,999.547305,1000.4860350288989
532.640955,0.084944,-5.697392,999.490331,999.097808631874
532.650955,0.084944,-5.697378,999.433357,996.1966471086847
532.660955,0.084944,-5.697363,999.376384,1001.9945063434295
532.670955,0.084944,-5.697349,999.31941,999.0272052891205
532.680955,0.084945,-5.697334,999.262437,997.0932332136264
532.690955,0.084945,-5.697319,999.205464,1001.0231814560879
532.700955,0.084945,-5.697305,999.14849,997.7845390194884
532.710955,0.084945,-5.69729,999.091517,1000.6005895677314
532.720955,0.084945,-5.697276,999.034545,997.7792986635849
532.730955,0.084945,-5.697261,998.977572,1000.796476225714
532.740955,0.084945,-5.697246,998.920599,1000.594052091376
532.750955,0.084946,-5.697232,998.863627,999.1810227848348
532.760955,0.084946,-5.697217,998.806655,998.210562507704
532.770955,0.084946,-5.697203,998.749683,997.3588308838933
532.780955,0.084946,-5.697188,998.692711,998.8429836578964
532.790955,0.084946,-5.697173,998.635739,996.9569294470074
532.800955,0.084946,-5.697159,998.578767,997.691052447712
532.810955,0.084946,-5.697144,998.521796,1001.6676025448502
532.820955,0.084946,-5.69713,998.464824,997.2015102045515
532.830955,0.084946,-5.697115,998.407853,1000.3657459811308
532.840955,0.084946,-5.6971,998.350882,995.916297333612
532.850955,0.084946,-5.697086,998.293911,997.4853128142911
532.860955,0.084947,-5.697071,998.23694,997.6068656588919
532.870955,0.084947,-5.697057,998.17997,996.6797530386465
532.880955,0.084947,-5.697042,998.122999,1000.5953863890554
532.890955,0.084947,-5.697028,998.066029,997.4514318029128
532.900955,0.084947,-5.697013,998.009059,995.9133600441588
532.910955,0.084947,-5.696998,997.952089,998.7121524365555
532.920955,0.084947,-5.696984,997.895119,998.8345779060401
532.930955,0.084947,-5.696969,997.838149,997.3336562775655
532.940955,0.084947,-5.696955,997.781179,997.9864043462436
532.950955,0.084947,-5.69694,997.72421,998.5820601607195
532.960955,0.084947,-5.696925,997.66724,995.3208944658489
532.970955,0.084947,-5.696911,997.610271,997.2524017069235
532.980955,0.084947,-5.696896,997.553302,999.6496156119
532.990955,0.084947,-5.696882,997.496333,995.2674907510465
533.000955,0.084947,-5.696867,997.439365,998.2394478677176
533.010955,0.084947,-5.696852,997.382396,998.3098058515669
533.020955,0.084947,-5.696838,997.325428,996.3065431783627
533.030955,0.084947,-5.696823,997.268459,998.3760480456654
533.040955,0.084947,-5.696809,997.211491,996.4435737930164
533.050955,0.084947,-5.696794,997.154523,996.6235031874269
533.060955,0.084947,-5.696779,997.097555,998.3980256073046
533.070955,0.084947,-5.696765,997.040588,997.2037421462229
533.080955,0.084947,-5.69675,996.98362,993.7609771362922
533.090955,0.084947,-5.696736,996.926653,998.4584595819149
533.100955,0.084947,-5.696721,996.869685,997.2246461036294
533.110955,0.084947,-5.696706,996.812718,996.7553532204679
533.120955,0.084947,-5.696692,996.755751,996.1213594250958
533.130955,0.084947,-5.696677,996.698784,995.1459863077997
533.140955,0.084947,-5.696663,996.641818,997.3627421351628
533.150955,0.084947,-5.696648,996.584851,996.9923091124889
533.160955,0.084947,-5.696633,996.527885,995.6983406413216
533.170955,0.084947,-5.696619,996.470918,995.8816947487203
533.180955,0.084947,-5.696604,996.413952,996.7866465249423
533.190955,0.084947,-5.69659,996.356986,998.0551622960782
533.200955,0.084947,-5.696575,996.30002,992.5753330355278
533.210955,0.084947,-5.696561,996.243055,996.0181129118067
533.220955,0.084946,-5.696546,996.186089,995.1787609530667
533.230955,0.084946,-5.696531,996.129124,995.0131625595847
533.240955,0.084946,-5.696517,996.072159,995.6570075005635
533.250955,0.084946,-5.696502,996.015193,995.7751853065532
533.260955,0.084946,-5.696488,995.958229,994.3322539154098
533.270955,0.084946,-5.696473,995.901264,994.8850793976231
533.280955,0.084946,-5.696458,995.844299,996.5621767914499
533.290955,0.084946,-5.696444,995.787335,992.3986263441261
533.300955,0.084946,-5.696429,995.73037,996.8829607513827
533.310955,0.084946,-5.696415,995.673406,996.5406283175415
533.320955,0.084946,-5.6964,995.616442,994.8865001421707
533.330955,0.084946,-5.696385,995.559478,994.1125687042925
533.340955,0.084946,-5.696371,995.502514,995.5935230066837
533.350955,0.084946,-5.696356,995.445551,994.3471229665579
533.360955,0.084945,-5.696342,995.388587,997.6601015298703
533.370955,0.084945,-5.696327,995.331624,994.0826187548772
533.380955,0.084945,-5.696313,995.274661,995.1933904970583
533.390955,0.084945,-5.696298,995.217697,993.9823163937126
533.400955,0.084945,-5.696283,995.160735,994.626316652697
533.410955,0.084945,-5.696269,995.103772,996.5686676774636
533.420955,0.084945,-5.696254,995.046809,994.2858327008104
533.430955,0.084945,-5.69624,994.989847,996.2624531864669
533.440955,0.084945,-5.696225,994.932884,998.2333017246806
533.450955,0.084945,-5.69621,994.875922,995.4919816520226
533.460955,0.084945,-5.696196,994.81896,995.9174608412391
533.470955,0.084944,-5.696181,994.761998,994.3375172358425
533.480955,0.084944,-5.696167,994.705037,993.4521831167507
533.490955,0.084944,-5.696152,994.648075,993.4954302932797
533.500955,0.084944,-5.696137,994.591114,994.2923062083748
533.510955,0.084944,-5.696123,994.534152,995.8839666072574
533.520955,0.084944,-5.696108,994.477191,993.0922679302373
533.530955,0.084944,-5.696094,994.42023,995.8748035761645
533.540955,0.084944,-5.696079,994.363269,991.7626208682273
533.550955,0.084943,-5.696065,994.306308,995.8026161991436
533.560955,0.084943,-5.69605,994.249348,995.7358984272835
533.570955,0.084943,-5.696035,994.192387,993.1471880467669
533.580955,0.084943,-5.696021,994.135427,991.9827080701392
533.590955,0.084943,-5.696006,994.078467,994.4630630989413
533.600955,0.084943,-5.695992,994.021507,995.6670385749425
533.610955,0.084943,-5.695977,993.964547,997.8179923872747
533.620955,0.084943,-5.695962,993.907588,992.1697630753974
533.630955,0.084942,-5.695948,993.850628,995.5141852547364
533.640955,0.084942,-5.695933,993.793669,991.6142560812249
533.650955,0.084942,-5.695919,993.736709,995.4326563076338
533.660955,0.084942,-5.695904,993.67975,993.1703857039856
533.670955,0.084942,-5.69589,993.622791,992.7593388533877
533.680955,0.084942,-5.695875,993.565832,994.9130437809192
533.690955,0.084942,-5.69586,993.508874,994.8257852070493
533.700955,0.084942,-5.695846,993.451915,991.7021458460296
533.710955,0.084941,-5.695831,993.394957,994.8742217444783
533.720955,0.084941,-5.695817,993.337999,992.3754598572052
533.730955,0.084941,-5.695802,993.28104,994.3032365398392
533.740955,0.084941,-5.695787,993.224083,995.6330340522452
533.750955,0.084941,-5.695773,993.167125,988.9025504733521
533.760955,0.084941,-5.695758,993.110167,991.1208953365193
533.770955,0.08494,-5.695744,993.05321,996.0377458672136
533.780955,0.08494,-5.695729,992.996252,992.5481837345072
533.790955,0.08494,-5.695715,992.939295,995.1764162558429
533.800955,0.08494,-5.6957,992.882338,993.4846717447364
533.810955,0.08494,-5.695685,992.825381,993.9051783533536
533.820955,0.08494,-5.695671,992.768424,992.1768067191191
533.830955,0.08494,-5.695656,992.711468,991.2070800796168
533.840955,0.084939,-5.695642,992.654511,991.1768886080696
533.850955,0.084939,-5.695627,992.597555,994.1521498264151
533.860955,0.084939,-5.695613,992.540599,992.2542359537416
533.870955,0.084939,-5.695598,992.483642,991.2725532658088
533.880955,0.084939,-5.695583,992.426687,991.1608783556519
533.890955,0.084939,-5.695569,992.369731,992.0153654026033
533.900955,0.084938,-5.695554,992.312775,992.1940402119493
533.910955,0.084938,-5.69554,992.25582,994.8437125410393
533.920955,0.084938,-5.695525,992.198864,989.935576948902
533.930955,0.084938,-5.69551,992.141909,990.7748666744716
533.940955,0.084938,-5.695496,992.084954,992.7198785112487
533.950955,0.084938,-5.695481,992.027999,990.5189537640485
533.960955,0.084937,-5.695467,991.971045,994.1804524455554
533.970955,0.084937,-5.695452,991.91409,994.3497016819887
533.980955,0.084937,-5.695438,991.857136,990.9761834231496
533.990955,0.084937,-5.695423,991.800181,991.4108634943556
534.000955,0.084937,-5.695408,991.743227,991.2552316652102
534.010955,0.084937,-5.695394,991.686273,992.9136689706901
534.020955,0.084936,-5.695379,991.629319,992.10543511291
534.030955,0.084936,-5.695365,991.572365,990.6269651306004
534.040955,0.084936,-5.69535,991.515412,989.5668047676859
534.050955,0.084936,-5.695336,991.458458,991.239523868929
534.060955,0.084936,-5.695321,991.401505,989.2637046994605
534.070955,0.084936,-5.695306,991.344552,991.2767418647946
534.080955,0.084935,-5.695292,991.287599,990.9935993134391
534.090955,0.084935,-5.695277,991.230646,991.8067343314212
534.100955,0.084935,-5.695263,991.173694,990.733576869782
534.110955,0.084935,-5.695248,991.116741,991.3455223114274
534.120955,0.084935,-5.695234,991.059789,990.5929908185395
534.130955,0.084935,-5.695219,991.002836,989.5950262848266
534.140955,0.084934,-5.695204,990.945884,988.5693427270833
534.150955,0.084934,-5.69519,990.888932,990.3397462312965
534.160955,0.084934,-5.695175,990.83198,991.8657834159848
534.170955,0.084934,-5.695161,990.775029,992.1982471149847
534.180955,0.084934,-5.695146,990.718077,989.2785768828745
534.190955,0.084933,-5.695131,990.661126,987.4840359791452
534.200955,0.084933,-5.695117,990.604175,993.09932014021
534.210955,0.084933,-5.695102,990.547223,990.1039099071982
534.220955,0.084933,-5.695088,990.490272,988.8286310265747
534.230955,0.084933,-5.695073,990.433322,990.6367836994416
534.240955,0.084933,-5.695059,990.376371,991.8552931882411
534.250955,0.084932,-5.695044,990.319421,989.8712350134971
534.260955,0.084932,-5.695029,990.26247,989.4861105856012
534.270955,0.084932,-5.695015,990.20552,986.553906753516
534.280955,0.084932,-5.695,990.14857,990.8336133248227
534.290955,0.084932,-5.694986,990.09162,989.4096060763062
534.300955,0.084931,-5.694971,990.03467,987.8537956734067
534.310955,0.084931,-5.694957,989.97772,989.8925767566444
534.320955,0.084931,-5.694942,989.920771,993.0260385734316
534.330955,0.084931,-5.694927,989.863822,988.7874639558402
534.340955,0.084931,-5.694913,989.806872,991.2420887899085
534.350955,0.08493,-5.694898,989.749923,988.5304936291066
534.360955,0.08493,-5.694884,989.692974,989.8810663606557
534.370955,0.08493,-5.694869,989.636026,989.7878326972443
534.380955,0.08493,-5.694855,989.579077,988.2354792600979
534.390955,0.08493,-5.69484,989.522129,991.552066810799
534.400955,0.08493,-5.694825,989.46518,991.1585026537558
534.410955,0.084929,-5.694811,989.408232,989.935143582058
534.420955,0.084929,-5.694796,989.351284,990.7814787450047
534.430955,0.084929,-5.694782,989.294336,989.871470557082
534.440955,0.084929,-5.694767,989.237388,988.1261798569949
534.450955,0.084929,-5.694753,989.180441,988.3989830957629
534.460955,0.084928,-5.694738,989.123493,988.9798015538394
534.470955,0.084928,-5.694723,989.066546,990.6109251692275
534.480955,0.084928,-5.694709,989.009599,988.6197237205488
534.490955,0.084928,-5.694694,988.952652,987.4872184537103
534.500955,0.084928,-5.69468,988.895705,988.5422578442295
534.510955,0.084927,-5.694665,988.838758,988.5846560638801
534.520955,0.084927,-5.694651,988.781812,991.422435291595
534.530955,0.084927,-5.694636,988.724865,991.1508386949295
534.540955,0.084927,-5.694621,988.667919,986.8941266157545
534.550955,0.084927,-5.694607,988.610973,989.8402953700692
534.560955,0.084926,-5.694592,988.554027,986.2584079607859
534.570955,0.084926,-5.694578,988.497081,986.2647796558484
534.580955,0.084926,-5.694563,988.440135,986.463973382217
534.590955,0.084926,-5.694549,988.38319,987.126883015493
534.600955,0.084926,-5.694534,988.326244,988.2743124539143
534.610955,0.084925,-5.694519,988.269299,986.8813032318667
534.620955,0.084925,-5.694505,988.212354,986.9000303828532
534.630955,0.084925,-5.69449,988.155409,988.0164119289889
534.640955,0.084925,-5.694476,988.098464,986.1097244362253
534.650955,0.084925,-5.694461,988.041519,989.6871863966317
534.660955,0.084924,-5.694447,987.984575,990.6809743034246
534.670955,0.084924,-5.694432,987.927631,987.1833278757889
534.680955,0.084924,-5.694418,987.870686,987.6668736979268
534.690955,0.084924,-5.694403,987.813742,986.6869788646686
534.700955,0.084924,-5.694388,987.756798,989.0150657004441
534.710955,0.084923,-5.694374,987.699854,987.2603785862569
534.720955,0.084923,-5.694359,987.642911,986.982880217309
534.730955,0.084923,-5.694345,987.585967,988.2214021412269
534.740955,0.084923,-5.69433,987.529024,987.7416995114551
534.750955,0.084923,-5.694316,987.472081,986.0706876266652
534.760955,0.084922,-5.694301,987.415138,987.8328311658566
534.770955,0.084922,-5.694286,987.358195,986.2407402410045
534.780955,0.084922,-5.694272,987.301252,990.0354280808606
534.790955,0.084922,-5.694257,987.244309,987.0720820780897
534.800955,0.084922,-5.694243,987.187367,984.6644419105509
534.810955,0.084921,-5.694228,987.130424,987.0525788400156
534.820955,0.084921,-5.694214,987.073482,988.2124309875571
534.830955,0.084921,-5.694199,987.01654,984.808339449475
534.840955,0.084921,-5.694184,986.959598,987.8609714919414
534.850955,0.084921,-5.69417,986.902656,986.1213299113293
534.860955,0.08492,-5.694155,986.845715,985.176057829328
534.870955,0.08492,-5.694141,986.788773,986.3624697874644
534.880955,0.08492,-5.694126,986.731832,987.1939411153082
534.890955,0.08492,-5.694112,986.674891,986.0819480731598
534.900955,0.08492,-5.694097,986.61795,986.0682957222182
534.910955,0.084919,-5.694083,986.561009,988.0576022567772
534.920955,0.084919,-5.694068,986.504068,986.2834395637017
534.930955,0.084919,-5.694053,986.447127,986.8997367902383
534.940955,0.084919,-5.694039,986.390187,986.1649379066748
534.950955,0.084918,-5.694024,986.333247,985.0028977080489
534.960955,0.084918,-5.69401,986.276306,988.0110989545776
534.970955,0.084918,-5.693995,986.219366,985.8866031913195
534.980955,0.084918,-5.693981,986.162427,984.933180151631
534.990955,0.084918,-5.693966,986.105487,984.4790240048573
535.000955,0.084917,-5.693951,986.048547,985.6557897551792
535.010955,0.084917,-5.693937,985.991608,987.1556704775699
535.020955,0.084917,-5.693922,985.934669,987.4350610272528
535.030955,0.084917,-5.693908,985.877729,989.56718950493
535.040955,0.084917,-5.693893,985.82079,986.5130302159428
535.050955,0.084916,-5.693879,985.763852,983.6938027659853
535.060955,0.084916,-5.693864,985.706913,988.3713282541532
535.070955,0.084916,-5.69385,985.649974,985.5253977213055
535.080955,0.084916,-5.693835,985.593036,985.5689086205797
535.090955,0.084916,-5.69382,985.536098,987.0755931069253
535.100955,0.084915,-5.693806,985.479159,985.0614301598916
535.110955,0.084915,-5.693791,985.422221,985.0664982787947
535.120955,0.084915,-5.693777,985.365284,983.8413510910417
535.130955,0.084915,-5.693762,985.308346,983.1330288881095
535.140955,0.084915,-5.693748,985.251408,983.328340574119
535.150955,0.084914,-5.693733,985.194471,983.5187428795457
535.160955,0.084914,-5.693718,985.137534,985.4776342133067
535.170955,0.084914,-5.693704,985.080597,985.3989242287162
535.180955,0.084914,-5.693689,985.02366,987.1823291791812
535.190955,0.084913,-5.693675,984.966723,983.3977336539833
535.200955,0.084913,-5.69366,984.909786,986.0543129006269
535.210955,0.084913,-5.693646,984.85285,986.8728529355852
535.220955,0.084913,-5.693631,984.795913,985.3159260963439
535.230955,0.084913,-5.693617,984.738977,985.2148880877974
535.240955,0.084912,-5.693602,984.682041,986.0828459381045
535.250955,0.084912,-5.693587,984.625105,983.9189449799392
535.260955,0.084912,-5.693573,984.568169,982.0718789920421
535.270955,0.084912,-5.693558,984.511233,985.9567770931715
535.280955,0.084912,-5.693544,984.454298,983.8032579675884
535.290955,0.084911,-5.693529,984.397363,983.0498917192516
535.300955,0.084911,-5.693515,984.340427,983.5498104080044
535.310955,0.084911,-5.6935,984.283492,980.9407378272648
535.320955,0.084911,-5.693486,984.226557,981.6893036850171
535.330955,0.084911,-5.693471,984.169623,982.8478224690657
535.340955,0.08491,-5.693456,984.112688,983.8578511706867
535.350955,0.08491,-5.693442,984.055753,981.621845845658
535.360955,0.08491,-5.693427,983.998819,982.9821195796324
535.370955,0.08491,-5.693413,983.941885,981.8376063236252
535.380955,0.084909,-5.693398,983.884951,983.3917408300599
535.390955,0.084909,-5.693384,983.828017,981.8215823059616
535.400955,0.084909,-5.693369,983.771083,983.6845655184841
535.410955,0.084909,-5.693355,983.71415,981.3653901472533
535.420955,0.084909,-5.69334,983.657216,983.8219897548696
535.430955,0.084908,-5.693325,983.600283,983.1240272207727
535.440955,0.084908,-5.693311,983.54335,982.9080098017398
535.450955,0.084908,-5.693296,983.486417,979.7593604518994
535.460955,0.084908,-5.693282,983.429484,984.3566348580864
535.470955,0.084908,-5.693267,983.372551,981.2631041281131
535.480955,0.084907,-5.693253,983.315618,985.3176395834981
535.490955,0.084907,-5.693238,983.258686,983.0752204144852
535.500955,0.084907,-5.693224,983.201754,981.650657063889
535.510955,0.084907,-5.693209,983.144821,982.5739979582396
535.520955,0.084907,-5.693194,983.087889,983.926320961438
535.530955,0.084906,-5.69318,983.030957,980.8807537275275
535.540955,0.084906,-5.693165,982.974026,979.6456368292894
535.550955,0.084906,-5.693151,982.917094,982.3668005005164
535.560955,0.084906,-5.693136,982.860163,980.529760029671
535.570955,0.084905,-5.693122,982.803231,981.0414087210175
535.580955,0.084905,-5.693107,982.7463,984.851113692648
535.590955,0.084905,-5.693093,982.689369,981.6216350946224
535.600955,0.084905,-5.693078,982.632438,982.9460944726745
535.610955,0.084905,-5.693063,982.575508,981.7192407320525
535.620955,0.084904,-5.693049,982.518577,982.1281199665001
535.630955,0.084904,-5.693034,982.461647,983.2108330203345
535.640955,0.084904,-5.69302,982.404716,980.5334471791895
535.650955,0.084904,-5.693005,982.347786,983.1303416439823
535.660955,0.084904,-5.692991,982.290856,983.6092402749581
535.670955,0.084903,-5.692976,982.233927,983.4604353228304
535.680955,0.084903,-5.692962,982.176997,980.3452579747426
535.690955,0.084903,-5.692947,982.120067,982.7068356999202
535.700955,0.084903,-5.692932,982.063138,984.5278020635228
535.710955,0.084902,-5.692918,982.006209,982.2266654436626
535.720955,0.084902,-5.692903,981.94928,982.776646538509
535.730955,0.084902,-5.692889,981.892351,979.9881749429592
535.740955,0.084902,-5.692874,981.835422,981.5389732163559
535.750955,0.084902,-5.69286,981.778493,982.6214686334498
535.760955,0.084901,-5.692845,981.721565,981.7179488187052
535.770955,0.084901,-5.692831,981.664636,981.0370451864607
535.780955,0.084901,-5.692816,981.607708,980.9986500469596
535.790955,0.084901,-5.692802,981.55078,978.9546470673747
535.800955,0.084901,-5.692787,981.493852,981.7772084846146
535.810955,0.0849,-5.692772,981.436924,979.2808257701621
535.820955,0.0849,-5.692758,981.379997,979.8655169948678
535.830955,0.0849,-5.692743,981.323069,980.7708028272664
535.840955,0.0849,-5.692729,981.266142,977.5701096199035
535.850955,0.084899,-5.692714,981.209214,982.8405850465964
535.860955,0.084899,-5.6927,981.152287,978.2335731765718
535.870955,0.084899,-5.692685,981.09536,979.4812061485953
535.880955,0.084899,-5.692671,981.038434,979.3740528859179
535.890955,0.084899,-5.692656,980.981507,981.1651771291664
535.900955,0.084898,-5.692641,980.924581,980.955240044459
535.910955,0.084898,-5.692627,980.867654,980.4951067897496
535.920955,0.084898,-5.692612,980.810728,979.389005162029
535.930955,0.084898,-5.692598,980.753802,978.8708890328267
535.940955,0.084898,-5.692583,980.696876,980.9511566771096
535.950955,0.084897,-5.692569,980.63995,979.5154269469806
535.960955,0.084897,-5.692554,980.583025,981.995901187835
535.970955,0.084897,-5.69254,980.526099,982.6114332386568
535.980955,0.084897,-5.692525,980.469174,980.6606988275676
535.990955,0.084896,-5.692511,980.412249,981.4802628186249
536.000955,0.084896,-5.692496,980.355324,979.964348763127
536.010955,0.084896,-5.692481,980.298399,979.4763279131313
536.020955,0.084896,-5.692467,980.241474,978.3935347228289
536.030955,0.084896,-5.692452,980.184549,979.3209655067647
536.040955,0.084895,-5.692438,980.127625,979.5365156959652
536.050955,0.084895,-5.692423,980.070701,978.5154275741035
536.060955,0.084895,-5.692409,980.013777,983.5143503076835
536.070955,0.084895,-5.692394,979.956853,981.7479785140546
536.080955,0.084895,-5.69238,979.899929,976.5407589702827
536.090955,0.084894,-5.692365,979.843005,980.4312815109843
536.100955,0.084894,-5.692351,979.786081,977.9902505308655
536.110955,0.084894,-5.692336,979.729158,979.13628819422
536.120955,0.084894,-5.692321,979.672235,979.9198876041746
536.130955,0.084893,-5.692307,979.615311,981.5363053255995
536.140955,0.084893,-5.692292,979.558388,980.306381061452
536.150955,0.084893,-5.692278,979.501466,978.7991194199652
536.160955,0.084893,-5.692263,979.444543,977.7490724796552
536.170955,0.084893,-5.692249,979.38762,979.6466849655036
536.180955,0.084892,-5.692234,979.330698,980.8495468441674
536.190955,0.084892,-5.69222,979.273776,978.7307575533339
536.200955,0.084892,-5.692205,979.216854,978.8589774912023
536.210955,0.084892,-5.692191,979.159932,978.2797350717241
536.220955,0.084891,-5.692176,979.10301,979.0492232988106
536.230955,0.084891,-5.692161,979.046088,976.6193441891897
536.240955,0.084891,-5.692147,978.989167,980.669937615426
536.250955,0.084891,-5.692132,978.932245,977.3276390844595
536.260955,0.084891,-5.692118,978.875324,980.1766543624367
536.270955,0.08489,-5.692103,978.818403,977.7991291763178
536.280955,0.08489,-5.692089,978.761482,977.0980524488233
536.290955,0.08489,-5.692074,978.704561,979.1334499948059
536.300955,0.08489,-5.69206,978.64764,978.1928432674154
536.310955,0.08489,-5.692045,978.59072,976.6991092337045
536.320955,0.084889,-5.692031,978.533799,980.5565748728817
536.330955,0.084889,-5.692016,978.476879,976.9875006365737
536.340955,0.084889,-5.692001,978.419959,978.5214806411558
536.350955,0.084889,-5.691987,978.363039,980.9249338171347
536.360955,0.084888,-5.691972,978.306119,979.8854987785112
536.370955,0.084888,-5.691958,978.2492,977.3225832056354
536.380955,0.084888,-5.691943,978.19228,976.1318109710514
536.390955,0.084888,-5.691929,978.135361,977.3323472402878
536.400955,0.084888,-5.691914,978.078442,977.3136054353197
536.410955,0.084887,-5.6919,978.021523,976.3832842118225
536.420955,0.084887,-5.691885,977.964604,978.8023088470585
536.430955,0.084887,-5.691871,977.907685,978.1292160714463
536.440955,0.084887,-5.691856,977.850766,976.5458685035599
536.450955,0.084887,-5.691842,977.793848,979.8822795901079
536.460955,0.084886,-5.691827,977.736929,978.3875181875817
536.470955,0.084886,-5.691812,977.680011,977.367678498988
536.480955,0.084886,-5.691798,977.623093,975.479864735346
536.490955,0.084886,-5.691783,977.566175,976.6898238690097
536.500955,0.084885,-5.691769,977.509257,974.5117823566327
536.510955,0.084885,-5.691754,977.45234,977.3730028217176
536.520955,0.084885,-5.69174,977.395422,978.1366921183188
536.530955,0.084885,-5.691725,977.338505,976.2184817851621
536.540955,0.084885,-5.691711,977.281588,977.7450447074964
536.550955,0.084884,-5.691696,977.224671,975.5733161810124
536.560955,0.084884,-5.691682,977.167754,976.3741176675923
536.570955,0.084884,-5.691667,977.110837,978.6566015984637
536.580955,0.084884,-5.691652,977.053921,976.192157475243
536.590955,0.084883,-5.691638,976.997004,978.2050417132508
536.600955,0.084883,-5.691623,976.940088,974.6069767707012
536.610955,0.084883,-5.691609,976.883172,975.2194220680882
536.620955,0.084883,-5.691594,976.826256,975.9314283752917
536.630955,0.084883,-5.69158,976.76934,978.2771248990151
536.640955,0.084882,-5.691565,976.712424,976.2952539492231
536.650955,0.084882,-5.691551,976.655509,979.4768552183947
536.660955,0.084882,-5.691536,976.598593,975.0728731001243
536.670955,0.084882,-5.691522,976.541678,974.7541988832533
536.680955,0.084882,-5.691507,976.484763,976.0317312078989
536.690955,0.084881,-5.691493,976.427848,977.841568551288
536.700955,0.084881,-5.691478,976.370933,976.4604749600012
536.710955,0.084881,-5.691464,976.314018,974.2778786015217
536.720955,0.084881,-5.691449,976.257104,977.0559363854799
536.730955,0.08488,-5.691434,976.200189,977.2146662794147
536.740955,0.08488,-5.69142,976.143275,974.522982736691
536.750955,0.08488,-5.691405,976.086361,976.2722008139106
536.760955,0.08488,-5.691391,976.029447,977.9183656262935
536.770955,0.08488,-5.691376,975.972533,975.5652481605823
536.780955,0.084879,-5.691362,975.915619,977.9693812438699
536.790955,0.084879,-5.691347,975.858706,975.9622457443094
536.800955,0.084879,-5.691333,975.801792,976.926596837986
536.810955,0.084879,-5.691318,975.744879,976.3425819830617
536.820955,0.084879,-5.691304,975.687966,974.2864770954922
536.830955,0.084878,-5.691289,975.631053,974.1621148819241
536.840955,0.084878,-5.691275,975.57414,974.7043486148153
536.850955,0.084878,-5.69126,975.517227,975.5554209471466
536.860955,0.084878,-5.691245,975.460315,976.5435745032081
536.870955,0.084877,-5.691231,975.403403,975.3098193530072
536.880955,0.084877,-5.691216,975.34649,974.6438256758644
536.890955,0.084877,-5.691202,975.289578,973.6425983865254
536.900955,0.084877,-5.691187,975.232666,974.7437202355206
536.910955,0.084877,-5.691173,975.175754,975.4038128315528
536.920955,0.084876,-5.691158,975.118843,973.3539443102055
536.930955,0.084876,-5.691144,975.061931,973.7607542839268
536.940955,0.084876,-5.691129,975.00502,973.4721787775217
536.950955,0.084876,-5.691115,974.948109,977.7922281673052
536.960955,0.084875,-5.6911,974.891198,973.4537323160985
536.970955,0.084875,-5.691086,974.834287,975.1738011901217
536.980955,0.084875,-5.691071,974.777376,976.617952684745
536.990955,0.084875,-5.691057,974.720465,974.7396551446208
537.000955,0.084875,-5.691042,974.663555,975.1052735345842
537.010955,0.084874,-5.691027,974.606644,972.8093130149098
537.020955,0.084874,-5.691013,974.549734,975.1807333364662
537.030955,0.084874,-5.690998,974.492824,974.3468886374113
537.040955,0.084874,-5.690984,974.435914,974.2522022446022
537.050955,0.084874,-5.690969,974.379005,976.7323624461088
537.060955,0.084873,-5.690955,974.322095,975.9170347193561
537.070955,0.084873,-5.69094,974.265185,977.0777519815072
537.080955,0.084873,-5.690926,974.208276,975.1125279861267
537.090955,0.084873,-5.690911,974.151367,973.4177734267456
537.100955,0.084872,-5.690897,974.094458,974.6558648643559
537.110955,0.084872,-5.690882,974.037549,973.2928673324428
537.120955,0.084872,-5.690868,973.98064,975.5596637455574
537.130955,0.084872,-5.690853,973.923732,975.0408970467217
537.140955,0.084872,-5.690839,973.866823,973.1084321006851
537.150955,0.084871,-5.690824,973.809915,973.405821815556
537.160955,0.084871,-5.69081,973.753007,974.3369481988796
537.170955,0.084871,-5.690795,973.696099,972.305600705249
537.180955,0.084871,-5.69078,973.639191,975.0620014673589
537.190955,0.08487,-5.690766,973.582283,974.7900957063393
537.200955,0.08487,-5.690751,973.525375,971.2136325593085
537.210955,0.08487,-5.690737,973.468468,973.5536934070808
537.220955,0.08487,-5.690722,973.411561,973.1396962750399
537.230955,0.08487,-5.690708,973.354654,972.92530058402
537.240955,0.084869,-5.690693,973.297747,974.1674319058568
537.250955,0.084869,-5.690679,973.24084,972.4585221027033
537.260955,0.084869,-5.690664,973.183933,974.2871389160233
537.270955,0.084869,-5.69065,973.127026,972.5101233402607
537.280955,0.084869,-5.690635,973.07012,971.8709294084117
537.290955,0.084868,-5.690621,973.013214,973.3949427904415
537.300955,0.084868,-5.690606,972.956308,972.7625700795865
537.310955,0.084868,-5.690592,972.899402,971.5004096793559
537.320955,0.084868,-5.690577,972.842496,973.4622350074355
537.330955,0.084867,-5.690563,972.78559,971.2586948595821
537.340955,0.084867,-5.690548,972.728684,971.3673973769261
537.350955,0.084867,-5.690533,972.671779,972.055270367253
537.360955,0.084867,-5.690519,972.614874,971.5283164006821
537.370955,0.084867,-5.690504,972.557969,972.9043640208278
537.380955,0.084866,-5.69049,972.501064,971.1600026810646
537.390955,0.084866,-5.690475,972.444159,971.5744514048217
537.400955,0.084866,-5.690461,972.387254,972.139882253333
537.410955,0.084866,-5.690446,972.33035,973.4591776558167
537.420955,0.084865,-5.690432,972.273445,974.5013926690814
537.430955,0.084865,-5.690417,972.216541,973.351611636584
537.440955,0.084865,-5.690403,972.159637,973.4388278512656
537.450955,0.084865,-5.690388,972.102733,970.2953887777727
537.460955,0.084865,-5.690374,972.045829,973.6128846990289
537.470955,0.084864,-5.690359,971.988926,971.1819076952943
537.480955,0.084864,-5.690345,971.932022,972.1582999798184
537.490955,0.084864,-5.69033,971.875119,972.0289306110645
537.500955,0.084864,-5.690316,971.818215,973.370749474103
537.510955,0.084864,-5.690301,971.761312,971.0760938744031
537.520955,0.084863,-5.690287,971.704409,970.8599453242392
537.530955,0.084863,-5.690272,971.647507,973.1282111539812
537.540955,0.084863,-5.690257,971.590604,971.1518347654281
537.550955,0.084863,-5.690243,971.533701,971.4645186835446
537.560955,0.084862,-5.690228,971.476799,972.5238859396296
537.570955,0.084862,-5.690214,971.419897,972.0211065663038
537.580955,0.084862,-5.690199,971.362995,971.2337157551165
537.590955,0.084862,-5.690185,971.306093,972.0348662455227
537.600955,0.084862,-5.69017,971.249191,972.2276832915517
537.610955,0.084861,-5.690156,971.192289,972.9950793745169
537.620955,0.084861,-5.690141,971.135388,970.2027854455401
537.630955,0.084861,-5.690127,971.078487,971.3446079408988
537.640955,0.084861,-5.690112,971.021585,969.4721553422563
537.650955,0.084861,-5.690098,970.964684,969.774155622879
537.660955,0.08486,-5.690083,970.907784,970.2463522529564
537.670955,0.08486,-5.690069,970.850883,971.1087183373382
537.680955,0.08486,-5.690054,970.793982,968.2843594035406
537.690955,0.08486,-5.69004,970.737082,970.387265413941
537.700955,0.084859,-5.690025,970.680181,970.8343376950403
537.710955,0.084859,-5.690011,970.623281,971.7745919575073
537.720955,0.084859,-5.689996,970.566381,967.5631485838661
537.730955,0.084859,-5.689982,970.509481,970.2183392015304
537.740955,0.084859,-5.689967,970.452581,970.3434507669732
537.750955,0.084858,-5.689953,970.395682,971.2317398092678
537.760955,0.084858,-5.689938,970.338782,969.2845117138136
537.770955,0.084858,-5.689923,970.281883,967.9772292852834
537.780955,0.084858,-5.689909,970.224984,969.6555862134637
537.790955,0.084857,-5.689894,970.168085,971.1116949988888
537.800955,0.084857,-5.68988,970.111186,971.6388167998326
537.810955,0.084857,-5.689865,970.054287,971.4111002190446
537.820955,0.084857,-5.689851,969.997389,969.3444394615376
537.830955,0.084857,-5.689836,969.94049,971.2075393754543
537.840955,0.084856,-5.689822,969.883592,972.2052320646915
537.850955,0.084856,-5.689807,969.826694,969.2476093231179
537.860955,0.084856,-5.689793,969.769796,970.6251673214085
537.870955,0.084856,-5.689778,969.712898,968.516980952964
537.880955,0.084856,-5.689764,969.656,969.2824865365562
537.890955,0.084855,-5.689749,969.599103,972.1436027327779
537.900955,0.084855,-5.689735,969.542205,968.9976212069008
537.910955,0.084855,-5.68972,969.485308,969.3882141100037
537.920955,0.084855,-5.689706,969.428411,967.8783820188671
537.930955,0.084854,-5.689691,969.371514,969.6368506984475
537.940955,0.084854,-5.689677,969.314617,970.454770325939
537.950955,0.084854,-5.689662,969.25772,969.9788730642005
537.960955,0.084854,-5.689648,969.200824,971.221692162744
537.970955,0.084854,-5.689633,969.143927,968.1290747836874
537.980955,0.084853,-5.689619,969.087031,969.5013633686209
537.990955,0.084853,-5.689604,969.030135,968.1375619316167
538.000955,0.084853,-5.68959,968.973239,970.0454492559828
538.010955,0.084853,-5.689575,968.916343,967.9386044730824
538.020955,0.084852,-5.689561,968.859448,967.1020850343226
538.030955,0.084852,-5.689546,968.802552,971.1374874663869
538.040955,0.084852,-5.689531,968.745657,966.1069964529604
538.050955,0.084852,-5.689517,968.688761,966.4615453950662
538.060955,0.084852,-5.689502,968.631866,970.1208979473558
538.070955,0.084851,-5.689488,968.574971,969.7937183318435
538.080955,0.084851,-5.689473,968.518077,966.9768286478451
538.090955,0.084851,-5.689459,968.461182,967.0377006161625
538.100955,0.084851,-5.689444,968.404287,966.070314711488
538.110955,0.084851,-5.68943,968.347393,969.8502412134426
538.120955,0.08485,-5.689415,968.290499,967.4017107576217
538.130955,0.08485,-5.689401,968.233605,970.46376878371
538.140955,0.08485,-5.689386,968.176711,967.6320718413459
538.150955,0.08485,-5.689372,968.119817,965.1323095824445
538.160955,0.084849,-5.689357,968.062923,967.6577804010427
538.170955,0.084849,-5.689343,968.00603,964.7237828681939
538.180955,0.084849,-5.689328,967.949137,966.0437582446998
538.190955,0.084849,-5.689314,967.892243,965.7517138712071
538.200955,0.084849,-5.689299,967.83535,969.8583080258205
538.210955,0.084848,-5.689285,967.778457,966.2583710026801
538.220955,0.084848,-5.68927,967.721565,966.5187202609821
538.230955,0.084848,-5.689256,967.664672,966.7231011642159
538.240955,0.084848,-5.689241,967.607779,965.9351792871242
538.250955,0.084847,-5.689227,967.550887,965.6975394692784
538.260955,0.084847,-5.689212,967.493995,967.6024633024894
538.270955,0.084847,-5.689198,967.437103,967.1041079281529
538.280955,0.084847,-5.689183,967.380211,964.9174416270571
538.290955,0.084847,-5.689169,967.323319,971.2283941168782
538.300955,0.084846,-5.689154,967.266428,965.6036291983187
538.310955,0.084846,-5.68914,967.209536,964.6573641380248
538.320955,0.084846,-5.689125,967.152645,970.2165346850319
538.330955,0.084846,-5.689111,967.095754,967.9178547347118
538.340955,0.084846,-5.689096,967.038863,967.2313772069223
538.350955,0.084845,-5.689082,966.981972,967.256288665389
538.360955,0.084845,-5.689067,966.925081,965.7178937515642
538.370955,0.084845,-5.689053,966.86819,966.3039121319641
538.380955,0.084845,-5.689038,966.8113,966.0690462490072
538.390955,0.084844,-5.689023,966.75441,968.5360097200563
538.400955,0.084844,-5.689009,966.697519,968.175657059072
538.410955,0.084844,-5.688994,966.640629,965.5369462048162
538.420955,0.084844,-5.68898,966.58374,967.2594387098771
538.430955,0.084844,-5.688965,966.52685,967.3529308813227
538.440955,0.084843,-5.688951,966.46996,967.4170586438503
538.450955,0.084843,-5.688936,966.413071,963.566295525485
538.460955,0.084843,-5.688922,966.356182,967.2165696234408
538.470955,0.084843,-5.688907,966.299292,964.8207528122379
538.480955,0.084843,-5.688893,966.242403,965.7085289105104
538.490955,0.084842,-5.688878,966.185515,964.8430345235645
538.500955,0.084842,-5.688864,966.128626,965.6540763594912
538.510955,0.084842,-5.688849,966.071737,965.6391545314226
538.520955,0.084842,-5.688835,966.014849,964.3950999336923
538.530955,0.084841,-5.68882,965.957961,963.7615393510058
538.540955,0.084841,-5.688806,965.901072,966.8065726899969
538.550955,0.084841,-5.688791,965.844184,962.8866148521881
538.560955,0.084841,-5.688777,965.787297,963.1238906594119
538.570955,0.084841,-5.688762,965.730409,964.109751694979
538.580955,0.08484,-5.688748,965.673521,963.9666756573183
538.590955,0.08484,-5.688733,965.616634,968.2656744106744
538.600955,0.08484,-5.688719,965.559747,964.123622333359
538.610955,0.08484,-5.688704,965.50286,965.1105479562082
538.620955,0.084839,-5.68869,965.445973,966.2962860105476
538.630955,0.084839,-5.688675,965.389086,963.0948234670185
538.640955,0.084839,-5.688661,965.332199,966.305784910864
538.650955,0.084839,-5.688646,965.275313,963.1907228476383
538.660955,0.084839,-5.688632,965.218426,965.6172996905341
538.670955,0.084838,-5.688617,965.16154,963.877037827792
538.680955,0.084838,-5.688603,965.104654,962.7819572950109
538.690955,0.084838,-5.688588,965.047768,964.8280757841741
538.700955,0.084838,-5.688574,964.990882,964.9546772349474
538.710955,0.084838,-5.688559,964.933996,965.5577644483299
538.720955,0.084837,-5.688545,964.877111,964.9166517508548
538.730955,0.084837,-5.68853,964.820225,966.0484614180156
538.740955,0.084837,-5.688516,964.76334,966.7399973906605
538.750955,0.084837,-5.688501,964.706455,965.9094649442607
538.760955,0.084836,-5.688487,964.64957,965.2409161912301
538.770955,0.084836,-5.688472,964.592685,963.833755986734
538.780955,0.084836,-5.688458,964.535801,964.529566467211
538.790955,0.084836,-5.688443,964.478916,962.5324429889001
538.800955,0.084836,-5.688429,964.422032,965.5228517620634
538.810955,0.084835,-5.688414,964.365148,962.3287029131124
538.820955,0.084835,-5.6884,964.308264,965.1660871628234
538.830955,0.084835,-5.688385,964.25138,964.0798568693936
538.840955,0.084835,-5.688371,964.194496,964.0078402453257
538.850955,0.084834,-5.688356,964.137612,965.8993300295338
538.860955,0.084834,-5.688342,964.080729,963.0659052036567
538.870955,0.084834,-5.688327,964.023845,964.975426567955
538.880955,0.084834,-5.688313,963.966962,964.708040263021
538.890955,0.084834,-5.688298,963.910079,963.888934709002
538.900955,0.084833,-5.688284,963.853196,963.8597139714606
538.910955,0.084833,-5.688269,963.796314,962.6666383450332
538.920955,0.084833,-5.688255,963.739431,964.9145202001183
538.930955,0.084833,-5.68824,963.682548,962.8034946513403
538.940955,0.084833,-5.688226,963.625666,964.1128261719757
538.950955,0.084832,-5.688211,963.568784,963.677135963764
538.960955,0.084832,-5.688197,963.511902,964.920374996469
538.970955,0.084832,-5.688182,963.45502,961.5685907314017
538.980955,0.084832,-5.688168,963.398138,962.546993850372
538.990955,0.084831,-5.688153,963.341257,964.2630967583387
539.000955,0.084831,-5.688139,963.284375,960.2192902715855
539.010955,0.084831,-5.688124,963.227494,961.244951618872
539.020955,0.084831,-5.68811,963.170613,962.3899718810989
539.030955,0.084831,-5.688095,963.113732,960.1765060385943
539.040955,0.08483,-5.688081,963.056851,962.8815547779933
539.050955,0.08483,-5.688066,962.99997,963.4661580856542
539.060955,0.08483,-5.688052,962.94309,963.3611848759532
539.070955,0.08483,-5.688037,962.886209,961.6550326453953
539.080955,0.08483,-5.688023,962.829329,965.0494716412265
539.090955,0.084829,-5.688008,962.772449,962.3975664336767
539.100955,0.084829,-5.687994,962.715569,960.9058413876118
539.110955,0.084829,-5.687979,962.658689,961.554444298053
539.120955,0.084829,-5.687965,962.601809,961.4590466466614
539.130955,0.084828,-5.68795,962.544929,961.7398892290659
539.140955,0.084828,-5.687936,962.48805,963.2843071303765
539.150955,0.084828,-5.687921,962.431171,961.9654578770585
539.160955,0.084828,-5.687907,962.374292,961.8037917768166
539.170955,0.084828,-5.687892,962.317413,963.8778236447905
539.180955,0.084827,-5.687878,962.260534,962.9455546654972
539.190955,0.084827,-5.687863,962.203655,960.8823043618893
539.200955,0.084827,-5.687849,962.146777,960.961561583735
539.210955,0.084827,-5.687834,962.089898,961.439555378877
539.220955,0.084826,-5.68782,962.03302,962.0922770655018
539.230955,0.084826,-5.687805,961.976142,962.3266087458363
539.240955,0.084826,-5.687791,961.919264,961.0258472789293
539.250955,0.084826,-5.687776,961.862386,960.4269784180619
539.260955,0.084826,-5.687762,961.805508,960.2671580435643
539.270955,0.084825,-5.687747,961.748631,959.353874125669
539.280955,0.084825,-5.687733,961.691753,963.2241779264075
539.290955,0.084825,-5.687718,961.634876,959.4069836133825
539.300955,0.084825,-5.687704,961.577999,959.8916425950785
539.310955,0.084825,-5.687689,961.521122,960.8095159016656
539.320955,0.084824,-5.687675,961.464245,960.8470129169054
539.330955,0.084824,-5.68766,961.407368,961.129682300446
539.340955,0.084824,-5.687646,961.350492,961.0880258915123
539.350955,0.084824,-5.687631,961.293616,960.4216922991493
539.360955,0.084823,-5.687617,961.236739,959.0127772545611
539.370955,0.084823,-5.687602,961.179863,959.7937029416802
539.380955,0.084823,-5.687588,961.122987,960.4736642359162
539.390955,0.084823,-5.687573,961.066111,962.4760507254613
539.400955,0.084823,-5.687559,961.009236,958.9753463835224
539.410955,0.084822,-5.687544,960.95236,961.9698116090349
539.420955,0.084822,-5.68753,960.895485,959.9012969941833
539.430955,0.084822,-5.687515,960.83861,957.4361841172331
539.440955,0.084822,-5.687501,960.781735,959.25821321154
539.450955,0.084821,-5.687486,960.72486,960.1144266683184
539.460955,0.084821,-5.687472,960.667985,959.8259155925576
539.470955,0.084821,-5.687457,960.61111,960.7673263914111
539.480955,0.084821,-5.687443,960.554236,958.0862614466862
539.490955,0.084821,-5.687428,960.497361,959.2491509514341
539.500955,0.08482,-5.687414,960.440487,959.7359459437238
539.510955,0.08482,-5.687399,960.383613,958.8493367718654
539.520955,0.08482,-5.687385,960.326739,960.673620968545
539.530955,0.08482,-5.68737,960.269865,955.9160872704155
539.540955,0.08482,-5.687356,960.212992,960.5955940124953
539.550955,0.084819,-5.687341,960.156118,959.4630026645817
539.560955,0.084819,-5.687327,960.099245,956.9002396736878
539.570955,0.084819,-5.687312,960.042372,961.3175425120713
539.580955,0.084819,-5.687298,959.985499,960.8079356113094
539.590955,0.084818,-5.687283,959.928626,958.7206231797394
539.600955,0.084818,-5.687269,959.871753,959.2681398989931
539.610955,0.084818,-5.687254,959.81488,960.4533950993143
539.620955,0.084818,-5.68724,959.758008,957.8409070346564
539.630955,0.084818,-5.687225,959.701136,962.4128938967709
539.640955,0.084817,-5.687211,959.644263,961.2289943139212
539.650955,0.084817,-5.687196,959.587391,957.8749196259826
539.660955,0.084817,-5.687182,959.53052,961.1047332861792
539.670955,0.084817,-5.687167,959.473648,961.5826839923124
539.680955,0.084817,-5.687153,959.416776,963.355899248904
539.690955,0.084816,-5.687138,959.359905,957.6996300942624
539.700955,0.084816,-5.687124,959.303033,959.2395169106726
539.710955,0.084816,-5.687109,959.246162,960.219972282804
539.720955,0.084816,-5.687095,959.189291,957.2897665285547
539.730955,0.084815,-5.68708,959.13242,959.8263350933422
539.740955,0.084815,-5.687066,959.07555,958.212574714374
539.750955,0.084815,-5.687051,959.018679,959.5012937927288
539.760955,0.084815,-5.687037,958.961809,958.9255830035548
539.770955,0.084815,-5.687022,958.904938,958.4930853760876
539.780955,0.084814,-5.687008,958.848068,959.7438668953309
539.790955,0.084814,-5.686993,958.791198,960.4840641028965
539.800955,0.084814,-5.686979,958.734328,958.3206831765868
539.810955,0.084814,-5.686964,958.677459,956.7329606494275
539.820955,0.084813,-5.68695,958.620589,959.4276468812456
539.830955,0.084813,-5.686935,958.56372,956.4403835936605
539.840955,0.084813,-5.686921,958.50685,960.2981612596296
539.850955,0.084813,-5.686906,958.449981,955.8633214741662
539.860955,0.084813,-5.686892,958.393112,955.2005506145921
539.870955,0.084812,-5.686877,958.336243,956.1949623763722
539.880955,0.084812,-5.686863,958.279375,957.212333035087
539.890955,0.084812,-5.686848,958.222506,958.0439880554025
539.900955,0.084812,-5.686834,958.165638,959.9486475440925
539.910955,0.084812,-5.686819,958.108769,957.4913920621202
539.920955,0.084811,-5.686805,958.051901,957.9001941005967
539.930955,0.084811,-5.68679,957.995033,959.7830506543294
539.940955,0.084811,-5.686776,957.938165,957.3251819302388
539.950955,0.084811,-5.686762,957.881298,957.0713481510747
539.960955,0.08481,-5.686747,957.82443,956.5035793654531
539.970955,0.08481,-5.686733,957.767563,958.0810281696613
539.980955,0.08481,-5.686718,957.710696,958.0656533308693
539.990955,0.08481,-5.686704,957.653829,959.0771620115315
540.000955,0.08481,-5.686689,957.596962,956.9943073805464
540.010955,0.084809,-5.686675,957.540095,958.4138607568767
540.020955,0.084809,-5.68666,957.483228,955.6029757022275
540.030955,0.084809,-5.686646,957.426362,959.4598485891125
540.040955,0.084809,-5.686631,957.369495,955.5834849277641
540.050955,0.084808,-5.686617,957.312629,956.4024762275994
540.060955,0.084808,-5.686602,957.255763,957.4352375096481
540.070955,0.084808,-5.686588,957.198897,957.6386642338686
540.080955,0.084808,-5.686573,957.142031,954.2578777001603
540.090955,0.084808,-5.686559,957.085165,958.9573472683122
540.100955,0.084807,-5.686544,957.0283,955.5915730520669
540.110955,0.084807,-5.68653,956.971435,956.5838310681124
540.120955,0.084807,-5.686515,956.914569,957.3281121531425
540.130955,0.084807,-5.686501,956.857704,960.7501497307455
540.140955,0.084807,-5.686486,956.800839,956.3028067316385
540.150955,0.084806,-5.686472,956.743974,956.8473426695617
540.160955,0.084806,-5.686457,956.68711,959.6346009822971
540.170955,0.084806,-5.686443,956.630245,957.2378973320302
540.180955,0.084806,-5.686428,956.573381,956.0490684703607
540.190955,0.084805,-5.686414,956.516517,954.5879208499032
540.200955,0.084805,-5.686399,956.459653,958.0634519550379
540.210955,0.084805,-5.686385,956.402789,958.4913451142389
540.220955,0.084805,-5.68637,956.345925,955.1523428147914
540.230955,0.084805,-5.686356,956.289061,958.4543435183181
540.240955,0.084804,-5.686341,956.232198,955.1025484490294
540.250955,0.084804,-5.686327,956.175335,955.5744418103849
540.260955,0.084804,-5.686312,956.118471,954.2541728482694
540.270955,0.084804,-5.686298,956.061608,955.9961415316766
540.280955,0.084804,-5.686283,956.004745,954.4330051537928
540.290955,0.084803,-5.686269,955.947883,957.9078240529252
540.300955,0.084803,-5.686255,955.89102,956.5812985478224
540.310955,0.084803,-5.68624,955.834158,956.9488430815787
540.320955,0.084803,-5.686226,955.777295,954.5330317430934
540.330955,0.084802,-5.686211,955.720433,956.3398993775371
540.340955,0.084802,-5.686197,955.663571,956.4698054972245
540.350955,0.084802,-5.686182,955.606709,954.9915336441933
540.360955,0.084802,-5.686168,955.549847,955.2649572844357
540.370955,0.084802,-5.686153,955.492986,952.7868760726153
540.380955,0.084801,-5.686139,955.436124,956.2954066949458
540.390955,0.084801,-5.686124,955.379263,958.2157590166498
540.400955,0.084801,-5.68611,955.322402,952.8864929780901
540.410955,0.084801,-5.686095,955.265541,954.5818802504039
540.420955,0.0848,-5.686081,955.20868,953.5511470503573
540.430955,0.0848,-5.686066,955.151819,955.2004675818811
540.440955,0.0848,-5.686052,955.094959,953.3662787098706
540.450955,0.0848,-5.686037,955.038098,958.020081658731
540.460955,0.0848,-5.686023,954.981238,953.973908969057
540.470955,0.084799,-5.686008,954.924378,954.708023240589
540.480955,0.084799,-5.685994,954.867518,951.6829896630968
540.490955,0.084799,-5.685979,954.810658,954.4460373415128
540.500955,0.084799,-5.685965,954.753798,955.808885646608
540.510955,0.084799,-5.68595,954.696938,955.4626673300021
540.520955,0.084798,-5.685936,954.640079,954.3993404903756
540.530955,0.084798,-5.685921,954.58322,953.6641195055729
540.540955,0.084798,-5.685907,954.526361,953.6958207717493
540.550955,0.084798,-5.685892,954.469502,957.4538301272494
540.560955,0.084797,-5.685878,954.412643,952.8506037062789
540.570955,0.084797,-5.685864,954.355784,954.2341927931338
540.580955,0.084797,-5.685849,954.298926,954.9867291605036
540.590955,0.084797,-5.685835,954.242067,956.0964028243841
540.600955,0.084797,-5.68582,954.185209,955.0362698366112
540.610955,0.084796,-5.685806,954.128351,953.1013152983493
540.620955,0.084796,-5.685791,954.071493,953.4274126817429
540.630955,0.084796,-5.685777,954.014635,954.7025775196653
540.640955,0.084796,-5.685762,953.957777,952.2221919735445
540.650955,0.084796,-5.685748,953.90092,953.7782255160153
540.660955,0.084795,-5.685733,953.844062,956.2534519641395
540.670955,0.084795,-5.685719,953.787205,954.5104803924611
540.680955,0.084795,-5.685704,953.730348,953.2493523966632
540.690955,0.084795,-5.68569,953.673491,954.2653320994983
540.700955,0.084794,-5.685675,953.616634,953.6556403379228
540.710955,0.084794,-5.685661,953.559777,954.2531259150066
540.720955,0.084794,-5.685646,953.502921,954.306866446402
540.730955,0.084794,-5.685632,953.446064,955.7466892560727
540.740955,0.084794,-5.685617,953.389208,954.0452045836806
540.750955,0.084793,-5.685603,953.332352,951.4977951483891
540.760955,0.084793,-5.685588,953.275496,952.3650903587062
540.770955,0.084793,-5.685574,953.21864,954.0995390200737
540.780955,0.084793,-5.685559,953.161785,954.0256362063352
540.790955,0.084792,-5.685545,953.104929,956.1162881195008
540.800955,0.084792,-5.685531,953.048074,954.3784333799475
540.810955,0.084792,-5.685516,952.991219,953.1606561256539
540.820955,0.084792,-5.685502,952.934363,952.2828541234172
540.830955,0.084792,-5.685487,952.877508,953.0026035024423
540.840955,0.084791,-5.685473,952.820654,951.5221460382758
540.850955,0.084791,-5.685458,952.763799,951.8496754440985
540.860955,0.084791,-5.685444,952.706945,952.3134089363256
540.870955,0.084791,-5.685429,952.65009,953.8589912667159
540.880955,0.084791,-5.685415,952.593236,951.3672068963479
540.890955,0.08479,-5.6854,952.536382,950.0299683176106
540.900955,0.08479,-5.685386,952.479528,950.5543878214728
540.910955,0.08479,-5.685371,952.422674,952.7666990967776
540.920955,0.08479,-5.685357,952.365821,950.446161532983
540.930955,0.084789,-5.685342,952.308967,950.2970952678601
540.940955,0.084789,-5.685328,952.252114,949.4179643453475
540.950955,0.084789,-5.685313,952.19526,950.2984540439674
540.960955,0.084789,-5.685299,952.138407,951.6686046359487
540.970955,0.084789,-5.685284,952.081554,950.3110991344306
540.980955,0.084788,-5.68527,952.024702,951.9517088936542
540.990955,0.084788,-5.685256,951.967849,954.0389134467882
541.000955,0.084788,-5.685241,951.910997,951.2487156701221
541.010955,0.084788,-5.685227,951.854144,951.5294116801581
541.020955,0.084788,-5.685212,951.797292,948.8463264779682
541.030955,0.084787,-5.685198,951.74044,948.4454608028092
541.040955,0.084787,-5.685183,951.683588,949.5924469767672
541.050955,0.084787,-5.685169,951.626736,952.8490062356598
541.060955,0.084787,-5.685154,951.569885,951.8557551145851
541.070955,0.084786,-5.68514,951.513033,951.5840835350887
541.080955,0.084786,-5.685125,951.456182,952.0155829864312
541.090955,0.084786,-5.685111,951.399331,951.1579347560282
541.100955,0.084786,-5.685096,951.34248,950.4988331168182
541.110955,0.084786,-5.685082,951.285629,950.3776577942132
541.120955,0.084785,-5.685067,951.228778,950.8297489821041
541.130955,0.084785,-5.685053,951.171927,951.7122417113902
541.140955,0.084785,-5.685038,951.115077,952.232580306577
541.150955,0.084785,-5.685024,951.058227,950.8280858696642
541.160955,0.084784,-5.68501,951.001377,950.4987381557863
541.170955,0.084784,-5.684995,950.944527,952.0597407111815
541.180955,0.084784,-5.684981,950.887677,948.9880197377955
541.190955,0.084784,-5.684966,950.830827,950.7762461106591
541.200955,0.084784,-5.684952,950.773977,950.2120822364765
541.210955,0.084783,-5.684937,950.717128,947.5008480880575
541.220955,0.084783,-5.684923,950.660279,950.4800820830877
541.230955,0.084783,-5.684908,950.603429,949.3367210572845
541.240955,0.084783,-5.684894,950.54658,949.5694581423376
541.250955,0.084783,-5.684879,950.489732,948.1473799800343
541.260955,0.084782,-5.684865,950.432883,949.6875343724959
541.270955,0.084782,-5.68485,950.376034,950.5757589324827
541.280955,0.084782,-5.684836,950.319186,948.7093302984596
541.290955,0.084782,-5.684821,950.262338,947.3009850623852
541.300955,0.084781,-5.684807,950.205489,950.8911249224228
541.310955,0.084781,-5.684792,950.148641,951.636983830781
541.320955,0.084781,-5.684778,950.091794,950.5970174989947
541.330955,0.084781,-5.684764,950.034946,948.6183824471287
541.340955,0.084781,-5.684749,949.978098,948.9757940714713
541.350955,0.08478,-5.684735,949.921251,947.1781119914314
541.360955,0.08478,-5.68472,949.864404,951.2475357762917
541.370955,0.08478,-5.684706,949.807556,952.2504101674587
541.380955,0.08478,-5.684691,949.750709,947.0494763213785
541.390955,0.08478,-5.684677,949.693863,949.1620298094639
541.400955,0.084779,-5.684662,949.637016,950.9430557594691
541.410955,0.084779,-5.684648,949.580169,949.6013622769933
541.420955,0.084779,-5.684633,949.523323,948.8118207014398
541.430955,0.084779,-5.684619,949.466477,948.1290523914569
541.440955,0.084778,-5.684604,949.409631,951.5877488322469
541.450955,0.084778,-5.68459,949.352785,949.6263032222903
541.460955,0.084778,-5.684575,949.295939,948.9384224238191
541.470955,0.084778,-5.684561,949.239093,946.6459390934805
541.480955,0.084778,-5.684547,949.182248,950.8579563223486
541.490955,0.084777,-5.684532,949.125402,949.0505247375216
541.500955,0.084777,-5.684518,949.068557,948.5755998300042
541.510955,0.084777,-5.684503,949.011712,947.853202201516
541.520955,0.084777,-5.684489,948.954867,947.0153524533196
541.530955,0.084776,-5.684474,948.898022,947.2867771801737
541.540955,0.084776,-5.68446,948.841177,949.1912810037029
541.550955,0.084776,-5.684445,948.784333,948.2786785497043
541.560955,0.084776,-5.684431,948.727489,946.5959032918257
541.570955,0.084776,-5.684416,948.670644,948.8516004875514
541.580955,0.084775,-5.684402,948.6138,948.7204548506371
541.590955,0.084775,-5.684387,948.556956,948.1079469325047
541.600955,0.084775,-5.684373,948.500112,948.2916906548995
541.610955,0.084775,-5.684358,948.443269,948.6353633319501
541.620955,0.084775,-5.684344,948.386425,946.8514795170976
541.630955,0.084774,-5.68433,948.329582,947.7535171390034
541.640955,0.084774,-5.684315,948.272739,946.8526930646663
541.650955,0.084774,-5.684301,948.215896,949.4725654983965
541.660955,0.084774,-5.684286,948.159053,943.7913639477249
541.670955,0.084773,-5.684272,948.10221,948.9050941486928
541.680955,0.084773,-5.684257,948.045367,947.0357952177516
541.690955,0.084773,-5.684243,947.988525,947.3307036867712
541.700955,0.084773,-5.684228,947.931682,947.7263540794634
541.710955,0.084773,-5.684214,947.87484,948.7952245083278
541.720955,0.084772,-5.684199,947.817998,948.1299472250887
541.730955,0.084772,-5.684185,947.761156,949.4675649926658
541.740955,0.084772,-5.68417,947.704314,945.7833331721442
541.750955,0.084772,-5.684156,947.647473,946.4781551426244
541.760955,0.084772,-5.684142,947.590631,949.1472140160156
541.770955,0.084771,-5.684127,947.53379,946.83647733704
541.780955,0.084771,-5.684113,947.476949,946.5936578660129
541.790955,0.084771,-5.684098,947.420108,943.1049387354041
541.800955,0.084771,-5.684084,947.363267,949.2605263941986
541.810955,0.08477,-5.684069,947.306426,946.8521644657727
541.820955,0.08477,-5.684055,947.249585,948.4360945337753
541.830955,0.08477,-5.68404,947.192745,946.1137510466199
541.840955,0.08477,-5.684026,947.135905,947.6054200618429
541.850955,0.08477,-5.684011,947.079064,948.8028126658795
541.860955,0.084769,-5.683997,947.022224,946.7511510603439
541.870955,0.084769,-5.683982,946.965384,950.6170527197048
541.880955,0.084769,-5.683968,946.908545,951.094279073562
541.890955,0.084769,-5.683954,946.851705,948.4365923075043
541.900955,0.084768,-5.683939,946.794866,946.6404662280117
541.910955,0.084768,-5.683925,946.738026,946.7989369917625
541.920955,0.084768,-5.68391,946.681187,946.397297212522
541.930955,0.084768,-5.683896,946.624348,944.2620054115637
541.940955,0.084768,-5.683881,946.567509,943.7511029749022
541.950955,0.084767,-5.683867,946.51067,946.9263163574207
541.960955,0.084767,-5.683852,946.453832,947.0708511573251
541.970955,0.084767,-5.683838,946.396993,946.5044773497061
541.980955,0.084767,-5.683823,946.340155,946.576761437016
541.990955,0.084767,-5.683809,946.283317,945.3166346003604
542.000955,0.084766,-5.683795,946.226479,944.9302788166572
542.010955,0.084766,-5.68378,946.169641,945.7005671504361
542.020955,0.084766,-5.683766,946.112803,946.4982834131845
542.030955,0.084766,-5.683751,946.055966,944.9449469646171
542.040955,0.084765,-5.683737,945.999128,945.54819837633
542.050955,0.084765,-5.683722,945.942291,946.4428994267163
542.060955,0.084765,-5.683708,945.885454,945.4637880476446
542.070955,0.084765,-5.683693,945.828617,946.4817887071583
542.080955,0.084765,-5.683679,945.77178,945.7135718027099
542.090955,0.084764,-5.683664,945.714943,944.5696734284294
542.100955,0.084764,-5.68365,945.658107,948.6805171037573
542.110955,0.084764,-5.683636,945.60127,946.6838960335449
542.120955,0.084764,-5.683621,945.544434,945.3876674273818
542.130955,0.084764,-5.683607,945.487598,945.8599071929675
542.140955,0.084763,-5.683592,945.430762,943.43747972093
542.150955,0.084763,-5.683578,945.373926,945.2541958483484
542.160955,0.084763,-5.683563,945.31709,945.0605506655415
542.170955,0.084763,-5.683549,945.260255,947.2444046701382
542.180955,0.084762,-5.683534,945.203419,944.3019377126263
542.190955,0.084762,-5.68352,945.146584,946.0274122195483
542.200955,0.084762,-5.683505,945.089749,944.7242779600803
542.210955,0.084762,-5.683491,945.032914,942.1084042015893
542.220955,0.084762,-5.683476,944.976079,947.0815523752622
542.230955,0.084761,-5.683462,944.919244,945.1340313226505
542.240955,0.084761,-5.683448,944.86241,944.3915415173459
542.250955,0.084761,-5.683433,944.805575,946.9545230038199
542.260955,0.084761,-5.683419,944.748741,942.5153673695639
542.270955,0.08476,-5.683404,944.691907,947.9021703335529
542.280955,0.08476,-5.68339,944.635073,943.9516513192865
542.290955,0.08476,-5.683375,944.578239,946.5113585334574
542.300955,0.08476,-5.683361,944.521406,945.6980479983487
542.310955,0.08476,-5.683346,944.464572,942.2925216545138
542.320955,0.084759,-5.683332,944.407739,943.7990225917802
542.330955,0.084759,-5.683318,944.350905,945.5912086718057
542.340955,0.084759,-5.683303,944.294072,944.7289200977559
542.350955,0.084759,-5.683289,944.237239,945.1379861433384
542.360955,0.084759,-5.683274,944.180407,943.3536443082826
542.370955,0.084758,-5.68326,944.123574,944.095277820319
542.380955,0.084758,-5.683245,944.066741,943.9232246263911
542.390955,0.084758,-5.683231,944.009909,944.6931747419015
542.400955,0.084758,-5.683216,943.953077,946.0102989339262
542.410955,0.084757,-5.683202,943.896245,945.3610826821931
542.420955,0.084757,-5.683187,943.839413,942.8798795882923
542.430955,0.084757,-5.683173,943.782581,946.096232485831
542.440955,0.084757,-5.683159,943.725749,944.3639263008553
542.450955,0.084757,-5.683144,943.668918,941.7279945658073
542.460955,0.084756,-5.68313,943.612086,948.1070404390064
542.470955,0.084756,-5.683115,943.555255,942.9656947055112
542.480955,0.084756,-5.683101,943.498424,943.0475044717758
542.490955,0.084756,-5.683086,943.441593,944.6419074989541
542.500955,0.084756,-5.683072,943.384762,945.9310440226232
542.510955,0.084755,-5.683057,943.327932,940.9340736960198
542.520955,0.084755,-5.683043,943.271101,941.6636042084052
542.530955,0.084755,-5.683028,943.214271,943.8274455171147
542.540955,0.084755,-5.683014,943.157441,945.0983873384475
542.550955,0.084754,-5.683,943.100611,942.9992019356047
542.560955,0.084754,-5.682985,943.043781,940.1231651530021
542.570955,0.084754,-5.682971,942.986951,943.8697659895004
542.580955,0.084754,-5.682956,942.930121,943.0634044283074
542.590955,0.084754,-5.682942,942.873292,942.1123250074186
542.600955,0.084753,-5.682927,942.816462,944.2985674425603
542.610955,0.084753,-5.682913,942.759633,942.4699447662948
542.620955,0.084753,-5.682898,942.702804,943.4312203311011
542.630955,0.084753,-5.682884,942.645975,942.2582025304538
542.640955,0.084752,-5.68287,942.589146,942.9391981616701
542.650955,0.084752,-5.682855,942.532318,942.5227157772869
542.660955,0.084752,-5.682841,942.475489,941.5517669152598
542.670955,0.084752,-5.682826,942.418661,942.0339771519125
542.680955,0.084752,-5.682812,942.361833,942.4510589136192
542.690955,0.084751,-5.682797,942.305005,940.5323910331064
542.700955,0.084751,-5.682783,942.248177,942.501018019
542.710955,0.084751,-5.682768,942.191349,942.371311379653
542.720955,0.084751,-5.682754,942.134522,942.4049598388967
542.730955,0.084751,-5.68274,942.077694,942.2755246400392
542.740955,0.08475,-5.682725,942.020867,940.9772451130216
542.750955,0.08475,-5.682711,941.96404,944.8488533361374
542.760955,0.08475,-5.682696,941.907213,939.7544313498603
542.770955,0.08475,-5.682682,941.850386,943.1136167220068
542.780955,0.084749,-5.682667,941.793559,942.2989910253106
542.790955,0.084749,-5.682653,941.736732,939.551744244245
542.800955,0.084749,-5.682638,941.679906,944.3830494425373
542.810955,0.084749,-5.682624,941.62308,941.1907298599136
542.820955,0.084749,-5.682609,941.566253,940.7651142575301
542.830955,0.084748,-5.682595,941.509427,940.4258506309741
542.840955,0.084748,-5.682581,941.452601,939.3667487104915
542.850955,0.084748,-5.682566,941.395776,942.7550148129467
542.860955,0.084748,-5.682552,941.33895,941.6159561791694
542.870955,0.084748,-5.682537,941.282125,944.0659631451083
542.880955,0.084747,-5.682523,941.225299,941.1370593003393
542.890955,0.084747,-5.682508,941.168474,944.082894101458
542.900955,0.084747,-5.682494,941.111649,942.7781035018141
542.910955,0.084747,-5.682479,941.054824,940.5526206997067
542.920955,0.084746,-5.682465,940.998,939.4791210867207
542.930955,0.084746,-5.682451,940.941175,942.5134325073095
542.940955,0.084746,-5.682436,940.884351,939.7951327489949
542.950955,0.084746,-5.682422,940.827526,939.0372487179119
542.960955,0.084746,-5.682407,940.770702,942.1794944142484
542.970955,0.084745,-5.682393,940.713878,941.5936825908793
542.980955,0.084745,-5.682378,940.657054,942.7265060003433
542.990955,0.084745,-5.682364,940.600231,941.8470940315069
543.000955,0.084745,-5.682349,940.543407,939.6196485015728
543.010955,0.084745,-5.682335,940.486584,941.9744128365493
543.020955,0.084744,-5.682321,940.42976,940.0704233097542
543.030955,0.084744,-5.682306,940.372937,940.1218644053806
543.040955,0.084744,-5.682292,940.316114,937.9919553838188
543.050955,0.084744,-5.682277,940.259291,941.9881817607005
543.060955,0.084743,-5.682263,940.202469,944.1743414653458
543.070955,0.084743,-5.682248,940.145646,940.0081112291463
543.080955,0.084743,-5.682234,940.088824,939.0646915651562
543.090955,0.084743,-5.68222,940.032001,940.0767174534844
543.100955,0.084743,-5.682205,939.975179,939.9961272330237
543.110955,0.084742,-5.682191,939.918357,938.9346668262044
543.120955,0.084742,-5.682176,939.861536,938.1342192877476
543.130955,0.084742,-5.682162,939.804714,942.5947292745701
543.140955,0.084742,-5.682147,939.747892,941.6083354337848
543.150955,0.084741,-5.682133,939.691071,937.1432830122906
543.160955,0.084741,-5.682118,939.63425,939.5534630369792
543.170955,0.084741,-5.682104,939.577429,937.910213850336
543.180955,0.084741,-5.68209,939.520608,940.8935250890754
543.190955,0.084741,-5.682075,939.463787,939.0416498345403
543.200955,0.08474,-5.682061,939.406966,940.268873023349
543.210955,0.08474,-5.682046,939.350146,940.2508435359142
543.220955,0.08474,-5.682032,939.293325,937.790582445169
543.230955,0.08474,-5.682017,939.236505,939.548611940239
543.240955,0.08474,-5.682003,939.179685,939.7522787559956
543.250955,0.084739,-5.681988,939.122865,940.718043074068
543.260955,0.084739,-5.681974,939.066045,938.9253713150973
543.270955,0.084739,-5.68196,939.009225,938.5249017959272
543.280955,0.084739,-5.681945,938.952406,936.2006253003048
543.290955,0.084738,-5.681931,938.895586,935.3648440105644
543.300955,0.084738,-5.681916,938.838767,940.6278224820082
543.310955,0.084738,-5.681902,938.781948,938.6041348879298
543.320955,0.084738,-5.681887,938.725129,936.8139747564799
543.330955,0.084738,-5.681873,938.66831,939.0624411986893
543.340955,0.084737,-5.681859,938.611492,939.9244439195646
543.350955,0.084737,-5.681844,938.554673,940.4912461759639
543.360955,0.084737,-5.68183,938.497855,938.4745463325124
543.370955,0.084737,-5.681815,938.441037,940.5929428623765
543.380955,0.084737,-5.681801,938.384219,938.8851925517695
543.390955,0.084736,-5.681786,938.327401,939.17819278237
543.400955,0.084736,-5.681772,938.270583,937.9589055870636
543.410955,0.084736,-5.681757,938.213765,939.790284711345
543.420955,0.084736,-5.681743,938.156948,938.4508300986557
543.430955,0.084735,-5.681729,938.10013,935.6315166597859
543.440955,0.084735,-5.681714,938.043313,938.6673801040199
543.450955,0.084735,-5.6817,937.986496,938.2527265004807
543.460955,0.084735,-5.681685,937.929679,939.2107386610705
543.470955,0.084735,-5.681671,937.872862,937.8237502291016
543.480955,0.084734,-5.681656,937.816046,939.120497464147
543.490955,0.084734,-5.681642,937.759229,936.40098559721
543.500955,0.084734,-5.681628,937.702413,936.8544593591614
543.510955,0.084734,-5.681613,937.645597,936.9494811042221
543.520955,0.084734,-5.681599,937.588781,939.6356000679921
543.530955,0.084733,-5.681584,937.531965,936.367890795096
543.540955,0.084733,-5.68157,937.475149,937.9984349399333
543.550955,0.084733,-5.681555,937.418333,936.5492774257631
543.560955,0.084733,-5.681541,937.361518,938.8277211862999
543.570955,0.084732,-5.681526,937.304702,937.6191687639481
543.580955,0.084732,-5.681512,937.247887,935.1964111817149
543.590955,0.084732,-5.681498,937.191072,937.2670467965252
543.600955,0.084732,-5.681483,937.134257,934.885216090777
543.610955,0.084732,-5.681469,937.077443,939.721779259479
543.620955,0.084731,-5.681454,937.020628,938.7971215967498
543.630955,0.084731,-5.68144,936.963813,934.2775982296199
543.640955,0.084731,-5.681425,936.906999,936.1803915098903
543.650955,0.084731,-5.681411,936.850185,938.3029470316002
543.660955,0.08473,-5.681397,936.793371,936.0722346887688
543.670955,0.08473,-5.681382,936.736557,940.0611878381842
543.680955,0.08473,-5.681368,936.679743,936.7527597631561
543.690955,0.08473,-5.681353,936.62293,935.1719967110548
543.700955,0.08473,-5.681339,936.566116,937.1963888297265
543.710955,0.084729,-5.681324,936.509303,935.6456686918598
543.720955,0.084729,-5.68131,936.45249,935.9533225630112
543.730955,0.084729,-5.681296,936.395677,936.4394850931998
543.740955,0.084729,-5.681281,936.338864,937.0535314155338
543.750955,0.084729,-5.681267,936.282051,934.9014066705303
543.760955,0.084728,-5.681252,936.225238,935.0191752480652
543.770955,0.084728,-5.681238,936.168426,936.4227217572434
543.780955,0.084728,-5.681223,936.111614,933.7125232589651
543.790955,0.084728,-5.681209,936.054802,935.153514450442
543.800955,0.084727,-5.681195,935.99799,934.2146901303777
543.810955,0.084727,-5.68118,935.941178,933.6547778336543
543.820955,0.084727,-5.681166,935.884366,935.8224838218813
543.830955,0.084727,-5.681151,935.827554,937.0846651094533
543.840955,0.084727,-5.681137,935.770743,938.0959382457386
543.850955,0.084726,-5.681122,935.713932,934.8918781078496
543.860955,0.084726,-5.681108,935.65712,936.8119453140313
543.870955,0.084726,-5.681093,935.600309,932.2364116462267
543.880955,0.084726,-5.681079,935.543499,935.0942129670582
543.890955,0.084726,-5.681065,935.486688,935.1714035140926
543.900955,0.084725,-5.68105,935.429877,935.8304655830347
543.910955,0.084725,-5.681036,935.373067,934.2987249079218
543.920955,0.084725,-5.681021,935.316257,934.6608616329245
543.930955,0.084725,-5.681007,935.259446,934.7939385094206
543.940955,0.084724,-5.680992,935.202636,936.3298299117066
543.950955,0.084724,-5.680978,935.145827,935.2227723938887
543.960955,0.084724,-5.680964,935.089017,934.7421174162
543.970955,0.084724,-5.680949,935.032207,933.344638249776
543.980955,0.084724,-5.680935,934.975398,935.1454297373622
543.990955,0.084723,-5.68092,934.918589,934.5624055659451
544.000955,0.084723,-5.680906,934.861779,932.4663431692221
544.010955,0.084723,-5.680891,934.80497,934.9585738634356
544.020955,0.084723,-5.680877,934.748162,934.2883137124004
544.030955,0.084723,-5.680863,934.691353,933.5896891698251
544.040955,0.084722,-5.680848,934.634544,933.4082363346497
544.050955,0.084722,-5.680834,934.577736,935.5522484393629
544.060955,0.084722,-5.680819,934.520928,936.0500634037938
544.070955,0.084722,-5.680805,934.46412,934.527255725796
544.080955,0.084721,-5.68079,934.407312,933.6048396077036
544.090955,0.084721,-5.680776,934.350504,934.9048189671314
544.100955,0.084721,-5.680762,934.293696,934.7281363550392
544.110955,0.084721,-5.680747,934.236889,931.9326598383449
544.120955,0.084721,-5.680733,934.180081,933.7021098035975
544.130955,0.08472,-5.680718,934.123274,933.7620236114152
544.140955,0.08472,-5.680704,934.066467,933.5993561016655
544.150955,0.08472,-5.68069,934.00966,932.2030477257531
544.160955,0.08472,-5.680675,933.952853,931.9778879113805
544.170955,0.084719,-5.680661,933.896046,933.9161349419634
544.180955,0.084719,-5.680646,933.83924,933.2628790801468
544.190955,0.084719,-5.680632,933.782433,932.4305433220975
544.200955,0.084719,-5.680617,933.725627,934.4728815320487
544.210955,0.084719,-5.680603,933.668821,936.4813332315475
544.220955,0.084718,-5.680589,933.612015,932.7151229823301
544.230955,0.084718,-5.680574,933.555209,932.8793094569171
544.240955,0.084718,-5.68056,933.498404,932.0757935340716
544.250955,0.084718,-5.680545,933.441598,934.4784981793827
544.260955,0.084718,-5.680531,933.384793,932.0808503013226
544.270955,0.084717,-5.680516,933.327987,933.7283774612771
544.280955,0.084717,-5.680502,933.271182,931.9563210235244
544.290955,0.084717,-5.680488,933.214377,934.9541835380022
544.300955,0.084717,-5.680473,933.157573,933.0572388328368
544.310955,0.084716,-5.680459,933.100768,932.1818236960808
544.320955,0.084716,-5.680444,933.043963,932.5811310389493
544.330955,0.084716,-5.68043,932.987159,932.9329743270605
544.340955,0.084716,-5.680415,932.930355,930.7465918060144
544.350955,0.084716,-5.680401,932.873551,932.1449157841209
544.360955,0.084715,-5.680387,932.816747,932.9865821365389
544.370955,0.084715,-5.680372,932.759943,930.073650536825
544.380955,0.084715,-5.680358,932.703139,935.0888677617517
544.390955,0.084715,-5.680343,932.646336,931.198114246236
544.400955,0.084715,-5.680329,932.589533,931.3547524512993
544.410955,0.084714,-5.680314,932.532729,932.3157014819368
544.420955,0.084714,-5.6803,932.475926,933.0244399914446
544.430955,0.084714,-5.680286,932.419123,932.3178846222553
544.440955,0.084714,-5.680271,932.362321,934.2964878053983
544.450955,0.084713,-5.680257,932.305518,935.6554916711415
544.460955,0.084713,-5.680242,932.248715,933.08345182947
544.470955,0.084713,-5.680228,932.191913,933.4563467367273
544.480955,0.084713,-5.680214,932.135111,929.8216265823271
544.490955,0.084713,-5.680199,932.078309,930.9554613188225
544.500955,0.084712,-5.680185,932.021507,931.7842318464789
544.510955,0.084712,-5.68017,931.964705,935.2538097694818
544.520955,0.084712,-5.680156,931.907903,932.3495328780241
544.530955,0.084712,-5.680141,931.851102,935.0824967008068
544.540955,0.084712,-5.680127,931.794301,931.2421630175223
544.550955,0.084711,-5.680113,931.737499,931.7263823725065
544.560955,0.084711,-5.680098,931.680698,931.9341238725691
544.570955,0.084711,-5.680084,931.623897,932.0872777259365
544.580955,0.084711,-5.680069,931.567097,930.5511601421413
544.590955,0.08471,-5.680055,931.510296,928.6002556084186
544.600955,0.08471,-5.68004,931.453496,931.2414979149817
544.610955,0.08471,-5.680026,931.396695,931.8864980882144
544.620955,0.08471,-5.680012,931.339895,933.6361192071072
544.630955,0.08471,-5.679997,931.283095,931.7436744421676
544.640955,0.084709,-5.679983,931.226295,930.0733206699377
544.650955,0.084709,-5.679968,931.169495,932.0757024917148
544.660955,0.084709,-5.679954,931.112696,931.5105930205264
544.670955,0.084709,-5.67994,931.055896,929.5634403556143
544.680955,0.084708,-5.679925,930.999097,931.7769127946751
544.690955,0.084708,-5.679911,930.942298,930.8467593487859
544.700955,0.084708,-5.679896,930.885499,929.1470783362793
544.710955,0.084708,-5.679882,930.8287,930.6019641848508
544.720955,0.084708,-5.679867,930.771901,930.2153637453183
544.730955,0.084707,-5.679853,930.715103,928.9299054158298
544.740955,0.084707,-5.679839,930.658304,931.0340438532625
544.750955,0.084707,-5.679824,930.601506,930.2170040014352
544.760955,0.084707,-5.67981,930.544708,930.4976222647709
544.770955,0.084707,-5.679795,930.48791,932.0030840622757
544.780955,0.084706,-5.679781,930.431112,929.1207554052141
544.790955,0.084706,-5.679767,930.374314,928.8223537898255
544.800955,0.084706,-5.679752,930.317516,930.4014191628884
544.810955,0.084706,-5.679738,930.260719,928.0435977334299
544.820955,0.084705,-5.679723,930.203922,930.0630983106206
544.830955,0.084705,-5.679709,930.147124,930.3970022671682
544.840955,0.084705,-5.679694,930.090327,931.3501791019673
544.850955,0.084705,-5.67968,930.033531,928.2417997870876
544.860955,0.084705,-5.679666,929.976734,928.2748826023269
544.870955,0.084704,-5.679651,929.919937,931.215678918477
544.880955,0.084704,-5.679637,929.863141,928.8810270206985
544.890955,0.084704,-5.679622,929.806344,929.9927136218101
544.900955,0.084704,-5.679608,929.749548,929.5913338556463
544.910955,0.084704,-5.679594,929.692752,929.8684417140515
544.920955,0.084703,-5.679579,929.635956,931.4853890229031
544.930955,0.084703,-5.679565,929.579161,928.6852834860083
544.940955,0.084703,-5.67955,929.522365,928.5340700482437
544.950955,0.084703,-5.679536,929.46557,932.1635943887605
544.960955,0.084702,-5.679521,929.408774,929.2245572586951
544.970955,0.084702,-5.679507,929.351979,928.551407319493
544.980955,0.084702,-5.679493,929.295184,928.2794816607694
544.990955,0.084702,-5.679478,929.238389,930.1332235389468
545.000955,0.084702,-5.679464,929.181595,929.5791258027733
545.010955,0.084701,-5.679449,929.1248,927.8448637687052
545.020955,0.084701,-5.679435,929.068006,929.6452719107083
545.030955,0.084701,-5.679421,929.011211,928.3084249970959
545.040955,0.084701,-5.679406,928.954417,929.4045444803742
545.050955,0.084701,-5.679392,928.897623,927.1851532739538
545.060955,0.0847,-5.679377,928.840829,929.7950914810583
545.070955,0.0847,-5.679363,928.784036,924.3727940241517
545.080955,0.0847,-5.679349,928.727242,930.4965182487783
545.090955,0.0847,-5.679334,928.670449,929.6478404447739
545.100955,0.084699,-5.67932,928.613656,928.9012380367133
545.110955,0.084699,-5.679305,928.556862,930.2134111517281
545.120955,0.084699,-5.679291,928.500069,931.8568440517963
545.130955,0.084699,-5.679276,928.443277,927.8169401735358
545.140955,0.084699,-5.679262,928.386484,929.7972784919665
545.150955,0.084698,-5.679248,928.329691,925.6145502094962
545.160955,0.084698,-5.679233,928.272899,928.4514924607529
545.170955,0.084698,-5.679219,928.216107,928.6698049872324
545.180955,0.084698,-5.679204,928.159315,928.8036777871777
545.190955,0.084698,-5.67919,928.102523,926.3446863702454
545.200955,0.084697,-5.679176,928.045731,926.2179152152402
545.210955,0.084697,-5.679161,927.988939,927.7954977512757
545.220955,0.084697,-5.679147,927.932148,930.3985627807001
545.230955,0.084697,-5.679132,927.875356,925.3390598003576
545.240955,0.084696,-5.679118,927.818565,925.5159118537521
545.250955,0.084696,-5.679104,927.761774,927.7505564458088
545.260955,0.084696,-5.679089,927.704983,928.8763187283749
545.270955,0.084696,-5.679075,927.648192,928.2431262351411
545.280955,0.084696,-5.67906,927.591401,924.4409101364466
545.290955,0.084695,-5.679046,927.534611,927.6405361261941
545.300955,0.084695,-5.679031,927.47782,929.1348773958616
545.310955,0.084695,-5.679017,927.42103,929.0733941195418
545.320955,0.084695,-5.679003,927.36424,925.769461745123
545.330955,0.084694,-5.678988,927.30745,926.7060113033398
545.340955,0.084694,-5.678974,927.25066,927.5727690558502
545.350955,0.084694,-5.678959,927.193871,929.5093700302308
545.360955,0.084694,-5.678945,927.137081,927.7926903017644
545.370955,0.084694,-5.678931,927.080292,926.3015206582611
545.380955,0.084693,-5.678916,927.023503,925.6446969457537
545.390955,0.084693,-5.678902,926.966713,930.2612635062715
545.400955,0.084693,-5.678887,926.909924,927.4945188620026
545.410955,0.084693,-5.678873,926.853136,926.3574111774258
545.420955,0.084693,-5.678859,926.796347,927.1887704962954
545.430955,0.084692,-5.678844,926.739559,926.5453824596606
545.440955,0.084692,-5.67883,926.68277,923.670857970481
545.450955,0.084692,-5.678815,926.625982,926.9203443856943
545.460955,0.084692,-5.678801,926.569194,925.1910421872666
545.470955,0.084691,-5.678787,926.512406,923.8995667324689
545.480955,0.084691,-5.678772,926.455618,927.0224221312731
545.490955,0.084691,-5.678758,926.39883,926.4105758297221
545.500955,0.084691,-5.678743,926.342043,926.7397358456753
545.510955,0.084691,-5.678729,926.285256,927.6202262303358
545.520955,0.08469,-5.678715,926.228468,928.510041377101
545.530955,0.08469,-5.6787,926.171681,926.6544736004707
545.540955,0.08469,-5.678686,926.114894,926.874830900064
545.550955,0.08469,-5.678671,926.058108,926.1847652344329
545.560955,0.08469,-5.678657,926.001321,923.4699085792379
545.570955,0.084689,-5.678642,925.944534,925.0565658086938
545.580955,0.084689,-5.678628,925.887748,923.6040529208278
545.590955,0.084689,-5.678614,925.830962,928.0420604002343
545.600955,0.084689,-5.678599,925.774176,924.4820663455793
545.610955,0.084688,-5.678585,925.71739,927.4453256031135
545.620955,0.084688,-5.67857,925.660604,927.3341241695424
545.630955,0.084688,-5.678556,925.603818,928.3779707006798
545.640955,0.084688,-5.678542,925.547033,925.4058332326938
545.650955,0.084688,-5.678527,925.490248,924.297626434402
545.660955,0.084687,-5.678513,925.433462,926.5367272186513
545.670955,0.084687,-5.678498,925.376677,925.4237350180201
545.680955,0.084687,-5.678484,925.319892,924.1552160315567
545.690955,0.084687,-5.67847,925.263108,923.7380207773284
545.700955,0.084687,-5.678455,925.206323,923.8760756529041
545.710955,0.084686,-5.678441,925.149539,923.918513102774
545.720955,0.084686,-5.678426,925.092754,924.6607774089273
545.730955,0.084686,-5.678412,925.03597,922.4743705434249
545.740955,0.084686,-5.678398,924.979186,924.4142259884585
545.750955,0.084685,-5.678383,924.922402,926.1211941087116
545.760955,0.084685,-5.678369,924.865618,925.2361186509333
545.770955,0.084685,-5.678354,924.808835,928.3556935903312
545.780955,0.084685,-5.67834,924.752051,924.5549950396118
545.790955,0.084685,-5.678326,924.695268,923.9882781631675
545.800955,0.084684,-5.678311,924.638485,924.6879223001624
545.810955,0.084684,-5.678297,924.581702,923.2514576067499
545.820955,0.084684,-5.678282,924.524919,925.0697987509308
545.830955,0.084684,-5.678268,924.468136,925.3730799204726
545.840955,0.084684,-5.678254,924.411353,921.9776736204329
545.850955,0.084683,-5.678239,924.354571,921.8455712758629
545.860955,0.084683,-5.678225,924.297789,924.4752715584673
545.870955,0.084683,-5.67821,924.241007,924.3586477065328
545.880955,0.084683,-5.678196,924.184224,925.3379429319386
545.890955,0.084682,-5.678182,924.127443,923.5647916454498
545.900955,0.084682,-5.678167,924.070661,925.0805132525633
545.910955,0.084682,-5.678153,924.013879,924.1300521185149
545.920955,0.084682,-5.678138,923.957098,923.2833071905823
545.930955,0.084682,-5.678124,923.900316,923.5689256970319
545.940955,0.084681,-5.67811,923.843535,921.2506883342546
545.950955,0.084681,-5.678095,923.786754,924.7545605619508
545.960955,0.084681,-5.678081,923.729973,922.503848037183
545.970955,0.084681,-5.678066,923.673193,926.4326613611626
545.980955,0.08468,-5.678052,923.616412,923.0416562232629
545.990955,0.08468,-5.678038,923.559632,922.8427849145429
546.000955,0.08468,-5.678023,923.502851,923.2755658763792
546.010955,0.08468,-5.678009,923.446071,921.160863091472
546.020955,0.08468,-5.677994,923.389291,924.843484824983
546.030955,0.084679,-5.67798,923.332511,924.5582385608149
546.040955,0.084679,-5.677966,923.275732,923.7317303542134
546.050955,0.084679,-5.677951,923.218952,923.2696344711841
546.060955,0.084679,-5.677937,923.162173,924.419635339373
546.070955,0.084679,-5.677922,923.105393,922.8425389782021
546.080955,0.084678,-5.677908,923.048614,925.9155668111554
546.090955,0.084678,-5.677894,922.991835,922.0778801313847
546.100955,0.084678,-5.677879,922.935056,923.0220301973911
546.110955,0.084678,-5.677865,922.878277,921.5348807589927
546.120955,0.084677,-5.67785,922.821499,920.8188414526085
546.130955,0.084677,-5.677836,922.76472,921.9508549104563
546.140955,0.084677,-5.677822,922.707942,921.8663220701083
546.150955,0.084677,-5.677807,922.651164,923.7499384838915
546.160955,0.084677,-5.677793,922.594386,924.1485167207009
546.170955,0.084676,-5.677778,922.537608,924.1083326035567
546.180955,0.084676,-5.677764,922.48083,920.9753593579891
546.190955,0.084676,-5.67775,922.424053,923.3036674823226
546.200955,0.084676,-5.677735,922.367275,922.3349433309246
546.210955,0.084676,-5.677721,922.310498,922.2128317522439
546.220955,0.084675,-5.677706,922.253721,921.5260952387185
546.230955,0.084675,-5.677692,922.196944,920.8447029179546
546.240955,0.084675,-5.677678,922.140167,922.6251030387699
546.250955,0.084675,-5.677663,922.083391,924.9373114098663
546.260955,0.084674,-5.677649,922.026614,921.4949540592839
546.270955,0.084674,-5.677634,921.969838,923.0479053364494
546.280955,0.084674,-5.67762,921.913061,922.8934951731675
546.290955,0.084674,-5.677606,921.856285,925.5327373645466
546.300955,0.084674,-5.677591,921.799509,923.5200284942424
546.310955,0.084673,-5.677577,921.742733,921.8853315953324
546.320955,0.084673,-5.677563,921.685958,923.8815787387831
546.330955,0.084673,-5.677548,921.629182,921.1026510581007
546.340955,0.084673,-5.677534,921.572407,921.3191264535465
546.350955,0.084673,-5.677519,921.515631,924.7233002766111
546.360955,0.084672,-5.677505,921.458856,922.1392263858529
546.370955,0.084672,-5.677491,921.402081,921.7986780739528
546.380955,0.084672,-5.677476,921.345306,919.8298677132426
546.390955,0.084672,-5.677462,921.288532,921.3620410642303
546.400955,0.084671,-5.677447,921.231757,919.4448443738767
546.410955,0.084671,-5.677433,921.174983,921.2333744402505
546.420955,0.084671,-5.677419,921.118209,919.7413804551729
546.430955,0.084671,-5.677404,921.061434,920.1628205614604
546.440955,0.084671,-5.67739,921.00466,920.4466648058626
546.450955,0.08467,-5.677375,920.947887,922.4382775960491
546.460955,0.08467,-5.677361,920.891113,920.2485312609037
546.470955,0.08467,-5.677347,920.834339,919.2675447126073
546.480955,0.08467,-5.677332,920.777566,920.0087237731622
546.490955,0.08467,-5.677318,920.720793,922.3781164455155
546.500955,0.084669,-5.677303,920.66402,920.0301239593334
546.510955,0.084669,-5.677289,920.607247,916.5090548790386
546.520955,0.084669,-5.677275,920.550474,919.0066632599293
546.530955,0.084669,-5.67726,920.493701,919.7999968532497
546.540955,0.084668,-5.677246,920.436929,922.0337630578226
546.550955,0.084668,-5.677231,920.380156,918.0197523376514
546.560955,0.084668,-5.677217,920.323384,918.8229669002594
546.570955,0.084668,-5.677203,920.266612,919.4979953856567
546.580955,0.084668,-5.677188,920.20984,921.0056762166876
546.590955,0.084667,-5.677174,920.153068,917.6304635170243
546.600955,0.084667,-5.67716,920.096297,921.1246272387336
546.610955,0.084667,-5.677145,920.039525,918.7422625238715
546.620955,0.084667,-5.677131,919.982754,918.4371425253485
546.630955,0.084667,-5.677116,919.925982,919.398355457007
546.640955,0.084666,-5.677102,919.869211,917.8711073324127
546.650955,0.084666,-5.677088,919.81244,918.7397855476939
546.660955,0.084666,-5.677073,919.75567,918.9134112808632
546.670955,0.084666,-5.677059,919.698899,918.2518593874892
546.680955,0.084665,-5.677044,919.642128,919.3945619977602
546.690955,0.084665,-5.67703,919.585358,918.6409546859221
546.700955,0.084665,-5.677016,919.528588,918.1728817232245
546.710955,0.084665,-5.677001,919.471818,922.5509885687134
546.720955,0.084665,-5.676987,919.415048,918.9547097081925
546.730955,0.084664,-5.676972,919.358278,920.2479659872546
546.740955,0.084664,-5.676958,919.301508,919.7474593206208
546.750955,0.084664,-5.676944,919.244739,917.8507827111944
546.760955,0.084664,-5.676929,919.187969,919.813270104294
546.770955,0.084664,-5.676915,919.1312,917.0103194992149
546.780955,0.084663,-5.676901,919.074431,918.9838400662819
546.790955,0.084663,-5.676886,919.017662,919.8617802148535
546.800955,0.084663,-5.676872,918.960893,918.2952660220654
546.810955,0.084663,-5.676857,918.904125,918.7932461953104
546.820955,0.084662,-5.676843,918.847356,918.6782613690534
546.830955,0.084662,-5.676829,918.790588,916.844100259495
546.840955,0.084662,-5.676814,918.73382,916.5970170525546
546.850955,0.084662,-5.6768,918.677052,919.6141417957034
546.860955,0.084662,-5.676785,918.620284,916.3325698759419
546.870955,0.084661,-5.676771,918.563516,917.0676398083497
546.880955,0.084661,-5.676757,918.506748,920.7363897192022
546.890955,0.084661,-5.676742,918.449981,918.1914570243808
546.900955,0.084661,-5.676728,918.393213,920.251734362719
546.910955,0.08466,-5.676714,918.336446,916.837405890089
546.920955,0.08466,-5.676699,918.279679,919.4517604655227
546.930955,0.08466,-5.676685,918.222912,917.9177549814958
546.940955,0.08466,-5.67667,918.166145,917.8954881726542
546.950955,0.08466,-5.676656,918.109379,916.012214391773
546.960955,0.084659,-5.676642,918.052612,920.4351435166386
546.970955,0.084659,-5.676627,917.995846,917.3533387870962
546.980955,0.084659,-5.676613,917.93908,919.9191662297659
546.990955,0.084659,-5.676598,917.882314,916.543470446884
547.000955,0.084659,-5.676584,917.825548,916.3657656971519
547.010955,0.084658,-5.67657,917.768782,917.6449896102375
547.020955,0.084658,-5.676555,917.712016,917.6375480284647
547.030955,0.084658,-5.676541,917.655251,916.0745067291147
547.040955,0.084658,-5.676527,917.598486,916.9122259609632
547.050955,0.084657,-5.676512,917.54172,919.8171986639057
547.060955,0.084657,-5.676498,917.484955,916.9065527870523
547.070955,0.084657,-5.676483,917.42819,919.8978474085209
547.080955,0.084657,-5.676469,917.371426,918.5790101273345
547.090955,0.084657,-5.676455,917.314661,918.4091352638111
547.100955,0.084656,-5.67644,917.257897,914.8257943466705
547.110955,0.084656,-5.676426,917.201132,914.9064935804855
547.120955,0.084656,-5.676411,917.144368,916.1089762913784
547.130955,0.084656,-5.676397,917.087604,917.1397523689379
547.140955,0.084656,-5.676383,917.03084,918.2935725905973
547.150955,0.084655,-5.676368,916.974076,915.6720075090153
547.160955,0.084655,-5.676354,916.917313,918.4304662378677
547.170955,0.084655,-5.67634,916.860549,916.7258057343874
547.180955,0.084655,-5.676325,916.803786,915.8851369940652
547.190955,0.084654,-5.676311,916.747023,918.4774426051048
547.200955,0.084654,-5.676296,916.69026,916.0475223111364
547.210955,0.084654,-5.676282,916.633497,915.6082701659049
547.220955,0.084654,-5.676268,916.576734,917.8874396310194
547.230955,0.084654,-5.676253,916.519972,919.6311138530742
547.240955,0.084653,-5.676239,916.463209,913.1189919721977
547.250955,0.084653,-5.676225,916.406447,917.6534534026788
547.260955,0.084653,-5.67621,916.349685,917.6819991026396
547.270955,0.084653,-5.676196,916.292923,914.2993719616757
547.280955,0.084653,-5.676181,916.236161,915.4905540071576
547.290955,0.084652,-5.676167,916.179399,915.8913531184714
547.300955,0.084652,-5.676153,916.122637,918.0104718797779
547.310955,0.084652,-5.676138,916.065876,916.9243344109132
547.320955,0.084652,-5.676124,916.009115,916.2238645874172
547.330955,0.084651,-5.676109,915.952353,917.5864429343388
547.340955,0.084651,-5.676095,915.895592,917.5368080363461
547.350955,0.084651,-5.676081,915.838831,916.0191030699012
547.360955,0.084651,-5.676066,915.782071,917.7045943837352
547.370955,0.084651,-5.676052,915.72531,915.9065816476641
547.380955,0.08465,-5.676038,915.66855,916.0951406883327
547.390955,0.08465,-5.676023,915.611789,915.0344275023974
547.400955,0.08465,-5.676009,915.555029,915.2361275874795
547.410955,0.08465,-5.675994,915.498269,914.8492036143759
547.420955,0.08465,-5.67598,915.441509,913.1475837541637
547.430955,0.084649,-5.675966,915.38475,911.7095279721767
547.440955,0.084649,-5.675951,915.32799,914.8508606042616
547.450955,0.084649,-5.675937,915.271231,915.0271128802638
547.460955,0.084649,-5.675923,915.214471,916.1393320744434
547.470955,0.084648,-5.675908,915.157712,914.2836973214062
547.480955,0.084648,-5.675894,915.100953,914.3015855868081
547.490955,0.084648,-5.675879,915.044194,914.8913971580864
547.500955,0.084648,-5.675865,914.987436,914.8870779694149
547.510955,0.084648,-5.675851,914.930677,914.60547225349
547.520955,0.084647,-5.675836,914.873919,913.1154512551348
547.530955,0.084647,-5.675822,914.81716,915.3762112720871
547.540955,0.084647,-5.675808,914.760402,913.9488846855007
547.550955,0.084647,-5.675793,914.703644,914.4528982733361
547.560955,0.084647,-5.675779,914.646886,916.9385371147397
547.570955,0.084646,-5.675764,914.590129,915.2263881498988
547.580955,0.084646,-5.67575,914.533371,913.7318169954393
547.590955,0.084646,-5.675736,914.476614,914.7305625805311
547.600955,0.084646,-5.675721,914.419856,915.7291271565155
547.610955,0.084645,-5.675707,914.363099,913.92349751372
547.620955,0.084645,-5.675693,914.306342,911.7864538960295
547.630955,0.084645,-5.675678,914.249585,913.4837933075204
547.640955,0.084645,-5.675664,914.192829,911.9794890635768
547.650955,0.084645,-5.675649,914.136072,913.4623104323326
547.660955,0.084644,-5.675635,914.079316,913.0492714058369
547.670955,0.084644,-5.675621,914.022559,912.8293577984454
547.680955,0.084644,-5.675606,913.965803,915.2328089709499
547.690955,0.084644,-5.675592,913.909047,916.7725300428928
547.700955,0.084644,-5.675578,913.852291,913.7086415024501
547.710955,0.084643,-5.675563,913.795536,913.1014512737933
547.720955,0.084643,-5.675549,913.73878,915.1214772754223
547.730955,0.084643,-5.675534,913.682025,914.0400844038464
547.740955,0.084643,-5.67552,913.625269,913.960247342672
547.750955,0.084642,-5.675506,913.568514,914.3113153559156
547.760955,0.084642,-5.675491,913.511759,913.1232857680674
547.770955,0.084642,-5.675477,913.455004,913.3875528928278
547.780955,0.084642,-5.675463,913.39825,911.7467850385593
547.790955,0.084642,-5.675448,913.341495,912.6405096258882
547.800955,0.084641,-5.675434,913.284741,915.2408557014188
547.810955,0.084641,-5.675419,913.227986,910.9639084185435
547.820955,0.084641,-5.675405,913.171232,915.1199456992997
547.830955,0.084641,-5.675391,913.114478,913.5891441566955
547.840955,0.084641,-5.675376,913.057725,915.3534467979595
547.850955,0.08464,-5.675362,913.000971,912.5342594188787
547.860955,0.08464,-5.675348,912.944217,912.7643026821993
547.870955,0.08464,-5.675333,912.887464,912.3433560313454
547.880955,0.08464,-5.675319,912.830711,913.1128302381103
547.890955,0.084639,-5.675304,912.773958,913.1981431964505
547.900955,0.084639,-5.67529,912.717205,913.7209714904022
547.910955,0.084639,-5.675276,912.660452,912.6397775998496
547.920955,0.084639,-5.675261,912.603699,912.3639482318084
547.930955,0.084639,-5.675247,912.546946,913.7194645270664
547.940955,0.084638,-5.675233,912.490194,911.05016822532
547.950955,0.084638,-5.675218,912.433442,912.2353424930533
547.960955,0.084638,-5.675204,912.37669,910.3488164563892
547.970955,0.084638,-5.675189,912.319938,909.6759322627203
547.980955,0.084638,-5.675175,912.263186,913.2126063116641
547.990955,0.084637,-5.675161,912.206434,911.0524895250834
548.000955,0.084637,-5.675146,912.149683,910.0281117272689
548.010955,0.084637,-5.675132,912.092931,913.0708575024297
548.020955,0.084637,-5.675118,912.03618,911.1702734493495
548.030955,0.084636,-5.675103,911.979429,910.1792913602065
548.040955,0.084636,-5.675089,911.922678,910.3116924796703
548.050955,0.084636,-5.675075,911.865927,913.0634776518995
548.060955,0.084636,-5.67506,911.809177,911.3739258730865
548.070955,0.084636,-5.675046,911.752426,911.6260337805677
548.080955,0.084635,-5.675031,911.695676,913.8724609015136
548.090955,0.084635,-5.675017,911.638925,909.2523671712213
548.100955,0.084635,-5.675003,911.582175,912.1217677588965
548.110955,0.084635,-5.674988,911.525425,912.5536775008065
548.120955,0.084634,-5.674974,911.468675,914.78171294667
548.130955,0.084634,-5.67496,911.411926,912.7438146601705
548.140955,0.084634,-5.674945,911.355176,912.0877227120056
548.150955,0.084634,-5.674931,911.298427,909.756894498902
548.160955,0.084634,-5.674916,911.241678,910.361695257013
548.170955,0.084633,-5.674902,911.184929,910.5080257350253
548.180955,0.084633,-5.674888,911.12818,911.1091792993258
548.190955,0.084633,-5.674873,911.071431,911.393750625
548.200955,0.084633,-5.674859,911.014682,911.2355244697958
548.210955,0.084633,-5.674845,910.957934,912.2053560844327
548.220955,0.084632,-5.67483,910.901185,909.7767549752149
548.230955,0.084632,-5.674816,910.844437,907.8039307554649
548.240955,0.084632,-5.674802,910.787689,908.6909174987816
548.250955,0.084632,-5.674787,910.730941,910.5994829733768
548.260955,0.084631,-5.674773,910.674193,910.2872673939913
548.270955,0.084631,-5.674758,910.617446,912.1151591138364
548.280955,0.084631,-5.674744,910.560698,909.5092612605167
548.290955,0.084631,-5.67473,910.503951,909.6753914276023
548.300955,0.084631,-5.674715,910.447203,910.0166937530062
548.310955,0.08463,-5.674701,910.390456,910.2145800931609
548.320955,0.08463,-5.674687,910.333709,909.5460943129018
548.330955,0.08463,-5.674672,910.276963,912.162812127832
548.340955,0.08463,-5.674658,910.220216,909.9673064948157
548.350955,0.08463,-5.674644,910.163469,910.4209015741217
548.360955,0.084629,-5.674629,910.106723,910.915952049662
548.370955,0.084629,-5.674615,910.049977,909.14597028079
548.380955,0.084629,-5.6746,909.993231,913.0446152209199
548.390955,0.084629,-5.674586,909.936485,906.5679681480345
548.400955,0.084628,-5.674572,909.879739,912.750740991611
548.410955,0.084628,-5.674557,909.822993,908.5983684736251
548.420955,0.084628,-5.674543,909.766248,907.3410228193111
548.430955,0.084628,-5.674529,909.709503,906.7901834380035
548.440955,0.084628,-5.674514,909.652757,910.0876609197635
548.450955,0.084627,-5.6745,909.596012,910.7929515017903
548.460955,0.084627,-5.674486,909.539267,909.6346434571046
548.470955,0.084627,-5.674471,909.482523,910.3257695146593
548.480955,0.084627,-5.674457,909.425778,908.6699710839838
548.490955,0.084627,-5.674442,909.369033,909.9353558169068
548.500955,0.084626,-5.674428,909.312289,909.4137976348095
548.510955,0.084626,-5.674414,909.255545,911.7180679664643
548.520955,0.084626,-5.674399,909.198801,910.3615116023939
548.530955,0.084626,-5.674385,909.142057,908.4176791867031
548.540955,0.084625,-5.674371,909.085313,910.1818257270361
548.550955,0.084625,-5.674356,909.028569,908.275076395629
548.560955,0.084625,-5.674342,908.971826,908.5178631913133
548.570955,0.084625,-5.674328,908.915083,909.026614268332
548.580955,0.084625,-5.674313,908.858339,909.3039251134643
548.590955,0.084624,-5.674299,908.801596,909.4873939181595
548.600955,0.084624,-5.674284,908.744853,905.9428560905415
548.610955,0.084624,-5.67427,908.688111,909.2624541484954
548.620955,0.084624,-5.674256,908.631368,907.9422677240276
548.630955,0.084624,-5.674241,908.574626,907.0747767957514
548.640955,0.084623,-5.674227,908.517883,908.6820402465328
548.650955,0.084623,-5.674213,908.461141,907.595299475906
548.660955,0.084623,-5.674198,908.404399,908.4976739047767
548.670955,0.084623,-5.674184,908.347657,910.7510237739749
548.680955,0.084622,-5.67417,908.290915,908.2946368195686
548.690955,0.084622,-5.674155,908.234174,906.0320641881889
548.700955,0.084622,-5.674141,908.177432,908.7225597529689
548.710955,0.084622,-5.674127,908.120691,907.9738708314887
548.720955,0.084622,-5.674112,908.06395,904.9231302638835
548.730955,0.084621,-5.674098,908.007209,907.3309573542193
548.740955,0.084621,-5.674083,907.950468,909.6494168676057
548.750955,0.084621,-5.674069,907.893727,907.9191808391141
548.760955,0.084621,-5.674055,907.836986,903.7582812898592
548.770955,0.084621,-5.67404,907.780246,907.3890228732118
548.780955,0.08462,-5.674026,907.723506,908.7815353511945
548.790955,0.08462,-5.674012,907.666765,908.7160911446039
548.800955,0.08462,-5.673997,907.610025,908.280874533407
548.810955,0.08462,-5.673983,907.553285,905.6155387512815
548.820955,0.084619,-5.673969,907.496546,905.9361186177081
548.830955,0.084619,-5.673954,907.439806,908.115318914963
548.840955,0.084619,-5.67394,907.383067,908.5370662682399
548.850955,0.084619,-5.673926,907.326327,906.0599400741177
548.860955,0.084619,-5.673911,907.269588,908.7564141360536
548.870955,0.084618,-5.673897,907.212849,907.0561131239215
548.880955,0.084618,-5.673882,907.15611,908.3236226524809
548.890955,0.084618,-5.673868,907.099371,907.3705517808731
548.900955,0.084618,-5.673854,907.042633,907.0700637332113
548.910955,0.084618,-5.673839,906.985894,908.9958787054748
548.920955,0.084617,-5.673825,906.929156,905.7364340327296
548.930955,0.084617,-5.673811,906.872418,905.9422824526952
548.940955,0.084617,-5.673796,906.81568,905.6760431647225
548.950955,0.084617,-5.673782,906.758942,908.0371741087965
548.960955,0.084616,-5.673768,906.702204,906.2674321945602
548.970955,0.084616,-5.673753,906.645467,905.9523928278613
548.980955,0.084616,-5.673739,906.588729,905.2479774417361
548.990955,0.084616,-5.673725,906.531992,906.0372777412041
549.000955,0.084616,-5.67371,906.475255,908.5291256153834
549.010955,0.084615,-5.673696,906.418518,907.9382212267739
549.020955,0.084615,-5.673681,906.361781,907.7073873930863
549.030955,0.084615,-5.673667,906.305044,904.37400368593
549.040955,0.084615,-5.673653,906.248307,907.5870733269776
549.050955,0.084615,-5.673638,906.191571,904.807664823354
549.060955,0.084614,-5.673624,906.134835,907.8201242929191
549.070955,0.084614,-5.67361,906.078098,903.5243327680721
549.080955,0.084614,-5.673595,906.021362,903.4789040201938
549.090955,0.084614,-5.673581,905.964626,906.6337293224614
549.100955,0.084613,-5.673567,905.907891,906.1503985317246
549.110955,0.084613,-5.673552,905.851155,906.128160552505
549.120955,0.084613,-5.673538,905.79442,904.5491172792368
549.130955,0.084613,-5.673524,905.737684,906.0978573291663
549.140955,0.084613,-5.673509,905.680949,901.2352745500232
549.150955,0.084612,-5.673495,905.624214,905.5424517721767
549.160955,0.084612,-5.673481,905.567479,907.8587298251018
549.170955,0.084612,-5.673466,905.510745,902.9324629936359
549.180955,0.084612,-5.673452,905.45401,902.9642712618387
549.190955,0.084612,-5.673437,905.397276,906.6557638837955
549.200955,0.084611,-5.673423,905.340541,907.1431284474496
549.210955,0.084611,-5.673409,905.283807,904.2559481381592
549.220955,0.084611,-5.673394,905.227073,903.9930828538374
549.230955,0.084611,-5.67338,905.170339,907.4679054319078
549.240955,0.08461,-5.673366,905.113605,908.1162067897271
549.250955,0.08461,-5.673351,905.056872,907.2267090635404
549.260955,0.08461,-5.673337,905.000138,902.0098699047755
549.270955,0.08461,-5.673323,904.943405,901.5002576595721
549.280955,0.08461,-5.673308,904.886672,907.0136318209304
549.290955,0.084609,-5.673294,904.829939,903.8442368125708
549.300955,0.084609,-5.67328,904.773206,905.8690578382771
549.310955,0.084609,-5.673265,904.716473,904.2827589108449
549.320955,0.084609,-5.673251,904.659741,904.3688287601607
549.330955,0.084609,-5.673237,904.603008,904.7092992448049
549.340955,0.084608,-5.673222,904.546276,902.3570501402279
549.350955,0.084608,-5.673208,904.489544,904.651304343718
549.360955,0.084608,-5.673193,904.432812,905.5338377629686
549.370955,0.084608,-5.673179,904.37608,904.7208207690293
549.380955,0.084607,-5.673165,904.319348,906.3391661557962
549.390955,0.084607,-5.67315,904.262617,904.1938598459593
549.400955,0.084607,-5.673136,904.205885,901.3374765281233
549.410955,0.084607,-5.673122,904.149154,903.7407338364607
549.420955,0.084607,-5.673107,904.092423,905.0556246634052
549.430955,0.084606,-5.673093,904.035692,905.3396557569213
549.440955,0.084606,-5.673079,903.978961,904.3381884601148
549.450955,0.084606,-5.673064,903.92223,904.8850344947916
549.460955,0.084606,-5.67305,903.8655,904.4772490105277
549.470955,0.084606,-5.673036,903.808769,905.0715973861857
549.480955,0.084605,-5.673021,903.752039,902.8106909718415
549.490955,0.084605,-5.673007,903.695309,902.8845267156361
549.500955,0.084605,-5.672993,903.638579,904.087037442367
549.510955,0.084605,-5.672978,903.581849,901.7795180435263
549.520955,0.084604,-5.672964,903.525119,902.0459083572549
549.530955,0.084604,-5.67295,903.46839,902.3126000687447
549.540955,0.084604,-5.672935,903.41166,904.0474670098829
549.550955,0.084604,-5.672921,903.354931,902.8814024835982
549.560955,0.084604,-5.672907,903.298202,904.5625340711358
549.570955,0.084603,-5.672892,903.241473,901.8263813050053
549.580955,0.084603,-5.672878,903.184744,904.736028824202
549.590955,0.084603,-5.672863,903.128015,903.0427401375499
549.600955,0.084603,-5.672849,903.071287,904.2641764992737
549.610955,0.084603,-5.672835,903.014558,901.8902036528584
549.620955,0.084602,-5.67282,902.95783,901.333987738777
549.630955,0.084602,-5.672806,902.901102,903.4452651140061
549.640955,0.084602,-5.672792,902.844374,901.8718582047899
549.650955,0.084602,-5.672777,902.787646,901.8982121162007
549.660955,0.084601,-5.672763,902.730918,901.8712421437476
549.670955,0.084601,-5.672749,902.674191,902.1108744306033
549.680955,0.084601,-5.672734,902.617463,902.0116996142216
549.690955,0.084601,-5.67272,902.560736,903.5624058925089
549.700955,0.084601,-5.672706,902.504009,901.9842461219242
549.710955,0.0846,-5.672691,902.447282,904.3579749334878
549.720955,0.0846,-5.672677,902.390555,901.0408319080079
549.730955,0.0846,-5.672663,902.333829,902.775196819168
549.740955,0.0846,-5.672648,902.277102,900.223685527177
549.750955,0.0846,-5.672634,902.220376,902.3274989404732
549.760955,0.084599,-5.67262,902.163649,901.7097992953768
549.770955,0.084686,-5.672605,902.106923,899.0635883181443
549.780955,0.084922,-5.672591,902.050197,901.3750964202861
549.790955,0.085158,-5.672577,901.993471,901.5529421044995
549.800955,0.085394,-5.672562,901.936746,901.5586997234142
549.810955,0.085629,-5.672548,901.88002,902.0394737423427
549.820955,0.085862,-5.672533,901.823295,899.1732485554878
549.830955,0.086094,-5.672519,901.76657,902.5085855227164
549.840955,0.086324,-5.672504,901.709844,903.9496550941991
549.850955,0.086553,-5.67249,901.653119,901.054035923811
549.860955,0.08678,-5.672475,901.596395,902.1570294233172
549.870955,0.087006,-5.672461,901.53967,902.2091007374876
549.880955,0.08723,-5.672446,901.482945,899.7379535192563
549.890955,0.087452,-5.672432,901.426221,902.894257695596
549.900955,0.087672,-5.672417,901.369497,901.9975282809866
549.910955,0.087891,-5.672403,901.312773,899.675557890989
549.920955,0.088107,-5.672388,901.256049,901.4480271149495
549.930955,0.088322,-5.672374,901.199325,900.4882257512827
549.940955,0.088535,-5.672359,901.142601,901.2222972775594
549.950955,0.088746,-5.672345,901.085878,899.9978898221302
549.960955,0.088954,-5.67233,901.029154,901.3309392727806
549.970955,0.089161,-5.672316,900.972431,899.7214634722429
549.980955,0.089366,-5.672301,900.915708,900.1192957294375
549.990955,0.089569,-5.672287,900.858985,901.7336868571593
550.000955,0.08977,-5.672272,900.802262,899.7215665550677
550.010955,0.089969,-5.672257,900.74554,899.0667295473058
550.020955,0.090166,-5.672243,900.688817,899.3543362423457
550.030955,0.09036,-5.672228,900.632095,899.3463626398303
550.040955,0.090553,-5.672214,900.575373,900.8815566492316
550.050955,0.090744,-5.672199,900.518651,901.6644527196645
550.060955,0.090932,-5.672184,900.461929,899.0985094648704
550.070955,0.091119,-5.67217,900.405207,901.7519923029947
550.080955,0.091303,-5.672155,900.348485,900.2849876824131
550.090955,0.091486,-5.672141,900.291764,897.804161941479
550.100955,0.091666,-5.672126,900.235042,897.619642790767
550.110955,0.091844,-5.672111,900.178321,900.6091796108576
550.120955,0.092021,-5.672097,900.1216,900.0024622766587
550.130955,0.092195,-5.672082,900.064879,901.7028974261095
550.140955,0.092367,-5.672067,900.008159,899.8455179066187
550.150955,0.092537,-5.672053,899.951438,897.3056282484245
550.160955,0.092705,-5.672038,899.894717,900.7785427780422
550.170955,0.092871,-5.672024,899.837997,901.9225429231767
550.180955,0.093035,-5.672009,899.781277,897.987705990826
550.190955,0.093197,-5.671994,899.724557,900.2685975594262
550.200955,0.093357,-5.67198,899.667837,896.0123691374107
550.210955,0.093515,-5.671965,899.611117,899.8255993693871
550.220955,0.093672,-5.671951,899.554398,897.7747682328378
550.230955,0.093826,-5.671936,899.497678,900.517670450456
550.240955,0.093978,-5.671921,899.440959,898.2753684683388
550.250955,0.094128,-5.671907,899.38424,896.385249866794
550.260955,0.094277,-5.671892,899.327521,899.5576218223171
550.270955,0.094423,-5.671877,899.270802,899.5945361310701
550.280955,0.094568,-5.671863,899.214083,897.4056738697311
550.290955,0.094711,-5.671848,899.157365,899.2202891271356
550.300955,0.094852,-5.671834,899.100646,899.5606986574509
550.310955,0.094991,-5.671819,899.043928,897.5096768188471
550.320955,0.095128,-5.671804,898.98721,896.675947213669
550.330955,0.095264,-5.67179,898.930492,899.4013992400062
550.340955,0.095397,-5.671775,898.873774,897.2984271351373
550.350955,0.095529,-5.67176,898.817057,898.8644401250814
550.360955,0.09566,-5.671746,898.760339,895.9198555653994
550.370955,0.095788,-5.671731,898.703622,897.9279546441921
550.380955,0.095915,-5.671717,898.646904,898.0117337756983
550.390955,0.09604,-5.671702,898.590187,897.6624005640019
550.400955,0.096163,-5.671688,898.53347,896.9759865515451
550.410955,0.096285,-5.671673,898.476754,895.8667275643892
550.420955,0.096405,-5.671658,898.420037,900.2632688729254
550.430955,0.096524,-5.671644,898.36332,898.9465798185613
550.440955,0.09664,-5.671629,898.306604,896.9745952289256
550.450955,0.096756,-5.671615,898.249888,899.0995487347535
550.460955,0.096869,-5.6716,898.193172,897.7700635709098
550.470955,0.096981,-5.671585,898.136456,896.4447715761493
550.480955,0.097092,-5.671571,898.07974,898.7812302475743
550.490955,0.097201,-5.671556,898.023024,895.7454134416839
550.500955,0.097308,-5.671542,897.966309,897.8635485511121
550.510955,0.097414,-5.671527,897.909594,897.3253351248551
550.520955,0.097519,-5.671513,897.852878,896.718937574495
550.530955,0.097622,-5.671498,897.796163,895.3064182024225
550.540955,0.097724,-5.671484,897.739448,899.263907344848
550.550955,0.097824,-5.671469,897.682734,898.1529046849301
550.560955,0.097923,-5.671454,897.626019,896.9718932550609
550.570955,0.09802,-5.67144,897.569305,898.0782060313869
550.580955,0.098116,-5.671425,897.51259,897.8604539608367
550.590955,0.098211,-5.671411,897.455876,899.7388937989978
550.600955,0.098304,-5.671396,897.399162,895.3728268118966
550.610955,0.098396,-5.671382,897.342448,898.2108110991826
550.620955,0.098487,-5.671367,897.285734,896.499339538022
550.630955,0.098576,-5.671353,897.229021,894.4439204338948
550.640955,0.098664,-5.671338,897.172307,896.6544189746525
550.650955,0.098751,-5.671324,897.115594,896.3961365542845
550.660955,0.098837,-5.671309,897.058881,897.9307908948318
550.670955,0.098921,-5.671295,897.002168,897.7907096027303
550.680955,0.099004,-5.67128,896.945455,894.3231236172527
550.690955,0.099086,-5.671266,896.888742,899.7121921791909
550.700955,0.099167,-5.671251,896.83203,896.5886235831322
550.710955,0.099247,-5.671237,896.775317,896.8828650470701
550.720955,0.099325,-5.671222,896.718605,896.3108731709176
550.730955,0.099403,-5.671208,896.661893,895.2715318616175
550.740955,0.099479,-5.671193,896.605181,894.0479922325075
550.750955,0.099554,-5.671179,896.548469,896.6422090378761
550.760955,0.099628,-5.671164,896.491757,894.2674170355069
550.770955,0.099701,-5.67115,896.435046,897.2339889368924
550.780955,0.099773,-5.671135,896.378334,895.4416588440127
550.790955,0.099844,-5.671121,896.321623,896.6543336842211
550.800955,0.099913,-5.671107,896.264912,896.9158625945888
550.810955,0.099982,-5.671092,896.208201,896.3284358568867
550.820955,0.10005,-5.671078,896.15149,896.6703613123352
550.830955,0.100117,-5.671063,896.094779,895.5170434292664
550.840955,0.100182,-5.671049,896.038069,895.0936046666352
550.850955,0.100247,-5.671034,895.981358,897.4400313954553
550.860955,0.100311,-5.67102,895.924648,898.2282481300107
550.870955,0.100374,-5.671006,895.867938,897.8527247008808
550.880955,0.100436,-5.670991,895.811228,897.2950182131474
550.890955,0.100497,-5.670977,895.754518,893.6023046150693
550.900955,0.100557,-5.670962,895.697808,894.0005208409184
550.910955,0.100616,-5.670948,895.641099,894.9149826756133
550.920955,0.100675,-5.670933,895.584389,894.6012711166292
550.930955,0.100732,-5.670919,895.52768,893.6791508476125
550.940955,0.100789,-5.670905,895.470971,893.6706056663243
550.950955,0.100845,-5.67089,895.414262,894.9803768335504
550.960955,0.1009,-5.670876,895.357553,894.3617802035276
550.970955,0.100954,-5.670862,895.300845,897.0551099869632
550.980955,0.101007,-5.670847,895.244136,895.2893895948188
550.990955,0.10106,-5.670833,895.187428,894.6984234704228
551.000955,0.101112,-5.670818,895.130719,896.8482943549903
551.010955,0.101163,-5.670804,895.074011,894.9530151829097
551.020955,0.101213,-5.67079,895.017303,892.6028589434416
551.030955,0.101262,-5.670775,894.960595,894.7697164390771
551.040955,0.101311,-5.670761,894.903888,895.0143148757132
551.050955,0.101359,-5.670747,894.84718,896.3158400162466
551.060955,0.101407,-5.670732,894.790473,896.6310807192662
551.070955,0.101453,-5.670718,894.733766,892.2498436444313
551.080955,0.101499,-5.670704,894.677058,895.4293452930406
551.090955,0.101544,-5.670689,894.620351,892.221015360316
551.100955,0.101589,-5.670675,894.563645,893.5674212106709
551.110955,0.101633,-5.670661,894.506938,895.9026893377401
551.120955,0.101676,-5.670646,894.450231,893.8339695886793
551.130955,0.101718,-5.670632,894.393525,894.4609373189534
551.140955,0.10176,-5.670618,894.336819,893.9354564955702
551.150955,0.101801,-5.670603,894.280113,895.8818764535431
551.160955,0.101842,-5.670589,894.223407,893.4640396748599
551.170955,0.101882,-5.670575,894.166701,893.3979780105764
551.180955,0.101921,-5.67056,894.109995,892.8862071582204
551.190955,0.10196,-5.670546,894.05329,892.0483954308704
551.200955,0.101999,-5.670532,893.996584,894.6962930452214
551.210955,0.102036,-5.670517,893.939879,893.6771473340989
551.220955,0.102073,-5.670503,893.883174,890.5745279165485
551.230955,0.10211,-5.670489,893.826469,894.9716038822504
551.240955,0.102146,-5.670474,893.769764,894.7362707852282
551.250955,0.102181,-5.67046,893.71306,894.2404430786004
551.260955,0.102216,-5.670446,893.656355,894.123142395354
551.270955,0.10225,-5.670432,893.599651,893.0634321974989
551.280955,0.102284,-5.670417,893.542946,896.2665209202104
551.290955,0.102317,-5.670403,893.486242,892.2364585735648
551.300955,0.10235,-5.670389,893.429538,895.0926568196297
551.310955,0.102383,-5.670375,893.372835,891.1154375940097
551.320955,0.102414,-5.67036,893.316131,892.896722650158
551.330955,0.102446,-5.670346,893.259427,893.5603162542608
551.340955,0.102477,-5.670332,893.202724,893.6635340320847
551.350955,0.102507,-5.670317,893.146021,891.5312834317899
551.360955,0.102537,-5.670303,893.089318,896.1639473892851
551.370955,0.102566,-5.670289,893.032615,892.5306980727715
551.380955,0.102595,-5.670275,892.975912,892.690898379227
551.390955,0.102624,-5.67026,892.919209,893.310693936069
551.400955,0.102652,-5.670246,892.862507,892.237899374541
551.410955,0.10268,-5.670232,892.805804,892.818065512909
551.420955,0.102707,-5.670218,892.749102,891.6409229039048
551.430955,0.102734,-5.670203,892.6924,892.5710390321879
551.440955,0.10276,-5.670189,892.635698,891.7015629900997
551.450955,0.102786,-5.670175,892.578996,893.5252254964256
551.460955,0.102812,-5.670161,892.522294,894.8107847562782
551.470955,0.102837,-5.670147,892.465593,890.727095082614
551.480955,0.102862,-5.670132,892.408891,890.786059796741
551.490955,0.102886,-5.670118,892.35219,890.9514713671665
551.500955,0.10291,-5.670104,892.295489,891.9877781347702
551.510955,0.102934,-5.67009,892.238788,891.5871145000419
551.520955,0.102957,-5.670075,892.182087,894.3528636267014
551.530955,0.10298,-5.670061,892.125387,890.578780207471
551.540955,0.103003,-5.670047,892.068686,891.3276319534303
551.550955,0.103025,-5.670033,892.011986,889.0249253037827
551.560955,0.103047,-5.670019,891.955285,893.4677252508076
551.570955,0.103069,-5.670004,891.898585,892.2320337103282
551.580955,0.10309,-5.66999,891.841885,888.5348176711296
551.590955,0.103111,-5.669976,891.785185,892.5984886764202
551.600955,0.103132,-5.669962,891.728486,890.63471009909
551.610955,0.103152,-5.669948,891.671786,890.9229614369103
551.620955,0.103172,-5.669933,891.615087,894.2149365279945
551.630955,0.103191,-5.669919,891.558388,890.1458983874236
551.640955,0.103211,-5.669905,891.501688,891.4253925973326
551.650955,0.10323,-5.669891,891.444989,890.5210403094245
551.660955,0.103249,-5.669877,891.388291,891.4323501512672
551.670955,0.103267,-5.669862,891.331592,891.7999771372916
551.680955,0.103285,-5.669848,891.274893,887.5277114823518
551.690955,0.103303,-5.669834,891.218195,890.2178660067218
551.700955,0.103321,-5.66982,891.161497,890.2856000591685
551.710955,0.103338,-5.669806,891.104799,890.5605338229648
551.720955,0.103355,-5.669791,891.048101,894.1721802133986
551.730955,0.103372,-5.669777,890.991403,890.7726407227922
551.740955,0.103389,-5.669763,890.934705,890.4884497064297
551.750955,0.103405,-5.669749,890.878008,890.2302973225959
551.760955,0.103421,-5.669735,890.82131,891.5253879505674
551.770955,0.103437,-5.669721,890.764613,887.0811663026362
551.780955,0.103452,-5.669706,890.707916,890.889285188794
551.790955,0.103468,-5.669692,890.651219,891.0456551414121
551.800955,0.103483,-5.669678,890.594522,890.5417381963014
551.810955,0.103497,-5.669664,890.537825,892.3945965701031
551.820955,0.103512,-5.66965,890.481129,889.9547001386892
551.830955,0.103526,-5.669636,890.424432,892.1323352027812
551.840955,0.103541,-5.669621,890.367736,889.7796473132177
551.850955,0.103554,-5.669607,890.31104,889.6650343880909
551.860955,0.103568,-5.669593,890.254344,890.9452705534309
551.870955,0.103582,-5.669579,890.197648,891.296908645279
551.880955,0.103595,-5.669565,890.140952,890.8540925190164
551.890955,0.103608,-5.669551,890.084257,890.0572313805706
551.900955,0.103621,-5.669537,890.027561,887.6537392351665
551.910955,0.103634,-5.669522,889.970866,888.0693831882011
551.920955,0.103646,-5.669508,889.914171,888.2514570713287
551.930955,0.103658,-5.669494,889.857476,889.2218375285065
551.940955,0.10367,-5.66948,889.800781,891.5999888034777
551.950955,0.103682,-5.669466,889.744086,889.9912240443372
551.960955,0.103694,-5.669452,889.687391,888.2500775588801
551.970955,0.103705,-5.669438,889.630697,890.6736972774104
551.980955,0.103717,-5.669423,889.574003,889.2431576338669
551.990955,0.103728,-5.669409,889.517309,891.3216478132586
552.000955,0.103739,-5.669395,889.460615,888.6075626600367
552.010955,0.10375,-5.669381,889.403921,891.0256391688948
552.020955,0.10376,-5.669367,889.347227,887.7791710800396
552.030955,0.103771,-5.669353,889.290533,890.5357675596111
552.040955,0.103781,-5.669339,889.23384,889.6842011676248
552.050955,0.103791,-5.669324,889.177147,892.4983111809474
552.060955,0.103801,-5.66931,889.120453,889.5964419751645
552.070955,0.103811,-5.669296,889.06376,887.9485972952237
552.080955,0.103821,-5.669282,889.007067,890.167250378998
552.090955,0.10383,-5.669268,888.950375,889.200173223379
552.100955,0.10384,-5.669254,888.893682,888.8362450818951
552.110955,0.103849,-5.66924,888.83699,887.6604429470983
552.120955,0.103858,-5.669226,888.780297,888.625895557851
552.130955,0.103867,-5.669212,888.723605,890.1582442437888
552.140955,0.103876,-5.669197,888.666913,890.0984468227417
552.150955,0.103884,-5.669183,888.610221,887.6340372205782
552.160955,0.103893,-5.669169,888.553529,889.4602770107584
552.170955,0.103901,-5.669155,888.496838,887.0231734305307
552.180955,0.103909,-5.669141,888.440146,884.4892485170562
552.190955,0.103917,-5.669127,888.383455,886.6321024441464
552.200955,0.103925,-5.669113,888.326764,889.1979397889868
552.210955,0.103933,-5.669099,888.270073,887.9985407573482
552.220955,0.103941,-5.669084,888.213382,887.8195546329023
552.230955,0.103949,-5.66907,888.156691,889.2914728190175
552.240955,0.103956,-5.669056,888.1,886.2810604331285
552.250955,0.103963,-5.669042,888.04331,887.2546768807321
552.260955,0.103971,-5.669028,887.98662,886.3366664670884
552.270955,0.103978,-5.669014,887.929929,887.9414334815053
552.280955,0.103985,-5.669,887.873239,885.2855222598995
552.290955,0.103992,-5.668986,887.816549,888.103318560285
552.300955,0.103998,-5.668972,887.75986,884.9698001390589
552.310955,0.104005,-5.668958,887.70317,887.0903318887565
552.320955,0.104012,-5.668943,887.64648,889.2575225305186
552.330955,0.104018,-5.668929,887.589791,888.1475705036064
552.340955,0.104025,-5.668915,887.533102,889.2105504000664
552.350955,0.104031,-5.668901,887.476413,886.7624111176174
552.360955,0.104037,-5.668887,887.419724,888.0178672175017
552.370955,0.104043,-5.668873,887.363035,888.0342771740626
552.380955,0.104049,-5.668859,887.306346,886.97453393439
552.390955,0.104055,-5.668845,887.249658,887.8551015339427
552.400955,0.104061,-5.668831,887.192969,888.4352356225238
552.410955,0.104066,-5.668817,887.136281,887.1760610361356
552.420955,0.104072,-5.668802,887.079593,886.2840916189242
552.430955,0.104077,-5.668788,887.022905,889.4805392897299
552.440955,0.104083,-5.668774,886.966217,887.2783397071366
552.450955,0.104088,-5.66876,886.90953,886.8951225180239
552.460955,0.104093,-5.668746,886.852842,886.4552327432916
552.470955,0.104099,-5.668732,886.796155,885.6925701096351
552.480955,0.104104,-5.668718,886.739467,887.3109568370346
552.490955,0.104109,-5.668704,886.68278,885.1450522402296
552.500955,0.104113,-5.66869,886.626093,886.19832159669
552.510955,0.104118,-5.668676,886.569407,882.3705999865164
552.520955,0.104123,-5.668662,886.51272,887.5381622788111
552.530955,0.104128,-5.668648,886.456033,886.9425227153898
552.540955,0.104132,-5.668633,886.399347,884.4085313459814
552.550955,0.104137,-5.668619,886.342661,883.3091030639293
552.560955,0.104141,-5.668605,886.285975,887.4458790196562
552.570955,0.104146,-5.668591,886.229289,884.1384982739123
552.580955,0.10415,-5.668577,886.172603,883.7491253900679
552.590955,0.104154,-5.668563,886.115917,889.2450553908467
552.600955,0.104158,-5.668549,886.059231,887.1676384635936
552.610955,0.104162,-5.668535,886.002546,887.9544618492741
552.620955,0.104166,-5.668521,885.945861,885.7502377455461
552.630955,0.10417,-5.668507,885.889176,884.5449107075589
552.640955,0.104174,-5.668493,885.832491,884.9619724282185
552.650955,0.104178,-5.668479,885.775806,887.42889500108
552.660955,0.104182,-5.668464,885.719121,886.1925120211068
552.670955,0.104186,-5.66845,885.662436,884.992719565643
552.680955,0.104189,-5.668436,885.605752,884.3683521064669
552.690955,0.104193,-5.668422,885.549068,884.0360157004317
552.700955,0.104196,-5.668408,885.492384,884.8733440813272
552.710955,0.1042,-5.668394,885.4357,886.4354645204644
552.720955,0.104203,-5.66838,885.379016,885.240608129483
552.730955,0.104207,-5.668366,885.322332,884.9147426867372
552.740955,0.10421,-5.668352,885.265648,885.3908196270461
552.750955,0.104213,-5.668338,885.208965,886.5995798751977
552.760955,0.104216,-5.668324,885.152282,885.3795973155076
552.770955,0.104219,-5.66831,885.095598,883.1094100625737
552.780955,0.104222,-5.668296,885.038915,885.364174232939
552.790955,0.104225,-5.668282,884.982233,885.0666098952745
552.800955,0.104228,-5.668267,884.92555,882.6308913910553
552.810955,0.104231,-5.668253,884.868867,884.4694477096067
552.820955,0.104234,-5.668239,884.812185,885.1539319040264
552.830955,0.104237,-5.668225,884.755502,885.2034356564385
552.840955,0.10424,-5.668211,884.69882,885.6720084072017
552.850955,0.104243,-5.668197,884.642138,884.253269095991
552.860955,0.104245,-5.668183,884.585456,884.6248272686094
552.870955,0.104248,-5.668169,884.528775,884.9940619318335
552.880955,0.10425,-5.668155,884.472093,881.2843959439274
552.890955,0.104253,-5.668141,884.415411,885.5066545277405
552.900955,0.104256,-5.668127,884.35873,882.7370269869089
552.910955,0.104258,-5.668113,884.302049,883.8614043512965
552.920955,0.10426,-5.668099,884.245368,883.0900092499309
552.930955,0.104263,-5.668085,884.188687,884.436368868822
552.940955,0.104265,-5.668071,884.132006,883.8623784425832
552.950955,0.104267,-5.668057,884.075326,885.4546014733596
552.960955,0.10427,-5.668042,884.018645,884.6559598294729
552.970955,0.104272,-5.668028,883.961965,884.1079641695948
552.980955,0.104274,-5.668014,883.905284,883.0749599298964
552.990955,0.104276,-5.668,883.848604,883.6487599095016
553.000955,0.104278,-5.667986,883.791924,880.036128432673
553.010955,0.10428,-5.667972,883.735245,884.0369748068805
553.020955,0.104282,-5.667958,883.678565,885.3073830422829
553.030955,0.104284,-5.667944,883.621885,883.0372697712473
553.040955,0.104286,-5.66793,883.565206,883.1459573836593
553.050955,0.104288,-5.667916,883.508527,884.1302609560948
553.060955,0.10429,-5.667902,883.451848,880.4047149462328
553.070955,0.104292,-5.667888,883.395169,881.5542288282311
553.080955,0.104294,-5.667874,883.33849,882.8351315982602
553.090955,0.104296,-5.66786,883.281811,881.6920146252403
553.100955,0.104297,-5.667846,883.225133,881.3626278924521
553.110955,0.104299,-5.667832,883.168454,880.0219563929543
553.120955,0.104301,-5.667818,883.111776,885.23113153271
553.130955,0.104303,-5.667803,883.055098,884.511411523397
553.140955,0.104304,-5.667789,882.99842,883.8730059485239
553.150955,0.104306,-5.667775,882.941742,883.9649168031012
553.160955,0.104307,-5.667761,882.885065,882.3885645848694
553.170955,0.104309,-5.667747,882.828387,880.1403071429529
553.180955,0.104311,-5.667733,882.77171,879.9547246673286
553.190955,0.104312,-5.667719,882.715032,880.2284078393475
553.200955,0.104313,-5.667705,882.658355,882.0514101970061
553.210955,0.104315,-5.667691,882.601678,879.8536838914608
553.220955,0.104316,-5.667677,882.545001,878.9455767012175
553.230955,0.104318,-5.667663,882.488325,883.5647677555658
553.240955,0.104319,-5.667649,882.431648,883.287807200304
553.250955,0.10432,-5.667635,882.374972,882.5966216628697
553.260955,0.104322,-5.667621,882.318296,882.3648989188534
553.270955,0.104323,-5.667607,882.261619,884.0851004909395
553.280955,0.104324,-5.667593,882.204943,884.3218250932018
553.290955,0.104326,-5.667579,882.148268,882.440419681844
553.300955,0.104327,-5.667565,882.091592,882.6699552931553
553.310955,0.104328,-5.667551,882.034916,879.7409479001577
553.320955,0.104329,-5.667537,881.978241,881.9320095933091
553.330955,0.10433,-5.667522,881.921566,880.1755261859071
553.340955,0.104331,-5.667508,881.86489,881.9721271257636
553.350955,0.104333,-5.667494,881.808215,880.1207474422449
553.360955,0.104334,-5.66748,881.75154,879.6844141773737
553.370955,0.104335,-5.667466,881.694866,882.036940968782
553.380955,0.104336,-5.667452,881.638191,881.3571629427299
553.390955,0.104337,-5.667438,881.581517,880.2127330524287
553.400955,0.104338,-5.667424,881.524842,880.6563124531108
553.410955,0.104339,-5.66741,881.468168,880.1116334130924
553.420955,0.10434,-5.667396,881.411494,883.1970550608356
553.430955,0.104341,-5.667382,881.35482,880.447722465853
553.440955,0.104342,-5.667368,881.298147,882.2305022859198
553.450955,0.104343,-5.667354,881.241473,881.4965199306231
553.460955,0.104343,-5.66734,881.184799,881.8860670045922
553.470955,0.104344,-5.667326,881.128126,882.9020505928935
553.480955,0.104345,-5.667312,881.071453,882.804322839911
553.490955,0.104346,-5.667298,881.01478,881.7805801464519
553.500955,0.104347,-5.667284,880.958107,883.7449704753013
553.510955,0.104348,-5.66727,880.901434,880.1637982284103
553.520955,0.104348,-5.667256,880.844762,878.0919974656005
553.530955,0.104349,-5.667242,880.788089,880.3814417173883
553.540955,0.10435,-5.667228,880.731417,881.0172753139741
553.550955,0.104351,-5.667214,880.674745,880.0779076797133
553.560955,0.104351,-5.667199,880.618072,879.0549352024882
553.570955,0.104352,-5.667185,880.561401,880.5338128336883
553.580955,0.104353,-5.667171,880.504729,878.7053822219464
553.590955,0.104354,-5.667157,880.448057,880.0979164172459
553.600955,0.104354,-5.667143,880.391386,878.8890067302158
553.610955,0.104355,-5.667129,880.334714,878.6403131347878
553.620955,0.104355,-5.667115,880.278043,880.180643361401
553.630955,0.104356,-5.667101,880.221372,878.8049935141833
553.640955,0.104357,-5.667087,880.164701,880.763821790817
553.650955,0.104357,-5.667073,880.10803,878.2498053867417
553.660955,0.104358,-5.667059,880.05136,880.8480172578251
553.670955,0.104358,-5.667045,879.994689,881.8464601556706
553.680955,0.104359,-5.667031,879.938019,879.3049291601498
553.690955,0.10436,-5.667017,879.881348,877.5951827011842
553.700955,0.10436,-5.667003,879.824678,881.0480008387233
553.710955,0.104361,-5.666989,879.768008,881.5216094713129
553.720955,0.104361,-5.666975,879.711339,878.6262947570722
553.730955,0.104362,-5.666961,879.654669,881.978352150643
553.740955,0.104362,-5.666947,879.597999,878.4650164240245
553.750955,0.104363,-5.666933,879.54133,878.314861040817
553.760955,0.104363,-5.666919,879.484661,878.6493462720922
553.770955,0.104363,-5.666905,879.427992,878.6665670222068
553.780955,0.104364,-5.666891,879.371323,878.104745499007
553.790955,0.104364,-5.666877,879.314654,879.78893356382
553.800955,0.104365,-5.666863,879.257985,878.6541999401095
553.810955,0.104365,-5.666849,879.201316,879.3696263070494
553.820955,0.104366,-5.666835,879.144648,874.5365057042492
553.830955,0.104366,-5.66682,879.08798,878.1697564332012
553.840955,0.104366,-5.666806,879.031312,875.6271280647363
553.850955,0.104367,-5.666792,878.974644,878.744731875774
553.860955,0.104367,-5.666778,878.917976,879.3846364950426
553.870955,0.104367,-5.666764,878.861308,878.8036935687257
553.880955,0.104368,-5.66675,878.804641,878.4194061094718
553.890955,0.104368,-5.666736,878.747973,878.9985944281366
553.900955,0.104368,-5.666722,878.691306,879.23494708167
553.910955,0.104369,-5.666708,878.634639,876.4407616650315
553.920955,0.104369,-5.666694,878.577972,875.701347448611
553.930955,0.104369,-5.66668,878.521305,876.5722995738703
553.940955,0.10437,-5.666666,878.464638,877.1980965502313
553.950955,0.10437,-5.666652,878.407971,876.5497395663303
553.960955,0.10437,-5.666638,878.351305,875.7883086852092
553.970955,0.10437,-5.666624,878.294639,877.8087472646931
553.980955,0.104371,-5.66661,878.237973,876.3290088730462
553.990955,0.104371,-5.666596,878.181306,878.7889333069671
554.000955,0.104371,-5.666582,878.124641,876.7053682647489
554.010955,0.104371,-5.666568,878.067975,877.2080387813826
554.020955,0.104372,-5.666554,878.011309,875.625951371492
554.030955,0.104372,-5.66654,877.954644,878.9739962465939
554.040955,0.104372,-5.666526,877.897978,878.2556986642791
554.050955,0.104372,-5.666512,877.841313,878.3151406209322
554.060955,0.104372,-5.666498,877.784648,878.1545540240536
554.070955,0.104373,-5.666484,877.727983,880.010177123851
554.080955,0.104373,-5.66647,877.671319,878.5040357523993
554.090955,0.104373,-5.666456,877.614654,876.8836931904019
554.100955,0.104373,-5.666442,877.557989,878.0479528291507
554.110955,0.104373,-5.666428,877.501325,875.9600398851538
554.120955,0.104373,-5.666414,877.444661,875.6964935625449
554.130955,0.104374,-5.6664,877.387997,875.0846878280379
554.140955,0.104374,-5.666386,877.331333,878.4835318310577
554.150955,0.104374,-5.666371,877.274669,878.1692187559017
554.160955,0.104374,-5.666357,877.218005,876.3278703255108
554.170955,0.104374,-5.666343,877.161342,879.7020947409605
554.180955,0.104374,-5.666329,877.104679,874.1951033786856
554.190955,0.104374,-5.666315,877.048015,876.9983011445007
554.200955,0.104374,-5.666301,876.991352,877.6130873302689
554.210955,0.104375,-5.666287,876.934689,876.3327703395486
554.220955,0.104375,-5.666273,876.878027,877.2796861145646
554.230955,0.104375,-5.666259,876.821364,875.959671619195
554.240955,0.104375,-5.666245,876.764701,878.0303373598174
554.250955,0.104375,-5.666231,876.708039,876.4555389723072
554.260955,0.104375,-5.666217,876.651377,875.2663270076083
554.270955,0.104375,-5.666203,876.594715,877.0016556588293
554.280955,0.104375,-5.666189,876.538053,876.2183231176635
554.290955,0.104375,-5.666175,876.481391,874.51619617832
554.300955,0.104375,-5.666161,876.424729,876.0052384966673
554.310955,0.104375,-5.666147,876.368068,877.2431155858222
554.320955,0.104375,-5.666133,876.311406,877.2294515425166
554.330955,0.104375,-5.666119,876.254745,877.4946963669812
554.340955,0.104375,-5.666105,876.198084,875.1896808787867
554.350955,0.104375,-5.666091,876.141423,874.9944296440201
554.360955,0.104375,-5.666077,876.084762,873.688928340861
554.370955,0.104375,-5.666063,876.028101,876.95582800497
554.380955,0.104375,-5.666049,875.971441,874.6867707446374
554.390955,0.104375,-5.666035,875.91478,876.2926264413844
554.400955,0.104375,-5.666021,875.85812,874.6102371799574
554.410955,0.104375,-5.666007,875.80146,877.776729472614
554.420955,0.104375,-5.665993,875.7448,876.0287649363927
554.430955,0.104375,-5.665979,875.68814,876.5412983475803
554.440955,0.104375,-5.665965,875.63148,874.7290400895794
554.450955,0.104375,-5.665951,875.574821,873.9767353356023
554.460955,0.104375,-5.665937,875.518161,877.1120514912076
554.470955,0.104375,-5.665923,875.461502,872.2415937991245
554.480955,0.104375,-5.665909,875.404843,877.4008991576093
554.490955,0.104375,-5.665895,875.348184,874.2864018660067
554.500955,0.104375,-5.665881,875.291525,873.6834712046858
554.510955,0.104375,-5.665867,875.234866,876.7544956100186
554.520955,0.104375,-5.665853,875.178208,873.673954448015
554.530955,0.104375,-5.665839,875.121549,876.9032670139775
554.540955,0.104375,-5.665825,875.064891,874.1456894040874
554.550955,0.104375,-5.665811,875.008233,873.7662645506679
554.560955,0.104375,-5.665796,874.951575,874.3308845468488
554.570955,0.104375,-5.665782,874.894917,875.6115296724532
554.580955,0.104375,-5.665768,874.838259,873.4442141068314
554.590955,0.104375,-5.665754,874.781601,872.9466126695177
554.600955,0.104375,-5.66574,874.724944,873.9964030638255
554.610955,0.104375,-5.665726,874.668287,876.3961573387431
554.620955,0.104375,-5.665712,874.611629,875.1672276441242
554.630955,0.104375,-5.665698,874.554972,871.2599347134196
554.640955,0.104374,-5.665684,874.498315,876.597557448506
554.650955,0.104374,-5.66567,874.441659,873.5482648423978
554.660955,0.104374,-5.665656,874.385002,873.0893186008524
554.670955,0.104374,-5.665642,874.328346,873.3958772641578
554.680955,0.104374,-5.665628,874.271689,874.249387778404
554.690955,0.104374,-5.665614,874.215033,874.2815552361042
554.700955,0.104374,-5.6656,874.158377,874.5387826724351
554.710955,0.104374,-5.665586,874.101721,873.1402896047174
554.720955,0.104374,-5.665572,874.045065,874.6534785839842
554.730955,0.104374,-5.665558,873.98841,875.5200224292316
554.740955,0.104374,-5.665544,873.931754,873.0442311143611
554.750955,0.104373,-5.66553,873.875099,872.9293160977003
554.760955,0.104373,-5.665516,873.818443,873.783346658665
554.770955,0.104373,-5.665502,873.761788,874.0172475402143
554.780955,0.104373,-5.665488,873.705133,874.9251019768827
554.790955,0.104373,-5.665474,873.648479,875.3562437981303
554.800955,0.104373,-5.66546,873.591824,872.9760602975175
554.810955,0.104373,-5.665446,873.535169,871.2573332995621
554.820955,0.104373,-5.665432,873.478515,873.9200432213812
554.830955,0.104373,-5.665418,873.421861,872.197400110249
554.840955,0.104372,-5.665404,873.365207,871.7912574366788
554.850955,0.104372,-5.66539,873.308553,873.2679272371829
554.860955,0.104372,-5.665376,873.251899,873.0237139496586
554.870955,0.104372,-5.665362,873.195245,872.9767529917542
554.880955,0.104372,-5.665348,873.138592,873.2356634892362
554.890955,0.104372,-5.665334,873.081938,874.4545940562822
554.900955,0.104372,-5.66532,873.025285,871.4337095406413
554.910955,0.104371,-5.665306,872.968632,874.5237513652775
554.920955,0.104371,-5.665292,872.911979,874.7438708539771
554.930955,0.104371,-5.665278,872.855326,873.2990363815337
554.940955,0.104371,-5.665264,872.798673,872.2451364418467
554.950955,0.104371,-5.66525,872.742021,872.421028637485
554.960955,0.104371,-5.665236,872.685368,871.665560744166
554.970955,0.104371,-5.665222,872.628716,872.3886870342238
554.980955,0.10437,-5.665208,872.572064,871.6886739117341
554.990955,0.10437,-5.665194,872.515412,871.0002791895911
555.000955,0.10437,-5.66518,872.45876,875.2527954544835
555.010955,0.10437,-5.665166,872.402108,871.9816577063772
555.020955,0.10437,-5.665152,872.345457,872.0675912639142
555.030955,0.10437,-5.665138,872.288805,868.6027865750699
555.040955,0.104369,-5.665124,872.232154,868.795020472596
555.050955,0.104369,-5.66511,872.175503,872.0307590172921
555.060955,0.104372,-5.665096,872.118852,871.5434625513095
555.070955,0.104755,-5.665082,872.062201,873.0864832361898
555.080955,0.10513,-5.665068,872.00555,872.5145146069123
555.090955,0.105501,-5.665053,871.9489,873.9296693654605
555.100955,0.105871,-5.665039,871.892249,870.1610132746155
555.110955,0.106237,-5.665025,871.835599,871.3303747083303
555.120955,0.106598,-5.66501,871.778949,871.0553191766172
555.130955,0.106954,-5.664996,871.722299,874.0362399098351
555.140955,0.107306,-5.664981,871.665649,869.4202851971379
555.150955,0.107654,-5.664967,871.608999,872.0897329078576
555.160955,0.107998,-5.664952,871.552349,868.5810271757987
555.170955,0.108337,-5.664937,871.4957,870.3035096912807
555.180955,0.108672,-5.664922,871.439051,870.7996978979145
555.190955,0.109003,-5.664907,871.382401,871.563431561599
555.200955,0.10933,-5.664892,871.325752,869.5162642382569
555.210955,0.109652,-5.664877,871.269104,870.9432308343933
555.220955,0.109971,-5.664862,871.212455,869.6351416786125
555.230955,0.110285,-5.664847,871.155806,870.8269758666028
555.240955,0.110595,-5.664832,871.099158,870.0962099129417
555.250955,0.110901,-5.664817,871.04251,874.8139099633561
555.260955,0.111203,-5.664801,870.985862,868.8960187214484
555.270955,0.111501,-5.664786,870.929214,872.6313225376
555.280955,0.111795,-5.664771,870.872566,872.686292723282
555.290955,0.112085,-5.664755,870.815918,871.4104583394239
555.300955,0.112371,-5.66474,870.759271,870.5635400247928
555.310955,0.112653,-5.664724,870.702623,871.3116343819454
555.320955,0.112932,-5.664709,870.645976,871.5323908611084
555.330955,0.113207,-5.664693,870.589329,869.6976900869479
555.340955,0.113478,-5.664677,870.532682,872.1601286627733
555.350955,0.113745,-5.664662,870.476036,868.4256775016033
555.360955,0.114009,-5.664646,870.419389,870.4036967406685
555.370955,0.114269,-5.66463,870.362743,870.480382755874
555.380955,0.114525,-5.664614,870.306097,870.494284476551
555.390955,0.114778,-5.664599,870.249451,870.427172164583
555.400955,0.115028,-5.664583,870.192805,869.9051669637961
555.410955,0.115274,-5.664567,870.136159,868.0607053824644
555.420955,0.115516,-5.664551,870.079513,868.0123113979687
555.430955,0.115755,-5.664535,870.022868,871.0252602449001
555.440955,0.115991,-5.664519,869.966223,869.6124125126813
555.450955,0.116223,-5.664503,869.909578,867.5410518180732
555.460955,0.116453,-5.664487,869.852933,869.2730088924867
555.470955,0.116679,-5.664471,869.796288,869.1049961389887
555.480955,0.116901,-5.664455,869.739643,868.4554306516296
555.490955,0.117121,-5.664439,869.682999,868.3689421751773
555.500955,0.117337,-5.664423,869.626354,868.9353278257195
555.510955,0.117551,-5.664407,869.56971,871.6094902097896
555.520955,0.117761,-5.664391,869.513066,867.1295355477772
555.530955,0.117968,-5.664375,869.456422,872.0423583715543
555.540955,0.118173,-5.664359,869.399779,869.7471315924395
555.550955,0.118374,-5.664343,869.343135,866.3144409891598
555.560955,0.118573,-5.664326,869.286492,867.9031123101402
555.570955,0.118768,-5.66431,869.229849,865.6126900609411
555.580955,0.118961,-5.664294,869.173206,868.587500163374
555.590955,0.119151,-5.664278,869.116563,867.3571042848214
555.600955,0.119338,-5.664262,869.05992,869.0429164033882
555.610955,0.119523,-5.664246,869.003278,867.4301691339464
555.620955,0.119705,-5.664229,868.946635,868.8259943273774
555.630955,0.119884,-5.664213,868.889993,868.928077935255
555.640955,0.120061,-5.664197,868.833351,872.1786990290187
555.650955,0.120235,-5.664181,868.776709,871.7562808514639
555.660955,0.120406,-5.664165,868.720067,869.4930676774086
555.670955,0.120575,-5.664148,868.663426,869.910864938494
555.680955,0.120741,-5.664132,868.606784,867.1986773414784
555.690955,0.120906,-5.664116,868.550143,865.8493089422874
555.700955,0.121067,-5.6641,868.493502,868.8620931983268
555.710955,0.121226,-5.664083,868.436861,869.2067180317619
555.720955,0.121383,-5.664067,868.38022,867.1912965483668
555.730955,0.121538,-5.664051,868.32358,867.1462921511619
555.740955,0.12169,-5.664035,868.266939,866.2236238303152
555.750955,0.12184,-5.664018,868.210299,867.5614546832561
555.760955,0.121988,-5.664002,868.153659,865.3900905387429
555.770955,0.122134,-5.663986,868.097019,868.0741194794102
555.780955,0.122277,-5.66397,868.040379,864.5939574750324
555.790955,0.122419,-5.663953,867.98374,867.0489449415418
555.800955,0.122558,-5.663937,867.9271,867.5617396781863
555.810955,0.122695,-5.663921,867.870461,868.7151281485961
555.820955,0.12283,-5.663904,867.813822,867.0817889360696
555.830955,0.122963,-5.663888,867.757183,867.1950334521945
555.840955,0.123094,-5.663872,867.700544,866.5666378430277
555.850955,0.123224,-5.663856,867.643905,866.7053387563473
555.860955,0.123351,-5.663839,867.587267,869.1970516092904
555.870955,0.123476,-5.663823,867.530629,866.6028551614999
555.880955,0.1236,-5.663807,867.47399,865.727965960258
555.890955,0.123721,-5.663791,867.417352,866.5365843467063
555.900955,0.123841,-5.663774,867.360715,867.9669592875376
555.910955,0.123959,-5.663758,867.304077,867.7112243123843
555.920955,0.124075,-5.663742,867.247439,866.8725118502134
555.930955,0.12419,-5.663726,867.190802,865.791334037529
555.940955,0.124303,-5.663709,867.134165,866.4581356038917
555.950955,0.124414,-5.663693,867.077528,867.2042699593975
555.960955,0.124523,-5.663677,867.020891,865.9989041420362
555.970955,0.124631,-5.663661,866.964254,864.4861718474499
555.980955,0.124737,-5.663644,866.907618,867.0969059226065
555.990955,0.124841,-5.663628,866.850982,867.0763528959734
556.000955,0.124944,-5.663612,866.794345,868.0682727838756
556.010955,0.125046,-5.663596,866.737709,865.2224420234066
556.020955,0.125145,-5.66358,866.681073,865.1422140289797
556.030955,0.125244,-5.663563,866.624438,865.7648146398677
556.040955,0.125341,-5.663547,866.567802,868.0265870387962
556.050955,0.125436,-5.663531,866.511167,866.421520959886
556.060955,0.12553,-5.663515,866.454532,867.0186167721279
556.070955,0.125622,-5.663499,866.397896,865.8314585709197
556.080955,0.125713,-5.663482,866.341262,867.2647534811367
556.090955,0.125803,-5.663466,866.284627,865.9036381759616
556.100955,0.125892,-5.66345,866.227992,864.9326187770879
556.110955,0.125979,-5.663434,866.171358,866.9529386936933
556.120955,0.126064,-5.663418,866.114724,863.9696332641155
556.130955,0.126149,-5.663401,866.058089,865.3484299162886
556.140955,0.126232,-5.663385,866.001456,865.1098110535182
556.150955,0.126314,-5.663369,865.944822,864.0162271988418
556.160955,0.126394,-5.663353,865.888188,863.7484939698722
556.170955,0.126473,-5.663337,865.831555,866.5539036098086
556.180955,0.126552,-5.663321,865.774921,863.1341844701142
556.190955,0.126629,-5.663304,865.718288,865.7575076941255
556.200955,0.126704,-5.663288,865.661655,863.3890073780437
556.210955,0.126779,-5.663272,865.605023,863.8648819790008
556.220955,0.126852,-5.663256,865.54839,864.0900699639782
556.230955,0.126925,-5.66324,865.491757,864.2679043974546
556.240955,0.126996,-5.663224,865.435125,867.2457330450572
556.250955,0.127066,-5.663208,865.378493,862.4904433068435
556.260955,0.127135,-5.663192,865.321861,865.8076432159645
556.270955,0.127203,-5.663175,865.265229,865.7011236466245
556.280955,0.12727,-5.663159,865.208597,864.2418393315752
556.290955,0.127336,-5.663143,865.151966,861.7943860901898
556.300955,0.127401,-5.663127,865.095335,866.2703227243815
556.310955,0.127465,-5.663111,865.038703,865.3735729099576
556.320955,0.127528,-5.663095,864.982072,862.6581752426838
556.330955,0.12759,-5.663079,864.925441,865.8851600921485
556.340955,0.127651,-5.663063,864.868811,866.3345910802415
556.350955,0.127711,-5.663047,864.81218,865.1984145111289
556.360955,0.12777,-5.663031,864.75555,863.4033581506219
556.370955,0.127829,-5.663015,864.69892,866.736736664223
556.380955,0.127886,-5.662999,864.64229,865.459085537394
556.390955,0.127942,-5.662982,864.58566,863.2643592013857
556.400955,0.127998,-5.662966,864.52903,861.6040601872937
556.410955,0.128053,-5.66295,864.4724,864.2394938870814
556.420955,0.128107,-5.662934,864.415771,862.8216750888107
556.430955,0.12816,-5.662918,864.359142,860.8530726276721
556.440955,0.128212,-5.662902,864.302512,863.4412311776591
556.450955,0.128264,-5.662886,864.245884,862.7684407629503
556.460955,0.128314,-5.66287,864.189255,863.5503826614583
556.470955,0.128364,-5.662854,864.132626,862.7686476980813
556.480955,0.128413,-5.662838,864.075998,861.5405919765566
556.490955,0.128462,-5.662822,864.019369,864.8846364841357
556.500955,0.128509,-5.662806,863.962741,863.1267112347358
556.510955,0.128556,-5.66279,863.906113,862.7508561926564
556.520955,0.128602,-5.662774,863.849485,862.6256863408951
556.530955,0.128648,-5.662758,863.792858,864.7320745480076
556.540955,0.128692,-5.662742,863.73623,863.488404448083
556.550955,0.128736,-5.662726,863.679603,861.2270170889324
556.560955,0.12878,-5.66271,863.622976,862.9887954601963
556.570955,0.128822,-5.662694,863.566349,863.8059734206822
556.580955,0.128864,-5.662678,863.509722,863.7986019037895
556.590955,0.128906,-5.662662,863.453095,864.0943971497524
556.600955,0.128946,-5.662646,863.396469,863.577902742102
556.610955,0.128987,-5.66263,863.339842,863.0714203740899
556.620955,0.129026,-5.662614,863.283216,864.6585895998631
556.630955,0.129065,-5.662599,863.22659,861.7890357843232
556.640955,0.129103,-5.662583,863.169964,862.2506679566497
556.650955,0.129141,-5.662567,863.113338,861.238286488259
556.660955,0.129178,-5.662551,863.056713,862.6888640080839
556.670955,0.129214,-5.662535,863.000087,864.9881298078526
556.680955,0.12925,-5.662519,862.943462,861.5235417060139
556.690955,0.129286,-5.662503,862.886837,861.4902866190864
556.700955,0.129321,-5.662487,862.830212,865.2107971707659
556.710955,0.129355,-5.662471,862.773587,862.6380721113513
556.720955,0.129389,-5.662455,862.716963,861.308560619803
556.730955,0.129422,-5.662439,862.660338,860.886359925483
556.740955,0.129455,-5.662423,862.603714,865.7129704485233
556.750955,0.129487,-5.662407,862.54709,861.856479655195
556.760955,0.129518,-5.662391,862.490466,862.3196766421522
556.770955,0.12955,-5.662376,862.433842,861.6978346654503
556.780955,0.12958,-5.66236,862.377218,864.3845710111578
556.790955,0.129611,-5.662344,862.320595,860.7711950031717
556.800955,0.12964,-5.662328,862.263971,864.8403755119049
556.810955,0.12967,-5.662312,862.207348,862.4167151828426
556.820955,0.129699,-5.662296,862.150725,862.2244907693762
556.830955,0.129727,-5.66228,862.094102,858.6264152117477
556.840955,0.129755,-5.662264,862.037479,862.6114110526912
556.850955,0.129782,-5.662249,861.980857,858.9077934457388
556.860955,0.129809,-5.662233,861.924234,860.7166329876902
556.870955,0.129836,-5.662217,861.867612,858.8966985534871
556.880955,0.129862,-5.662201,861.81099,863.8386421183892
556.890955,0.129888,-5.662185,861.754368,860.3470084203152
556.900955,0.129914,-5.662169,861.697746,859.1976509610273
556.910955,0.129939,-5.662153,861.641125,862.0601070909548
556.920955,0.129963,-5.662138,861.584503,859.6405803149895
556.930955,0.129988,-5.662122,861.527882,861.0023243449483
556.940955,0.130011,-5.662106,861.471261,861.8477637579501
556.950955,0.130035,-5.66209,861.41464,861.7611469339488
556.960955,0.130058,-5.662074,861.358019,861.4476444058654
556.970955,0.130081,-5.662058,861.301398,859.6780165051555
556.980955,0.130103,-5.662043,861.244778,858.6884281083902
556.990955,0.130125,-5.662027,861.188158,859.7108916817745
557.000955,0.130147,-5.662011,861.131537,863.0446553762066
557.010955,0.130168,-5.661995,861.074917,860.1834524113922
557.020955,0.130189,-5.661979,861.018297,856.8582778367577
557.030955,0.13021,-5.661963,860.961678,861.9089749075923
557.040955,0.13023,-5.661948,860.905058,862.3558698488962
557.050955,0.13025,-5.661932,860.848439,861.9417431048907
557.060955,0.13027,-5.661916,860.79182,860.8702847615407
557.070955,0.13029,-5.6619,860.7352,859.3292592119479
557.080955,0.130309,-5.661884,860.678582,860.8577319613571
557.090955,0.130328,-5.661869,860.621963,857.9238098307623
557.100955,0.130346,-5.661853,860.565344,860.3502094928704
557.110955,0.130364,-5.661837,860.508726,857.1044972985339
557.120955,0.130382,-5.661821,860.452107,861.413300132935
557.130955,0.1304,-5.661805,860.395489,860.8864863446574
557.140955,0.130417,-5.66179,860.338871,858.4486492842647
557.150955,0.130434,-5.661774,860.282254,860.3150852501317
557.160955,0.130451,-5.661758,860.225636,857.7265402754485
557.170955,0.130468,-5.661742,860.169018,859.8835312634692
557.180955,0.130484,-5.661726,860.112401,859.3812049330272
557.190955,0.1305,-5.661711,860.055784,860.33596307638
557.200955,0.130516,-5.661695,859.999167,859.8387244018335
557.210955,0.130532,-5.661679,859.94255,860.2565798507452
557.220955,0.130547,-5.661663,859.885933,859.9868465070873
557.230955,0.130562,-5.661648,859.829317,859.254313631429
557.240955,0.130577,-5.661632,859.7727,859.3299296560994
557.250955,0.130591,-5.661616,859.716084,859.9210234894847
557.260955,0.130606,-5.6616,859.659468,862.2978074264547
557.270955,0.13062,-5.661585,859.602852,859.9877844117163
557.280955,0.130634,-5.661569,859.546236,860.0560068894147
557.290955,0.130647,-5.661553,859.489621,858.6888285745015
557.300955,0.130661,-5.661537,859.433005,858.1694540717737
557.310955,0.130674,-5.661521,859.37639,857.6952968091759
557.320955,0.130687,-5.661506,859.319775,857.8082076910689
557.330955,0.1307,-5.66149,859.26316,857.7532225865267
557.340955,0.130713,-5.661474,859.206545,862.1169127340287
557.350955,0.130725,-5.661459,859.14993,856.1452412942086
557.360955,0.130737,-5.661443,859.093316,856.4215904473692
557.370955,0.130749,-5.661427,859.036701,859.8612718289612
557.380955,0.130761,-5.661411,858.980087,860.7549786747933
557.390955,0.130773,-5.661396,858.923473,859.5551950922742
557.400955,0.130784,-5.66138,858.866859,858.1721619592735
557.410955,0.130796,-5.661364,858.810246,857.5606313277922
557.420955,0.130807,-5.661348,858.753632,858.7022952536407
557.430955,0.130818,-5.661333,858.697019,857.5792357218204
557.440955,0.130828,-5.661317,858.640405,857.6646143069738
557.450955,0.130839,-5.661301,858.583792,856.4302326043348
557.460955,0.130849,-5.661285,858.527179,859.0978586126407
557.470955,0.13086,-5.66127,858.470567,859.5981632616993
557.480955,0.13087,-5.661254,858.413954,857.289215493119
557.490955,0.130879,-5.661238,858.357342,858.8739947029205
557.500955,0.130889,-5.661223,858.300729,855.6817149043045
557.510955,0.130899,-5.661207,858.244117,859.765125077896
557.520955,0.130908,-5.661191,858.187505,859.1667487237141
557.530955,0.130918,-5.661175,858.130893,860.0520452589449
557.540955,0.130927,-5.66116,858.074282,856.7662660382991
557.550955,0.130936,-5.661144,858.01767,856.678058215351
557.560955,0.130945,-5.661128,857.961059,855.6827841004473
557.570955,0.130953,-5.661113,857.904447,858.0820852853792
557.580955,0.130962,-5.661097,857.847836,856.2455238615175
557.590955,0.13097,-5.661081,857.791226,858.9853332233449
557.600955,0.130979,-5.661065,857.734615,858.3190498600339
557.610955,0.130987,-5.66105,857.678004,857.4331564191566
557.620955,0.130995,-5.661034,857.621394,859.8128839501788
557.630955,0.131003,-5.661018,857.564784,857.9720653450672
557.640955,0.13101,-5.661003,857.508173,854.8881637895489
557.650955,0.131018,-5.660987,857.451564,856.7590207821885
557.660955,0.131026,-5.660971,857.394954,858.399362360213
557.670955,0.131033,-5.660955,857.338344,856.1156181253733
557.680955,0.13104,-5.66094,857.281735,856.0415040122787
557.690955,0.131047,-5.660924,857.225125,854.1820372163273
557.700955,0.131054,-5.660908,857.168516,858.1726241202198
557.710955,0.131061,-5.660893,857.111907,856.8132537890624
557.720955,0.131068,-5.660877,857.055298,853.420110545032
557.730955,0.131075,-5.660861,856.99869,857.8513192125931
557.740955,0.131081,-5.660846,856.942081,858.521133424113
557.750955,0.131088,-5.66083,856.885473,852.9180862652269
557.760955,0.131094,-5.660814,856.828864,855.2976667955633
557.770955,0.131101,-5.660799,856.772256,856.0862863718469
557.780955,0.131107,-5.660783,856.715648,853.248060071731
557.790955,0.131113,-5.660767,856.659041,855.3934220069759
557.800955,0.131119,-5.660752,856.602433,855.9448686394967
557.810955,0.131125,-5.660736,856.545826,855.3871366367566
557.820955,0.13113,-5.66072,856.489218,854.2986204114111
557.830955,0.131136,-5.660705,856.432611,856.3755915835258
557.840955,0.131142,-5.660689,856.376004,853.4186130207285
557.850955,0.131147,-5.660673,856.319398,856.6779310932357
557.860955,0.131153,-5.660657,856.262791,857.5807689247639
557.870955,0.131158,-5.660642,856.206184,856.7432526324666
557.880955,0.131163,-5.660626,856.149578,857.2160864423856
557.890955,0.131168,-5.66061,856.092972,854.0002140611084
557.900955,0.131173,-5.660595,856.036366,857.910753044897
557.910955,0.131178,-5.660579,855.97976,855.6524828177266
557.920955,0.131183,-5.660563,855.923154,858.1295616030714
557.930955,0.131188,-5.660548,855.866549,853.8428912645056
557.940955,0.131193,-5.660532,855.809943,855.1010466757208
557.950955,0.131197,-5.660516,855.753338,855.7654595953185
557.960955,0.131202,-5.660501,855.696733,854.7300431912545
557.970955,0.131206,-5.660485,855.640128,857.0905606441963
557.980955,0.131211,-5.660469,855.583523,855.859198197505
557.990955,0.131215,-5.660454,855.526919,855.2506427289338
558.000955,0.131219,-5.660438,855.470314,855.3556755295609
558.010955,0.131224,-5.660422,855.41371,853.9878210533802
558.020955,0.131228,-5.660407,855.357106,851.7299717084693
558.030955,0.131232,-5.660391,855.300502,855.6075487789386
558.040955,0.131236,-5.660375,855.243898,854.6494435749208
558.050955,0.13124,-5.66036,855.187294,852.721918779711
558.060955,0.131243,-5.660344,855.130691,856.2790221410253
558.070955,0.131247,-5.660328,855.074087,857.3286508496518
558.080955,0.131251,-5.660313,855.017484,856.2210518348738
558.090955,0.131255,-5.660297,854.960881,858.7452724161781
558.100955,0.131258,-5.660282,854.904278,852.1962637547425
558.110955,0.131262,-5.660266,854.847675,852.3002543545978
558.120955,0.131265,-5.66025,854.791073,849.8147517956724
558.130955,0.131269,-5.660235,854.73447,855.6642367744271
558.140955,0.131272,-5.660219,854.677868,853.5787902498068
558.150955,0.131275,-5.660203,854.621266,854.2656874096907
558.160955,0.131279,-5.660188,854.564664,854.9572072199753
558.170955,0.131282,-5.660172,854.508062,855.0494302917408
558.180955,0.131285,-5.660156,854.451461,855.4035671576471
558.190955,0.131288,-5.660141,854.394859,854.6358225232015
558.200955,0.131291,-5.660125,854.338258,855.2445308567351
558.210955,0.131294,-5.660109,854.281657,852.0233469247006
558.220955,0.131297,-5.660094,854.225056,852.4405555250046
558.230955,0.1313,-5.660078,854.168455,850.86034145491
558.240955,0.131303,-5.660062,854.111854,854.0334595163472
558.250955,0.131305,-5.660047,854.055254,854.9874834980578
558.260955,0.131308,-5.660031,853.998653,852.0355234973648
558.270955,0.131311,-5.660015,853.942053,853.891700043357
558.280955,0.131313,-5.66,853.885453,852.914666699263
558.290955,0.131316,-5.659984,853.828853,852.6460502805018
558.300955,0.131318,-5.659969,853.772253,851.489565682974
558.310955,0.131321,-5.659953,853.715654,853.9619468365299
558.320955,0.131323,-5.659937,853.659054,855.2055922508976
558.330955,0.131326,-5.659922,853.602455,852.5072333800725
558.340955,0.131328,-5.659906,853.545856,852.1077430613077
558.350955,0.13133,-5.65989,853.489257,852.4129201226922
558.360955,0.131333,-5.659875,853.432658,853.7850729310029
558.370955,0.131335,-5.659859,853.376059,853.2020894060697
558.380955,0.131337,-5.659843,853.319461,851.9311944632204
558.390955,0.131339,-5.659828,853.262862,852.6359423086668
558.400955,0.131341,-5.659812,853.206264,851.6713703369405
558.410955,0.131343,-5.659797,853.149666,852.6366446561259
558.420955,0.131345,-5.659781,853.093068,852.0878250219306
558.430955,0.131347,-5.659765,853.036471,853.166194472265
558.440955,0.131349,-5.65975,852.979873,851.7308724258467
558.450955,0.131351,-5.659734,852.923276,852.2284482657702
558.460955,0.131353,-5.659718,852.866678,854.8139877520572
558.470955,0.131355,-5.659703,852.810081,853.214528945075
558.480955,0.131357,-5.659687,852.753484,852.3062313333727
558.490955,0.131359,-5.659671,852.696887,849.3380469387247
558.500955,0.13136,-5.659656,852.640291,853.2426870605606
558.510955,0.131362,-5.65964,852.583694,853.4928906608802
558.520955,0.131364,-5.659625,852.527098,849.7796472969525
558.530955,0.131366,-5.659609,852.470502,851.6148102284018
558.540955,0.131367,-5.659593,852.413906,851.3492084225197
558.550955,0.131369,-5.659578,852.35731,850.8785782379019
558.560955,0.13137,-5.659562,852.300714,852.1409792396084
558.570955,0.131372,-5.659546,852.244119,851.8730062159431
558.580955,0.131373,-5.659531,852.187523,851.0059750817546
558.590955,0.131375,-5.659515,852.130928,849.8839253347038
558.600955,0.131376,-5.6595,852.074333,851.2451898431921
558.610955,0.131378,-5.659484,852.017738,850.567598998031
558.620955,0.131379,-5.659468,851.961143,851.922209675914
558.630955,0.13138,-5.659453,851.904549,852.532991507963
558.640955,0.131382,-5.659437,851.847954,853.4684350352917
558.650955,0.131383,-5.659421,851.79136,853.1055596159371
558.660955,0.131384,-5.659406,851.734766,853.85039472756
558.670955,0.131386,-5.65939,851.678172,848.2687641586613
558.680955,0.131387,-5.659375,851.621578,849.3200351227654
558.690955,0.131388,-5.659359,851.564984,851.1938193315272
558.700955,0.131389,-5.659343,851.508391,850.5243138567961
558.710955,0.13139,-5.659328,851.451798,849.7407282226395
558.720955,0.131392,-5.659312,851.395204,852.2319686045691
558.730955,0.131393,-5.659296,851.338611,851.2722702840025
558.740955,0.131394,-5.659281,851.282018,851.3589044432135
558.750955,0.131395,-5.659265,851.225426,852.1691582370668
558.760955,0.131396,-5.65925,851.168833,852.3891316308469
558.770955,0.131397,-5.659234,851.112241,850.8804483617217
558.780955,0.131398,-5.659218,851.055648,849.7491627734216
558.790955,0.131399,-5.659203,850.999056,848.674981006338
558.800955,0.1314,-5.659187,850.942464,849.4496055436566
558.810955,0.131401,-5.659171,850.885873,850.9376970347225
558.820955,0.131402,-5.659156,850.829281,850.1397144417001
558.830955,0.131403,-5.65914,850.772689,852.0908069021804
558.840955,0.131403,-5.659125,850.716098,850.4795373981252
558.850955,0.131404,-5.659109,850.659507,849.2776519448346
558.860955,0.131405,-5.659093,850.602916,846.6169503766138
558.870955,0.131406,-5.659078,850.546325,847.778993661838
558.880955,0.131407,-5.659062,850.489734,848.7878098597057
558.890955,0.131408,-5.659047,850.433144,849.1122274008628
558.900955,0.131408,-5.659031,850.376553,850.5072088176806
558.910955,0.131409,-5.659015,850.319963,849.1960748917677
558.920955,0.13141,-5.659,850.263373,853.2926026152489
558.930955,0.131411,-5.658984,850.206783,849.4387404516792
558.940955,0.131411,-5.658968,850.150193,849.7842134392187
558.950955,0.131412,-5.658953,850.093604,850.7731042196871
558.960955,0.131413,-5.658937,850.037014,847.7946568865436
558.970955,0.131413,-5.658922,849.980425,851.1878057073819
558.980955,0.131414,-5.658906,849.923836,847.7899888504109
558.990955,0.131414,-5.65889,849.867247,849.3337944691928
559.000955,0.131415,-5.658875,849.810658,849.0037924263295
559.010955,0.131416,-5.658859,849.754069,850.3438480194169
559.020955,0.131416,-5.658844,849.697481,850.0314164910122
559.030955,0.131417,-5.658828,849.640893,851.2043259149918
559.040955,0.131417,-5.658812,849.584304,849.1712475152398
559.050955,0.131418,-5.658797,849.527716,849.8013085340626
559.060955,0.131418,-5.658781,849.471128,849.5479737333424
559.070955,0.131419,-5.658765,849.414541,849.9523492795048
559.080955,0.131419,-5.65875,849.357953,846.9653464322772
559.090955,0.13142,-5.658734,849.301366,851.3463677513861
559.100955,0.13142,-5.658719,849.244778,849.7923413789972
559.110955,0.131421,-5.658703,849.188191,849.0769702385903
559.120955,0.131421,-5.658687,849.131604,847.5097994749391
559.130955,0.131422,-5.658672,849.075018,849.5951157882997
559.140955,0.131422,-5.658656,849.018431,848.8965153643345
559.150955,0.131422,-5.658641,848.961845,846.0946147372196
559.160955,0.131423,-5.658625,848.905258,850.8964879972173
559.170955,0.131423,-5.658609,848.848672,845.9227690437256
559.180955,0.131424,-5.658594,848.792086,849.3658762928349
559.190955,0.131424,-5.658578,848.7355,849.572504853108
559.200955,0.131424,-5.658563,848.678914,848.5314008949425
559.210955,0.131425,-5.658547,848.622329,847.7671697922051
559.220955,0.131425,-5.658531,848.565743,847.7023518649421
559.230955,0.131425,-5.658516,848.509158,846.3940338349519
559.240955,0.131426,-5.6585,848.452573,848.8242546921335
559.250955,0.131426,-5.658485,848.395988,845.0382389148828
559.260955,0.131426,-5.658469,848.339403,846.2203383987213
559.270955,0.131426,-5.658453,848.282819,849.4115671348534
559.280955,0.131427,-5.658438,848.226234,847.8747016503243
559.290955,0.131427,-5.658422,848.16965,847.2450234441535
559.300955,0.131427,-5.658407,848.113066,844.5053893726459
559.310955,0.131427,-5.658391,848.056482,848.0938815238685
559.320955,0.131428,-5.658375,847.999898,846.5138037800252
559.330955,0.131428,-5.65836,847.943314,845.0631053168747
559.340955,0.131428,-5.658344,847.886731,847.1837872989553
559.350955,0.131428,-5.658329,847.830148,848.5825142825104
559.360955,0.131428,-5.658313,847.773564,848.8616269651191
559.370955,0.131429,-5.658297,847.716981,846.1040472356465
559.380955,0.131429,-5.658282,847.660398,846.0975053080141
559.390955,0.131429,-5.658266,847.603816,848.8081696449581
559.400955,0.131429,-5.65825,847.547233,848.0236261248034
559.410955,0.131429,-5.658235,847.490651,848.6972172142076
559.420955,0.131429,-5.658219,847.434068,848.4233676744625
559.430955,0.13143,-5.658204,847.377486,844.7554522617402
559.440955,0.13143,-5.658188,847.320904,844.1176746183389
559.450955,0.13143,-5.658172,847.264323,844.6814656113137
559.460955,0.13143,-5.658157,847.207741,846.016016386891
559.470955,0.13143,-5.658141,847.151159,849.0463634126806
559.480955,0.13143,-5.658126,847.094578,844.226303905342
559.490955,0.13143,-5.65811,847.037997,846.5898560508552
559.500955,0.13143,-5.658094,846.981416,845.3881910349536
559.510955,0.13143,-5.658079,846.924835,844.4702728273403
559.520955,0.13143,-5.658063,846.868254,845.5651762182598
559.530955,0.13143,-5.658048,846.811674,848.6328756011233
559.540955,0.13143,-5.658032,846.755093,846.0971352513861
559.550955,0.131431,-5.658017,846.698513,846.0196696043567
559.560955,0.131431,-5.658001,846.641933,848.3630738703945
559.570955,0.131431,-5.657985,846.585353,846.5879083835616
559.580955,0.131431,-5.65797,846.528773,845.6777378684213
559.590955,0.131431,-5.657954,846.472194,844.5659343871229
559.600955,0.131431,-5.657939,846.415614,846.951096558041
559.610955,0.131431,-5.657923,846.359035,843.1798752466734
559.620955,0.131431,-5.657907,846.302456,845.1478041674443
559.630955,0.131431,-5.657892,846.245877,844.2076836164772
559.640955,0.131431,-5.657876,846.189298,845.2964214222677
559.650955,0.131431,-5.657861,846.132719,844.7243652933522
559.660955,0.131431,-5.657845,846.076141,846.7079554751316
559.670955,0.131431,-5.657829,846.019562,844.2806374344677
559.680955,0.131431,-5.657814,845.962984,843.1274158491366
559.690955,0.131431,-5.657798,845.906406,845.8524114370118
559.700955,0.13143,-5.657783,845.849828,845.1324070228956
559.710955,0.13143,-5.657767,845.79325,845.8833937347006
559.720955,0.13143,-5.657751,845.736673,847.2512738104425
559.730955,0.13143,-5.657736,845.680095,842.5398476314552
559.740955,0.13143,-5.65772,845.623518,846.1055193439129
559.750955,0.13143,-5.657705,845.566941,844.7408373929388
559.760955,0.13143,-5.657689,845.510364,848.4450746632649
559.770955,0.13143,-5.657673,845.453787,844.6364659965984
559.780955,0.13143,-5.657658,845.397211,842.5777875598036
559.790955,0.13143,-5.657642,845.340634,846.4752202884355
559.800955,0.13143,-5.657627,845.284058,843.5970942616892
559.810955,0.13143,-5.657611,845.227482,841.1668483114494
559.820955,0.13143,-5.657595,845.170905,844.8428554476196
559.830955,0.13143,-5.65758,845.11433,844.1704264033716
559.840955,0.131429,-5.657564,845.057754,843.6113110790985
559.850955,0.131429,-5.657549,845.001178,844.7978848060804
559.860955,0.131429,-5.657533,844.944603,842.617085438349
559.870955,0.131429,-5.657518,844.888028,843.2373057625102
559.880955,0.131429,-5.657502,844.831453,844.982760639715
559.890955,0.131429,-5.657486,844.774878,846.3451983311577
559.900955,0.131429,-5.657471,844.718303,843.0652060556915
559.910955,0.131429,-5.657455,844.661728,843.3986285776638
559.920955,0.131428,-5.65744,844.605154,844.5014050012201
559.930955,0.131428,-5.657424,844.548579,841.7766388846907
559.940955,0.131428,-5.657408,844.492005,845.3533870511988
559.950955,0.131428,-5.657393,844.435431,841.4186038841285
559.960955,0.131428,-5.657377,844.378857,846.4593871368603
559.970955,0.131428,-5.657362,844.322284,844.9587675822861
559.980955,0.131428,-5.657346,844.26571,843.9608778737615
559.990955,0.131427,-5.65733,844.209137,843.1425448897153
560.000955,0.131427,-5.657315,844.152564,844.7244458214186
560.010955,0.131427,-5.657299,844.09599,843.4025366285666
560.020955,0.131427,-5.657284,844.039418,843.5188621814767
560.030955,0.131427,-5.657268,843.982845,844.2471369581084
560.040955,0.131427,-5.657252,843.926272,843.5619778624393
560.050955,0.131426,-5.657237,843.8697,843.8868392652703
560.060955,0.131426,-5.657221,843.813127,840.2331781717129
560.070955,0.131426,-5.657206,843.756555,843.2131167558853
560.080955,0.131426,-5.65719,843.699983,843.8336084957973
560.090955,0.131426,-5.657175,843.643412,841.9163212343694
560.100955,0.131426,-5.657159,843.58684,840.7252544918865
560.110955,0.131425,-5.657143,843.530268,841.4225393033798
560.120955,0.131425,-5.657128,843.473697,842.8284693900582
560.130955,0.131425,-5.657112,843.417126,843.5530312058023
560.140955,0.131425,-5.657097,843.360555,844.6983126012045
560.150955,0.131425,-5.657081,843.303984,844.4489391587044
560.160955,0.131424,-5.657065,843.247413,844.5965425071714
560.170955,0.131424,-5.65705,843.190843,844.2132843341478
560.180955,0.131424,-5.657034,843.134272,842.5052582049391
560.190955,0.131424,-5.657019,843.077702,844.0373587026024
560.200955,0.131423,-5.657003,843.021132,841.4996436782384
560.210955,0.131423,-5.656988,842.964562,843.2016911387828
560.220955,0.131423,-5.656972,842.907992,840.9811244142345
560.230955,0.131423,-5.656956,842.851422,843.0448445732999
560.240955,0.131423,-5.656941,842.794853,841.8875393385292
560.250955,0.131422,-5.656925,842.738284,842.0807594434411
560.260955,0.131422,-5.65691,842.681714,841.9531418806441
560.270955,0.131422,-5.656894,842.625145,840.7339866817182
560.280955,0.131422,-5.656878,842.568577,842.493437806895
560.290955,0.131421,-5.656863,842.512008,840.534561457985
560.300955,0.131421,-5.656847,842.455439,841.7447412192126
560.310955,0.131421,-5.656832,842.398871,842.4849993053886
560.320955,0.131421,-5.656816,842.342303,840.8920527546965
560.330955,0.13142,-5.656801,842.285735,841.9530742420591
560.340955,0.13142,-5.656785,842.229167,839.8868823898899
560.350955,0.13142,-5.656769,842.172599,838.7414073328958
560.360955,0.13142,-5.656754,842.116031,840.6823082697441
560.370955,0.131419,-5.656738,842.059464,843.6749604939354
560.380955,0.131419,-5.656723,842.002896,841.5205549297324
560.390955,0.131419,-5.656707,841.946329,839.8588994497456
560.400955,0.131419,-5.656691,841.889762,840.704974204365
560.410955,0.131418,-5.656676,841.833195,839.5055496759762
560.420955,0.131418,-5.65666,841.776629,843.6722813336653
560.430955,0.131418,-5.656645,841.720062,841.2404252028971
560.440955,0.131418,-5.656629,841.663496,843.0324744056267
560.450955,0.131417,-5.656614,841.60693,841.1993622600705
560.460955,0.131417,-5.656598,841.550364,841.9871444944702
560.470955,0.131417,-5.656582,841.493798,841.9505855403069
560.480955,0.131417,-5.656567,841.437232,839.4904853904816
560.490955,0.131416,-5.656551,841.380666,841.2273682624577
560.500955,0.131416,-5.656536,841.324101,840.1868534266589
560.510955,0.131416,-5.65652,841.267536,841.4329481084625
560.520955,0.131416,-5.656505,841.210971,839.1217178547745
560.530955,0.131415,-5.656489,841.154406,841.4001908014488
560.540955,0.131415,-5.656473,841.097841,840.0244428908231
560.550955,0.131415,-5.656458,841.041276,838.9714375960758
560.560955,0.131414,-5.656442,840.984712,839.6721212687356
560.570955,0.131414,-5.656427,840.928147,841.1520006341811
560.580955,0.131414,-5.656411,840.871583,841.5089704493133
560.590955,0.131414,-5.656396,840.815019,841.1685235023124
560.600955,0.131413,-5.65638,840.758455,840.0570941580589
560.610955,0.131413,-5.656364,840.701891,837.1408335670342
560.620955,0.131413,-5.656349,840.645328,841.2268975933029
560.630955,0.131412,-5.656333,840.588764,840.6125490651327
560.640955,0.131412,-5.656318,840.532201,837.7398582938958
560.650955,0.131412,-5.656302,840.475638,838.5819048882203
560.660955,0.131412,-5.656286,840.419075,840.3956912734267
560.670955,0.131411,-5.656271,840.362512,842.4439914427167
560.680955,0.131411,-5.656255,840.30595,840.1203968383174
560.690955,0.131411,-5.65624,840.249387,838.45765072437
560.700955,0.13141,-5.656224,840.192825,840.4458159847508
560.710955,0.13141,-5.656209,840.136263,840.0001048668444
560.720955,0.13141,-5.656193,840.079701,839.6499909592166
560.730955,0.13141,-5.656177,840.023139,840.72658364679
560.740955,0.131409,-5.656162,839.966577,840.17368032804
560.750955,0.131409,-5.656146,839.910016,839.490274810465
560.760955,0.131409,-5.656131,839.853454,841.0173163899373
560.770955,0.131408,-5.656115,839.796893,841.4437000422485
560.780955,0.131408,-5.6561,839.740332,837.2766237293804
560.790955,0.131408,-5.656084,839.683771,839.7349695714541
560.800955,0.131407,-5.656068,839.62721,837.2771432740508
560.810955,0.131407,-5.656053,839.57065,841.3526407204874
560.820955,0.131407,-5.656037,839.514089,839.7969471000579
560.830955,0.131406,-5.656022,839.457529,840.3367096126359
560.840955,0.131406,-5.656006,839.400969,835.4624283248161
560.850955,0.131406,-5.655991,839.344409,839.2102524884502
560.860955,0.131406,-5.655975,839.287849,839.1432333296481
560.870955,0.131405,-5.655959,839.231289,840.2987895578835
560.880955,0.131405,-5.655944,839.17473,836.9093142766648
560.890955,0.131405,-5.655928,839.11817,837.3444501937481
560.900955,0.131404,-5.655913,839.061611,839.1918921973922
560.910955,0.131404,-5.655897,839.005052,837.2820306476177
560.920955,0.131404,-5.655882,838.948493,839.070766656944
560.930955,0.131403,-5.655866,838.891935,839.2669561670488
560.940955,0.131403,-5.65585,838.835376,840.1426747795091
560.950955,0.131403,-5.655835,838.778818,839.0036152472417
560.960955,0.131402,-5.655819,838.722259,839.6411167230822
560.970955,0.131402,-5.655804,838.665701,839.5652510808198
560.980955,0.131402,-5.655788,838.609143,837.505075800161
560.990955,0.131401,-5.655773,838.552585,837.6420435448738
561.000955,0.131401,-5.655757,838.496028,838.5449439261595
561.010955,0.131401,-5.655741,838.43947,838.7576380159439
561.020955,0.1314,-5.655726,838.382913,836.8734886672208
561.030955,0.1314,-5.65571,838.326356,841.7743606262501
561.040955,0.1314,-5.655695,838.269799,838.6950532372884
561.050955,0.1314,-5.655679,838.213242,837.3564244591857
561.060955,0.131399,-5.655664,838.156685,836.0382161235492
561.070955,0.131399,-5.655648,838.100129,837.9636703643913
561.080955,0.131399,-5.655632,838.043572,838.0947517648235
561.090955,0.131398,-5.655617,837.987016,839.2429938266919
561.100955,0.131398,-5.655601,837.93046,838.7188348266254
561.110955,0.131398,-5.655586,837.873904,837.7433976795191
561.120955,0.131397,-5.65557,837.817348,837.6377400443714
561.130955,0.131397,-5.655555,837.760793,837.8355384771073
561.140955,0.131397,-5.655539,837.704237,837.1736497710867
561.150955,0.131396,-5.655524,837.647682,838.249552227027
561.160955,0.131396,-5.655508,837.591127,837.6045332694804
561.170955,0.131396,-5.655492,837.534572,836.5434375904257
561.180955,0.131395,-5.655477,837.478017,836.4760797348962
561.190955,0.131395,-5.655461,837.421462,837.0186003968295
561.200955,0.131395,-5.655446,837.364908,837.0635380228106
561.210955,0.131394,-5.65543,837.308353,836.591974382966
561.220955,0.131394,-5.655415,837.251799,834.7474762061053
561.230955,0.131394,-5.655399,837.195245,834.3508319777201
561.240955,0.131393,-5.655383,837.138691,838.0318912257509
561.250955,0.131393,-5.655368,837.082137,837.1595610968559
561.260955,0.131393,-5.655352,837.025584,839.5100045944496
561.270955,0.131392,-5.655337,836.96903,837.3680046912812
561.280955,0.131392,-5.655321,836.912477,835.328437284209
561.290955,0.131392,-5.655306,836.855924,835.8740239456272
561.300955,0.131391,-5.65529,836.799371,835.1504271315822
561.310955,0.131391,-5.655274,836.742818,836.6533651411704
561.320955,0.131391,-5.655259,836.686265,837.3187566572062
561.330955,0.13139,-5.655243,836.629713,835.3623859561696
561.340955,0.13139,-5.655228,836.57316,834.6344641466355
561.350955,0.13139,-5.655212,836.516608,834.9666485676984
561.360955,0.131389,-5.655197,836.460056,838.136981164338
561.370955,0.131389,-5.655181,836.403504,837.507227720231
561.380955,0.131389,-5.655166,836.346952,834.6159374615372
561.390955,0.131388,-5.65515,836.290401,836.4595069142036
561.400955,0.131388,-5.655134,836.233849,836.9326917175422
561.410955,0.131388,-5.655119,836.177298,834.8786832070388
561.420955,0.131387,-5.655103,836.120747,835.0586090420506
561.430955,0.131387,-5.655088,836.064196,835.2740020983467
561.440955,0.131387,-5.655072,836.007645,834.3089566090348
561.450955,0.131386,-5.655057,835.951095,836.2313330292609
561.460955,0.131386,-5.655041,835.894544,834.2296919153927
561.470955,0.131385,-5.655025,835.837994,832.1982604131418
561.480955,0.131385,-5.65501,835.781444,835.7879309118856
561.490955,0.131385,-5.654994,835.724894,833.9076311006211
561.500955,0.131384,-5.654979,835.668344,833.5257171815498
561.510955,0.131384,-5.654963,835.611794,834.1040392413698
561.520955,0.131384,-5.654948,835.555245,833.3687411296789
561.530955,0.131383,-5.654932,835.498695,835.0205974928169
561.540955,0.131383,-5.654917,835.442146,837.0817973632816
561.550955,0.131383,-5.654901,835.385597,835.824689072636
561.560955,0.131382,-5.654885,835.329048,834.1558087908674
561.570955,0.131382,-5.65487,835.272499,833.6936636737215
561.580955,0.131382,-5.654854,835.215951,834.2362113491284
561.590955,0.131381,-5.654839,835.159402,832.514282834653
561.600955,0.131381,-5.654823,835.102854,835.7785604814277
561.610955,0.131381,-5.654808,835.046306,835.5836496940302
561.620955,0.13138,-5.654792,834.989758,832.4918201148997
561.630955,0.13138,-5.654777,834.93321,835.7958071744823
561.640955,0.13138,-5.654761,834.876662,837.936898238269
561.650955,0.131379,-5.654745,834.820115,834.9462750924629
561.660955,0.131379,-5.65473,834.763567,832.5244360417164
561.670955,0.131379,-5.654714,834.70702,834.4691725949384
561.680955,0.131378,-5.654699,834.650473,834.5601575138065
561.690955,0.131378,-5.654683,834.593926,830.5566307313782
561.700955,0.131378,-5.654668,834.537379,833.6570485828598
561.710955,0.131377,-5.654652,834.480833,834.7409426000534
561.720955,0.131377,-5.654637,834.424286,834.181865605651
561.730955,0.131377,-5.654621,834.36774,835.8248629411985
561.740955,0.131376,-5.654605,834.311194,835.2433465964439
561.750955,0.131376,-5.65459,834.254648,831.5168584215075
561.760955,0.131375,-5.654574,834.198102,833.81309327495
561.770955,0.131375,-5.654559,834.141556,834.2159205058832
561.780955,0.131375,-5.654543,834.085011,834.0187503308387
561.790955,0.131374,-5.654528,834.028465,833.1268475379745
561.800955,0.131374,-5.654512,833.97192,832.482276816857
561.810955,0.131374,-5.654497,833.915375,832.258491309371
561.820955,0.131373,-5.654481,833.85883,833.9034357500193
561.830955,0.131373,-5.654465,833.802286,835.5561086675602
561.840955,0.131373,-5.65445,833.745741,835.5128971594247
561.850955,0.131372,-5.654434,833.689197,833.1126553853641
561.860955,0.131372,-5.654419,833.632652,831.7996491471433
561.870955,0.131372,-5.654403,833.576108,834.9806078292146
561.880955,0.131371,-5.654388,833.519564,831.3169965833258
561.890955,0.131371,-5.654372,833.46302,835.8088774905606
561.900955,0.131371,-5.654357,833.406477,833.1139975694273
561.910955,0.13137,-5.654341,833.349933,835.6101163880544
561.920955,0.13137,-5.654325,833.29339,832.537815098024
561.930955,0.13137,-5.65431,833.236847,832.0105225102751
561.940955,0.131369,-5.654294,833.180304,833.6107456240394
561.950955,0.131369,-5.654279,833.123761,832.7506037475615
561.960955,0.131368,-5.654263,833.067218,832.6252686483355
561.970955,0.131368,-5.654248,833.010676,832.3147916765034
561.980955,0.131368,-5.654232,832.954133,833.6519666029773
561.990955,0.131367,-5.654217,832.897591,832.3661682896226
562.000955,0.131367,-5.654201,832.841049,833.9254908856733
562.010955,0.131367,-5.654185,832.784507,833.6904532234126
562.020955,0.131366,-5.65417,832.727965,833.7106429748086
562.030955,0.131366,-5.654154,832.671424,831.2398964118462
562.040955,0.131366,-5.654139,832.614882,834.3248731424261
562.050955,0.131365,-5.654123,832.558341,833.932450568152
562.060955,0.131365,-5.654108,832.5018,831.8891893323082
562.070955,0.131365,-5.654092,832.445259,831.1418489891932
562.080955,0.131364,-5.654077,832.388718,830.4707477416174
562.090955,0.131364,-5.654061,832.332177,829.8957241181752
562.100955,0.131363,-5.654046,832.275637,832.351206991771
562.110955,0.131363,-5.65403,832.219096,832.0328966064402
562.120955,0.131363,-5.654014,832.162556,830.0939872747626
562.130955,0.131362,-5.653999,832.106016,834.8364646520403
562.140955,0.131362,-5.653983,832.049476,834.0846716135077
562.150955,0.131362,-5.653968,831.992936,830.8457295622169
562.160955,0.131361,-5.653952,831.936397,835.4508475879423
562.170955,0.131361,-5.653937,831.879857,831.5963701935857
562.180955,0.131361,-5.653921,831.823318,830.0483547139668
562.190955,0.13136,-5.653906,831.766779,831.8964739466334
562.200955,0.13136,-5.65389,831.71024,831.1568740433286
562.210955,0.13136,-5.653874,831.653701,832.3717871427722
562.220955,0.131359,-5.653859,831.597162,828.1835249583759
562.230955,0.131359,-5.653843,831.540624,831.3871956151071
562.240955,0.131359,-5.653828,831.484085,830.6810849866903
562.250955,0.131358,-5.653812,831.427547,832.5874059131714
562.260955,0.131358,-5.653797,831.371009,828.7711237637067
562.270955,0.131357,-5.653781,831.314471,829.0013267417137
562.280955,0.131357,-5.653766,831.257934,830.3605305245687
562.290955,0.131357,-5.65375,831.201396,831.6923709520646
562.300955,0.131356,-5.653735,831.144859,831.9121615662979
562.310955,0.131356,-5.653719,831.088321,831.8996693284455
562.320955,0.131356,-5.653703,831.031784,831.3793324973135
562.330955,0.131355,-5.653688,830.975247,831.4871088383757
562.340955,0.131355,-5.653672,830.91871,829.826523959364
562.350955,0.131355,-5.653657,830.862174,828.3419286221005
562.360955,0.131354,-5.653641,830.805637,828.4481473782336
562.370955,0.131354,-5.653626,830.749101,829.461138969529
562.380955,0.131354,-5.65361,830.692565,830.4609363479307
562.390955,0.131353,-5.653595,830.636029,829.5511384593322
562.400955,0.131353,-5.653579,830.579493,830.3770480811027
562.410955,0.131352,-5.653564,830.522957,831.0527291619977
562.420955,0.131352,-5.653548,830.466422,829.0919363820367
562.430955,0.131352,-5.653532,830.409886,827.6516190483691
562.440955,0.131351,-5.653517,830.353351,829.5303538849952
562.450955,0.131351,-5.653501,830.296816,831.0870648591222
562.460955,0.131351,-5.653486,830.240281,830.8878029286188
562.470955,0.13135,-5.65347,830.183746,831.5257391511342
562.480955,0.13135,-5.653455,830.127212,828.1526279850053
562.490955,0.13135,-5.653439,830.070677,828.2588862283317
562.500955,0.131349,-5.653424,830.014143,827.8667771665176
562.510955,0.131349,-5.653408,829.957609,828.5374234942975
562.520955,0.131349,-5.653393,829.901075,830.6811326012701
562.530955,0.131348,-5.653377,829.844541,829.8666894047415
562.540955,0.131348,-5.653362,829.788007,829.6807883067423
562.550955,0.131347,-5.653346,829.731473,828.8147304968259
562.560955,0.131347,-5.65333,829.67494,827.002871084015
562.570955,0.131347,-5.653315,829.618407,828.7297190750921
562.580955,0.131346,-5.653299,829.561874,831.5199331282664
562.590955,0.131346,-5.653284,829.505341,831.0975523226716
562.600955,0.131346,-5.653268,829.448808,829.8433022673927
562.610955,0.131345,-5.653253,829.392276,829.762240896369
562.620955,0.131345,-5.653237,829.335743,828.897518177126
562.630955,0.131345,-5.653222,829.279211,827.2848296418082
562.640955,0.131344,-5.653206,829.222679,825.904597724082
562.650955,0.131344,-5.653191,829.166147,829.1030898631184
562.660955,0.131344,-5.653175,829.109615,829.3469801631276
562.670955,0.131343,-5.653159,829.053083,826.8382000598493
562.680955,0.131343,-5.653144,828.996552,830.154700818086
562.690955,0.131342,-5.653128,828.94002,828.2459952424223
562.700955,0.131342,-5.653113,828.883489,826.8490786755683
562.710955,0.131342,-5.653097,828.826958,827.6056085833035
562.720955,0.131341,-5.653082,828.770427,829.6684099491508
562.730955,0.131341,-5.653066,828.713896,829.0951621931745
562.740955,0.131341,-5.653051,828.657366,826.5752538946688
562.750955,0.13134,-5.653035,828.600835,828.7523676069308
562.760955,0.13134,-5.65302,828.544305,826.3485314030257
562.770955,0.13134,-5.653004,828.487775,828.0851320262535
562.780955,0.131339,-5.652989,828.431245,828.3139767772576
562.790955,0.131339,-5.652973,828.374715,828.7183160911908
562.800955,0.131338,-5.652957,828.318186,826.1653584153152
562.810955,0.131338,-5.652942,828.261656,829.2682847489353
562.820955,0.131338,-5.652926,828.205127,826.6892352455887
562.830955,0.131337,-5.652911,828.148598,825.7940199457605
562.840955,0.131337,-5.652895,828.092069,830.7332227977649
562.850955,0.131337,-5.65288,828.03554,827.7086316108238
562.860955,0.131336,-5.652864,827.979011,828.7880896376821
562.870955,0.131336,-5.652849,827.922482,828.5898832703946
562.880955,0.131336,-5.652833,827.865954,825.6013418882037
562.890955,0.131335,-5.652818,827.809426,827.7247222836297
562.900955,0.131335,-5.652802,827.752898,826.802772437338
562.910955,0.131335,-5.652787,827.69637,828.62468656097
562.920955,0.131334,-5.652771,827.639842,827.1574339134482
562.930955,0.131334,-5.652756,827.583314,826.9215679636327
562.940955,0.131333,-5.65274,827.526787,828.0836078103533
562.950955,0.131333,-5.652724,827.470259,824.5844767224139
562.960955,0.131333,-5.652709,827.413732,825.938956671089
562.970955,0.131332,-5.652693,827.357205,825.9667668802141
562.980955,0.131332,-5.652678,827.300678,825.9000552192468
562.990955,0.131332,-5.652662,827.244152,824.6188495221895
563.000955,0.131331,-5.652647,827.187625,828.5428964058815
563.010955,0.131331,-5.652631,827.131099,827.5108983475658
563.020955,0.131331,-5.652616,827.074573,825.2056547335379
563.030955,0.13133,-5.6526,827.018046,826.4548249410382
563.040955,0.13133,-5.652585,826.961521,826.9316256660313
563.050955,0.131329,-5.652569,826.904995,825.6331478683634
563.060955,0.131329,-5.652554,826.848469,826.9473015167055
563.070955,0.131329,-5.652538,826.791944,824.2262403674159
563.080955,0.131328,-5.652522,826.735418,825.5929658679985
563.090955,0.131328,-5.652507,826.678893,824.6162784601055
563.100955,0.131328,-5.652491,826.622368,825.7982267570628
563.110955,0.131327,-5.652476,826.565843,826.9613779195366
563.120955,0.131327,-5.65246,826.509319,824.7262482582132
563.130955,0.131327,-5.652445,826.452794,826.8410978344167
563.140955,0.131326,-5.652429,826.39627,824.4034236390919
563.150955,0.131326,-5.652414,826.339746,826.2078298719655
563.160955,0.131326,-5.652398,826.283222,824.9528683028537
563.170955,0.131325,-5.652383,826.226698,825.4695886315062
563.180955,0.131325,-5.652367,826.170174,825.4490809743461
563.190955,0.131324,-5.652352,826.11365,826.4605255455723
563.200955,0.131324,-5.652336,826.057127,826.5379304490797
563.210955,0.131324,-5.652321,826.000604,825.1362406013963
563.220955,0.131323,-5.652305,825.94408,828.2026764343411
563.230955,0.131323,-5.65229,825.887557,824.3528798322714
563.240955,0.131323,-5.652274,825.831035,822.8696530629569
563.250955,0.131322,-5.652258,825.774512,825.1626187208311
563.260955,0.131322,-5.652243,825.717989,825.8416186212892
563.270955,0.131322,-5.652227,825.661467,823.7441843413209
563.280955,0.131321,-5.652212,825.604945,825.025118217853
563.290955,0.131321,-5.652196,825.548423,823.1031778443225
563.300955,0.13132,-5.652181,825.491901,825.5974506437216
563.310955,0.13132,-5.652165,825.435379,826.9396146219817
563.320955,0.13132,-5.65215,825.378858,825.3401658692231
563.330955,0.131319,-5.652134,825.322336,827.2300428248345
563.340955,0.131319,-5.652119,825.265815,824.6788442894566
563.350955,0.131319,-5.652103,825.209294,823.8973942229779
563.360955,0.131318,-5.652088,825.152773,824.5765281918257
563.370955,0.131318,-5.652072,825.096252,823.8362475827532
563.380955,0.131318,-5.652057,825.039732,823.7621819683596
563.390955,0.131317,-5.652041,824.983211,826.7681613616697
563.400955,0.131317,-5.652026,824.926691,826.3106485303437
563.410955,0.131317,-5.65201,824.870171,824.1208830855159
563.420955,0.131316,-5.651994,824.81365,824.9447782013322
563.430955,0.131316,-5.651979,824.757131,824.6298299057877
563.440955,0.131315,-5.651963,824.700611,826.6693516605349
563.450955,0.131315,-5.651948,824.644091,822.55071075011
563.460955,0.131315,-5.651932,824.587572,822.8186701182525
563.470955,0.131314,-5.651917,824.531053,822.0452094316618
563.480955,0.131314,-5.651901,824.474534,821.6446701105232
563.490955,0.131314,-5.651886,824.418015,821.6351825193718
563.500955,0.131313,-5.65187,824.361496,820.6771164181515
563.510955,0.131313,-5.651855,824.304977,823.7898832759121
563.520955,0.131313,-5.651839,824.248459,824.3066336721348
563.530955,0.131312,-5.651824,824.19194,820.9302844119568
563.540955,0.131312,-5.651808,824.135422,823.5265162880685
563.550955,0.131311,-5.651793,824.078904,822.0381275549016
563.560955,0.131311,-5.651777,824.022386,825.007919848116
563.570955,0.131311,-5.651762,823.965869,823.1640199209961
563.580955,0.13131,-5.651746,823.909351,821.9101763192613
563.590955,0.13131,-5.651731,823.852834,823.3370167992722
563.600955,0.13131,-5.651715,823.796317,823.6241954772826
563.610955,0.131309,-5.6517,823.7398,823.6702363643822
563.620955,0.131309,-5.651684,823.683283,825.4627322816185
563.630955,0.131309,-5.651668,823.626766,823.3086187311617
563.640955,0.131308,-5.651653,823.570249,824.1188222360224
563.650955,0.131308,-5.651637,823.513733,822.9917754988746
563.660955,0.131308,-5.651622,823.457217,822.3478767379655
563.670955,0.131307,-5.651606,823.4007,823.1795088721232
563.680955,0.131307,-5.651591,823.344184,822.3154508392173
563.690955,0.131306,-5.651575,823.287669,824.3357848376855
563.700955,0.131306,-5.65156,823.231153,821.3438820107224
563.710955,0.131306,-5.651544,823.174637,822.464789529719
563.720955,0.131305,-5.651529,823.118122,825.0282302571526
563.730955,0.131305,-5.651513,823.061607,818.0203820435889
563.740955,0.131305,-5.651498,823.005092,822.544294754596
563.750955,0.131304,-5.651482,822.948577,821.8455378770431
563.760955,0.131304,-5.651467,822.892062,819.5884069666602
563.770955,0.131304,-5.651451,822.835548,824.50156592091
563.780955,0.131303,-5.651436,822.779033,824.5733192697273
563.790955,0.131303,-5.65142,822.722519,823.6438376652499
563.800955,0.131302,-5.651405,822.666005,821.4022992581706
563.810955,0.131302,-5.651389,822.609491,822.3304291701861
563.820955,0.131302,-5.651374,822.552977,821.9554545574797
563.830955,0.131301,-5.651358,822.496463,819.5532819115281
563.840955,0.131301,-5.651343,822.43995,821.8457840112703
563.850955,0.131301,-5.651327,822.383436,822.0214891361559
563.860955,0.1313,-5.651311,822.326923,823.1613228918338
563.870955,0.1313,-5.651296,822.27041,824.0500192537557
563.880955,0.1313,-5.65128,822.213897,821.6568029372797
563.890955,0.131299,-5.651265,822.157385,821.7207070089358
563.900955,0.131299,-5.651249,822.100872,825.3173233390744
563.910955,0.131299,-5.651234,822.04436,820.6647076144232
563.920955,0.131298,-5.651218,821.987847,818.4195880483401
563.930955,0.131298,-5.651203,821.931335,824.3485305337539
563.940955,0.131297,-5.651187,821.874823,820.1897609407041
563.950955,0.131297,-5.651172,821.818311,822.680235076948
563.960955,0.131297,-5.651156,821.7618,818.3068514937278
563.970955,0.131296,-5.651141,821.705288,820.3615111510495
563.980955,0.131296,-5.651125,821.648777,821.3963409853053
563.990955,0.131296,-5.65111,821.592266,819.6636459369173
564.000955,0.131295,-5.651094,821.535755,822.4856638943005
564.010955,0.131295,-5.651079,821.479244,820.3879141911294
564.020955,0.131295,-5.651063,821.422733,821.1341321123617
564.030955,0.131294,-5.651048,821.366223,820.3709194456876
564.040955,0.131294,-5.651032,821.309712,823.053847060114
564.050955,0.131293,-5.651017,821.253202,821.0591799395542
564.060955,0.131293,-5.651001,821.196692,820.5072312908343
564.070955,0.131293,-5.650986,821.140182,817.8569613799356
564.080955,0.131292,-5.65097,821.083672,822.2272537595078
564.090955,0.131292,-5.650955,821.027163,821.1817696214345
564.100955,0.131292,-5.650939,820.970653,820.532066707679
564.110955,0.131291,-5.650924,820.914144,820.7531014327935
564.120955,0.131291,-5.650908,820.857635,822.6750086093978
564.130955,0.131291,-5.650893,820.801126,817.7859276368229
564.140955,0.13129,-5.650877,820.744617,820.5584945983456
564.150955,0.13129,-5.650861,820.688108,820.82391397623
564.160955,0.131289,-5.650846,820.6316,821.234448166631
564.170955,0.131289,-5.65083,820.575091,823.0281218542021
564.180955,0.131289,-5.650815,820.518583,820.6784341372404
564.190955,0.131288,-5.650799,820.462075,819.63934672737
564.200955,0.131288,-5.650784,820.405567,818.9877096368042
564.210955,0.131288,-5.650768,820.349059,817.5712457625233
564.220955,0.131287,-5.650753,820.292552,821.0385386306062
564.230955,0.131287,-5.650737,820.236044,819.618474647324
564.240955,0.131287,-5.650722,820.179537,819.4803755571023
564.250955,0.131286,-5.650706,820.12303,820.0081814596169
564.260955,0.131286,-5.650691,820.066523,822.6965165960931
564.270955,0.131286,-5.650675,820.010016,823.3964262241544
564.280955,0.131285,-5.65066,819.953509,818.8606602817084
564.290955,0.131285,-5.650644,819.897003,821.1869961796549
564.300955,0.131284,-5.650629,819.840496,817.1281655067788
564.310955,0.131284,-5.650613,819.78399,817.9467374622614
564.320955,0.131284,-5.650598,819.727484,820.3487965966038
564.330955,0.131283,-5.650582,819.670978,819.2571017305779
564.340955,0.131283,-5.650567,819.614472,816.2193447895359
564.350955,0.131283,-5.650551,819.557967,819.6244544748537
564.360955,0.131282,-5.650536,819.501461,817.5798730958252
564.370955,0.131282,-5.65052,819.444956,816.9740278181116
564.380955,0.131282,-5.650505,819.388451,819.139290953587
564.390955,0.131281,-5.650489,819.331946,820.8295633922461
564.400955,0.131281,-5.650474,819.275441,816.965627335009
564.410955,0.13128,-5.650458,819.218937,820.1074704963185
564.420955,0.13128,-5.650443,819.162432,818.9869408487779
564.430955,0.13128,-5.650427,819.105928,817.3401885931833
564.440955,0.131279,-5.650412,819.049424,817.7688456091953
564.450955,0.131279,-5.650396,818.992919,817.8203751417118
564.460955,0.131279,-5.650381,818.936416,819.0178330453987
564.470955,0.131278,-5.650365,818.879912,816.9795850823068
564.480955,0.131278,-5.65035,818.823408,817.4851534309483
564.490955,0.131278,-5.650334,818.766905,816.3080195183394
564.500955,0.131277,-5.650319,818.710402,817.4823358763628
564.510955,0.131277,-5.650303,818.653898,817.7284943028811
564.520955,0.131276,-5.650288,818.597396,816.7165116889871
564.530955,0.131276,-5.650272,818.540893,816.4855696962939
564.540955,0.131276,-5.650257,818.48439,816.2656109516194
564.550955,0.131275,-5.650241,818.427888,817.5666278311053
564.560955,0.131275,-5.650226,818.371385,815.2610702289476
564.570955,0.131275,-5.65021,818.314883,815.0290581701719
564.580955,0.131274,-5.650195,818.258381,819.227744662188
564.590955,0.131274,-5.650179,818.201879,818.1737427608332
564.600955,0.131274,-5.650164,818.145378,817.319509353108
564.610955,0.131273,-5.650148,818.088876,817.2224953279016
564.620955,0.131273,-5.650133,818.032375,815.033139684069
564.630955,0.131273,-5.650117,817.975873,816.0380652672508
564.640955,0.131272,-5.650101,817.919372,819.0376290827706
564.650955,0.131272,-5.650086,817.862871,816.7068626723101
564.660955,0.131271,-5.65007,817.80637,817.8401442901076
564.670955,0.131271,-5.650055,817.74987,819.382914626979
564.680955,0.131271,-5.650039,817.693369,817.2651887561601
564.690955,0.13127,-5.650024,817.636869,815.663271037211
564.700955,0.13127,-5.650008,817.580369,815.8168650970738
564.710955,0.13127,-5.649993,817.523869,816.719315533177
564.720955,0.131269,-5.649977,817.467369,817.3973018492884
564.730955,0.131269,-5.649962,817.410869,815.4027908198094
564.740955,0.131269,-5.649946,817.35437,816.8633365385383
564.750955,0.131268,-5.649931,817.29787,816.6198492524765
564.760955,0.131268,-5.649915,817.241371,819.4284179030027
564.770955,0.131267,-5.6499,817.184872,816.9686135277475
564.780955,0.131267,-5.649884,817.128373,818.0717810227525
564.790955,0.131267,-5.649869,817.071874,819.5221593260848
564.800955,0.131266,-5.649853,817.015376,818.3318830371592
564.810955,0.131266,-5.649838,816.958877,816.0815323824293
564.820955,0.131266,-5.649822,816.902379,817.5402378180612
564.830955,0.131265,-5.649807,816.845881,816.3800692430236
564.840955,0.131265,-5.649791,816.789383,816.6120086522742
564.850955,0.131265,-5.649776,816.732885,815.5710950331012
564.860955,0.131264,-5.64976,816.676387,818.0645205674069
564.870955,0.131264,-5.649745,816.61989,818.032979907404
564.880955,0.131264,-5.649729,816.563392,817.2896415196025
564.890955,0.131263,-5.649714,816.506895,815.4260027452178
564.900955,0.131263,-5.649698,816.450398,817.1949120627485
564.910955,0.131262,-5.649683,816.393901,815.0049183688083
564.920955,0.131262,-5.649667,816.337405,816.6649210760102
564.930955,0.131262,-5.649652,816.280908,815.567529938052
564.940955,0.131261,-5.649636,816.224412,816.3974285484059
564.950955,0.131261,-5.649621,816.167915,813.5021892522898
564.960955,0.131261,-5.649605,816.111419,815.4034304636838
564.970955,0.13126,-5.64959,816.054923,816.1854798586393
564.980955,0.13126,-5.649574,815.998427,816.1279400773759
564.990955,0.13126,-5.649559,815.941932,816.151564005026
565.000955,0.131259,-5.649543,815.885436,816.6350882269951
565.010955,0.131259,-5.649528,815.828941,815.3588049003296
565.020955,0.131258,-5.649512,815.772446,815.5086447017399
565.030955,0.131258,-5.649497,815.715951,815.8053297584113
565.040955,0.131258,-5.649481,815.659456,817.1624418509906
565.050955,0.131257,-5.649466,815.602961,817.8147314799251
565.060955,0.131257,-5.64945,815.546466,815.154335658277
565.070955,0.131257,-5.649435,815.489972,812.9523991527002
565.080955,0.131256,-5.649419,815.433478,816.2257521890809
565.090955,0.131256,-5.649404,815.376984,816.2655621715767
565.100955,0.131256,-5.649388,815.32049,815.9654228608013
565.110955,0.131255,-5.649373,815.263996,814.7423616318084
565.120955,0.131255,-5.649357,815.207502,815.0570745057634
565.130955,0.131254,-5.649342,815.151009,813.9529642427132
565.140955,0.131254,-5.649326,815.094515,813.7055112032472
565.150955,0.131254,-5.649311,815.038022,813.8641653627346
565.160955,0.131253,-5.649295,814.981529,814.6998268670269
565.170955,0.131253,-5.64928,814.925036,815.7320893813768
565.180955,0.131253,-5.649264,814.868543,814.4745722360408
565.190955,0.131252,-5.649249,814.812051,816.3870122908171
565.200955,0.131252,-5.649233,814.755558,813.5637341499083
565.210955,0.131252,-5.649218,814.699066,813.5819282778973
565.220955,0.131251,-5.649202,814.642574,813.0834683550172
565.230955,0.131251,-5.649187,814.586082,815.2609637419345
565.240955,0.131251,-5.649171,814.52959,813.2035841202309
565.250955,0.13125,-5.649156,814.473099,814.6440932075056
565.260955,0.13125,-5.64914,814.416607,815.0235560036556
565.270955,0.131249,-5.649125,814.360116,814.9645851045678
565.280955,0.131249,-5.649109,814.303625,816.5424176352565
565.290955,0.131249,-5.649094,814.247134,814.3841322398891
565.300955,0.131248,-5.649078,814.190643,812.080297086667
565.310955,0.131248,-5.649063,814.134152,814.2110136404543
565.320955,0.131248,-5.649047,814.077662,816.1167031760082
565.330955,0.131247,-5.649032,814.021171,815.3201549158829
565.340955,0.131247,-5.649017,813.964681,813.9094805834648
565.350955,0.131247,-5.649001,813.908191,813.8804836271783
565.360955,0.131246,-5.648986,813.851701,812.6567972163996
565.370955,0.131246,-5.64897,813.795211,814.2348389366427
565.380955,0.131245,-5.648955,813.738722,812.178878277019
565.390955,0.131245,-5.648939,813.682232,814.2089457579345
565.400955,0.131245,-5.648924,813.625743,815.7216469734681
565.410955,0.131244,-5.648908,813.569254,812.5835071157671
565.420955,0.131244,-5.648893,813.512765,814.1662969274623
565.430955,0.131244,-5.648877,813.456276,812.4548057213935
565.440955,0.131243,-5.648862,813.399787,812.3134835817178
565.450955,0.131243,-5.648846,813.343299,811.4546282943738
565.460955,0.131243,-5.648831,813.28681,812.8797387886038
565.470955,0.131242,-5.648815,813.230322,812.3272396950258
565.480955,0.131242,-5.6488,813.173834,812.2842973396839
565.490955,0.131242,-5.648784,813.117346,812.139387912372
565.500955,0.131241,-5.648769,813.060858,808.918409624185
565.510955,0.131241,-5.648753,813.004371,812.9125582815062
565.520955,0.13124,-5.648738,812.947883,815.5496915001701
565.530955,0.13124,-5.648722,812.891396,812.9655575235086
565.540955,0.13124,-5.648707,812.834909,812.5069009479673
565.550955,0.131239,-5.648691,812.778422,813.1086412818222
565.560955,0.131239,-5.648676,812.721935,813.8058562569094
565.570955,0.131239,-5.64866,812.665448,813.9587176493002
565.580955,0.131238,-5.648645,812.608962,811.0736354818805
565.590955,0.131238,-5.648629,812.552475,812.9728018768805
565.600955,0.131238,-5.648614,812.495989,813.4349379527853
565.610955,0.131237,-5.648598,812.439503,813.6752983104174
565.620955,0.131237,-5.648583,812.383017,810.7219784234172
565.630955,0.131236,-5.648567,812.326531,809.7476087343126
565.640955,0.131236,-5.648552,812.270046,811.4238715434301
565.650955,0.131236,-5.648536,812.21356,813.5384212719702
565.660955,0.131235,-5.648521,812.157075,808.8259525991037
565.670955,0.131235,-5.648505,812.10059,810.0792792011655
565.680955,0.131235,-5.64849,812.044105,814.4864644178475
565.690955,0.131234,-5.648474,811.98762,811.9405176057579
565.700955,0.131234,-5.648459,811.931135,813.166070631254
565.710955,0.131234,-5.648443,811.874651,810.4685313925161
565.720955,0.131233,-5.648428,811.818167,810.9060777093711
565.730955,0.131233,-5.648412,811.761682,814.1849955458097
565.740955,0.131233,-5.648397,811.705198,812.6896767173412
565.750955,0.131232,-5.648381,811.648714,809.7742754966348
565.760955,0.131232,-5.648366,811.592231,811.3812410220771
565.770955,0.131231,-5.64835,811.535747,810.1789666472328
565.780955,0.131231,-5.648335,811.479264,809.0230123215803
565.790955,0.131231,-5.648319,811.42278,814.1019997260946
565.800955,0.13123,-5.648304,811.366297,810.9762318579245
565.810955,0.13123,-5.648288,811.309814,809.999959673721
565.820955,0.13123,-5.648273,811.253331,810.5420404753927
565.830955,0.131229,-5.648258,811.196849,809.9777995127189
565.840955,0.131229,-5.648242,811.140366,809.3008948208532
565.850955,0.131229,-5.648227,811.083884,809.2054208108735
565.860955,0.131228,-5.648211,811.027402,809.9706409079665
565.870955,0.131228,-5.648196,810.97092,811.0065158772304
565.880955,0.131227,-5.64818,810.914438,810.808119902944
565.890955,0.131227,-5.648165,810.857956,811.8028529234678
565.900955,0.131227,-5.648149,810.801475,809.3430635421859
565.910955,0.131226,-5.648134,810.744993,811.1637852875186
565.920955,0.131226,-5.648118,810.688512,808.8834496439284
565.930955,0.131226,-5.648103,810.632031,810.2452745126052
565.940955,0.131225,-5.648087,810.57555,809.830721555318
565.950955,0.131225,-5.648072,810.519069,810.6371347303761
565.960955,0.131225,-5.648056,810.462588,810.5895351616878
565.970955,0.131224,-5.648041,810.406108,812.2974664055682
565.980955,0.131224,-5.648025,810.349628,807.9047875893361
565.990955,0.131223,-5.64801,810.293147,811.4491390042706
566.000955,0.131223,-5.647994,810.236667,810.1759651831583
566.010955,0.131223,-5.647979,810.180188,809.070683885686
566.020955,0.131222,-5.647963,810.123708,809.3036791071424
566.030955,0.131222,-5.647948,810.067228,812.0085268153751
566.040955,0.131222,-5.647932,810.010749,809.1045901636695
566.050955,0.131221,-5.647917,809.95427,811.1034302333272
566.060955,0.131221,-5.647901,809.897791,807.3339370829058
566.070955,0.131221,-5.647886,809.841312,811.0854149096056
566.080955,0.13122,-5.64787,809.784833,810.1205829297444
566.090955,0.13122,-5.647855,809.728354,807.6460644020586
566.100955,0.13122,-5.647839,809.671876,809.089713890615
566.110955,0.131219,-5.647824,809.615397,808.9516139402529
566.120955,0.131219,-5.647809,809.558919,811.5752546599957
566.130955,0.131218,-5.647793,809.502441,808.6320315159933
566.140955,0.131218,-5.647778,809.445963,808.1959016283272
566.150955,0.131218,-5.647762,809.389486,808.4094453504846
566.160955,0.131217,-5.647747,809.333008,808.4584069486766
566.170955,0.131217,-5.647731,809.276531,809.7296608276827
566.180955,0.131217,-5.647716,809.220054,811.8649736609136
566.190955,0.131216,-5.6477,809.163576,810.6797467960585
566.200955,0.131216,-5.647685,809.1071,808.9058757194717
566.210955,0.131216,-5.647669,809.050623,808.8081786879662
566.220955,0.131215,-5.647654,808.994146,807.9888575982928
566.230955,0.131215,-5.647638,808.93767,806.9986533052023
566.240955,0.131214,-5.647623,808.881193,809.0200995817783
566.250955,0.131214,-5.647607,808.824717,806.6769026429662
566.260955,0.131214,-5.647592,808.768241,807.3245054741999
566.270955,0.131213,-5.647576,808.711765,810.2689457121735
566.280955,0.131213,-5.647561,808.65529,811.0513664148463
566.290955,0.131213,-5.647545,808.598814,808.6082176540834
566.300955,0.131212,-5.64753,808.542339,807.0542747130949
566.310955,0.131212,-5.647514,808.485864,808.4213774197491
566.320955,0.131212,-5.647499,808.429389,807.6274758676286
566.330955,0.131211,-5.647483,808.372914,807.0750362007341
566.340955,0.131211,-5.647468,808.316439,808.6525263274733
566.350955,0.131211,-5.647452,808.259964,810.5363040364006
566.360955,0.13121,-5.647437,808.20349,808.5801094048467
566.370955,0.13121,-5.647422,808.147016,810.2978345851268
566.380955,0.131209,-5.647406,808.090541,807.6497300037935
566.390955,0.131209,-5.647391,808.034067,808.3250220224432
566.400955,0.131209,-5.647375,807.977594,808.7455995888007
566.410955,0.131208,-5.64736,807.92112,804.9732441204952
566.420955,0.131208,-5.647344,807.864646,809.7985574065049
566.430955,0.131208,-5.647329,807.808173,808.0559342734156
566.440955,0.131207,-5.647313,807.7517,804.7252965291859
566.450955,0.131207,-5.647298,807.695227,807.3370188450039
566.460955,0.131207,-5.647282,807.638754,806.8161528328322
566.470955,0.131206,-5.647267,807.582281,805.1540073937889
566.480955,0.131206,-5.647251,807.525809,807.1732141667871
566.490955,0.131205,-5.647236,807.469336,807.543895248927
566.500955,0.131205,-5.64722,807.412864,809.5179212067183
566.510955,0.131205,-5.647205,807.356392,805.6073220180215
566.520955,0.131204,-5.647189,807.29992,807.4351442713008
566.530955,0.131204,-5.647174,807.243448,810.2882682771159
566.540955,0.131204,-5.647158,807.186976,807.4575578225933
566.550955,0.131203,-5.647143,807.130505,803.2569350890319
566.560955,0.131203,-5.647128,807.074033,806.6259359001768
566.570955,0.131203,-5.647112,807.017562,805.5275124787566
566.580955,0.131202,-5.647097,806.961091,806.4289759122039
566.590955,0.131202,-5.647081,806.90462,808.6130214675021
566.600955,0.131202,-5.647066,806.848149,806.3536346495973
566.610955,0.131201,-5.64705,806.791679,807.2144551789903
566.620955,0.131201,-5.647035,806.735208,806.2984605356398
566.630955,0.1312,-5.647019,806.678738,805.8141884114713
566.640955,0.1312,-5.647004,806.622268,808.453940646561
566.650955,0.1312,-5.646988,806.565798,805.966690227756
566.660955,0.131199,-5.646973,806.509328,807.0707709479594
566.670955,0.131199,-5.646957,806.452859,807.8016940505445
566.680955,0.131199,-5.646942,806.396389,807.5782134120709
566.690955,0.131198,-5.646926,806.33992,805.1320026769868
566.700955,0.131198,-5.646911,806.283451,803.9709335894519
566.710955,0.131198,-5.646895,806.226982,807.426603442903
566.720955,0.131197,-5.64688,806.170513,806.6361726728252
566.730955,0.131197,-5.646865,806.114044,805.3190756171934
566.740955,0.131196,-5.646849,806.057575,805.399547958212
566.750955,0.131196,-5.646834,806.001107,804.0196555757399
566.760955,0.131196,-5.646818,805.944639,804.7377262009743
566.770955,0.131195,-5.646803,805.888171,802.8072699431608
566.780955,0.131195,-5.646787,805.831703,801.1267549807864
566.790955,0.131195,-5.646772,805.775235,804.1953347608641
566.800955,0.131194,-5.646756,805.718767,805.864456311168
566.810955,0.131194,-5.646741,805.6623,805.7475396999272
566.820955,0.131194,-5.646725,805.605832,806.225274819574
566.830955,0.131193,-5.64671,805.549365,806.2332876736524
566.840955,0.131193,-5.646694,805.492898,805.8869370300165
566.850955,0.131193,-5.646679,805.436431,806.7087902907178
566.860955,0.131192,-5.646663,805.379965,805.0936187943092
566.870955,0.131192,-5.646648,805.323498,803.4641097550599
566.880955,0.131191,-5.646632,805.267032,802.3791692608108
566.890955,0.131191,-5.646617,805.210566,803.6161913007705
566.900955,0.131191,-5.646602,805.154099,803.9606904685731
566.910955,0.13119,-5.646586,805.097633,805.5329066440682
566.920955,0.13119,-5.646571,805.041168,804.8501338755744
566.930955,0.13119,-5.646555,804.984702,804.0209449122852
566.940955,0.131189,-5.64654,804.928237,802.8510990233198
566.950955,0.131189,-5.646524,804.871771,806.2647464675905
566.960955,0.131189,-5.646509,804.815306,805.3336787647498
566.970955,0.131188,-5.646493,804.758841,803.0211650623526
566.980955,0.131188,-5.646478,804.702376,805.2485970886802
566.990955,0.131187,-5.646462,804.645912,802.6764561255296
567.000955,0.131187,-5.646447,804.589447,803.890262180037
567.010955,0.131187,-5.646431,804.532983,800.8904079600499
567.020955,0.131186,-5.646416,804.476518,804.4447472937278
567.030955,0.131186,-5.6464,804.420054,804.1684494489642
567.040955,0.131186,-5.646385,804.36359,802.9191212260612
567.050955,0.131185,-5.64637,804.307127,803.268706136742
567.060955,0.131185,-5.646354,804.250663,802.6159979424655
567.070955,0.131185,-5.646339,804.1942,806.748048654768
567.080955,0.131184,-5.646323,804.137736,801.8807747037475
567.090955,0.131184,-5.646308,804.081273,805.9134666469097
567.100955,0.131184,-5.646292,804.02481,802.2219125921458
567.110955,0.131183,-5.646277,803.968347,800.3861340819767
567.120955,0.131183,-5.646261,803.911885,803.4809258951578
567.130955,0.131182,-5.646246,803.855422,803.1015362791823
567.140955,0.131182,-5.64623,803.79896,802.2331035909688
567.150955,0.131182,-5.646215,803.742497,800.6068896713655
567.160955,0.131181,-5.646199,803.686035,802.964932121265
567.170955,0.131181,-5.646184,803.629573,804.891784804715
567.180955,0.131181,-5.646169,803.573112,803.9920496060216
567.190955,0.13118,-5.646153,803.51665,803.7392431608058
567.200955,0.13118,-5.646138,803.460189,801.890096344178
567.210955,0.13118,-5.646122,803.403727,802.3970272499492
567.220955,0.131179,-5.646107,803.347266,801.417425272482
567.230955,0.131179,-5.646091,803.290805,803.4484394918163
567.240955,0.131178,-5.646076,803.234344,806.1305453830449
567.250955,0.131178,-5.64606,803.177884,802.7408874029262
567.260955,0.131178,-5.646045,803.121423,802.0938201230005
567.270955,0.131177,-5.646029,803.064963,804.9612262963697
567.280955,0.131177,-5.646014,803.008502,801.3454144810471
567.290955,0.131177,-5.645998,802.952042,804.8443361578986
567.300955,0.131176,-5.645983,802.895583,803.0364463976388
567.310955,0.131176,-5.645968,802.839123,803.4967004196602
567.320955,0.131176,-5.645952,802.782663,802.9071422334302
567.330955,0.131175,-5.645937,802.726204,803.4318669141879
567.340955,0.131175,-5.645921,802.669744,799.8591612613513
567.350955,0.131175,-5.645906,802.613285,801.1183423184941
567.360955,0.131174,-5.64589,802.556826,801.7722575502758
567.370955,0.131174,-5.645875,802.500368,802.0412248882935
567.380955,0.131173,-5.645859,802.443909,799.970809941399
567.390955,0.131173,-5.645844,802.38745,802.3353427342531
567.400955,0.131173,-5.645828,802.330992,803.3815835068906
567.410955,0.131172,-5.645813,802.274534,800.3035554644966
567.420955,0.131172,-5.645797,802.218076,801.5970178534119
567.430955,0.131172,-5.645782,802.161618,804.0880618178746
567.440955,0.131171,-5.645767,802.10516,801.9302480828426
567.450955,0.131171,-5.645751,802.048702,801.1631632409251
567.460955,0.131171,-5.645736,801.992245,800.1327711482934
567.470955,0.13117,-5.64572,801.935788,801.0313570453106
567.480955,0.13117,-5.645705,801.879331,803.2411372070648
567.490955,0.131169,-5.645689,801.822874,800.4403084320127
567.500955,0.131169,-5.645674,801.766417,802.7468563139246
567.510955,0.131169,-5.645658,801.70996,800.2226882050334
567.520955,0.131168,-5.645643,801.653504,801.13721694017
567.530955,0.131168,-5.645627,801.597047,801.9218516322658
567.540955,0.131168,-5.645612,801.540591,801.5084716618591
567.550955,0.131167,-5.645597,801.484135,801.5686751794074
567.560955,0.131167,-5.645581,801.427679,801.598316586318
567.570955,0.131167,-5.645566,801.371223,801.2002579127021
567.580955,0.131166,-5.64555,801.314768,800.3399165193227
567.590955,0.131166,-5.645535,801.258312,799.7098266213438
567.600955,0.131166,-5.645519,801.201857,799.9205503502989
567.610955,0.131165,-5.645504,801.145402,800.5745745851075
567.620955,0.131165,-5.645488,801.088947,801.3492006993597
567.630955,0.131164,-5.645473,801.032492,801.5392786753758
567.640955,0.131164,-5.645457,800.976038,799.2985135509954
567.650955,0.131164,-5.645442,800.919583,800.9574769470976
567.660955,0.131163,-5.645427,800.863129,800.7655682251198
567.670955,0.131163,-5.645411,800.806675,799.6836259760526
567.680955,0.131163,-5.645396,800.750221,800.0666006724168
567.690955,0.131162,-5.64538,800.693767,800.0611982848901
567.700955,0.131162,-5.645365,800.637313,798.4426209806712
567.710955,0.131162,-5.645349,800.580859,800.1731392388045
567.720955,0.131161,-5.645334,800.524406,799.7289463901012
567.730955,0.131161,-5.645318,800.467953,799.6584307437046
567.740955,0.13116,-5.645303,800.4115,803.0334223269281
567.750955,0.13116,-5.645287,800.355047,799.6058954623414
567.760955,0.13116,-5.645272,800.298594,800.6219065139642
567.770955,0.131159,-5.645257,800.242141,800.4793946869826
567.780955,0.131159,-5.645241,800.185689,800.8051643233256
567.790955,0.131159,-5.645226,800.129236,800.2256093799488
567.800955,0.131158,-5.64521,800.072784,799.054314147011
567.810955,0.131158,-5.645195,800.016332,798.9228790993308
567.820955,0.131158,-5.645179,799.95988,799.3717014404164
567.830955,0.131157,-5.645164,799.903429,800.689156065023
567.840955,0.131157,-5.645148,799.846977,800.5612496168085
567.850955,0.131157,-5.645133,799.790526,796.2653697369619
567.860955,0.131156,-5.645117,799.734074,800.307148316996
567.870955,0.131156,-5.645102,799.677623,798.2719401753833
567.880955,0.131155,-5.645087,799.621172,803.4019451359587
567.890955,0.131155,-5.645071,799.564722,798.3230818347894
567.900955,0.131155,-5.645056,799.508271,801.8570246377325
567.910955,0.131154,-5.64504,799.45182,799.1986587016695
567.920955,0.131154,-5.645025,799.39537,798.3728443099432
567.930955,0.131154,-5.645009,799.33892,798.8266663026839
567.940955,0.131153,-5.644994,799.28247,799.6840398311323
567.950955,0.131153,-5.644978,799.22602,796.7058796772487
567.960955,0.131153,-5.644963,799.16957,797.5949459850804
567.970955,0.131152,-5.644948,799.113121,798.3762322855221
567.980955,0.131152,-5.644932,799.056671,798.5437675361035
567.990955,0.131152,-5.644917,799.000222,800.9813449703523
568.000955,0.131151,-5.644901,798.943773,796.6457928020678
568.010955,0.131151,-5.644886,798.887324,796.5690999013609
568.020955,0.13115,-5.64487,798.830875,801.2513277216196
568.030955,0.13115,-5.644855,798.774427,799.2524687563821
568.040955,0.13115,-5.644839,798.717978,797.1210185097212
568.050955,0.131149,-5.644824,798.66153,799.4663254636104
568.060955,0.131149,-5.644808,798.605082,801.5691042800009
568.070955,0.131149,-5.644793,798.548634,797.4990152098369
568.080955,0.131148,-5.644778,798.492186,800.1992052271039
568.090955,0.131148,-5.644762,798.435738,794.5203998060814
568.100955,0.131148,-5.644747,798.379291,796.7494629485268
568.110955,0.131147,-5.644731,798.322843,797.9649352229168
568.120955,0.131147,-5.644716,798.266396,796.89868981408
568.130955,0.131146,-5.6447,798.209949,798.0127303039161
568.140955,0.131146,-5.644685,798.153502,796.443208998982
568.150955,0.131146,-5.644669,798.097055,796.1299469455142
568.160955,0.131145,-5.644654,798.040609,797.0430368242077
568.170955,0.131145,-5.644639,797.984162,796.3699912828512
568.180955,0.131145,-5.644623,797.927716,797.6144903346675
568.190955,0.131144,-5.644608,797.87127,795.8261394393737
568.200955,0.131144,-5.644592,797.814824,796.9580071760683
568.210955,0.131144,-5.644577,797.758378,795.0164674293148
568.220955,0.131143,-5.644561,797.701932,798.3028080977466
568.230955,0.131143,-5.644546,797.645487,796.0889512992854
568.240955,0.131143,-5.64453,797.589041,798.9683313384174
568.250955,0.131142,-5.644515,797.532596,796.9887862253527
568.260955,0.131142,-5.6445,797.476151,798.5604212992951
568.270955,0.131141,-5.644484,797.419706,796.7047150011151
568.280955,0.131141,-5.644469,797.363261,794.4929769605145
568.290955,0.131141,-5.644453,797.306817,800.6276845102942
568.300955,0.13114,-5.644438,797.250372,796.5849186546761
568.310955,0.13114,-5.644422,797.193928,794.9503185206861
568.320955,0.13114,-5.644407,797.137484,796.9380781542352
568.330955,0.131139,-5.644391,797.08104,796.0249143522337
568.340955,0.131139,-5.644376,797.024596,795.5565256019239
568.350955,0.131139,-5.644361,796.968152,796.4695394291014
568.360955,0.131138,-5.644345,796.911709,796.5070684655578
568.370955,0.131138,-5.64433,796.855265,794.7165534450427
568.380955,0.131137,-5.644314,796.798822,794.8014165439433
568.390955,0.131137,-5.644299,796.742379,791.8458367065956
568.400955,0.131137,-5.644283,796.685936,796.3508264576103
568.410955,0.131136,-5.644268,796.629493,793.5628268043783
568.420955,0.131136,-5.644252,796.573051,796.2467010001292
568.430955,0.131136,-5.644237,796.516608,796.1179732959741
568.440955,0.131135,-5.644222,796.460166,796.4033455787486
568.450955,0.131135,-5.644206,796.403724,797.2878521894896
568.460955,0.131135,-5.644191,796.347282,795.7164192431285
568.470955,0.131134,-5.644175,796.29084,796.4585396263219
568.480955,0.131134,-5.64416,796.234398,796.1918412814964
568.490955,0.131134,-5.644144,796.177957,795.8784417130255
568.500955,0.131133,-5.644129,796.121516,794.1619926717128
568.510955,0.131133,-5.644114,796.065074,793.1914876332265
568.520955,0.131132,-5.644098,796.008633,799.3652956352278
568.530955,0.131132,-5.644083,795.952192,795.266771593853
568.540955,0.131132,-5.644067,795.895752,794.4196645544482
568.550955,0.131131,-5.644052,795.839311,795.0266041238885
568.560955,0.131131,-5.644036,795.782871,795.0655341148184
568.570955,0.131131,-5.644021,795.72643,794.4495015540523
568.580955,0.13113,-5.644005,795.66999,799.380320750603
568.590955,0.13113,-5.64399,795.61355,794.8413679265384
568.600955,0.13113,-5.643975,795.55711,794.5621625398612
568.610955,0.131129,-5.643959,795.500671,796.2317684854233
568.620955,0.131129,-5.643944,795.444231,793.184066893942
568.630955,0.131129,-5.643928,795.387792,795.5765513245265
568.640955,0.131128,-5.643913,795.331353,792.8977251084241
568.650955,0.131128,-5.643897,795.274914,794.8874838135312
568.660955,0.131127,-5.643882,795.218475,794.6792341613593
568.670955,0.131127,-5.643867,795.162036,794.8656595973089
568.680955,0.131127,-5.643851,795.105597,793.904527952578
568.690955,0.131126,-5.643836,795.049159,792.5181151350342
568.700955,0.131126,-5.64382,794.992721,795.4264972444697
568.710955,0.131126,-5.643805,794.936283,795.2620960660852
568.720955,0.131125,-5.643789,794.879845,792.3640669308633
568.730955,0.131125,-5.643774,794.823407,793.1969475060367
568.740955,0.131125,-5.643758,794.766969,794.3104554956873
568.750955,0.131124,-5.643743,794.710532,796.4988113773052
568.760955,0.131124,-5.643728,794.654094,793.9240359757152
568.770955,0.131123,-5.643712,794.597657,794.6840249375056
568.780955,0.131123,-5.643697,794.54122,794.0308178432285
568.790955,0.131123,-5.643681,794.484783,793.3289839206165
568.800955,0.131122,-5.643666,794.428346,795.2597722393842
568.810955,0.131122,-5.64365,794.37191,793.7249536651783
568.820955,0.131122,-5.643635,794.315473,793.3749028863261
568.830955,0.131121,-5.64362,794.259037,795.1675952890301
568.840955,0.131121,-5.643604,794.202601,791.1884607089966
568.850955,0.131121,-5.643589,794.146165,793.9396332627193
568.860955,0.13112,-5.643573,794.089729,794.7863010520234
568.870955,0.13112,-5.643558,794.033294,792.8988256336357
568.880955,0.13112,-5.643542,793.976858,790.9186260380249
568.890955,0.131119,-5.643527,793.920423,794.1361358372
568.900955,0.131119,-5.643512,793.863988,794.1030961097596
568.910955,0.131118,-5.643496,793.807552,793.9101001461365
568.920955,0.131118,-5.643481,793.751118,795.3673161153811
568.930955,0.131118,-5.643465,793.694683,793.9341178375703
568.940955,0.131117,-5.64345,793.638248,789.1310143635338
568.950955,0.131117,-5.643434,793.581814,795.6373610460287
568.960955,0.131117,-5.643419,793.52538,791.9780551301105
568.970955,0.131116,-5.643403,793.468945,789.2544911586732
568.980955,0.131116,-5.643388,793.412512,794.2765131126872
568.990955,0.131116,-5.643373,793.356078,793.5599040494901
569.000955,0.131115,-5.643357,793.299644,792.4785958150567
569.010955,0.131115,-5.643342,793.243211,791.5646151798934
569.020955,0.131114,-5.643326,793.186777,791.047777533342
569.030955,0.131114,-5.643311,793.130344,792.4788239917444
569.040955,0.131114,-5.643295,793.073911,795.016970106443
569.050955,0.131113,-5.64328,793.017478,792.5617415955812
569.060955,0.131113,-5.643265,792.961045,791.0274725022892
569.070955,0.131113,-5.643249,792.904613,790.7648172815836
569.080955,0.131112,-5.643234,792.84818,793.0287179900383
569.090955,0.131112,-5.643218,792.791748,791.85598611233
569.100955,0.131112,-5.643203,792.735316,791.5897934036819
569.110955,0.131111,-5.643187,792.678884,792.0981983971174
569.120955,0.131111,-5.643172,792.622452,789.4467055300468
569.130955,0.131111,-5.643157,792.566021,790.3376825876295
569.140955,0.13111,-5.643141,792.509589,791.6989113835615
569.150955,0.13111,-5.643126,792.453158,791.9818350175768
569.160955,0.131109,-5.64311,792.396727,789.4421866627624
569.170955,0.131109,-5.643095,792.340296,791.0503870389902
569.180955,0.131109,-5.643079,792.283865,791.8541381838626
569.190955,0.131108,-5.643064,792.227434,791.0599384028313
569.200955,0.131108,-5.643049,792.171003,792.6987874933457
569.210955,0.131108,-5.643033,792.114573,792.3776636004759
569.220955,0.131107,-5.643018,792.058143,791.7094033222495
569.230955,0.131107,-5.643002,792.001713,788.3984617166622
569.240955,0.131107,-5.642987,791.945283,792.5542316920709
569.250955,0.131106,-5.642971,791.888853,793.0511615495961
569.260955,0.131106,-5.642956,791.832423,791.8440665088337
569.270955,0.131106,-5.642941,791.775994,791.1648920304142
569.280955,0.131105,-5.642925,791.719565,793.5311805872958
569.290955,0.131105,-5.64291,791.663135,792.9568846347488
569.300955,0.131104,-5.642894,791.606706,792.1259996080921
569.310955,0.131104,-5.642879,791.550277,789.790452784142
569.320955,0.131104,-5.642863,791.493849,789.5770230328039
569.330955,0.131103,-5.642848,791.43742,787.7515907851143
569.340955,0.131103,-5.642833,791.380992,790.7232328189064
569.350955,0.131103,-5.642817,791.324564,790.0671790681896
569.360955,0.131102,-5.642802,791.268135,793.9693172185047
569.370955,0.131102,-5.642786,791.211708,787.9425508489521
569.380955,0.131102,-5.642771,791.15528,794.41778981515
569.390955,0.131101,-5.642755,791.098852,789.9650859068418
569.400955,0.131101,-5.64274,791.042425,790.1862712223584
569.410955,0.1311,-5.642725,790.985997,791.0285547169252
569.420955,0.1311,-5.642709,790.92957,787.9904798298007
569.430955,0.1311,-5.642694,790.873143,792.5483011552375
569.440955,0.131099,-5.642678,790.816716,792.3162163219064
569.450955,0.131099,-5.642663,790.76029,791.211153757169
569.460955,0.131099,-5.642648,790.703863,790.3338993522768
569.470955,0.131098,-5.642632,790.647437,789.514060902838
569.480955,0.131098,-5.642617,790.59101,790.5376621826439
569.490955,0.131098,-5.642601,790.534584,789.09431593647
569.500955,0.131097,-5.642586,790.478158,789.6523429532837
569.510955,0.131097,-5.64257,790.421733,791.297702597965
569.520955,0.131097,-5.642555,790.365307,790.6438668914003
569.530955,0.131096,-5.64254,790.308881,793.0936394622929
569.540955,0.131096,-5.642524,790.252456,792.372040133322
569.550955,0.131095,-5.642509,790.196031,791.5167336544085
569.560955,0.131095,-5.642493,790.139606,790.8267145175676
569.570955,0.131095,-5.642478,790.083181,792.7534511662548
569.580955,0.131094,-5.642462,790.026756,788.2103153321459
569.590955,0.131094,-5.642447,789.970332,791.4947421636169
569.600955,0.131094,-5.642432,789.913907,788.5715252265471
569.610955,0.131093,-5.642416,789.857483,791.1379903183982
569.620955,0.131093,-5.642401,789.801059,787.2773786203871
569.630955,0.131093,-5.642385,789.744635,788.4570615535243
569.640955,0.131092,-5.64237,789.688211,786.915293376567
569.650955,0.131092,-5.642355,789.631788,787.1627632727958
569.660955,0.131092,-5.642339,789.575364,792.441376243572
569.670955,0.131091,-5.642324,789.518941,789.3203636459837
569.680955,0.131091,-5.642308,789.462518,792.6177396334756
569.690955,0.13109,-5.642293,789.406095,789.586160473882
569.700955,0.13109,-5.642277,789.349672,789.3507540189419
569.710955,0.13109,-5.642262,789.293249,788.7423027154264
569.720955,0.131089,-5.642247,789.236827,786.5597708684409
569.730955,0.131089,-5.642231,789.180404,786.3798002703113
569.740955,0.131089,-5.642216,789.123982,787.9953141822956
569.750955,0.131088,-5.6422,789.06756,784.9762336481314
569.760955,0.131088,-5.642185,789.011138,790.0499543104456
569.770955,0.131088,-5.642169,788.954716,788.9773619262266
569.780955,0.131087,-5.642154,788.898295,791.0210715242943
569.790955,0.131087,-5.642139,788.841873,787.9841573260136
569.800955,0.131086,-5.642123,788.785452,791.301763002971
569.810955,0.131086,-5.642108,788.729031,786.456762748016
569.820955,0.131086,-5.642092,788.67261,787.8517417080677
569.830955,0.131085,-5.642077,788.616189,791.901369075803
569.840955,0.131085,-5.642062,788.559768,791.2203524495957
569.850955,0.131085,-5.642046,788.503348,788.9052268476595
569.860955,0.131084,-5.642031,788.446927,786.3204777048271
569.870955,0.131084,-5.642015,788.390507,789.5841183264781
569.880955,0.131084,-5.642,788.334087,789.4630430052731
569.890955,0.131083,-5.641984,788.277667,786.9796297306224
569.900955,0.131083,-5.641969,788.221247,786.2834785641522
569.910955,0.131083,-5.641954,788.164828,789.8710207619127
569.920955,0.131082,-5.641938,788.108408,788.5918094884358
569.930955,0.131082,-5.641923,788.051989,791.0561407129536
569.940955,0.131081,-5.641907,787.99557,783.1753907939642
569.950955,0.131081,-5.641892,787.939151,788.6832047592579
569.960955,0.131081,-5.641877,787.882732,785.7729420824904
569.970955,0.13108,-5.641861,787.826313,790.0126424816057
569.980955,0.13108,-5.641846,787.769895,789.2174024768391
569.990955,0.13108,-5.64183,787.713476,785.2610849536748
570.000955,0.131079,-5.641815,787.657058,788.1195960332525
570.010955,0.131079,-5.641799,787.60064,787.5750080118889
570.020955,0.131079,-5.641784,787.544222,787.3687498852171
570.030955,0.131078,-5.641769,787.487804,785.5448210636591
570.040955,0.131078,-5.641753,787.431387,789.3058152402668
570.050955,0.131078,-5.641738,787.374969,786.4346725799143
570.060955,0.131077,-5.641722,787.318552,786.7823133517201
570.070955,0.131077,-5.641707,787.262135,786.1855824947817
570.080955,0.131076,-5.641692,787.205718,782.9157654827218
570.090955,0.131076,-5.641676,787.149301,787.8797423911669
570.100955,0.131076,-5.641661,787.092884,788.136503487764
570.110955,0.131075,-5.641645,787.036468,788.6175936784452
570.120955,0.131075,-5.64163,786.980051,788.5505848810599
570.130955,0.131075,-5.641615,786.923635,784.6085236043057
570.140955,0.131074,-5.641599,786.867219,785.0653329318706
570.150955,0.131074,-5.641584,786.810803,786.8811558522412
570.160955,0.131074,-5.641568,786.754388,787.110728272761
570.170955,0.131073,-5.641553,786.697972,783.2462198426141
570.180955,0.131073,-5.641537,786.641556,785.5641477169846
570.190955,0.131073,-5.641522,786.585141,786.991485948467
570.200955,0.131072,-5.641507,786.528726,786.2025387096375
570.210955,0.131072,-5.641491,786.472311,784.3657580135591
570.220955,0.131071,-5.641476,786.415896,786.8007627634915
570.230955,0.131071,-5.64146,786.359482,786.6409500888992
570.240955,0.131071,-5.641445,786.303067,784.8808845011816
570.250955,0.13107,-5.64143,786.246653,785.6214761645892
570.260955,0.13107,-5.641414,786.190238,785.6216899177641
570.270955,0.13107,-5.641399,786.133824,784.7646893266926
570.280955,0.131069,-5.641383,786.07741,785.0030762690309
570.290955,0.131069,-5.641368,786.020997,785.4599665854122
570.300955,0.131069,-5.641353,785.964583,783.9701901727059
570.310955,0.131068,-5.641337,785.90817,785.4691967564153
570.320955,0.131068,-5.641322,785.851756,785.6633768781826
570.330955,0.131067,-5.641306,785.795343,785.652883784153
570.340955,0.131067,-5.641291,785.73893,785.9066330149577
570.350955,0.131067,-5.641275,785.682517,786.7073128747674
570.360955,0.131066,-5.64126,785.626105,784.3167963192669
570.370955,0.131066,-5.641245,785.569692,788.221467473287
570.380955,0.131066,-5.641229,785.51328,785.664990025246
570.390955,0.131065,-5.641214,785.456868,784.3138160328799
570.400955,0.131065,-5.641198,785.400456,783.8260448735101
570.410955,0.131065,-5.641183,785.344044,785.6218768297101
570.420955,0.131064,-5.641168,785.287632,785.132039937589
570.430955,0.131064,-5.641152,785.23122,785.7708556218317
570.440955,0.131064,-5.641137,785.174809,785.0258177856463
570.450955,0.131063,-5.641121,785.118398,786.3542310393984
570.460955,0.131063,-5.641106,785.061986,785.3009687364454
570.470955,0.131062,-5.641091,785.005575,786.7341866599568
570.480955,0.131062,-5.641075,784.949165,783.9675019536743
570.490955,0.131062,-5.64106,784.892754,785.6102449611111
570.500955,0.131061,-5.641044,784.836343,786.334704268304
570.510955,0.131061,-5.641029,784.779933,784.8463347307421
570.520955,0.131061,-5.641014,784.723523,783.5659039592837
570.530955,0.13106,-5.640998,784.667113,783.8917131026176
570.540955,0.13106,-5.640983,784.610703,787.1948294461679
570.550955,0.13106,-5.640967,784.554293,783.7311168547261
570.560955,0.131059,-5.640952,784.497883,786.7768323614619
570.570955,0.131059,-5.640937,784.441474,783.839219276687
570.580955,0.131059,-5.640921,784.385065,784.7019834303599
570.590955,0.131058,-5.640906,784.328656,782.7398531530247
570.600955,0.131058,-5.64089,784.272247,784.1522551494427
570.610955,0.131057,-5.640875,784.215838,786.0437139317246
570.620955,0.131057,-5.64086,784.159429,784.7317500038087
570.630955,0.131057,-5.640844,784.103021,785.197642526455
570.640955,0.131056,-5.640829,784.046612,785.3831287773636
570.650955,0.131056,-5.640813,783.990204,782.4852788679773
570.660955,0.131056,-5.640798,783.933796,785.3029140753162
570.670955,0.131055,-5.640783,783.877388,784.9308559067008
570.680955,0.131055,-5.640767,783.82098,782.1445012949341
570.690955,0.131055,-5.640752,783.764573,784.4112412250232
570.700955,0.131054,-5.640736,783.708165,781.3436846951311
570.710955,0.131054,-5.640721,783.651758,784.0684417381802
570.720955,0.131054,-5.640705,783.595351,783.4072333807559
570.730955,0.131053,-5.64069,783.538944,782.2707022521312
570.740955,0.131053,-5.640675,783.482537,781.6700664728904
570.750955,0.131052,-5.640659,783.42613,781.7559221939782
570.760955,0.131052,-5.640644,783.369724,781.3291768160292
570.770955,0.131052,-5.640628,783.313318,785.8018317066843
570.780955,0.131051,-5.640613,783.256911,785.0284078915112
570.790955,0.131051,-5.640598,783.200505,783.02808722023
570.800955,0.131051,-5.640582,783.144099,781.6108794015922
570.810955,0.13105,-5.640567,783.087694,783.454997384809
570.820955,0.13105,-5.640551,783.031288,783.3620454675877
570.830955,0.13105,-5.640536,782.974883,784.3946737831225
570.840955,0.131049,-5.640521,782.918477,784.7299246363069
570.850955,0.131049,-5.640505,782.862072,783.067808976884
570.860955,0.131048,-5.64049,782.805667,780.8391223126872
570.870955,0.131048,-5.640474,782.749262,781.2318723137603
570.880955,0.131048,-5.640459,782.692858,781.8789532270627
570.890955,0.131047,-5.640444,782.636453,780.1968270942943
570.900955,0.131047,-5.640428,782.580049,784.1806376984167
570.910955,0.131047,-5.640413,782.523645,781.4246523972283
570.920955,0.131046,-5.640397,782.467241,782.5674312377499
570.930955,0.131046,-5.640382,782.410837,779.9041423086006
570.940955,0.131046,-5.640367,782.354433,782.5084863912359
570.950955,0.131045,-5.640351,782.298029,782.7034445130934
570.960955,0.131045,-5.640336,782.241626,784.2615367569891
570.970955,0.131045,-5.64032,782.185223,781.5996497654494
570.980955,0.131044,-5.640305,782.12882,779.7518966025525
570.990955,0.131044,-5.64029,782.072417,782.4352694511477
571.000955,0.131043,-5.640274,782.016014,780.127805305022
571.010955,0.131043,-5.640259,781.959611,781.6645909064364
571.020955,0.131043,-5.640244,781.903209,783.6056879604713
571.030955,0.131042,-5.640228,781.846806,781.7254940436634
571.040955,0.131042,-5.640213,781.790404,779.6229822423034
571.050955,0.131042,-5.640197,781.734002,779.7152993817552
571.060955,0.131041,-5.640182,781.6776,781.2804338029284
571.070955,0.131041,-5.640167,781.621198,779.9258403666389
571.080955,0.131041,-5.640151,781.564797,781.0463004546768
571.090955,0.13104,-5.640136,781.508395,782.6326399658094
571.100955,0.13104,-5.64012,781.451994,782.6071307871097
571.110955,0.13104,-5.640105,781.395593,780.4122051280368
571.120955,0.131039,-5.64009,781.339192,779.046062965725
571.130955,0.131039,-5.640074,781.282791,780.9719479426064
571.140955,0.131038,-5.640059,781.22639,781.5119050636091
571.150955,0.131038,-5.640043,781.16999,781.6937679720372
571.160955,0.131038,-5.640028,781.11359,781.6682110204306
571.170955,0.131037,-5.640013,781.057189,782.1821315877214
571.180955,0.131037,-5.639997,781.000789,777.7853137376194
571.190955,0.131037,-5.639982,780.944389,781.4768355077757
571.200955,0.131036,-5.639966,780.88799,777.8184365274569
571.210955,0.131036,-5.639951,780.83159,781.304643457435
571.220955,0.131036,-5.639936,780.775191,780.648281614475
571.230955,0.131035,-5.63992,780.718791,776.8038369325462
571.240955,0.131035,-5.639905,780.662392,782.3421297613065
571.250955,0.131035,-5.639889,780.605993,780.7468165011684
571.260955,0.131034,-5.639874,780.549594,780.3640936329622
571.270955,0.131034,-5.639859,780.493196,780.7647279510397
571.280955,0.131033,-5.639843,780.436797,779.0488287327939
571.290955,0.131033,-5.639828,780.380399,778.7876906369264
571.300955,0.131033,-5.639812,780.324001,778.8368284590001
571.310955,0.131032,-5.639797,780.267603,781.2981813324614
571.320955,0.131032,-5.639782,780.211205,779.7018952265865
571.330955,0.131032,-5.639766,780.154807,780.6120158059865
571.340955,0.131031,-5.639751,780.098409,780.3864984714908
571.350955,0.131031,-5.639735,780.042012,781.4658253226295
571.360955,0.131031,-5.63972,779.985615,776.8487977985844
571.370955,0.13103,-5.639705,779.929218,779.5140070388942
571.380955,0.13103,-5.639689,779.872821,779.1301038104266
571.390955,0.131029,-5.639674,779.816424,779.9661576762732
571.400955,0.131029,-5.639659,779.760027,780.9994252333402
571.410955,0.131029,-5.639643,779.703631,780.0314335424836
571.420955,0.131028,-5.639628,779.647234,781.5977122778099
571.430955,0.131028,-5.639612,779.590838,782.7005351354028
571.440955,0.131028,-5.639597,779.534442,778.2948849574155
571.450955,0.131027,-5.639582,779.478046,781.3684418364588
571.460955,0.131027,-5.639566,779.42165,778.7027209140884
571.470955,0.131027,-5.639551,779.365255,781.3048530698076
571.480955,0.131026,-5.639535,779.308859,781.4049172022696
571.490955,0.131026,-5.63952,779.252464,778.166975538304
571.500955,0.131026,-5.639505,779.196069,777.6638719090356
571.510955,0.131025,-5.639489,779.139674,777.2044660566105
571.520955,0.131025,-5.639474,779.083279,776.3774214786199
571.530955,0.131024,-5.639458,779.026885,778.9068915202618
571.540955,0.131024,-5.639443,778.97049,775.888690211315
571.550955,0.131024,-5.639428,778.914096,779.2282508337115
571.560955,0.131023,-5.639412,778.857701,781.0364625304701
571.570955,0.131023,-5.639397,778.801307,778.5669512523081
571.580955,0.131023,-5.639382,778.744914,778.1069534245412
571.590955,0.131022,-5.639366,778.68852,779.224450742296
571.600955,0.131022,-5.639351,778.632126,775.6259191620342
571.610955,0.131022,-5.639335,778.575733,779.3904269534967
571.620955,0.131021,-5.63932,778.51934,778.2855074444589
571.630955,0.131021,-5.639305,778.462946,777.7876249798385
571.640955,0.131021,-5.639289,778.406553,778.3839534826959
571.650955,0.13102,-5.639274,778.350161,778.1542422006605
571.660955,0.13102,-5.639258,778.293768,778.4298037029782
571.670955,0.131019,-5.639243,778.237375,783.9747439448117
571.680955,0.131019,-5.639228,778.180983,780.0231407935435
571.690955,0.131019,-5.639212,778.124591,780.3968389542032
571.700955,0.131018,-5.639197,778.068199,776.1100254427222
571.710955,0.131018,-5.639182,778.011807,777.5670318658161
571.720955,0.131018,-5.639166,777.955415,776.524911017773
571.730955,0.131017,-5.639151,777.899024,778.4244182621117
571.740955,0.131017,-5.639135,777.842632,775.9610172153333
571.750955,0.131017,-5.63912,777.786241,777.5428825952941
571.760955,0.131016,-5.639105,777.72985,777.5746429755284
571.770955,0.131016,-5.639089,777.673459,777.1183076266875
571.780955,0.131016,-5.639074,777.617068,779.9305019848556
571.790955,0.131015,-5.639058,777.560677,777.2748458935054
571.800955,0.131015,-5.639043,777.504287,776.7996411531977
571.810955,0.131014,-5.639028,777.447897,776.5619732732679
571.820955,0.131014,-5.639012,777.391506,777.760539568425
571.830955,0.131014,-5.638997,777.335116,776.1841583540614
571.840955,0.131013,-5.638982,777.278726,774.3223061021157
571.850955,0.131013,-5.638966,777.222337,775.7924518818052
571.860955,0.131013,-5.638951,777.165947,776.4181334663265
571.870955,0.131012,-5.638935,777.109558,774.949552284791
571.880955,0.131012,-5.63892,777.053168,777.1905241428624
571.890955,0.131012,-5.638905,776.996779,777.2120276024452
571.900955,0.131011,-5.638889,776.94039,775.1851261676795
571.910955,0.131011,-5.638874,776.884001,774.9099080767527
571.920955,0.131011,-5.638858,776.827613,774.5542906006641
571.930955,0.13101,-5.638843,776.771224,777.3719620605563
571.940955,0.13101,-5.638828,776.714836,777.5850919518646
571.950955,0.131009,-5.638812,776.658448,776.3037445439285
571.960955,0.131009,-5.638797,776.60206,778.0967495478958
571.970955,0.131009,-5.638782,776.545672,776.7694525543959
571.980955,0.131008,-5.638766,776.489284,776.9786013723544
571.990955,0.131008,-5.638751,776.432896,777.2361713081432
572.000955,0.131008,-5.638735,776.376509,776.4894136058602
572.010955,0.131007,-5.63872,776.320122,774.5383912924901
572.020955,0.131007,-5.638705,776.263735,777.9410538899212
572.030955,0.131007,-5.638689,776.207348,776.9942735402217
572.040955,0.131006,-5.638674,776.150961,776.0306262896595
572.050955,0.131006,-5.638658,776.094574,776.8875017763149
572.060955,0.131006,-5.638643,776.038188,775.8671181256356
572.070955,0.131005,-5.638628,775.981801,777.7217011207989
572.080955,0.131005,-5.638612,775.925415,775.4929928755658
572.090955,0.131004,-5.638597,775.869029,775.7999955223951
572.100955,0.131004,-5.638582,775.812643,778.318500601394
572.110955,0.131004,-5.638566,775.756257,774.9492420299698
572.120955,0.131003,-5.638551,775.699872,775.5596861451785
572.130955,0.131003,-5.638535,775.643486,774.6339917098337
572.140955,0.131003,-5.63852,775.587101,775.7197727812921
572.150955,0.131002,-5.638505,775.530716,771.8308131117815
572.160955,0.131002,-5.638489,775.474331,773.707970944023
572.170955,0.131002,-5.638474,775.417946,772.5801620287958
572.180955,0.131001,-5.638459,775.361562,776.2188321124034
572.190955,0.131001,-5.638443,775.305177,775.9167902842215
572.200955,0.131,-5.638428,775.248793,776.4200177112823
572.210955,0.131,-5.638412,775.192408,771.655153122839
572.220955,0.131,-5.638397,775.136024,774.4433526494402
572.230955,0.130999,-5.638382,775.079641,776.1492314048902
572.240955,0.130999,-5.638366,775.023257,773.504514420938
572.250955,0.130999,-5.638351,774.966873,775.2485630362172
572.260955,0.130998,-5.638336,774.91049,777.0542846774892
572.270955,0.130998,-5.63832,774.854107,772.0707845555601
572.280955,0.130998,-5.638305,774.797723,775.4806809323356
572.290955,0.130997,-5.638289,774.74134,772.7622365227702
572.300955,0.130997,-5.638274,774.684958,771.3910811005709
572.310955,0.130997,-5.638259,774.628575,772.8653526895133
572.320955,0.130996,-5.638243,774.572192,774.1072788160446
572.330955,0.130996,-5.638228,774.51581,773.1012186701122
572.340955,0.130995,-5.638213,774.459428,773.633849334391
572.350955,0.130995,-5.638197,774.403046,776.1813710908588
572.360955,0.130995,-5.638182,774.346664,772.9730304873353
572.370955,0.130994,-5.638166,774.290282,773.9210445252766
572.380955,0.130994,-5.638151,774.233901,775.9587430453971
572.390955,0.130994,-5.638136,774.177519,775.2114465194156
572.400955,0.130993,-5.63812,774.121138,771.8976000525996
572.410955,0.130993,-5.638105,774.064757,772.6814953454722
572.420955,0.130993,-5.63809,774.008376,775.5076553697727
572.430955,0.130992,-5.638074,773.951995,774.5121218516506
572.440955,0.130992,-5.638059,773.895614,775.5160527916597
572.450955,0.130992,-5.638043,773.839234,774.1361598861442
572.460955,0.130991,-5.638028,773.782853,773.0861768856413
572.470955,0.130991,-5.638013,773.726473,776.117199890773
572.480955,0.13099,-5.637997,773.670093,774.8538581450432
572.490955,0.13099,-5.637982,773.613713,773.2884335627929
572.500955,0.13099,-5.637967,773.557334,771.4361498870328
572.510955,0.130989,-5.637951,773.500954,772.9942510833727
572.520955,0.130989,-5.637936,773.444575,776.0345751711257
572.530955,0.130989,-5.63792,773.388195,773.8029560585213
572.540955,0.130988,-5.637905,773.331816,771.8798892916037
572.550955,0.130988,-5.63789,773.275437,774.1942779506446
572.560955,0.130988,-5.637874,773.219058,773.4853259403807
572.570955,0.130987,-5.637859,773.16268,771.9455219770977
572.580955,0.130987,-5.637844,773.106301,773.4559360951986
572.590955,0.130987,-5.637828,773.049923,773.7211496902943
572.600955,0.130986,-5.637813,772.993545,774.4197213897976
572.610955,0.130986,-5.637797,772.937167,771.8565170868723
572.620955,0.130985,-5.637782,772.880789,773.4039621119595
572.630955,0.130985,-5.637767,772.824411,771.4749699568822
572.640955,0.130985,-5.637751,772.768033,770.8421817872305
572.650955,0.130984,-5.637736,772.711656,771.9088412248044
572.660955,0.130984,-5.637721,772.655279,772.6821203272513
572.670955,0.130984,-5.637705,772.598901,773.0689469948229
572.680955,0.130983,-5.63769,772.542524,773.488008026735
572.690955,0.130983,-5.637675,772.486148,772.0753554524466
572.700955,0.130983,-5.637659,772.429771,773.5502946998271
572.710955,0.130982,-5.637644,772.373394,771.8693094419676
572.720955,0.130982,-5.637628,772.317018,771.4582806767154
572.730955,0.130982,-5.637613,772.260642,772.1042731286549
572.740955,0.130981,-5.637598,772.204266,771.2615204762996
572.750955,0.130981,-5.637582,772.14789,770.5652672822405
572.760955,0.13098,-5.637567,772.091514,772.7633663268698
572.770955,0.13098,-5.637552,772.035139,771.7116118310385
572.780955,0.13098,-5.637536,771.978763,772.1970207502858
572.790955,0.130979,-5.637521,771.922388,771.984377011741
572.800955,0.130979,-5.637505,771.866013,772.0700836352918
572.810955,0.130979,-5.63749,771.809638,769.5602503292191
572.820955,0.130978,-5.637475,771.753263,773.0727011812047
572.830955,0.130978,-5.637459,771.696888,771.9117439199226
572.840955,0.130978,-5.637444,771.640514,769.864100005646
572.850955,0.130977,-5.637429,771.584139,772.6659526896971
572.860955,0.130977,-5.637413,771.527765,771.3399901509996
572.870955,0.130977,-5.637398,771.471391,768.1950901433764
572.880955,0.130976,-5.637383,771.415017,770.7091398019892
572.890955,0.130976,-5.637367,771.358643,769.0797290828262
572.900955,0.130975,-5.637352,771.30227,770.3351762283002
572.910955,0.130975,-5.637336,771.245896,770.1615730894083
572.920955,0.130975,-5.637321,771.189523,771.9918753686391
572.930955,0.130974,-5.637306,771.13315,770.690910883169
572.940955,0.130974,-5.63729,771.076777,770.8351040757375
572.950955,0.130974,-5.637275,771.020404,769.7288615902102
572.960955,0.130973,-5.63726,770.964032,772.4887064109872
572.970955,0.130973,-5.637244,770.907659,769.9152392567573
572.980955,0.130973,-5.637229,770.851287,769.6907849385315
572.990955,0.130972,-5.637214,770.794914,773.6469175931401
573.000955,0.130972,-5.637198,770.738542,770.3666546143883
573.010955,0.130972,-5.637183,770.68217,767.2419002557548
573.020955,0.130971,-5.637167,770.625799,769.6792203424698
573.030955,0.130971,-5.637152,770.569427,769.9737506674971
573.040955,0.13097,-5.637137,770.513056,769.9947553117725
573.050955,0.13097,-5.637121,770.456684,769.8332241857676
573.060955,0.13097,-5.637106,770.400313,769.097226804094
573.070955,0.130969,-5.637091,770.343942,769.280336358548
573.080955,0.130969,-5.637075,770.287571,768.1621300012857
573.090955,0.130969,-5.63706,770.231201,769.7834257278289
573.100955,0.130968,-5.637045,770.17483,767.5416464811569
573.110955,0.130968,-5.637029,770.11846,770.5812877988653
573.120955,0.130968,-5.637014,770.06209,768.2879836032813
573.130955,0.130967,-5.636998,770.00572,768.8562195570095
573.140955,0.130967,-5.636983,769.94935,770.9163460298884
573.150955,0.130967,-5.636968,769.89298,770.1829770303306
573.160955,0.130966,-5.636952,769.83661,769.5179582371969
573.170955,0.130966,-5.636937,769.780241,768.3245670563158
573.180955,0.130965,-5.636922,769.723872,769.5491801610428
573.190955,0.130965,-5.636906,769.667502,772.1194191204049
573.200955,0.130965,-5.636891,769.611133,773.3139142940187
573.210955,0.130964,-5.636876,769.554765,767.9048965319579
573.220955,0.130964,-5.63686,769.498396,769.0852575335497
573.230955,0.130964,-5.636845,769.442027,765.2869971957554
573.240955,0.130963,-5.63683,769.385659,766.9221947149562
573.250955,0.130963,-5.636814,769.329291,768.5766266897933
573.260955,0.130963,-5.636799,769.272923,770.4999170948415
573.270955,0.130962,-5.636783,769.216555,769.7202977303217
573.280955,0.130962,-5.636768,769.160187,768.7647926680579
573.290955,0.130962,-5.636753,769.103819,769.6359950592363
573.300955,0.130961,-5.636737,769.047452,768.9927087552725
573.310955,0.130961,-5.636722,768.991085,765.711941775731
573.320955,0.13096,-5.636707,768.934718,768.1226030134636
573.330955,0.13096,-5.636691,768.878351,770.8237924133027
573.340955,0.13096,-5.636676,768.821984,769.7829585298061
573.350955,0.130959,-5.636661,768.765617,768.586285639188
573.360955,0.130959,-5.636645,768.709251,767.5312638193849
573.370955,0.130959,-5.63663,768.652884,767.7481879897132
573.380955,0.130958,-5.636614,768.596518,767.5559330795446
573.390955,0.130958,-5.636599,768.540152,768.522050388981
573.400955,0.130958,-5.636584,768.483786,768.0973947516939
573.410955,0.130957,-5.636568,768.42742,768.0556123185434
573.420955,0.130957,-5.636553,768.371055,767.5828264116576
573.430955,0.130957,-5.636538,768.314689,768.795905592612
573.440955,0.130956,-5.636522,768.258324,765.2354970497397
573.450955,0.130956,-5.636507,768.201959,769.1402049168482
573.460955,0.130955,-5.636492,768.145594,769.6371889143963
573.470955,0.130955,-5.636476,768.089229,766.4342222699929
573.480955,0.130955,-5.636461,768.032864,768.2854765025145
573.490955,0.130954,-5.636446,767.9765,768.9180955731384
573.500955,0.130954,-5.63643,767.920135,767.1148963389928
573.510955,0.130954,-5.636415,767.863771,768.5467676252441
573.520955,0.130953,-5.6364,767.807407,766.3373255350702
573.530955,0.130953,-5.636384,767.751043,766.5281479761632
573.540955,0.130953,-5.636369,767.694679,766.9015686075301
573.550955,0.130952,-5.636353,767.638316,766.1941803170401
573.560955,0.130952,-5.636338,767.581952,765.8061056787401
573.570955,0.130951,-5.636323,767.525589,766.7927242374958
573.580955,0.130951,-5.636307,767.469226,766.8824346723745
573.590955,0.130951,-5.636292,767.412863,766.2881521361007
573.600955,0.13095,-5.636277,767.3565,766.7007036834501
573.610955,0.13095,-5.636261,767.300137,770.0575197305607
573.620955,0.13095,-5.636246,767.243775,766.6918934808194
573.630955,0.130949,-5.636231,767.187412,768.9953732619701
573.640955,0.130949,-5.636215,767.13105,766.2570579205399
573.650955,0.130949,-5.6362,767.074688,766.147056610696
573.660955,0.130948,-5.636185,767.018326,764.9011958270688
573.670955,0.130948,-5.636169,766.961964,765.4753283204169
573.680955,0.130948,-5.636154,766.905603,764.2532110728877
573.690955,0.130947,-5.636138,766.849241,765.019120284065
573.700955,0.130947,-5.636123,766.79288,767.5279736978007
573.710955,0.130946,-5.636108,766.736519,765.0032455253421
573.720955,0.130946,-5.636092,766.680158,769.8095577242907
573.730955,0.130946,-5.636077,766.623797,765.22801353743
573.740955,0.130945,-5.636062,766.567436,764.1523176789009
573.750955,0.130945,-5.636046,766.511076,766.1498584534959
573.760955,0.130945,-5.636031,766.454715,766.102793881329
573.770955,0.130944,-5.636016,766.398355,762.8005832047583
573.780955,0.130944,-5.636,766.341995,763.6888927929783
573.790955,0.130944,-5.635985,766.285635,765.3205589200664
573.800955,0.130943,-5.63597,766.229275,767.5870791680478
573.810955,0.130943,-5.635954,766.172916,767.2992025497749
573.820955,0.130943,-5.635939,766.116556,766.0500901034395
573.830955,0.130942,-5.635924,766.060197,766.2491156371101
573.840955,0.130942,-5.635908,766.003838,762.537193721131
573.850955,0.130941,-5.635893,765.947479,769.1098875947853
573.860955,0.130941,-5.635878,765.89112,766.5837788992177
573.870955,0.130941,-5.635862,765.834761,764.5785704279909
573.880955,0.13094,-5.635847,765.778403,764.4622885814664
573.890955,0.13094,-5.635831,765.722044,766.3533978073123
573.900955,0.13094,-5.635816,765.665686,766.9352096174202
573.910955,0.130939,-5.635801,765.609328,764.3877164241892
573.920955,0.130939,-5.635785,765.55297,767.4576330376835
573.930955,0.130939,-5.63577,765.496612,764.6870461596823
573.940955,0.130938,-5.635755,765.440255,765.8654150386772
573.950955,0.130938,-5.635739,765.383897,762.3393168429948
573.960955,0.130938,-5.635724,765.32754,767.6710782390277
573.970955,0.130937,-5.635709,765.271183,764.5666192297905
573.980955,0.130937,-5.635693,765.214826,765.2161797672037
573.990955,0.130936,-5.635678,765.158469,766.259402879247
574.000955,0.130936,-5.635663,765.102112,766.1223984804825
574.010955,0.130936,-5.635647,765.045756,767.3359993364645
574.020955,0.130935,-5.635632,764.989399,763.9267845377483
574.030955,0.130935,-5.635617,764.933043,762.2938192795419
574.040955,0.130935,-5.635601,764.876687,763.6689937769826
574.050955,0.130934,-5.635586,764.820331,763.853209842313
574.060955,0.130934,-5.635571,764.763975,765.8691852839552
574.070955,0.130934,-5.635555,764.707619,764.677077465126
574.080955,0.130933,-5.63554,764.651264,763.5887771962448
574.090955,0.130933,-5.635525,764.594909,765.678762549976
574.100955,0.130933,-5.635509,764.538553,762.2321083463581
574.110955,0.130932,-5.635494,764.482198,763.8144977516511
574.120955,0.130932,-5.635479,764.425844,764.3322624873672
574.130955,0.130931,-5.635463,764.369489,761.4654023141749
574.140955,0.130931,-5.635448,764.313134,762.4815289433524
574.150955,0.130931,-5.635432,764.25678,763.4373603522114
574.160955,0.13093,-5.635417,764.200426,761.5106355674328
574.170955,0.13093,-5.635402,764.144072,765.5501567933289
574.180955,0.13093,-5.635386,764.087718,766.1802626145105
574.190955,0.130929,-5.635371,764.031364,762.36634649595
574.200955,0.130929,-5.635356,763.97501,764.2431471018768
574.210955,0.130929,-5.63534,763.918657,763.2018147270031
574.220955,0.130928,-5.635325,763.862303,764.2284390381247
574.230955,0.130928,-5.63531,763.80595,764.4414092012821
574.240955,0.130928,-5.635294,763.749597,764.9458053078869
574.250955,0.130927,-5.635279,763.693244,764.4636419388162
574.260955,0.130927,-5.635264,763.636892,762.126712833058
574.270955,0.130926,-5.635248,763.580539,763.5243394171574
574.280955,0.130926,-5.635233,763.524187,764.8521058985917
574.290955,0.130926,-5.635218,763.467834,762.3201216246711
574.300955,0.130925,-5.635202,763.411482,763.9565613167013
574.310955,0.130925,-5.635187,763.35513,765.823095189058
574.320955,0.130925,-5.635172,763.298779,761.536429565246
574.330955,0.130924,-5.635156,763.242427,762.5094615861492
574.340955,0.130924,-5.635141,763.186075,760.8554775118191
574.350955,0.130924,-5.635126,763.129724,761.8322125491022
574.360955,0.130923,-5.63511,763.073373,763.1619652797884
574.370955,0.130923,-5.635095,763.017022,762.7550002920317
574.380955,0.130923,-5.63508,762.960671,762.4460454532738
574.390955,0.130922,-5.635064,762.90432,762.1194443559692
574.400955,0.130922,-5.635049,762.84797,763.7042045189502
574.410955,0.130921,-5.635034,762.791619,762.13889613541
574.420955,0.130921,-5.635018,762.735269,764.3944258671917
574.430955,0.130921,-5.635003,762.678919,761.5847804826316
574.440955,0.13092,-5.634988,762.622569,761.0735746838951
574.450955,0.13092,-5.634972,762.566219,761.8106197353738
574.460955,0.13092,-5.634957,762.50987,763.0269521554694
574.470955,0.130919,-5.634942,762.45352,760.983917157361
574.480955,0.130919,-5.634926,762.397171,762.3673236791918
574.490955,0.130919,-5.634911,762.340822,763.2378090724695
574.500955,0.130918,-5.634896,762.284473,762.8229215188599
574.510955,0.130918,-5.63488,762.228124,760.0838135556825
574.520955,0.130918,-5.634865,762.171775,759.8570781208732
574.530955,0.130917,-5.63485,762.115426,760.5880135010957
574.540955,0.130917,-5.634834,762.059078,763.681597888675
574.550955,0.130916,-5.634819,762.00273,759.8807155256815
574.560955,0.130916,-5.634804,761.946382,761.7341107032722
574.570955,0.130916,-5.634788,761.890034,762.4032869458118
574.580955,0.130915,-5.634773,761.833686,761.1760245096098
574.590955,0.130915,-5.634757,761.777338,765.5492006649456
574.600955,0.130915,-5.634742,761.720991,761.5042822213829
574.610955,0.130914,-5.634727,761.664643,760.2938261907337
574.620955,0.130914,-5.634711,761.608296,761.7179206785238
574.630955,0.130914,-5.634696,761.551949,762.9398095113032
574.640955,0.130913,-5.634681,761.495602,759.7199850195776
574.650955,0.130913,-5.634665,761.439255,761.0440000027247
574.660955,0.130913,-5.63465,761.382909,756.192707320255
574.670955,0.130912,-5.634635,761.326562,763.1903080885936
574.680955,0.130912,-5.634619,761.270216,761.1277936965437
574.690955,0.130912,-5.634604,761.21387,761.7954464972557
574.700955,0.130911,-5.634589,761.157524,761.8534730010101
574.710955,0.130911,-5.634573,761.101178,760.9886479910382
574.720955,0.13091,-5.634558,761.044833,759.9314549826645
574.730955,0.13091,-5.634543,760.988487,759.9290044959997
574.740955,0.13091,-5.634527,760.932142,758.5237370347805
574.750955,0.130909,-5.634512,760.875797,761.139033410856
574.760955,0.130909,-5.634497,760.819452,761.5078780959517
574.770955,0.130909,-5.634481,760.763107,762.9307629055871
574.780955,0.130908,-5.634466,760.706762,760.6038518340547
574.790955,0.130908,-5.634451,760.650417,759.2676793638095
574.800955,0.130908,-5.634435,760.594073,757.2196092010051
574.810955,0.130907,-5.63442,760.537729,759.1218615288668
574.820955,0.130907,-5.634405,760.481385,762.4463945403505
574.830955,0.130907,-5.634389,760.425041,760.4032710121054
574.840955,0.130906,-5.634374,760.368697,760.0204564897504
574.850955,0.130906,-5.634359,760.312353,760.2319981547427
574.860955,0.130905,-5.634343,760.25601,758.4314616212596
574.870955,0.130905,-5.634328,760.199666,758.7300614563263
574.880955,0.130905,-5.634313,760.143323,758.0974291696424
574.890955,0.130904,-5.634297,760.08698,759.6020833830997
574.900955,0.130904,-5.634282,760.030637,761.0529232097051
574.910955,0.130904,-5.634267,759.974294,762.551936462875
574.920955,0.130903,-5.634251,759.917952,761.0485799763962
574.930955,0.130903,-5.634236,759.861609,758.6205565737283
574.940955,0.130903,-5.634221,759.805267,759.6056221547163
574.950955,0.130902,-5.634205,759.748925,760.2686629730852
574.960955,0.130902,-5.63419,759.692583,760.4237363408898
574.970955,0.130902,-5.634175,759.636241,756.0225632728396
574.980955,0.130901,-5.634159,759.579899,758.9524876158848
574.990955,0.130901,-5.634144,759.523558,760.4110150546514
575.000955,0.1309,-5.634129,759.467216,758.7179408632684
575.010955,0.1309,-5.634113,759.410875,758.1592480243378
575.020955,0.1309,-5.634098,759.354534,758.6547561454171
575.030955,0.130899,-5.634083,759.298193,759.3525501851622
575.040955,0.130899,-5.634067,759.241853,760.9262684864573
575.050955,0.130899,-5.634052,759.185512,759.1783266399627
575.060955,0.130898,-5.634037,759.129172,756.5567776742008
575.070955,0.130898,-5.634022,759.072831,758.0399004649198
575.080955,0.130898,-5.634006,759.016491,757.9982929282859
575.090955,0.130897,-5.633991,758.960151,759.669844048344
575.100955,0.130897,-5.633976,758.903811,759.329596123019
575.110955,0.130897,-5.63396,758.847472,758.6687690768315
575.120955,0.130896,-5.633945,758.791132,759.0991498279705
575.130955,0.130896,-5.63393,758.734793,757.2255672589902
575.140955,0.130895,-5.633914,758.678453,757.8366997513139
575.150955,0.130895,-5.633899,758.622114,756.3774850334115
575.160955,0.130895,-5.633884,758.565775,759.4366184624512
575.170955,0.130894,-5.633868,758.509437,754.2146469513557
575.180955,0.130894,-5.633853,758.453098,758.8050871222582
575.190955,0.130894,-5.633838,758.39676,756.1730333826031
575.200955,0.130893,-5.633822,758.340421,756.6017299084414
575.210955,0.130893,-5.633807,758.284083,758.0228166132341
575.220955,0.130893,-5.633792,758.227745,758.4860965517207
575.230955,0.130892,-5.633776,758.171407,760.531234153465
575.240955,0.130892,-5.633761,758.11507,759.0580532077435
575.250955,0.130892,-5.633746,758.058732,757.3510380365462
575.260955,0.130891,-5.63373,758.002395,756.7150419276757
575.270955,0.130891,-5.633715,757.946058,757.3417442356842
575.280955,0.13089,-5.6337,757.889721,758.6725568678191
575.290955,0.13089,-5.633684,757.833384,756.676934713302
575.300955,0.13089,-5.633669,757.777047,756.8865696638649
575.310955,0.130889,-5.633654,757.72071,756.1232786943713
575.320955,0.130889,-5.633638,757.664374,755.5396049197917
575.330955,0.130889,-5.633623,757.608037,755.5255917260043
575.340955,0.130888,-5.633608,757.551701,756.9747849201232
575.350955,0.130888,-5.633592,757.495365,757.3981921780206
575.360955,0.130888,-5.633577,757.439029,760.4032522004404
575.370955,0.130887,-5.633562,757.382694,757.9451560588942
575.380955,0.130887,-5.633546,757.326358,757.452003169889
575.390955,0.130887,-5.633531,757.270023,758.8873040170986
575.400955,0.130886,-5.633516,757.213688,755.9090089168327
575.410955,0.130886,-5.6335,757.157353,755.344354415239
575.420955,0.130885,-5.633485,757.101018,756.799242783363
575.430955,0.130885,-5.63347,757.044683,756.208880373929
575.440955,0.130885,-5.633454,756.988348,758.7086138355046
575.450955,0.130884,-5.633439,756.932014,758.0175714871656
575.460955,0.130884,-5.633424,756.875679,758.1074159333152
575.470955,0.130884,-5.633408,756.819345,756.5125143337903
575.480955,0.130883,-5.633393,756.763011,757.5913382146437
575.490955,0.130883,-5.633378,756.706677,758.3034105344678
575.500955,0.130883,-5.633363,756.650344,757.4897567285622
575.510955,0.130882,-5.633347,756.59401,758.3371197367579
575.520955,0.130882,-5.633332,756.537677,758.2227692333323
575.530955,0.130882,-5.633317,756.481343,753.4428715547875
575.540955,0.130881,-5.633301,756.42501,758.4737600558992
575.550955,0.130881,-5.633286,756.368677,756.3491843799618
575.560955,0.13088,-5.633271,756.312345,755.5767908785909
575.570955,0.13088,-5.633255,756.256012,756.5757551325885
575.580955,0.13088,-5.63324,756.19968,755.1921277483854
575.590955,0.130879,-5.633225,756.143347,753.9784077379566
575.600955,0.130879,-5.633209,756.087015,756.3298521300877
575.610955,0.130879,-5.633194,756.030683,756.6275585049806
575.620955,0.130878,-5.633179,755.974351,756.6295786806522
575.630955,0.130878,-5.633163,755.918019,755.9953577824339
575.640955,0.130878,-5.633148,755.861688,757.2605692670534
575.650955,0.130877,-5.633133,755.805357,755.0324995870182
575.660955,0.130877,-5.633117,755.749025,758.284876087876
575.670955,0.130877,-5.633102,755.692694,757.0777117208764
575.680955,0.130876,-5.633087,755.636363,754.9072379671926
575.690955,0.130876,-5.633071,755.580032,756.1485171355415
575.700955,0.130875,-5.633056,755.523702,754.8480812709821
575.710955,0.130875,-5.633041,755.467371,754.9277670736985
575.720955,0.130875,-5.633025,755.411041,757.3239568914207
575.730955,0.130874,-5.63301,755.354711,752.2096895572971
575.740955,0.130874,-5.632995,755.298381,753.6080630828982
575.750955,0.130874,-5.63298,755.242051,754.8291293031854
575.760955,0.130873,-5.632964,755.185721,755.4807733157056
575.770955,0.130873,-5.632949,755.129392,755.9464374185596
575.780955,0.130873,-5.632934,755.073062,754.0952187336279
575.790955,0.130872,-5.632918,755.016733,754.3914819886941
575.800955,0.130872,-5.632903,754.960404,753.5277926323673
575.810955,0.130872,-5.632888,754.904075,754.2106788549122
575.820955,0.130871,-5.632872,754.847746,753.7647927533419
575.830955,0.130871,-5.632857,754.791417,755.2593578340588
575.840955,0.13087,-5.632842,754.735089,753.707157967556
575.850955,0.13087,-5.632826,754.678761,750.7724768463424
575.860955,0.13087,-5.632811,754.622432,753.1013821004235
575.870955,0.130869,-5.632796,754.566104,751.287505179232
575.880955,0.130869,-5.63278,754.509777,755.1413687653522
575.890955,0.130869,-5.632765,754.453449,755.5456171352611
575.900955,0.130868,-5.63275,754.397121,752.1818828963052
575.910955,0.130868,-5.632734,754.340794,753.6316824003736
575.920955,0.130868,-5.632719,754.284467,755.2129363118304
575.930955,0.130867,-5.632704,754.228139,752.8112535678332
575.940955,0.130867,-5.632689,754.171812,755.0714554531011
575.950955,0.130867,-5.632673,754.115486,751.3994130756772
575.960955,0.130866,-5.632658,754.059159,753.0404684992233
575.970955,0.130866,-5.632643,754.002832,753.52726644192
575.980955,0.130865,-5.632627,753.946506,753.5260621156086
575.990955,0.130865,-5.632612,753.89018,756.4438794130833
576.000955,0.130865,-5.632597,753.833854,751.8649041801698
576.010955,0.130864,-5.632581,753.777528,755.0092655985452
576.020955,0.130864,-5.632566,753.721202,752.3861061413588
576.030955,0.130864,-5.632551,753.664877,752.6121458412377
576.040955,0.130863,-5.632535,753.608551,754.4418938835399
576.050955,0.130863,-5.63252,753.552226,753.3671498283323
576.060955,0.130863,-5.632505,753.495901,752.1896540439236
576.070955,0.130862,-5.632489,753.439576,748.360922300825
576.080955,0.130862,-5.632474,753.383251,750.7562549468147
576.090955,0.130862,-5.632459,753.326926,750.3445888627425
576.100955,0.130861,-5.632444,753.270602,752.6137820448687
576.110955,0.130861,-5.632428,753.214278,754.1058304510951
576.120955,0.130861,-5.632413,753.157953,752.6419034302554
576.130955,0.13086,-5.632398,753.101629,751.6697775291939
576.140955,0.13086,-5.632382,753.045305,751.8919576323922
576.150955,0.130859,-5.632367,752.988982,754.9130609472936
576.160955,0.130859,-5.632352,752.932658,750.966543321874
576.170955,0.130859,-5.632336,752.876335,752.0109606116631
576.180955,0.130858,-5.632321,752.820011,750.3681471740769
576.190955,0.130858,-5.632306,752.763688,751.2217984279035
576.200955,0.130858,-5.63229,752.707365,752.4450957619978
576.210955,0.130857,-5.632275,752.651042,751.1019455976907
576.220955,0.130857,-5.63226,752.59472,750.825045761696
576.230955,0.130857,-5.632244,752.538397,756.2622411066073
576.240955,0.130856,-5.632229,752.482075,751.8810518209034
576.250955,0.130856,-5.632214,752.425753,751.5037092729606
576.260955,0.130856,-5.632199,752.369431,753.5491117014184
576.270955,0.130855,-5.632183,752.313109,751.1049180940627
576.280955,0.130855,-5.632168,752.256787,750.6554787879662
576.290955,0.130854,-5.632153,752.200465,752.0275113176609
576.300955,0.130854,-5.632137,752.144144,752.9094638531574
576.310955,0.130854,-5.632122,752.087822,752.752070266205
576.320955,0.130853,-5.632107,752.031501,750.8701544554467
576.330955,0.130853,-5.632091,751.97518,752.2996410102934
576.340955,0.130853,-5.632076,751.91886,754.1838988929875
576.350955,0.130852,-5.632061,751.862539,750.1269078113454
576.360955,0.130852,-5.632045,751.806218,750.3419190013697
576.370955,0.130852,-5.63203,751.749898,750.4626753588975
576.380955,0.130851,-5.632015,751.693578,751.186089409153
576.390955,0.130851,-5.632,751.637258,753.7821934386819
576.400955,0.130851,-5.631984,751.580938,752.9592514759327
576.410955,0.13085,-5.631969,751.524618,752.6266561863964
576.420955,0.13085,-5.631954,751.468298,751.9898346397421
576.430955,0.130849,-5.631938,751.411979,750.3778610814825
576.440955,0.130849,-5.631923,751.35566,750.4857035620513
576.450955,0.130849,-5.631908,751.29934,750.4670037407205
576.460955,0.130848,-5.631892,751.243021,750.0464825466453
576.470955,0.130848,-5.631877,751.186703,752.7989792738691
576.480955,0.130848,-5.631862,751.130384,749.1196347529166
576.490955,0.130847,-5.631847,751.074065,750.3056312954583
576.500955,0.130847,-5.631831,751.017747,751.6161946025934
576.510955,0.130847,-5.631816,750.961429,751.5859772790839
576.520955,0.130846,-5.631801,750.905111,750.522218136005
576.530955,0.130846,-5.631785,750.848793,749.5841786737909
576.540955,0.130846,-5.63177,750.792475,752.3194194108431
576.550955,0.130845,-5.631755,750.736157,750.9675694654547
576.560955,0.130845,-5.631739,750.67984,749.2596904059875
576.570955,0.130844,-5.631724,750.623523,750.8211942531425
576.580955,0.130844,-5.631709,750.567205,750.5988802488221
576.590955,0.130844,-5.631693,750.510888,751.7020365832091
576.600955,0.130843,-5.631678,750.454571,748.9980879143176
576.610955,0.130843,-5.631663,750.398255,751.0672727192315
576.620955,0.130843,-5.631648,750.341938,752.2695000928501
576.630955,0.130842,-5.631632,750.285622,750.140853975972
576.640955,0.130842,-5.631617,750.229306,750.6714483332483
576.650955,0.130842,-5.631602,750.172989,749.3356447255283
576.660955,0.130841,-5.631586,750.116674,750.3469432768205
576.670955,0.130841,-5.631571,750.060358,748.6567722024103
576.680955,0.130841,-5.631556,750.004042,749.8361341901494
576.690955,0.13084,-5.63154,749.947727,747.7411841757544
576.700955,0.13084,-5.631525,749.891411,749.6798536616594
576.710955,0.130839,-5.63151,749.835096,749.2342280137532
576.720955,0.130839,-5.631495,749.778781,749.9942293328695
576.730955,0.130839,-5.631479,749.722466,748.5724819819102
576.740955,0.130838,-5.631464,749.666152,749.8047755284117
576.750955,0.130838,-5.631449,749.609837,749.3868056912501
576.760955,0.130838,-5.631433,749.553523,751.5967253915098
576.770955,0.130837,-5.631418,749.497208,747.9357803581
576.780955,0.130837,-5.631403,749.440894,749.0560413878784
576.790955,0.130837,-5.631387,749.38458,750.6171506566521
576.800955,0.130836,-5.631372,749.328266,749.7208238747139
576.810955,0.130836,-5.631357,749.271953,747.6184163548935
576.820955,0.130836,-5.631342,749.215639,750.0547922448578
576.830955,0.130835,-5.631326,749.159326,750.1750624456782
576.840955,0.130835,-5.631311,749.103013,748.5794028777564
576.850955,0.130835,-5.631296,749.0467,747.871616068631
576.860955,0.130834,-5.63128,748.990387,749.9996199153395
576.870955,0.130834,-5.631265,748.934074,750.1269739382991
576.880955,0.130833,-5.63125,748.877762,745.9178008501591
576.890955,0.130833,-5.631234,748.821449,749.168568342627
576.900955,0.130833,-5.631219,748.765137,750.2833184086254
576.910955,0.130832,-5.631204,748.708825,749.6350111669553
576.920955,0.130832,-5.631189,748.652513,747.635989790898
576.930955,0.130832,-5.631173,748.596201,747.2760864685221
576.940955,0.130831,-5.631158,748.539889,749.1063453974523
576.950955,0.130831,-5.631143,748.483578,748.2697349318516
576.960955,0.130831,-5.631127,748.427266,749.4278910526875
576.970955,0.13083,-5.631112,748.370955,748.4938181537095
576.980955,0.13083,-5.631097,748.314644,746.2971618135156
576.990955,0.13083,-5.631081,748.258333,746.8808970342609
577.000955,0.130829,-5.631066,748.202023,747.3264862512124
577.010955,0.130829,-5.631051,748.145712,749.7081551031001
577.020955,0.130828,-5.631036,748.089402,747.9334793578818
577.030955,0.130828,-5.63102,748.033091,747.136896416106
577.040955,0.130828,-5.631005,747.976781,745.8600013464586
577.050955,0.130827,-5.63099,747.920471,748.5158985393595
577.060955,0.130827,-5.630974,747.864161,748.646178060589
577.070955,0.130827,-5.630959,747.807852,748.16174526988
577.080955,0.130826,-5.630944,747.751542,747.5287661952593
577.090955,0.130826,-5.630929,747.695233,747.6558165497079
577.100955,0.130826,-5.630913,747.638924,747.0531012075267
577.110955,0.130825,-5.630898,747.582615,745.7022081005052
577.120955,0.130825,-5.630883,747.526306,744.8809465119283
577.130955,0.130825,-5.630867,747.469997,746.777208048176
577.140955,0.130824,-5.630852,747.413688,747.258142754513
577.150955,0.130824,-5.630837,747.35738,747.6488884182519
577.160955,0.130823,-5.630821,747.301072,746.0609840401931
577.170955,0.130823,-5.630806,747.244763,746.8945520913956
577.180955,0.130823,-5.630791,747.188455,747.1832926783051
577.190955,0.130822,-5.630776,747.132148,743.4233966799989
577.200955,0.130822,-5.63076,747.07584,746.7538452378498
577.210955,0.130822,-5.630745,747.019532,743.66853481775
577.220955,0.130821,-5.63073,746.963225,749.8253086754897
577.230955,0.130821,-5.630714,746.906918,745.1907710203566
577.240955,0.130821,-5.630699,746.850611,746.405409231686
577.250955,0.13082,-5.630684,746.794304,745.6343794868501
577.260955,0.13082,-5.630669,746.737997,744.8961099251602
577.270955,0.13082,-5.630653,746.68169,744.1871609106945
577.280955,0.130819,-5.630638,746.625384,745.6193438155329
577.290955,0.130819,-5.630623,746.569078,747.3487475167736
577.300955,0.130818,-5.630607,746.512772,746.9222651373327
577.310955,0.130818,-5.630592,746.456466,746.0225624440185
577.320955,0.130818,-5.630577,746.40016,745.5155335071548
577.330955,0.130817,-5.630561,746.343854,745.4733573150456
577.340955,0.130817,-5.630546,746.287549,745.2925195641685
577.350955,0.130817,-5.630531,746.231243,747.1568589134007
577.360955,0.130816,-5.630516,746.174938,744.9560916804699
577.370955,0.130816,-5.6305,746.118633,748.0569195485031
577.380955,0.130816,-5.630485,746.062328,743.1254436975045
577.390955,0.130815,-5.63047,746.006023,748.0587176946847
577.400955,0.130815,-5.630454,745.949718,745.0888601640098
577.410955,0.130815,-5.630439,745.893414,747.1604148358825
577.420955,0.130814,-5.630424,745.83711,745.9119105328665
577.430955,0.130814,-5.630409,745.780806,746.5959941124055
577.440955,0.130814,-5.630393,745.724502,745.5223300241358
577.450955,0.130813,-5.630378,745.668198,746.5650124975728
577.460955,0.130813,-5.630363,745.611894,743.0278502819041
577.470955,0.130812,-5.630347,745.55559,745.4343669869495
577.480955,0.130812,-5.630332,745.499287,744.8055806727571
577.490955,0.130812,-5.630317,745.442984,744.8976948299917
577.500955,0.130811,-5.630302,745.386681,744.7290758319879
577.510955,0.130811,-5.630286,745.330378,746.2159057277529
577.520955,0.130811,-5.630271,745.274075,748.5969390794738
577.530955,0.13081,-5.630256,745.217772,746.4057734384528
577.540955,0.13081,-5.63024,745.16147,745.0608827071766
577.550955,0.13081,-5.630225,745.105168,745.4423691364195
577.560955,0.130809,-5.63021,745.048865,744.4496829831357
577.570955,0.130809,-5.630195,744.992563,746.5063522202977
577.580955,0.130809,-5.630179,744.936261,745.2493131926616
577.590955,0.130808,-5.630164,744.87996,745.4729555480553
577.600955,0.130808,-5.630149,744.823658,744.5609557886002
577.610955,0.130807,-5.630133,744.767357,746.3472040078972
577.620955,0.130807,-5.630118,744.711056,744.413241073048
577.630955,0.130807,-5.630103,744.654754,742.4976935839346
577.640955,0.130806,-5.630088,744.598453,744.7839549116298
577.650955,0.130806,-5.630072,744.542153,743.3837527492047
577.660955,0.130806,-5.630057,744.485852,743.2872632011611
577.670955,0.130805,-5.630042,744.429552,746.4420822984013
577.680955,0.130805,-5.630026,744.373251,743.0372035909191
577.690955,0.130805,-5.630011,744.316951,743.7226275936691
577.700955,0.130804,-5.629996,744.260651,744.2432377004004
577.710955,0.130804,-5.629981,744.204351,745.8110023693417
577.720955,0.130804,-5.629965,744.148051,742.5913970551454
577.730955,0.130803,-5.62995,744.091752,744.6866347567554
577.740955,0.130803,-5.629935,744.035452,743.073167378523
577.750955,0.130802,-5.629919,743.979153,746.532977460242
577.760955,0.130802,-5.629904,743.922854,745.1204751176426
577.770955,0.130802,-5.629889,743.866555,743.768266340016
577.780955,0.130801,-5.629874,743.810256,743.0827088868172
577.790955,0.130801,-5.629858,743.753958,745.899915791222
577.800955,0.130801,-5.629843,743.697659,742.751377943722
577.810955,0.1308,-5.629828,743.641361,743.8383791999996
577.820955,0.1308,-5.629812,743.585062,742.20009096906
577.830955,0.1308,-5.629797,743.528764,745.8830737336095
577.840955,0.130799,-5.629782,743.472467,741.1542951705071
577.850955,0.130799,-5.629767,743.416169,742.3576054807808
577.860955,0.130799,-5.629751,743.359871,741.9420530034889
577.870955,0.130798,-5.629736,743.303574,745.567334184512
577.880955,0.130798,-5.629721,743.247276,742.5809342239465
577.890955,0.130797,-5.629705,743.190979,745.16048493266
577.900955,0.130797,-5.62969,743.134682,743.7435367911105
577.910955,0.130797,-5.629675,743.078386,738.3244296111164
577.920955,0.130796,-5.62966,743.022089,742.3297576579631
577.930955,0.130796,-5.629644,742.965792,743.2070323654988
577.940955,0.130796,-5.629629,742.909496,743.8833818827936
577.950955,0.130795,-5.629614,742.8532,741.9037949723181
577.960955,0.130795,-5.629598,742.796904,742.0122956764192
577.970955,0.130795,-5.629583,742.740608,741.6717545302494
577.980955,0.130794,-5.629568,742.684312,741.4299954536473
577.990955,0.130794,-5.629553,742.628016,743.0836193106134
578.000955,0.130794,-5.629537,742.571721,743.8384292155329
578.010955,0.130793,-5.629522,742.515426,742.247981626364
578.020955,0.130793,-5.629507,742.459131,742.2965090056423
578.030955,0.130793,-5.629492,742.402836,744.1698710356902
578.040955,0.130792,-5.629476,742.346541,741.5874823886924
578.050955,0.130792,-5.629461,742.290246,740.7451807015178
578.060955,0.130791,-5.629446,742.233951,743.7677376619613
578.070955,0.130791,-5.62943,742.177657,743.3162366787271
578.080955,0.130791,-5.629415,742.121363,741.2241203119318
578.090955,0.13079,-5.6294,742.065069,744.6055950193023
578.100955,0.13079,-5.629385,742.008775,743.9439764661664
578.110955,0.13079,-5.629369,741.952481,739.5801810193673
578.120955,0.130789,-5.629354,741.896187,741.3912629973199
578.130955,0.130789,-5.629339,741.839894,740.7426083829849
578.140955,0.130789,-5.629323,741.783601,743.0705813797025
578.150955,0.130788,-5.629308,741.727308,740.4088067445597
578.160955,0.130788,-5.629293,741.671015,741.030147910809
578.170955,0.130788,-5.629278,741.614722,741.8866544845135
578.180955,0.130787,-5.629262,741.558429,740.3133102700978
578.190955,0.130787,-5.629247,741.502136,742.458204250534
578.200955,0.130786,-5.629232,741.445844,741.2995650951946
578.210955,0.130786,-5.629217,741.389552,741.2172241583587
578.220955,0.130786,-5.629201,741.33326,738.9764198906092
578.230955,0.130785,-5.629186,741.276968,739.0967744959145
578.240955,0.130785,-5.629171,741.220676,739.4215636454435
578.250955,0.130785,-5.629155,741.164384,740.7154483468519
578.260955,0.130784,-5.62914,741.108093,743.3879874559298
578.270955,0.130784,-5.629125,741.051802,739.0898447376751
578.280955,0.130784,-5.62911,740.99551,739.3821219319896
578.290955,0.130783,-5.629094,740.939219,737.8762192725054
578.300955,0.130783,-5.629079,740.882929,739.718193726433
578.310955,0.130783,-5.629064,740.826638,738.6637712492476
578.320955,0.130782,-5.629049,740.770347,739.9932367122436
578.330955,0.130782,-5.629033,740.714057,739.0946991333927
578.340955,0.130781,-5.629018,740.657767,740.9653190994345
578.350955,0.130781,-5.629003,740.601476,742.3292396955101
578.360955,0.130781,-5.628987,740.545187,740.8861458231307
578.370955,0.13078,-5.628972,740.488897,740.9582369311798
578.380955,0.13078,-5.628957,740.432607,737.4329106868411
578.390955,0.13078,-5.628942,740.376318,739.2363322104119
578.400955,0.130779,-5.628926,740.320028,740.1110733973173
578.410955,0.130779,-5.628911,740.263739,738.85604829224
578.420955,0.130779,-5.628896,740.20745,739.5467731602288
578.430955,0.130778,-5.62888,740.151161,741.5679886817584
578.440955,0.130778,-5.628865,740.094872,741.6948351003405
578.450955,0.130778,-5.62885,740.038584,740.2160523354804
578.460955,0.130777,-5.628835,739.982295,737.015252191447
578.470955,0.130777,-5.628819,739.926007,739.3126332136061
578.480955,0.130777,-5.628804,739.869719,737.2851596364463
578.490955,0.130776,-5.628789,739.813431,739.5486506187411
578.500955,0.130776,-5.628774,739.757143,739.4670409202645
578.510955,0.130775,-5.628758,739.700856,737.8416922557227
578.520955,0.130775,-5.628743,739.644568,741.7667524189908
578.530955,0.130775,-5.628728,739.588281,737.4698615882089
578.540955,0.130774,-5.628713,739.531994,739.9516976737752
578.550955,0.130774,-5.628697,739.475706,740.1796940560886
578.560955,0.130774,-5.628682,739.41942,738.0797704461305
578.570955,0.130773,-5.628667,739.363133,739.9792530418379
578.580955,0.130773,-5.628651,739.306846,739.2819963544588
578.590955,0.130773,-5.628636,739.25056,741.0539578443849
578.600955,0.130772,-5.628621,739.194274,739.153220734644
578.610955,0.130772,-5.628606,739.137987,737.7787865432379
578.620955,0.130772,-5.62859,739.081701,736.6509335753242
578.630955,0.130771,-5.628575,739.025416,741.0731083852513
578.640955,0.130771,-5.62856,738.96913,739.5197696039882
578.650955,0.13077,-5.628545,738.912844,737.3126342706951
578.660955,0.13077,-5.628529,738.856559,737.6125850317028
578.670955,0.13077,-5.628514,738.800274,737.6915518210628
578.680955,0.130769,-5.628499,738.743989,736.5510406307266
578.690955,0.130769,-5.628483,738.687704,740.6589717956135
578.700955,0.130769,-5.628468,738.631419,739.8672240921571
578.710955,0.130768,-5.628453,738.575134,737.3600275553814
578.720955,0.130768,-5.628438,738.51885,738.0631745341288
578.730955,0.130768,-5.628422,738.462566,737.5298384100968
578.740955,0.130767,-5.628407,738.406282,737.5026058798807
578.750955,0.130767,-5.628392,738.349998,739.0273093980452
578.760955,0.130767,-5.628377,738.293714,735.5638491834254
578.770955,0.130766,-5.628361,738.23743,735.8390093570183
578.780955,0.130766,-5.628346,738.181147,736.2324166695754
578.790955,0.130766,-5.628331,738.124863,735.8976692435324
578.800955,0.130765,-5.628316,738.06858,740.2155511962194
578.810955,0.130765,-5.6283,738.012297,736.0787481831151
578.820955,0.130764,-5.628285,737.956014,738.0057653962307
578.830955,0.130764,-5.62827,737.899731,735.6760770010831
578.840955,0.130764,-5.628254,737.843448,738.7433212970725
578.850955,0.130763,-5.628239,737.787166,738.6524758858704
578.860955,0.130763,-5.628224,737.730884,733.5018349254842
578.870955,0.130763,-5.628209,737.674602,736.3399578999797
578.880955,0.130762,-5.628193,737.61832,735.6763218087827
578.890955,0.130762,-5.628178,737.562038,734.3305764168219
578.900955,0.130762,-5.628163,737.505756,735.9349311219512
578.910955,0.130761,-5.628148,737.449474,736.2864703078354
578.920955,0.130761,-5.628132,737.393193,733.2437681202008
578.930955,0.130761,-5.628117,737.336912,736.5203081220035
578.940955,0.13076,-5.628102,737.280631,737.7678937471625
578.950955,0.13076,-5.628087,737.22435,738.1438040290915
578.960955,0.130759,-5.628071,737.168069,736.2536255927463
578.970955,0.130759,-5.628056,737.111788,734.7927333582893
578.980955,0.130759,-5.628041,737.055508,736.1876190859979
578.990955,0.130758,-5.628025,736.999227,735.6633128144736
579.000955,0.130758,-5.62801,736.942947,735.8297281938724
579.010955,0.130758,-5.627995,736.886667,735.6716813565614
579.020955,0.130757,-5.62798,736.830387,738.4736855764477
579.030955,0.130757,-5.627964,736.774108,737.1540236462289
579.040955,0.130757,-5.627949,736.717828,736.8249828260931
579.050955,0.130756,-5.627934,736.661549,734.7646062984103
579.060955,0.130756,-5.627919,736.605269,736.2767095446163
579.070955,0.130756,-5.627903,736.54899,735.9385186840626
579.080955,0.130755,-5.627888,736.492711,737.8904321011385
579.090955,0.130755,-5.627873,736.436433,734.4876484830411
579.100955,0.130754,-5.627858,736.380154,738.8518444791929
579.110955,0.130754,-5.627842,736.323875,734.646731200105
579.120955,0.130754,-5.627827,736.267597,738.4472210727727
579.130955,0.130753,-5.627812,736.211319,735.9354039628744
579.140955,0.130753,-5.627797,736.155041,734.2812481487239
579.150955,0.130753,-5.627781,736.098763,734.4074167673285
579.160955,0.131627,-5.627766,736.042485,735.0237520183855
579.170955,0.1328,-5.62775,735.986208,734.812756161855
579.180955,0.133985,-5.627735,735.92993,734.6061823561562
579.190955,0.135181,-5.627719,735.873653,734.9836752503301
579.200955,0.136385,-5.627703,735.817376,735.4158391128864
579.210955,0.137596,-5.627686,735.761099,737.7600796011096
579.220955,0.138811,-5.62767,735.704822,736.6709123324199
579.230955,0.140031,-5.627653,735.648545,734.0853591203571
579.240955,0.141252,-5.627636,735.592269,734.3131488229429
579.250955,0.142475,-5.627619,735.535993,733.5453044357847
579.260955,0.143698,-5.627601,735.479717,734.87104385807
579.270955,0.14492,-5.627584,735.423441,732.5114637212943
579.280955,0.14614,-5.627566,735.367165,736.0024580853415
579.290955,0.147357,-5.627548,735.310889,736.9292142163966
579.300955,0.14857,-5.62753,735.254614,734.4940335729078
579.310955,0.149779,-5.627511,735.198339,733.4956948466694
579.320955,0.150982,-5.627493,735.142064,734.7341897697207
579.330955,0.152179,-5.627474,735.085789,733.7344185814364
579.340955,0.15337,-5.627455,735.029514,735.0537543032875
579.350955,0.154554,-5.627436,734.97324,735.1316805378902
579.360955,0.15573,-5.627417,734.916966,736.3825432554924
579.370955,0.156899,-5.627397,734.860692,735.7623979260273
579.380955,0.158058,-5.627378,734.804418,733.2059961252972
579.390955,0.159209,-5.627358,734.748144,733.7870268480887
579.400955,0.160351,-5.627339,734.691871,734.1003571490168
579.410955,0.161483,-5.627319,734.635597,731.367968558863
579.420955,0.162606,-5.627299,734.579324,734.3096551919749
579.430955,0.163718,-5.627279,734.523051,734.6225417369909
579.440955,0.16482,-5.627258,734.466779,735.3524139999857
579.450955,0.165912,-5.627238,734.410506,733.7138728678137
579.460955,0.166993,-5.627217,734.354234,731.3073851645329
579.470955,0.168064,-5.627197,734.297962,736.1244355940247
579.480955,0.169123,-5.627176,734.24169,734.19988753451
579.490955,0.170172,-5.627155,734.185418,734.8851660894471
579.500955,0.171209,-5.627134,734.129147,736.1239443646625
579.510955,0.172235,-5.627114,734.072876,732.2244453555184
579.520955,0.17325,-5.627092,734.016604,734.6055858598852
579.530955,0.174254,-5.627071,733.960334,735.1349204146508
579.540955,0.175246,-5.62705,733.904063,733.4892952406569
579.550955,0.176227,-5.627029,733.847793,734.699189232903
579.560955,0.177196,-5.627007,733.791522,730.7071567593447
579.570955,0.178154,-5.626986,733.735253,733.3352439926674
579.580955,0.179101,-5.626964,733.678983,734.13696271646
579.590955,0.180036,-5.626943,733.622713,735.4928159642084
579.600955,0.18096,-5.626921,733.566444,732.8711486265784
579.610955,0.181872,-5.6269,733.510175,733.9214071476172
579.620955,0.182773,-5.626878,733.453906,735.9655444116089
579.630955,0.183663,-5.626856,733.397637,731.8068780684384
579.640955,0.184542,-5.626834,733.341369,731.6351843902853
579.650955,0.18541,-5.626812,733.285101,735.698818007475
579.660955,0.186266,-5.626791,733.228833,735.5640500187659
579.670955,0.187111,-5.626769,733.172565,731.9842442591452
579.680955,0.187946,-5.626747,733.116297,734.2707679779508
579.690955,0.188769,-5.626725,733.06003,734.391589492197
579.700955,0.189582,-5.626703,733.003763,732.2250457393736
579.710955,0.190384,-5.626681,732.947496,734.9833240633952
579.720955,0.191175,-5.626658,732.891229,732.8578327952675
579.730955,0.191956,-5.626636,732.834963,731.9710977934376
579.740955,0.192726,-5.626614,732.778696,732.6740233530508
579.750955,0.193486,-5.626592,732.72243,732.7303638563326
579.760955,0.194235,-5.62657,732.666165,730.262324440694
579.770955,0.194975,-5.626548,732.609899,732.5741195349776
579.780955,0.195704,-5.626525,732.553634,731.5637940243439
579.790955,0.196423,-5.626503,732.497368,731.9016899854972
579.800955,0.197132,-5.626481,732.441103,730.2186782309335
579.810955,0.197832,-5.626459,732.384839,732.9137695548602
579.820955,0.198522,-5.626437,732.328574,730.1508407364627
579.830955,0.199202,-5.626414,732.27231,731.5493316621082
579.840955,0.199872,-5.626392,732.216046,731.7887688553986
579.850955,0.200534,-5.62637,732.159782,728.7970710146278
579.860955,0.201185,-5.626348,732.103519,733.3987432060238
579.870955,0.201828,-5.626326,732.047255,727.9646089682736
579.880955,0.202462,-5.626303,731.990992,734.8545454376048
579.890955,0.203086,-5.626281,731.934729,729.4745900226243
579.900955,0.203702,-5.626259,731.878466,731.360268692942
579.910955,0.204309,-5.626237,731.822204,732.3960074825966
579.920955,0.204907,-5.626215,731.765942,730.5141075368972
579.930955,0.205497,-5.626192,731.70968,728.9260329495781
579.940955,0.206078,-5.62617,731.653418,733.2767758883928
579.950955,0.206651,-5.626148,731.597156,732.4613005076378
579.960955,0.207215,-5.626126,731.540895,731.0971626584159
579.970955,0.207771,-5.626104,731.484634,730.0326409774082
579.980955,0.20832,-5.626082,731.428373,731.3866724908079
579.990955,0.20886,-5.62606,731.372112,730.8103567613562
580.000955,0.209392,-5.626038,731.315852,729.96742315806
580.010955,0.209917,-5.626016,731.259591,734.1145792777388
580.020955,0.210434,-5.625994,731.203331,731.6974084465805
580.030955,0.210944,-5.625972,731.147072,732.1192538328219
580.040955,0.211446,-5.62595,731.090812,730.0646702956254
580.050955,0.21194,-5.625928,731.034553,731.4260105844064
580.060955,0.212427,-5.625906,730.978293,730.1317982697763
580.070955,0.212908,-5.625884,730.922034,728.3367519321368
580.080955,0.213381,-5.625862,730.865776,731.1752435629745
580.090955,0.213847,-5.62584,730.809517,730.562397234548
580.100955,0.214306,-5.625819,730.753259,726.3836664086209
580.110955,0.214758,-5.625797,730.697001,732.1993164347241
580.120955,0.215204,-5.625775,730.640743,728.3711120788096
580.130955,0.215643,-5.625753,730.584485,730.05911403272
580.140955,0.216076,-5.625732,730.528228,729.1074117210726
580.150955,0.216502,-5.62571,730.471971,728.5087714641253
580.160955,0.216921,-5.625688,730.415714,729.6075103585235
580.170955,0.217335,-5.625667,730.359457,730.2967320123656
580.180955,0.217742,-5.625645,730.3032,729.0469677332471
580.190955,0.218143,-5.625624,730.246944,729.06448424228
580.200955,0.218538,-5.625602,730.190688,729.8710665142387
580.210955,0.218928,-5.625581,730.134432,726.8493769911237
580.220955,0.219311,-5.625559,730.078176,729.9440672362864
580.230955,0.219689,-5.625538,730.021921,727.3426385399821
580.240955,0.220061,-5.625516,729.965666,726.8961794178908
580.250955,0.220427,-5.625495,729.90941,730.9478554960338
580.260955,0.220788,-5.625474,729.853156,726.1816966081572
580.270955,0.221143,-5.625453,729.796901,727.6307327296887
580.280955,0.221494,-5.625431,729.740647,731.4932904764344
580.290955,0.221838,-5.62541,729.684392,731.2070887204441
580.300955,0.222178,-5.625389,729.628138,727.8402042871711
580.310955,0.222512,-5.625368,729.571885,727.3819804696296
580.320955,0.222842,-5.625347,729.515631,728.3264459655105
580.330955,0.223166,-5.625326,729.459378,728.2644175686034
580.340955,0.223486,-5.625305,729.403124,730.8412626594203
580.350955,0.2238,-5.625284,729.346872,728.3120417853988
580.360955,0.22411,-5.625263,729.290619,731.9544013342472
580.370955,0.224415,-5.625242,729.234366,729.757878789991
580.380955,0.224716,-5.625221,729.178114,729.4477112540264
580.390955,0.225012,-5.6252,729.121862,727.791109130749
580.400955,0.225303,-5.625179,729.06561,728.3674811278721
580.410955,0.22559,-5.625158,729.009358,728.5768170304518
580.420955,0.225873,-5.625138,728.953107,729.3555191674275
580.430955,0.226151,-5.625117,728.896856,729.0992459565612
580.440955,0.226425,-5.625096,728.840604,732.8719463106212
580.450955,0.226695,-5.625076,728.784354,729.4835729516806
580.460955,0.226961,-5.625055,728.728103,724.3786695785133
580.470955,0.227222,-5.625034,728.671853,729.0250494606379
580.480955,0.22748,-5.625014,728.615602,729.4931584102933
580.490955,0.227734,-5.624993,728.559352,726.5480065523939
580.500955,0.227984,-5.624973,728.503102,727.3019807068405
580.510955,0.22823,-5.624952,728.446853,729.0214292814824
580.520955,0.228472,-5.624932,728.390603,730.9737878703348
580.530955,0.228711,-5.624912,728.334354,729.9800080373442
580.540955,0.228946,-5.624891,728.278105,728.0378175751937
580.550955,0.229177,-5.624871,728.221856,729.9885147739792
580.560955,0.229405,-5.624851,728.165608,729.6204579288649
580.570955,0.229629,-5.62483,728.109359,727.6900082203879
580.580955,0.22985,-5.62481,728.053111,726.3013446529123
580.590955,0.230067,-5.62479,727.996863,728.09389560978
580.600955,0.230281,-5.62477,727.940615,727.7691396303244
580.610955,0.230492,-5.62475,727.884368,729.1626996398986
580.620955,0.230699,-5.62473,727.82812,728.0774867819719
580.630955,0.230904,-5.624709,727.771873,728.5408468021657
580.640955,0.231105,-5.624689,727.715626,728.1349079281275
580.650955,0.231303,-5.624669,727.659379,727.2072741488983
580.660955,0.231498,-5.624649,727.603133,725.2471661918742
580.670955,0.23169,-5.62463,727.546886,725.3094877533991
580.680955,0.231879,-5.62461,727.49064,724.9680440901482
580.690955,0.232065,-5.62459,727.434394,726.3766483490297
580.700955,0.232249,-5.62457,727.378148,727.7779171444882
580.710955,0.232429,-5.62455,727.321903,722.5803267455213
580.720955,0.232607,-5.62453,727.265657,725.0432679187276
580.730955,0.232782,-5.624511,727.209412,726.8171086410493
580.740955,0.232954,-5.624491,727.153167,728.7892378661589
580.750955,0.233123,-5.624471,727.096922,725.4640915651619
580.760955,0.23329,-5.624451,727.040678,725.9338930465454
580.770955,0.233454,-5.624432,726.984433,726.3110723498072
580.780955,0.233616,-5.624412,726.928189,726.9186917129838
580.790955,0.233776,-5.624393,726.871945,728.5560231791279
580.800955,0.233932,-5.624373,726.815701,727.6462478452955
580.810955,0.234087,-5.624353,726.759458,726.6282438533482
580.820955,0.234239,-5.624334,726.703214,726.7030320396676
580.830955,0.234388,-5.624314,726.646971,727.8130974601751
580.840955,0.234536,-5.624295,726.590728,726.9395755322702
580.850955,0.234681,-5.624276,726.534485,723.5978226163031
580.860955,0.234823,-5.624256,726.478242,726.8462304444159
580.870955,0.234964,-5.624237,726.422,725.4678386415234
580.880955,0.235102,-5.624217,726.365758,725.7390318985234
580.890955,0.235238,-5.624198,726.309516,728.1608766822606
580.900955,0.235373,-5.624179,726.253274,727.1567632292245
580.910955,0.235505,-5.62416,726.197032,726.0561150934484
580.920955,0.235635,-5.62414,726.14079,724.5385060590388
580.930955,0.235762,-5.624121,726.084549,727.0061495530381
580.940955,0.235888,-5.624102,726.028308,725.7295892964421
580.950955,0.236012,-5.624083,725.972067,723.418294456218
580.960955,0.236134,-5.624064,725.915826,726.847038477095
580.970955,0.236255,-5.624045,725.859586,725.5171684203618
580.980955,0.236373,-5.624025,725.803345,726.1315186154618
580.990955,0.236489,-5.624006,725.747105,727.2508458188757
581.000955,0.236604,-5.623987,725.690865,726.6531090815597
581.010955,0.236717,-5.623968,725.634626,727.9309389547284
581.020955,0.236828,-5.623949,725.578386,724.7472072626963
581.030955,0.236937,-5.62393,725.522147,724.4154273470085
581.040955,0.237045,-5.623911,725.465907,723.8100354130172
581.050955,0.237151,-5.623892,725.409668,725.1579124847002
581.060955,0.237255,-5.623873,725.35343,727.8092535208634
581.070955,0.237358,-5.623855,725.297191,724.3500253621042
581.080955,0.237459,-5.623836,725.240952,726.1808772247163
581.090955,0.237558,-5.623817,725.184714,725.2665698096047
581.100955,0.237656,-5.623798,725.128476,724.5888109422199
581.110955,0.237753,-5.623779,725.072238,724.5661825058606
581.120955,0.237848,-5.62376,725.016001,724.5354993913421
581.130955,0.237941,-5.623742,724.959763,723.9026177596769
581.140955,0.238033,-5.623723,724.903526,726.3009286673721
581.150955,0.238124,-5.623704,724.847289,721.7084874340749
581.160955,0.238213,-5.623685,724.791052,723.5922294289019
581.170955,0.2383,-5.623667,724.734815,725.1364765155655
581.180955,0.238387,-5.623648,724.678578,727.1005367820471
581.190955,0.238472,-5.623629,724.622342,721.9973194921866
581.200955,0.238555,-5.623611,724.566106,723.9458893635061
581.210955,0.238638,-5.623592,724.50987,724.9817533901892
581.220955,0.238719,-5.623573,724.453634,727.4313867191426
581.230955,0.238798,-5.623555,724.397398,723.5058560783506
581.240955,0.238877,-5.623536,724.341163,726.5208768309674
581.250955,0.238954,-5.623518,724.284928,725.1584234559356
581.260955,0.23903,-5.623499,724.228692,721.4796717664278
581.270955,0.239105,-5.623481,724.172458,723.6397327269599
581.280955,0.239179,-5.623462,724.116223,722.6419411765172
581.290955,0.239252,-5.623444,724.059988,725.7801949454962
581.300955,0.239323,-5.623425,724.003754,724.8522288868012
581.310955,0.239393,-5.623407,723.94752,724.5252699819624
581.320955,0.239462,-5.623388,723.891286,725.7934143325771
581.330955,0.239531,-5.62337,723.835052,721.802631991917
581.340955,0.239598,-5.623351,723.778818,722.6928024593917
581.350955,0.239664,-5.623333,723.722585,722.5126399905378
581.360955,0.239728,-5.623315,723.666352,722.84308201958
581.370955,0.239792,-5.623296,723.610119,724.4804228622592
581.380955,0.239855,-5.623278,723.553886,723.8997702224466
581.390955,0.239917,-5.62326,723.497653,724.6333953278404
581.400955,0.239978,-5.623241,723.441421,724.3825482392069
581.410955,0.240038,-5.623223,723.385188,724.2115921833075
581.420955,0.240097,-5.623205,723.328956,723.1990714224095
581.430955,0.240155,-5.623186,723.272724,723.1572359167416
581.440955,0.240212,-5.623168,723.216492,721.7195777934505
581.450955,0.240269,-5.62315,723.160261,724.2365789115921
581.460955,0.240324,-5.623132,723.104029,720.6462531092509
581.470955,0.240379,-5.623113,723.047798,722.7615512065996
581.480955,0.240432,-5.623095,722.991567,721.5142638348703
581.490955,0.240485,-5.623077,722.935336,721.1822099257171
581.500955,0.240537,-5.623059,722.879106,722.7332096540512
581.510955,0.240588,-5.623041,722.822875,722.7831773276173
581.520955,0.240639,-5.623022,722.766645,723.0321657279919
581.530955,0.240688,-5.623004,722.710415,725.683028809091
581.540955,0.240737,-5.622986,722.654185,723.5144887806819
581.550955,0.240785,-5.622968,722.597955,722.5186052089645
581.560955,0.240832,-5.62295,722.541725,720.1058661877419
581.570955,0.240879,-5.622932,722.485496,719.8747377208356
581.580955,0.240924,-5.622914,722.429267,721.2967339326459
581.590955,0.24097,-5.622896,722.373038,722.6613688251279
581.600955,0.241014,-5.622877,722.316809,722.0184729705801
581.610955,0.241057,-5.622859,722.26058,720.1689021991054
581.620955,0.2411,-5.622841,722.204352,723.7729324970724
581.630955,0.241143,-5.622823,722.148123,720.440198194675
581.640955,0.241184,-5.622805,722.091895,722.7001044368866
581.650955,0.241225,-5.622787,722.035667,722.7421840790457
581.660955,0.241265,-5.622769,721.979439,721.727118185552
581.670955,0.241305,-5.622751,721.923212,723.967523899914
581.680955,0.241344,-5.622733,721.866984,722.3158004912937
581.690955,0.241382,-5.622715,721.810757,719.1722904753163
581.700955,0.24142,-5.622697,721.75453,720.9224606945705
581.710955,0.241457,-5.622679,721.698303,727.174011931057
581.720955,0.241494,-5.622661,721.642077,721.1145459332032
581.730955,0.24153,-5.622643,721.58585,723.008776544535
581.740955,0.241565,-5.622626,721.529624,720.9705101686397
581.750955,0.2416,-5.622608,721.473398,718.143774606681
581.760955,0.241634,-5.62259,721.417172,719.8314618180171
581.770955,0.241668,-5.622572,721.360946,718.8525114946898
581.780955,0.241701,-5.622554,721.30472,723.4386885075794
581.790955,0.241734,-5.622536,721.248495,722.9926391960364
581.800955,0.241766,-5.622518,721.192269,718.5448827780359
581.810955,0.241798,-5.6225,721.136044,720.5282752700506
581.820955,0.241829,-5.622482,721.079819,723.063674236342
581.830955,0.24186,-5.622464,721.023595,717.976802016744
581.840955,0.24189,-5.622447,720.96737,720.4922065640072
581.850955,0.24192,-5.622429,720.911146,719.9684688369495
581.860955,0.241949,-5.622411,720.854921,720.5166491138505
581.870955,0.241978,-5.622393,720.798697,720.8745371935864
581.880955,0.242006,-5.622375,720.742474,721.3869959655873
581.890955,0.242034,-5.622358,720.68625,720.3111282870351
581.900955,0.242061,-5.62234,720.630026,724.144744753318
581.910955,0.242088,-5.622322,720.573803,721.4038252828552
581.920955,0.242114,-5.622304,720.51758,717.5943554425206
581.930955,0.242141,-5.622286,720.461357,720.030207132509
581.940955,0.242166,-5.622269,720.405134,721.4469753780662
581.950955,0.242191,-5.622251,720.348912,717.9206990575293
581.960955,0.242216,-5.622233,720.292689,722.475542493413
581.970955,0.242241,-5.622215,720.236467,719.3426087345466
581.980955,0.242265,-5.622198,720.180245,719.0909392556725
581.990955,0.242288,-5.62218,720.124023,719.3782543737209
582.000955,0.242312,-5.622162,720.067801,717.8835914075809
582.010955,0.242335,-5.622144,720.01158,717.6923633644832
582.020955,0.242357,-5.622127,719.955359,717.282859969491
582.030955,0.242379,-5.622109,719.899137,719.8796287849889
582.040955,0.242401,-5.622091,719.842916,719.472631424791
582.050955,0.242423,-5.622073,719.786696,719.077831651927
582.060955,0.242444,-5.622056,719.730475,718.9738390810797
582.070955,0.242465,-5.622038,719.674254,719.5763223262545
582.080955,0.242485,-5.62202,719.618034,721.4483100685686
582.090955,0.242505,-5.622003,719.561814,719.7958743516174
582.100955,0.242525,-5.621985,719.505594,719.0301048618837
582.110955,0.242544,-5.621967,719.449374,718.6503048984318
582.120955,0.242563,-5.62195,719.393155,721.7451955439643
582.130955,0.242582,-5.621932,719.336935,718.4754695628943
582.140955,0.242601,-5.621914,719.280716,718.4116887080627
582.150955,0.242619,-5.621897,719.224497,715.9577177277135
582.160955,0.242637,-5.621879,719.168278,720.55792641135
582.170955,0.242655,-5.621861,719.112059,721.1480352757661
582.180955,0.242672,-5.621844,719.055841,719.1210577616765
582.190955,0.242689,-5.621826,718.999623,720.3161024992512
582.200955,0.242706,-5.621809,718.943404,717.10473189151
582.210955,0.242722,-5.621791,718.887186,716.9579464484905
582.220955,0.242739,-5.621773,718.830969,719.7648957738448
582.230955,0.242755,-5.621756,718.774751,719.3750312814943
582.240955,0.24277,-5.621738,718.718533,717.7400329308921
582.250955,0.242786,-5.62172,718.662316,719.1021131407805
582.260955,0.242801,-5.621703,718.606099,720.3434410620202
582.270955,0.242816,-5.621685,718.549882,719.1561633908965
582.280955,0.242831,-5.621668,718.493665,719.5315988841643
582.290955,0.242845,-5.62165,718.437449,720.4818826658015
582.300955,0.242859,-5.621633,718.381232,717.7398919790245
582.310955,0.242873,-5.621615,718.325016,717.9472119147683
582.320955,0.242887,-5.621597,718.2688,715.1856475957984
582.330955,0.242901,-5.62158,718.212584,715.1729692445822
582.340955,0.242914,-5.621562,718.156368,720.4607973947212
582.350955,0.242927,-5.621545,718.100153,716.5130100911803
582.360955,0.24294,-5.621527,718.043938,716.8992534489145
582.370955,0.242953,-5.62151,717.987722,719.4428347569519
582.380955,0.242965,-5.621492,717.931507,719.3007257953356
582.390955,0.242977,-5.621474,717.875293,716.2721382993025
582.400955,0.242989,-5.621457,717.819078,717.6620367521847
582.410955,0.243001,-5.621439,717.762863,715.7572999247075
582.420955,0.243013,-5.621422,717.706649,716.2169263974022
582.430955,0.243024,-5.621404,717.650435,719.4301369848401
582.440955,0.243036,-5.621387,717.594221,717.5749441315209
582.450955,0.243047,-5.621369,717.538007,717.3205753151813
582.460955,0.243058,-5.621352,717.481794,717.3758502727185
582.470955,0.243068,-5.621334,717.42558,714.2144677606868
582.480955,0.243079,-5.621317,717.369367,717.8759674927695
582.490955,0.243089,-5.621299,717.313154,716.297656318089
582.500955,0.243099,-5.621282,717.256941,716.4491496812268
582.510955,0.243109,-5.621264,717.200728,714.9267487959942
582.520955,0.243119,-5.621247,717.144516,716.8598533739985
582.530955,0.243129,-5.621229,717.088303,716.4780053667017
582.540955,0.243139,-5.621212,717.032091,717.434401369851
582.550955,0.243148,-5.621194,716.975879,718.6936344667738
582.560955,0.243157,-5.621177,716.919667,717.6136676619966
582.570955,0.243166,-5.621159,716.863456,718.2284926739512
582.580955,0.243175,-5.621142,716.807244,715.9216927154893
582.590955,0.243184,-5.621124,716.751033,718.4844710805004
582.600955,0.243192,-5.621107,716.694822,714.5598772950221
582.610955,0.243201,-5.621089,716.638611,715.8106516550845
582.620955,0.243209,-5.621072,716.5824,713.7926567841455
582.630955,0.243217,-5.621054,716.526189,716.4136246009446
582.640955,0.243225,-5.621037,716.469979,715.5456156897641
582.650955,0.243233,-5.621019,716.413768,715.5460975560068
582.660955,0.243241,-5.621002,716.357558,715.6776552518834
582.670955,0.243249,-5.620984,716.301348,714.2574255013292
582.680955,0.243256,-5.620967,716.245139,716.724585976055
582.690955,0.243263,-5.62095,716.188929,717.3266102551354
582.700955,0.243271,-5.620932,716.13272,715.841193018706
582.710955,0.243278,-5.620915,716.07651,714.2469642092971
582.720955,0.243285,-5.620897,716.020301,717.0092913331547
582.730955,0.243292,-5.62088,715.964092,715.7453127745373
582.740955,0.243298,-5.620862,715.907884,714.2767129383761
582.750955,0.243305,-5.620845,715.851675,715.3837030800371
582.760955,0.243311,-5.620827,715.795467,716.18385637569
582.770955,0.243318,-5.62081,715.739259,716.0675194735279
582.780955,0.243324,-5.620793,715.683051,714.5778930530317
582.790955,0.24333,-5.620775,715.626843,715.7850964523633
582.800955,0.243336,-5.620758,715.570635,715.3786170098842
582.810955,0.243342,-5.62074,715.514428,714.7649462950659
582.820955,0.243348,-5.620723,715.45822,716.478027861734
582.830955,0.243354,-5.620705,715.402013,714.2149363515007
582.840955,0.24336,-5.620688,715.345806,716.1471632630992
582.850955,0.243365,-5.620671,715.289599,710.9524957625177
582.860955,0.243371,-5.620653,715.233393,712.9043727472957
582.870955,0.243376,-5.620636,715.177186,715.7767321929244
582.880955,0.243381,-5.620618,715.12098,715.1458628688903
582.890955,0.243386,-5.620601,715.064774,715.947100000507
582.900955,0.243391,-5.620583,715.008568,715.6739141823101
582.910955,0.243396,-5.620566,714.952362,714.8780050929333
582.920955,0.243401,-5.620549,714.896157,714.1382300604008
582.930955,0.243406,-5.620531,714.839951,717.5317886488209
582.940955,0.243411,-5.620514,714.783746,714.9277667915032
582.950955,0.243415,-5.620496,714.727541,712.7469517172294
582.960955,0.24342,-5.620479,714.671336,713.9036681557993
582.970955,0.243424,-5.620462,714.615131,717.1263519219846
582.980955,0.243429,-5.620444,714.558927,713.8149239066515
582.990955,0.243433,-5.620427,714.502723,713.6008522425528
583.000955,0.243437,-5.620409,714.446518,713.6901482225774
583.010955,0.243442,-5.620392,714.390314,712.8002527155098
583.020955,0.243446,-5.620375,714.334111,715.1092207423341
583.030955,0.24345,-5.620357,714.277907,715.2814858001129
583.040955,0.243454,-5.62034,714.221703,713.1925671754697
583.050955,0.243457,-5.620322,714.1655,713.9562397236899
583.060955,0.243461,-5.620305,714.109297,714.9170988912598
583.070955,0.243465,-5.620288,714.053094,712.0291202253195
583.080955,0.243468,-5.62027,713.996891,712.6763900849063
583.090955,0.243472,-5.620253,713.940689,714.8617069986808
583.100955,0.243476,-5.620235,713.884486,712.4295604429971
583.110955,0.243479,-5.620218,713.828284,713.3783646287305
583.120955,0.243482,-5.620201,713.772082,715.1697957850257
583.130955,0.243486,-5.620183,713.71588,712.3660346430175
583.140955,0.243489,-5.620166,713.659678,712.5205696509972
583.150955,0.243492,-5.620149,713.603477,713.4004254119684
583.160955,0.243495,-5.620131,713.547275,712.5001377978283
583.170955,0.243498,-5.620114,713.491074,711.1030562178508
583.180955,0.243501,-5.620096,713.434873,713.1214173099902
583.190955,0.243504,-5.620079,713.378672,711.8582499340711
583.200955,0.243507,-5.620062,713.322471,714.0738431247354
583.210955,0.24351,-5.620044,713.266271,713.3107954071589
583.220955,0.243513,-5.620027,713.21007,711.883505293145
583.230955,0.243515,-5.62001,713.15387,713.0115298263411
583.240955,0.243518,-5.619992,713.09767,711.0226080625121
583.250955,0.243521,-5.619975,713.04147,712.7604632193103
583.260955,0.243523,-5.619958,712.985271,712.0781755389629
583.270955,0.243526,-5.61994,712.929071,712.4779904967094
583.280955,0.243528,-5.619923,712.872872,710.882099788118
583.290955,0.243531,-5.619905,712.816673,711.0524412050769
583.300955,0.243533,-5.619888,712.760474,711.9975393677221
583.310955,0.243535,-5.619871,712.704275,711.6512238563379
583.320955,0.243537,-5.619853,712.648076,710.8832535426526
583.330955,0.24354,-5.619836,712.591878,713.4237227490379
583.340955,0.243542,-5.619819,712.53568,712.1167805820252
583.350955,0.243544,-5.619801,712.479482,712.6637010977253
583.360955,0.243546,-5.619784,712.423284,712.3078115642672
583.370955,0.243548,-5.619767,712.367086,710.0830819098576
583.380955,0.24355,-5.619749,712.310888,714.2147924748501
583.390955,0.243552,-5.619732,712.254691,715.120924013652
583.400955,0.243554,-5.619715,712.198494,711.7820641169194
583.410955,0.243556,-5.619697,712.142297,712.099520339718
583.420955,0.243557,-5.61968,712.0861,713.187033362328
583.430955,0.243559,-5.619663,712.029903,712.4175605433528
583.440955,0.243561,-5.619645,711.973706,713.2486969595653
583.450955,0.243563,-5.619628,711.91751,715.1707470746808
583.460955,0.243564,-5.61961,711.861314,711.9883131443858
583.470955,0.243566,-5.619593,711.805118,708.2115129344935
583.480955,0.243568,-5.619576,711.748922,711.6937665080125
583.490955,0.243569,-5.619558,711.692726,712.3150461621478
583.500955,0.243571,-5.619541,711.636531,714.0658291853836
583.510955,0.243572,-5.619524,711.580336,711.7694605775675
583.520955,0.243574,-5.619506,711.52414,712.5436612490232
583.530955,0.243575,-5.619489,711.467945,710.1731846090873
583.540955,0.243576,-5.619472,711.411751,711.9811973300782
583.550955,0.243578,-5.619454,711.355556,709.5325157493907
583.560955,0.243579,-5.619437,711.299362,707.5283943525334
583.570955,0.24358,-5.61942,711.243167,708.537305143811
583.580955,0.243581,-5.619402,711.186973,712.4284543119146
583.590955,0.243583,-5.619385,711.130779,707.8446662793164
583.600955,0.243584,-5.619368,711.074585,709.1176690752114
583.610955,0.243585,-5.61935,711.018392,710.5742380581584
583.620955,0.243586,-5.619333,710.962198,710.4728715042918
583.630955,0.243587,-5.619316,710.906005,710.7500638905695
583.640955,0.243588,-5.619298,710.849812,713.6172586011996
583.650955,0.243589,-5.619281,710.793619,711.2268865242511
583.660955,0.24359,-5.619264,710.737427,709.3672363646775
583.670955,0.243591,-5.619246,710.681234,709.6067920450156
583.680955,0.243592,-5.619229,710.625042,708.0024385813249
583.690955,0.243593,-5.619212,710.568849,709.6793795578473
583.700955,0.243594,-5.619194,710.512657,709.491892964345
583.710955,0.243595,-5.619177,710.456465,709.4133635372971
583.720955,0.243596,-5.61916,710.400274,710.5438430136069
583.730955,0.243597,-5.619143,710.344082,711.4573845795422
583.740955,0.243597,-5.619125,710.287891,708.7422021775653
583.750955,0.243598,-5.619108,710.2317,710.557720134027
583.760955,0.243599,-5.619091,710.175509,711.7505349930135
583.770955,0.2436,-5.619073,710.119318,708.3772531116848
583.780955,0.2436,-5.619056,710.063127,710.2627239905158
583.790955,0.243601,-5.619039,710.006937,707.3831335674367
583.800955,0.243602,-5.619021,709.950747,710.6834432935595
583.810955,0.243602,-5.619004,709.894556,710.0327688106846
583.820955,0.243603,-5.618987,709.838366,709.4062374859858
583.830955,0.243604,-5.618969,709.782177,709.08622617806
583.840955,0.243604,-5.618952,709.725987,706.77881230962
583.850955,0.243605,-5.618935,709.669798,707.9964202873525
583.860955,0.243605,-5.618917,709.613608,707.414710403904
583.870955,0.243606,-5.6189,709.557419,708.0381865667732
583.880955,0.243606,-5.618883,709.50123,712.0912735501389
583.890955,0.243607,-5.618865,709.445042,709.460160021372
583.900955,0.243607,-5.618848,709.388853,708.7773612577737
583.910955,0.243608,-5.618831,709.332665,707.6299640054433
583.920955,0.243608,-5.618814,709.276476,707.7067029445408
583.930955,0.243608,-5.618796,709.220288,707.7357586265992
583.940955,0.243609,-5.618779,709.164101,708.0015676799572
583.950955,0.243609,-5.618762,709.107913,708.5375253924266
583.960955,0.243609,-5.618744,709.051725,707.6275516463558
583.970955,0.24361,-5.618727,708.995538,710.5148422261963
583.980955,0.24361,-5.61871,708.939351,708.4067615332871
583.990955,0.24361,-5.618692,708.883164,707.4582402612875
584.000955,0.243611,-5.618675,708.826977,709.2355709686658
584.010955,0.243611,-5.618658,708.77079,708.4747033180674
584.020955,0.243611,-5.61864,708.714604,708.8800446138731
584.030955,0.243611,-5.618623,708.658417,706.4651956892468
584.040955,0.243612,-5.618606,708.602231,707.2835142050546
584.050955,0.243612,-5.618589,708.546045,706.1774581776691
584.060955,0.243612,-5.618571,708.48986,705.6904443416586
584.070955,0.243612,-5.618554,708.433674,707.4224003797356
584.080955,0.243612,-5.618537,708.377488,708.2002707801568
584.090955,0.243612,-5.618519,708.321303,706.8598787091854
584.100955,0.243613,-5.618502,708.265118,708.9810710246888
584.110955,0.243613,-5.618485,708.208933,707.8231018330881
584.120955,0.243613,-5.618467,708.152748,709.3237105365258
584.130955,0.243613,-5.61845,708.096564,706.0793775711957
584.140955,0.243613,-5.618433,708.040379,705.6676347552883
584.150955,0.243613,-5.618415,707.984195,706.1235384537068
584.160955,0.243613,-5.618398,707.928011,705.2908938180336
584.170955,0.243613,-5.618381,707.871827,706.5844884871608
584.180955,0.243613,-5.618364,707.815643,705.9155448143977
584.190955,0.243613,-5.618346,707.75946,706.7256014202992
584.200955,0.243613,-5.618329,707.703277,708.0382149668019
584.210955,0.243613,-5.618312,707.647093,704.3561039356895
584.220955,0.243613,-5.618294,707.59091,707.692759961306
584.230955,0.243613,-5.618277,707.534727,708.4678233009844
584.240955,0.243613,-5.61826,707.478545,702.8800117552133
584.250955,0.243613,-5.618243,707.422362,704.7948394919393
584.260955,0.243613,-5.618225,707.36618,703.4401442957234
584.270955,0.243613,-5.618208,707.309998,706.4796211154555
584.280955,0.243613,-5.618191,707.253816,708.4161146661551
584.290955,0.243613,-5.618173,707.197634,706.4585308898904
584.300955,0.243613,-5.618156,707.141452,705.9571760513638
584.310955,0.243612,-5.618139,707.085271,705.781506045715
584.320955,0.243612,-5.618121,707.02909,707.7781625949215
584.330955,0.243612,-5.618104,706.972908,706.5060885029485
584.340955,0.243612,-5.618087,706.916727,706.9527855225705
584.350955,0.243612,-5.61807,706.860547,708.8422475040422
584.360955,0.243612,-5.618052,706.804366,706.381506910168
584.370955,0.243612,-5.618035,706.748186,707.0550572003219
584.380955,0.243611,-5.618018,706.692005,705.4271170575432
584.390955,0.243611,-5.618,706.635825,708.691265092199
584.400955,0.243611,-5.617983,706.579645,706.1966538243065
584.410955,0.243611,-5.617966,706.523466,707.1670626986589
584.420955,0.243611,-5.617949,706.467286,707.1941549452142
584.430955,0.24361,-5.617931,706.411107,706.1497177388836
584.440955,0.24361,-5.617914,706.354927,703.0916635578608
584.450955,0.24361,-5.617897,706.298748,706.3356611467412
584.460955,0.24361,-5.617879,706.242569,705.2712410383434
584.470955,0.243609,-5.617862,706.186391,705.0657843464043
584.480955,0.243609,-5.617845,706.130212,706.3102198771177
584.490955,0.243609,-5.617828,706.074034,707.5112133333317
584.500955,0.243608,-5.61781,706.017856,707.8136877850649
584.510955,0.243608,-5.617793,705.961678,706.0332405521509
584.520955,0.243608,-5.617776,705.9055,706.0908599327395
584.530955,0.243608,-5.617758,705.849322,706.6773296828827
584.540955,0.243607,-5.617741,705.793145,705.5961770408003
584.550955,0.243607,-5.617724,705.736967,704.2697643774547
584.560955,0.243607,-5.617707,705.68079,704.0680821025124
584.570955,0.243606,-5.617689,705.624613,705.233755686158
584.580955,0.243606,-5.617672,705.568436,706.7303444209184
584.590955,0.243606,-5.617655,705.51226,703.6239820957425
584.600955,0.243605,-5.617637,705.456083,704.7943460564254
584.610955,0.243605,-5.61762,705.399907,704.1291687508859
584.620955,0.243605,-5.617603,705.343731,704.7715380486566
584.630955,0.243604,-5.617586,705.287555,705.9291202421712
584.640955,0.243604,-5.617568,705.231379,706.2230845048726
584.650955,0.243603,-5.617551,705.175204,705.4882917945802
584.660955,0.243603,-5.617534,705.119028,704.9304707669263
584.670955,0.243603,-5.617516,705.062853,704.3780896156654
584.680955,0.243602,-5.617499,705.006678,707.5477429693581
584.690955,0.243602,-5.617482,704.950503,703.9869313622457
584.700955,0.243601,-5.617465,704.894328,703.3878507285481
584.710955,0.243601,-5.617447,704.838154,704.5557247961998
584.720955,0.243601,-5.61743,704.781979,702.3022806188931
584.730955,0.2436,-5.617413,704.725805,704.9256472300495
584.740955,0.2436,-5.617395,704.669631,705.6084045356541
584.750955,0.243599,-5.617378,704.613457,705.2425984124366
584.760955,0.243599,-5.617361,704.557283,704.7453331429167
584.770955,0.243598,-5.617344,704.50111,702.5421335156736
584.780955,0.243598,-5.617326,704.444937,705.4781918134794
584.790955,0.243597,-5.617309,704.388763,704.1556221495806
584.800955,0.243597,-5.617292,704.33259,702.9388159558483
584.810955,0.243597,-5.617274,704.276418,706.0090942709618
584.820955,0.243596,-5.617257,704.220245,704.8940968139399
584.830955,0.243596,-5.61724,704.164072,704.2050677932491
584.840955,0.243595,-5.617223,704.1079,705.2481345091346
584.850955,0.243595,-5.617205,704.051728,703.8610365455552
584.860955,0.243594,-5.617188,703.995556,703.6937552794922
584.870955,0.243594,-5.617171,703.939384,703.2953745013496
584.880955,0.243593,-5.617154,703.883213,702.6128292062039
584.890955,0.243593,-5.617136,703.827041,705.4297904310157
584.900955,0.243592,-5.617119,703.77087,702.9220903319944
584.910955,0.243592,-5.617102,703.714699,701.6233477169751
584.920955,0.243591,-5.617084,703.658528,704.0765883835741
584.930955,0.243591,-5.617067,703.602357,702.5112822728906
584.940955,0.24359,-5.61705,703.546186,703.4603006671472
584.950955,0.24359,-5.617033,703.490016,701.8998793689622
584.960955,0.243589,-5.617015,703.433846,703.7572483824463
584.970955,0.243589,-5.616998,703.377676,703.6540563100143
584.980955,0.243588,-5.616981,703.321506,703.6806233389073
584.990955,0.243588,-5.616964,703.265336,702.2116974658103
585.000955,0.243587,-5.616946,703.209167,699.8858390162222
585.010955,0.243586,-5.616929,703.152997,700.5298680917838
585.020955,0.243586,-5.616912,703.096828,702.3302802056892
585.030955,0.243585,-5.616894,703.040659,702.9317756537184
585.040955,0.243585,-5.616877,702.98449,702.5091261733251
585.050955,0.243584,-5.61686,702.928321,701.0040212182845
585.060955,0.243584,-5.616843,702.872153,703.9917469756809
585.070955,0.243583,-5.616825,702.815985,701.6387480789925
585.080955,0.243583,-5.616808,702.759816,703.8393408569058
585.090955,0.243582,-5.616791,702.703648,701.5223988654885
585.100955,0.243581,-5.616774,702.647481,700.2718672892092
585.110955,0.243581,-5.616756,702.591313,703.7462112927783
585.120955,0.24358,-5.616739,702.535145,700.9357284679843
585.130955,0.24358,-5.616722,702.478978,701.5276924927169
585.140955,0.243579,-5.616705,702.422811,698.9271931139723
585.150955,0.243579,-5.616687,702.366644,701.1134467492906
585.160955,0.243578,-5.61667,702.310477,701.8910794366112
585.170955,0.243577,-5.616653,702.254311,702.5241917487272
585.180955,0.243577,-5.616635,702.198144,699.2747669604323
585.190955,0.243576,-5.616618,702.141978,700.2491188445342
585.200955,0.243576,-5.616601,702.085812,699.7860313101928
585.210955,0.243575,-5.616584,702.029646,702.8048918542797
585.220955,0.243574,-5.616566,701.97348,699.2641262281289
585.230955,0.243574,-5.616549,701.917315,698.7149610438018
585.240955,0.243573,-5.616532,701.861149,700.5192201827256
585.250955,0.243573,-5.616515,701.804984,699.5825076277656
585.260955,0.243572,-5.616497,701.748819,698.9418103884709
585.270955,0.243571,-5.61648,701.692654,701.4967175672855
585.280955,0.243571,-5.616463,701.636489,699.9331078751783
585.290955,0.24357,-5.616446,701.580325,698.4450025419635
585.300955,0.24357,-5.616428,701.52416,701.1257502326337
585.310955,0.243569,-5.616411,701.467996,702.0309038478756
585.320955,0.243568,-5.616394,701.411832,700.8651173244497
585.330955,0.243568,-5.616376,701.355668,699.4863648045895
585.340955,0.243567,-5.616359,701.299505,700.3862403673683
585.350955,0.243566,-5.616342,701.243341,702.4563139616779
585.360955,0.243566,-5.616325,701.187178,701.1651939572391
585.370955,0.243565,-5.616307,701.131015,702.6790638325876
585.380955,0.243565,-5.61629,701.074852,700.3177474993344
585.390955,0.243564,-5.616273,701.018689,701.3179482473616
585.400955,0.243563,-5.616256,700.962526,699.2563307948083
585.410955,0.243563,-5.616238,700.906364,701.36572511255
585.420955,0.243562,-5.616221,700.850201,701.1210680607004
585.430955,0.243561,-5.616204,700.794039,698.8743897019084
585.440955,0.243561,-5.616187,700.737877,700.7081287219422
585.450955,0.24356,-5.616169,700.681716,699.4054886012207
585.460955,0.243559,-5.616152,700.625554,699.9328049753493
585.470955,0.243559,-5.616135,700.569393,699.792176168534
585.480955,0.243558,-5.616118,700.513231,698.4371685713318
585.490955,0.243557,-5.6161,700.45707,701.977866390041
585.500955,0.243557,-5.616083,700.400909,698.6937227617838
585.510955,0.243556,-5.616066,700.344749,699.262848982521
585.520955,0.243555,-5.616049,700.288588,701.5107475365492
585.530955,0.243555,-5.616031,700.232428,700.4699877283335
585.540955,0.243554,-5.616014,700.176267,703.2128200007668
585.550955,0.243553,-5.615997,700.120107,699.5721411528705
585.560955,0.243553,-5.615979,700.063947,699.9107056442524
585.570955,0.243552,-5.615962,700.007788,700.2379249384117
585.580955,0.243552,-5.615945,699.951628,699.3091704188201
585.590955,0.243551,-5.615928,699.895469,701.0368353718225
585.600955,0.24355,-5.61591,699.83931,701.6267316665645
585.610955,0.243549,-5.615893,699.783151,698.58867007551
585.620955,0.243549,-5.615876,699.726992,697.9759836451107
585.630955,0.243548,-5.615859,699.670833,698.646754234749
585.640955,0.243547,-5.615841,699.614675,696.613554994936
585.650955,0.243547,-5.615824,699.558516,694.8783291223509
585.660955,0.243546,-5.615807,699.502358,700.6161285968261
585.670955,0.243545,-5.61579,699.4462,699.8776339495847
585.680955,0.243545,-5.615772,699.390042,698.8436060152413
585.690955,0.243544,-5.615755,699.333885,699.1796247225175
585.700955,0.243543,-5.615738,699.277727,699.1099199114528
585.710955,0.243543,-5.615721,699.22157,702.0117846941495
585.720955,0.243542,-5.615703,699.165413,695.994979415661
585.730955,0.243541,-5.615686,699.109256,696.0454232436665
585.740955,0.243541,-5.615669,699.053099,696.659081054035
585.750955,0.24354,-5.615652,698.996942,699.6124378659148
585.760955,0.243539,-5.615634,698.940786,699.5775209411626
585.770955,0.243539,-5.615617,698.88463,696.5508245560297
585.780955,0.243538,-5.6156,698.828474,699.1998004538847
585.790955,0.243537,-5.615583,698.772318,698.7141004671844
585.800955,0.243537,-5.615565,698.716162,695.4895153300339
585.810955,0.243536,-5.615548,698.660006,695.7393381846291
585.820955,0.243535,-5.615531,698.603851,697.1903277411624
585.830955,0.243535,-5.615514,698.547696,698.0978952967348
585.840955,0.243534,-5.615496,698.491541,696.8937925996204
585.850955,0.243533,-5.615479,698.435386,696.5683073409333
585.860955,0.243532,-5.615462,698.379231,698.0068517862559
585.870955,0.243532,-5.615445,698.323077,698.1050416834969
585.880955,0.243531,-5.615427,698.266922,695.0492597782447
585.890955,0.24353,-5.61541,698.210768,697.825069253706
585.900955,0.24353,-5.615393,698.154614,698.4970401051543
585.910955,0.243529,-5.615376,698.09846,699.0562659691385
585.920955,0.243528,-5.615358,698.042307,696.4285307037381
585.930955,0.243528,-5.615341,697.986153,698.1638471927181
585.940955,0.243527,-5.615324,697.93,696.4904119115333
585.950955,0.243526,-5.615307,697.873847,697.9830352473759
585.960955,0.243525,-5.615289,697.817694,697.2211206304854
585.970955,0.243525,-5.615272,697.761541,695.9835145721037
585.980955,0.243524,-5.615255,697.705388,695.4024264884404
585.990955,0.243523,-5.615238,697.649236,697.9308963822101
586.000955,0.243523,-5.61522,697.593083,695.2520453484907
586.010955,0.243522,-5.615203,697.536931,696.2347473781427
586.020955,0.243521,-5.615186,697.480779,699.5368245041498
586.030955,0.243521,-5.615169,697.424628,697.6435861374151
586.040955,0.24352,-5.615151,697.368476,698.5191449625347
586.050955,0.243519,-5.615134,697.312325,696.4483478136189
586.060955,0.243518,-5.615117,697.256173,697.1474569122269
586.070955,0.243518,-5.6151,697.200022,695.7619960174994
586.080955,0.243517,-5.615082,697.143871,695.9301630068137
586.090955,0.243516,-5.615065,697.087721,698.3917054110251
586.100955,0.240487,-5.615048,697.03157,694.4524283526456
586.106577,0.238363,-5.615039,697.0,697.2938745213951
